byte offset: 0
first index: 33762
index count: 2043
topology: trianglelist
format: DXGI_FORMAT_R16_UINT

9189 9190 9191
9189 9191 9192
9191 9193 9194
9191 9194 9192
9189 9195 9196
9189 9196 9190
9197 9198 9199
9197 9199 9200
9200 9201 9202
9200 9202 9197
9203 9204 9199
9203 9199 9198
9203 9205 9204
9194 9193 9202
9194 9202 9201
9206 9207 9208
9206 9208 9209
9210 9211 9207
9210 9207 9206
9209 9208 9212
9209 9212 9213
9214 9211 9210
9215 9216 9217
9215 9217 9218
9215 9218 9219
9218 9217 9220
9218 9220 9221
9217 9216 9222
9217 9222 9223
9217 9223 9224
9217 9224 9220
9225 9226 9227
9225 9227 9228
9222 9216 9229
9222 9229 9230
9231 9232 9233
9231 9233 9234
9233 9235 9236
9233 9236 9234
9237 9238 9239
9237 9239 9240
9241 9242 9243
9244 9240 9239
9245 9246 9247
9245 9247 9248
9249 9250 9251
9249 9251 9252
9253 9246 9245
9253 9245 9254
9255 9256 9253
9255 9253 9254
9257 9258 9259
9257 9259 9260
9261 9256 9255
9261 9255 9262
9258 9263 9264
9258 9264 9259
9265 9266 9267
9265 9267 9268
9269 9270 9271
9269 9271 9272
9220 9273 9221
9228 9227 9274
9228 9274 9275
9271 9276 9277
9271 9277 9278
9268 9267 9279
9268 9279 9280
9281 9282 9283
9281 9283 9248
9284 9285 9283
9284 9283 9282
9280 9279 9286
9280 9286 9287
9260 9281 9248
9288 9260 9259
9288 9259 9289
9290 9291 9281
9290 9281 9292
9293 9294 9295
9296 9297 9298
9227 9226 9299
9227 9299 9300
9298 9301 9296
9227 9300 9302
9227 9302 9274
9303 9304 9305
9306 9307 9308
9309 9310 9311
9312 9313 9314
9315 9314 9316
9317 9314 9318
9319 9320 9321
9319 9321 9322
9319 9323 9324
9322 9325 9326
9321 9327 9328
9321 9328 9322
9328 9327 9329
9328 9329 9330
9331 9332 9333
9331 9333 9334
9333 9335 9334
9336 9337 9338
9339 9340 9341
9339 9341 9338
9342 9339 9338
9342 9338 9337
9341 9336 9338
9343 9344 9345
9346 9347 9345
9346 9345 9344
9348 9349 9350
9348 9350 9351
9320 9319 9351
9320 9351 9350
9352 9320 9350
9352 9350 9353
9354 9355 9321
9354 9321 9352
9320 9352 9321
9356 9357 9358
9359 9360 9361
9362 9363 9364
9362 9364 9365
9366 9367 9368
9366 9368 9362
9366 9362 9369
9362 9368 9370
9362 9370 9363
9371 9372 9373
9371 9373 9374
9372 9347 9346
9372 9346 9373
9375 9376 9377
9375 9377 9378
9379 9380 9381
9379 9381 9382
9383 9369 9384
9383 9384 9385
9342 9385 9384
9342 9384 9339
9331 9379 9382
9331 9382 9332
9309 9386 9387
9388 9389 9390
9391 9388 9392
9393 9394 9395
9396 9397 9398
9396 9398 9399
9400 9401 9402
9400 9402 9403
9404 9405 9406
9407 9408 9409
9410 9411 9412
9410 9412 9413
9408 9412 9414
9408 9407 9415
9407 9409 9416
9407 9416 9417
9416 9212 9418
9416 9418 9417
9419 9420 9421
9419 9422 9423
9424 9425 9426
9427 9428 9429
9214 9430 9211
9229 9216 9215
9431 9432 9222
9431 9222 9230
9433 9432 9431
9433 9431 9434
9435 9436 9285
9435 9285 9284
9437 9289 9259
9437 9259 9264
9235 9438 9439
9235 9439 9236
9348 9351 9440
9348 9440 9441
9442 9348 9441
9442 9441 9443
9351 9319 9324
9351 9324 9440
9444 9445 9446
9330 9329 9447
9330 9447 9448
9447 9449 9448
9340 9339 9384
9340 9384 9450
9451 9367 9452
9367 9451 9370
9367 9370 9368
9367 9366 9453
9453 9454 9455
9453 9455 9456
9454 9366 9383
9457 9454 9383
9457 9383 9458
9459 9460 9461
9459 9461 9462
9463 9309 9311
9464 9465 9386
9464 9386 9466
9467 9468 9469
9470 9471 9472
9470 9472 9473
9471 9474 9468
9471 9468 9472
9475 9476 9477
9475 9477 9478
9479 9480 9405
9479 9405 9481
9482 9424 9426
9482 9426 9483
9430 9484 9207
9430 9207 9211
9208 9207 9484
9208 9484 9485
9252 9486 9487
9252 9487 9249
9488 9487 9486
9488 9486 9489
9490 9491 9488
9490 9488 9489
9434 9492 9493
9434 9493 9433
9494 9270 9269
9494 9269 9495
9496 9497 9494
9496 9494 9495
9496 9498 9499
9496 9499 9497
9219 9218 9221
9272 9271 9278
9272 9278 9500
9501 9502 9503
9501 9503 9504
9387 9505 9506
9507 9508 9318
9509 9510 9511
9509 9511 9315
9511 9314 9315
9512 9442 9443
9512 9443 9513
9442 9512 9514
9442 9514 9515
9515 9349 9348
9515 9348 9442
9516 9517 9518
9516 9518 9519
9520 9354 9352
9521 9522 9523
9521 9523 9524
9457 9525 9454
9403 9526 9527
9403 9527 9400
9528 9394 9393
9528 9393 9529
9530 9531 9532
9533 9534 9535
9536 9529 9537
9536 9537 9538
9539 9540 9541
9539 9541 9542
9485 9418 9212
9485 9212 9208
9543 9482 9483
9543 9483 9544
9545 9423 9422
9546 9547 9548
9546 9548 9549
9312 9550 9551
9552 9410 9413
9552 9413 9553
9554 9555 9553
9554 9553 9413
9556 9554 9413
9556 9413 9412
9237 9493 9492
9237 9492 9238
9557 9558 9219
9547 9546 9559
9243 9242 9261
9243 9261 9262
9499 9559 9219
9499 9219 9497
9560 9561 9562
9563 9505 9387
9264 9263 9563
9350 9349 9564
9350 9564 9353
9515 9565 9564
9515 9564 9349
9566 9567 9352
9566 9352 9353
9564 9568 9566
9564 9566 9353
9565 9569 9568
9565 9568 9564
9570 9474 9571
9570 9571 9572
9571 9514 9512
9571 9512 9572
9452 9367 9464
9452 9464 9573
9466 9309 9574
9469 9575 9392
9576 9577 9471
9576 9471 9470
9578 9579 9536
9578 9536 9580
9581 9582 9415
9581 9415 9478
9408 9583 9556
9408 9556 9412
9478 9477 9584
9478 9584 9581
9585 9586 9587
9585 9587 9588
9589 9590 9539
9589 9539 9542
9420 9423 9591
9592 9593 9591
9592 9591 9594
9427 9429 9595
9427 9595 9596
9595 9527 9526
9595 9526 9596
9499 9597 9547
9499 9547 9559
9507 9551 9548
9507 9548 9598
9599 9600 9601
9599 9601 9602
9601 9600 9501
9601 9501 9504
9603 9604 9605
9603 9605 9606
9515 9514 9607
9515 9607 9565
9571 9577 9607
9571 9607 9514
9607 9608 9569
9607 9569 9565
9609 9610 9611
9471 9577 9571
9471 9571 9474
9612 9613 9614
9612 9614 9491
9612 9491 9490
9615 9508 9598
9499 9498 9615
9499 9615 9597
9616 9617 9567
9573 9464 9466
9573 9466 9618
9574 9619 9466
9620 9621 9622
9620 9622 9623
9437 9465 9453
9437 9453 9624
9453 9456 9624
9625 9626 9627
9387 9386 9465
9387 9465 9437
9453 9465 9464
9453 9464 9367
9621 9627 9626
9628 9629 9630
9608 9607 9577
9608 9577 9576
9468 9474 9570
9468 9570 9631
9632 9580 9536
9632 9536 9538
9633 9634 9588
9633 9588 9587
9635 9636 9637
9635 9637 9535
9636 9635 9592
9636 9592 9594
9533 9535 9637
9533 9637 9395
9638 9395 9637
9638 9637 9639
9393 9395 9638
9393 9638 9640
9594 9641 9642
9594 9642 9636
9642 9639 9637
9642 9637 9636
9643 9591 9545
9594 9591 9641
9593 9644 9421
9593 9421 9420
9645 9644 9593
9645 9593 9592
9646 9645 9592
9646 9592 9635
9646 9635 9535
9646 9535 9647
9543 9544 9397
9543 9397 9396
9555 9628 9630
9555 9630 9553
9312 9551 9313
9648 9620 9623
9648 9623 9649
9569 9650 9651
9569 9651 9568
9651 9652 9566
9653 9605 9654
9616 9567 9652
9472 9468 9467
9390 9467 9392
9390 9392 9388
9473 9472 9390
9473 9390 9389
9220 9224 9276
9220 9276 9273
9530 9532 9404
9530 9404 9406
9640 9537 9529
9640 9529 9393
9606 9541 9540
9606 9540 9603
9415 9582 9583
9478 9415 9407
9478 9407 9475
9528 9529 9536
9528 9536 9579
9369 9362 9450
9369 9450 9384
9470 9655 9576
9655 9656 9608
9655 9608 9576
9656 9650 9569
9656 9569 9608
9316 9314 9317
9657 9658 9659
9312 9511 9510
9312 9510 9550
9391 9392 9660
9597 9598 9548
9597 9548 9547
9661 9549 9548
9661 9548 9551
9315 9659 9509
9657 9659 9316
9662 9663 9664
9663 9665 9666
9324 9323 9667
9324 9667 9668
9323 9326 9669
9323 9669 9667
9441 9440 9670
9441 9670 9671
9443 9441 9671
9443 9671 9672
9440 9324 9668
9440 9668 9670
9513 9443 9673
9513 9611 9572
9513 9572 9512
9664 9611 9610
9664 9610 9662
9674 9422 9419
9665 9675 9676
9315 9316 9659
9677 9678 9679
9677 9679 9680
9415 9583 9408
9444 9446 9681
9523 9522 9516
9523 9516 9519
9455 9525 9682
9454 9525 9455
9215 9558 9683
9260 9248 9247
9260 9247 9257
9533 9684 9685
9533 9685 9534
9684 9686 9687
9684 9687 9685
9686 9399 9398
9686 9398 9687
9688 9689 9402
9688 9402 9401
9406 9405 9480
9406 9480 9690
9215 9219 9558
9221 9273 9270
9221 9270 9494
9273 9276 9271
9273 9271 9270
9277 9276 9224
9224 9223 9275
9228 9223 9222
9497 9221 9494
9219 9221 9497
9598 9508 9507
9615 9598 9597
9383 9366 9369
9322 9326 9323
9292 9281 9260
9292 9260 9288
9666 9665 9676
9641 9591 9643
9660 9392 9575
9664 9663 9666
9414 9412 9411
9409 9408 9414
9264 9563 9387
9264 9387 9437
9310 9309 9387
9386 9309 9466
9318 9314 9313
9509 9659 9658
9419 9423 9420
9691 9599 9602
9664 9572 9611
9570 9572 9664
9560 9692 9693
9560 9562 9692
9545 9591 9423
9395 9394 9533
9469 9392 9467
9420 9591 9593
9228 9222 9225
9275 9223 9228
9229 9215 9683
9557 9219 9559
9621 9626 9622
9625 9627 9694
9691 9602 9695
9312 9314 9511
9507 9318 9313
9472 9467 9390
9469 9468 9631
9535 9534 9647
9652 9567 9566
9651 9566 9568
9551 9550 9661
9520 9352 9567
9313 9551 9507
9559 9546 9557
9300 9299 9297
9300 9297 9296
9438 9306 9308
9438 9308 9439
9305 9304 9436
9305 9436 9435
9286 9295 9294
9286 9294 9287
9300 9296 9301
9300 9301 9302
9357 9376 9375
9357 9375 9358
9360 9365 9364
9360 9364 9361
9445 9669 9326
9445 9326 9446
9446 9326 9325
9446 9325 9681
9617 9520 9567
9696 9697 9698
9513 9673 9609
9443 9672 9673
9466 9619 9618
9366 9454 9453
9609 9611 9513
9653 9654 9699
9653 9699 9700
9699 9696 9698
9699 9698 9700
9605 9604 9654
9213 9212 9416
9213 9416 9701
9701 9416 9409
9701 9409 9702
9411 9703 9704
9411 9704 9414
9414 9704 9702
9414 9702 9409
9411 9410 9703
9310 9387 9506
9705 9706 9196
9319 9322 9323
9707 9708 9709
9710 9711 9712
9710 9712 9713
9710 9714 9715
9710 9715 9711
9711 9715 9716
9711 9716 9717
9718 9719 9720
9718 9720 9721
9722 9723 9724
9722 9724 9721
9725 9726 9722
9725 9722 9727
9726 9725 9728
9726 9729 9723
9726 9723 9722
9721 9720 9727
9721 9727 9722
9718 9721 9724
9718 9724 9730
9731 9732 9733
9731 9733 9734
9735 9736 9737
9735 9737 9738
9711 9717 9739
9711 9739 9712
9740 9709 9708
9741 9742 9743
9741 9743 9744
9745 9746 9747
9748 9749 9714
9748 9714 9710
9750 9751 9737
9750 9737 9736
9741 9737 9751
9741 9751 9742
9752 9748 9710
9752 9710 9713
9746 9753 9747
9754 9738 9737
9754 9737 9741
9754 9741 9744
9754 9744 9755
9756 9733 9757
9756 9757 9758
9759 9758 9757
9759 9757 9760
9759 9760 9761
9759 9761 9762
9762 9761 9763
9764 9761 9765
9764 9765 9766
9761 9760 9767
9761 9767 9765
9757 9768 9767
9757 9767 9760
9768 9757 9733
9768 9733 9732
9733 9756 9769
9733 9769 9734
9770 9771 9772
9771 9773 9763
9771 9763 9764
9772 9771 9766
9770 9774 9773
9770 9773 9771
9774 9770 9775
9770 9776 9777
9726 9728 9778
9726 9778 9729
9766 9771 9764
9770 9772 9776
9770 9777 9779
9775 9770 9779
9763 9761 9764
9731 9734 9736
9731 9736 9735
9717 9718 9730
9717 9730 9739
9716 9719 9718
9716 9718 9717
9734 9769 9750
9734 9750 9736
9744 9743 9740
9744 9740 9708
9746 9745 9749
9746 9749 9748
9753 9746 9748
9753 9748 9752
9744 9708 9707
9744 9707 9755
9195 9705 9196
