byte offset: 0
first index: 45987
index count: 5847
topology: trianglelist
format: DXGI_FORMAT_R16_UINT

12573 12574 12575
12573 12575 12576
12576 12575 12577
12576 12577 12578
12579 12578 12577
12580 12581 12582
12580 12582 12583
12583 12582 12584
12583 12584 12585
12585 12584 12586
12585 12586 12587
12588 12589 12590
12588 12590 12591
12592 12593 12594
12592 12594 12595
12595 12594 12596
12595 12596 12597
12598 12599 12600
12598 12600 12601
12602 12603 12604
12602 12604 12605
12606 12598 12601
12606 12601 12607
12608 12609 12610
12608 12610 12611
12612 12613 12614
12612 12614 12615
12616 12617 12618
12616 12618 12619
12620 12621 12622
12620 12622 12623
12624 12625 12626
12624 12626 12627
12628 12629 12630
12628 12630 12631
12632 12633 12634
12632 12634 12635
12636 12637 12629
12636 12629 12628
12638 12639 12633
12638 12633 12632
12640 12641 12617
12640 12617 12616
12631 12630 12639
12631 12639 12638
12642 12643 12621
12642 12621 12620
12644 12645 12646
12644 12646 12647
12648 12649 12650
12648 12650 12651
12652 12635 12634
12653 12654 12655
12653 12655 12656
12657 12658 12659
12657 12659 12660
12661 12662 12663
12661 12663 12664
12665 12666 12662
12665 12662 12661
12667 12668 12669
12667 12669 12670
12671 12672 12673
12671 12673 12674
12654 12653 12675
12654 12675 12676
12677 12651 12650
12678 12679 12680
12678 12680 12681
12682 12683 12684
12682 12684 12685
12659 12658 12686
12659 12686 12687
12673 12672 12643
12673 12643 12642
12626 12645 12644
12626 12644 12627
12615 12614 12649
12615 12649 12648
12669 12688 12689
12669 12689 12670
12690 12691 12692
12690 12692 12693
12694 12695 12696
12694 12696 12697
12698 12699 12700
12698 12700 12701
12702 12703 12695
12702 12695 12694
12704 12705 12706
12704 12706 12707
12708 12709 12710
12708 12710 12711
12712 12713 12714
12712 12714 12715
12711 12710 12716
12711 12716 12717
12718 12719 12720
12718 12720 12721
12722 12723 12724
12722 12724 12725
12726 12727 12728
12726 12728 12729
12730 12731 12732
12730 12732 12733
12734 12735 12736
12734 12736 12737
12738 12739 12740
12738 12740 12741
12742 12743 12744
12745 12746 12747
12748 12749 12750
12748 12750 12751
12752 12753 12754
12755 12747 12746
12756 12757 12758
12756 12758 12759
12760 12761 12735
12738 12750 12749
12738 12749 12739
12762 12745 12763
12762 12763 12764
12765 12748 12751
12765 12751 12766
12767 12753 12768
12767 12768 12769
12770 12771 12772
12770 12772 12773
12774 12775 12776
12777 12778 12779
12777 12779 12780
12781 12782 12783
12781 12783 12784
12785 12786 12787
12785 12787 12788
12789 12790 12791
12789 12791 12792
12793 12770 12773
12793 12773 12794
12795 12778 12777
12795 12777 12776
12763 12748 12765
12763 12765 12764
12747 12749 12748
12747 12748 12763
12739 12749 12747
12739 12747 12755
12755 12796 12740
12755 12740 12739
12751 12767 12769
12751 12769 12766
12750 12797 12767
12750 12767 12751
12798 12797 12750
12798 12750 12738
12799 12800 12801
12799 12801 12802
12779 12785 12788
12779 12788 12780
12768 12770 12793
12753 12770 12768
12803 12804 12805
12803 12805 12806
12807 12808 12773
12807 12773 12772
12809 12808 12810
12809 12810 12811
12734 12743 12812
12734 12812 12760
12744 12743 12734
12767 12797 12761
12767 12761 12753
12801 12800 12813
12801 12813 12814
12797 12798 12735
12797 12735 12761
12815 12816 12781
12815 12781 12784
12817 12745 12818
12818 12745 12762
12818 12762 12819
12795 12775 12762
12795 12762 12764
12778 12795 12764
12778 12764 12765
12779 12778 12765
12779 12765 12766
12785 12779 12769
12785 12769 12768
12785 12768 12786
12820 12821 12822
12791 12790 12823
12791 12823 12824
12760 12754 12761
12825 12754 12760
12825 12760 12812
12826 12827 12828
12829 12784 12783
12829 12783 12830
12831 12832 12833
12831 12833 12834
12789 12792 12835
12789 12835 12836
12837 12838 12839
12827 12840 12841
12842 12843 12844
12842 12844 12845
12815 12784 12829
12815 12829 12846
12787 12847 12848
12787 12848 12788
12849 12850 12818
12849 12818 12819
12746 12851 12755
12852 12740 12796
12853 12741 12740
12853 12740 12852
12854 12800 12799
12854 12799 12855
12800 12854 12856
12800 12856 12813
12736 12857 12858
12736 12858 12859
12859 12858 12860
12859 12860 12861
12862 12861 12860
12862 12860 12863
12803 12864 12804
12753 12771 12770
12734 12760 12735
12865 12866 12867
12865 12867 12868
12835 12869 12870
12835 12870 12836
12829 12871 12872
12829 12872 12846
12873 12874 12875
12792 12791 12816
12792 12816 12815
12792 12815 12846
12792 12846 12835
12872 12869 12835
12872 12835 12846
12783 12782 12876
12783 12876 12877
12878 12871 12829
12878 12829 12830
12879 12880 12811
12879 12811 12810
12807 12881 12882
12794 12773 12808
12794 12808 12809
12883 12791 12824
12883 12824 12884
12812 12743 12885
12825 12812 12885
12825 12885 12886
12887 12888 12733
12887 12733 12732
12839 12889 12890
12839 12890 12837
12776 12775 12795
12891 12892 12893
12745 12747 12763
12769 12779 12766
12894 12883 12884
12894 12884 12895
12768 12793 12823
12823 12793 12794
12823 12794 12824
12824 12794 12809
12824 12809 12884
12884 12809 12811
12884 12811 12895
12880 12896 12895
12880 12895 12811
12897 12898 12896
12897 12896 12880
12899 12897 12880
12899 12880 12879
12900 12901 12902
12900 12902 12903
12904 12886 12905
12904 12905 12906
12886 12885 12907
12908 12909 12910
12908 12910 12911
12758 12757 12912
12758 12912 12913
12914 12915 12916
12914 12916 12917
12862 12914 12917
12862 12917 12918
12914 12862 12863
12919 12920 12921
12919 12921 12922
12902 12901 12894
12902 12894 12895
12923 12924 12908
12923 12908 12911
12904 12925 12825
12904 12825 12886
12825 12925 12752
12825 12752 12754
12754 12753 12761
12826 12828 12838
12827 12926 12828
12827 12841 12926
12927 12888 12887
12928 12914 12863
12929 12891 12893
12929 12893 12930
12908 12905 12907
12908 12907 12909
12905 12908 12924
12905 12924 12906
12759 12885 12931
12915 12932 12933
12915 12933 12916
12934 12935 12936
12934 12936 12937
12938 12939 12940
12936 12935 12941
12936 12941 12942
12943 12944 12945
12943 12945 12946
12940 12939 12947
12940 12947 12948
12941 12949 12950
12941 12950 12951
12952 12953 12954
12952 12954 12955
12956 12957 12958
12956 12958 12959
12960 12961 12962
12963 12964 12965
12963 12965 12966
12967 12968 12969
12970 12971 12957
12970 12957 12956
12972 12970 12956
12972 12956 12973
12974 12972 12973
12974 12973 12975
12976 12974 12975
12976 12975 12977
12978 12964 12963
12959 12979 12980
12966 12965 12967
12966 12967 12969
12981 12938 12944
12981 12944 12982
12983 12951 12939
12939 12951 12950
12939 12950 12984
12956 12946 12973
12975 12940 12948
12975 12948 12977
12975 12973 12945
12975 12945 12940
12985 12986 12987
12985 12987 12988
12989 12990 12991
12989 12991 12992
12993 12994 12995
12993 12995 12996
12997 12998 12999
12998 12985 12988
12998 12988 12999
13000 13001 13002
13000 13002 13003
13004 13005 13006
13004 13006 13007
12989 12992 13006
13008 13009 12990
13008 12990 12989
13010 12981 12982
13010 12982 13011
12968 13012 12969
13013 13014 13015
13013 13015 13016
13012 12968 13014
13012 13014 13013
13017 12993 12996
13017 12996 13018
12990 13013 13016
12990 13016 12991
13009 13012 13013
13009 13013 12990
13019 12969 13012
13019 13012 13009
12958 12966 12969
12958 12969 13019
12957 12963 12966
12957 12966 12958
12971 12978 12963
12971 12963 12957
13019 13009 13008
13019 13008 12979
13008 13020 12980
13008 12980 12979
12989 13021 13020
12989 13020 13008
13015 13022 13023
13015 13023 13016
13024 13025 13026
13018 12996 12991
13018 12991 13016
12995 12992 12991
12995 12991 12996
13022 13027 13028
13022 13028 13023
13029 13011 12982
13029 12982 13030
12944 12943 13030
12944 13030 12982
12959 12958 12979
12958 13019 12979
13031 13032 13033
13031 13033 13034
13029 13035 13011
13036 13037 13038
12942 12941 12951
12942 12951 12983
12959 13039 12943
12959 12943 12946
12946 12945 12973
12956 12959 12946
13040 13041 13029
13040 13029 13042
13043 13042 13029
13043 13029 13030
13034 13033 13044
13034 13044 13045
13046 12954 12953
13046 12953 13047
13039 13043 13030
13039 13030 12943
13048 12949 12935
12949 12941 12935
13041 13033 13032
13041 13032 13035
13044 13033 13041
13044 13041 13040
13011 13049 12952
13050 12934 12937
13050 12937 13051
13052 13053 13054
13055 13056 13057
13058 13059 13060
13058 13060 13054
13061 13062 13063
13056 13055 13054
13064 13065 13066
13067 13057 13068
13067 13068 13069
13070 13071 13061
13053 13052 13072
13073 13074 13075
13073 13075 13052
13076 13077 13078
13076 13078 13079
13080 13081 13077
13080 13077 13076
13067 13069 13082
13071 13070 13083
13072 13075 13084
13085 13086 13065
13066 13065 13086
13075 13074 13087
13056 13088 13057
13060 13089 13090
13060 13090 13056
13091 13092 13093
13094 13095 13096
13094 13096 13097
13090 13079 13098
13090 13098 13088
13089 13076 13079
13089 13079 13090
13088 13098 13099
13100 13101 13094
13100 13094 13064
13102 13080 13076
13102 13076 13089
13059 13102 13089
13059 13089 13060
13103 13104 13077
13103 13077 13081
13104 13105 13078
13104 13078 13077
13106 13091 13099
13098 13107 13106
13107 13098 13079
13107 13079 13078
13108 13107 13078
13108 13078 13105
13106 13109 13110
13111 13112 13113
13114 13092 13115
13107 13108 13109
13107 13109 13106
13116 13108 13105
13116 13105 13117
13118 13115 13119
13120 13121 13115
13122 13123 13121
13124 13109 13108
13124 13108 13116
13125 13126 13127
13125 13127 13128
13129 13122 13120
13118 13130 13131
13132 13133 13130
13134 13124 13135
13136 13137 13138
13110 13109 13124
13110 13124 13137
13104 13139 13117
13104 13117 13105
13136 13132 13137
13119 13110 13132
13119 13092 13091
13140 13138 13141
13142 13143 13141
13141 13143 13144
13145 13146 13147
13148 13145 13147
13131 13148 13149
13149 13150 13129
13151 13152 13153
13148 13154 13149
13147 13154 13148
13155 13147 13156
13146 13157 13156
13158 13159 13160
13130 13145 13131
13145 13161 13162
13162 13161 13163
13164 13158 13160
13133 13159 13158
13122 13121 13120
13121 13123 13114
13093 13092 13165
13064 13094 13097
13166 13159 13133
13166 13133 13132
13055 13057 13167
13114 13115 13121
13110 13119 13091
13122 13168 13123
13056 13090 13088
13148 13131 13145
13169 13170 13171
13169 13171 13172
13173 13174 13175
13176 13177 13178
13175 13172 13171
13178 13177 13174
13178 13174 13173
13174 13172 13175
13179 13180 13157
13157 13180 13181
13182 13058 13053
13182 13053 13183
13182 13184 13059
13182 13059 13058
13183 13053 13185
13123 13186 13187
13123 13187 13114
13123 13188 13186
13123 13168 13188
13189 13190 13191
13189 13191 13168
13150 13192 13189
13150 13152 13193
13102 13059 13184
13102 13184 13194
13194 13195 13080
13194 13080 13102
13196 13103 13081
13196 13081 13080
13196 13080 13195
13150 13193 13192
13197 13198 13103
13199 13200 13201
13202 13203 13204
13202 13204 13205
13206 13207 13208
13209 13202 13205
13209 13205 13210
13211 13212 13207
13213 13214 13215
13213 13215 13216
13217 13218 13219
13220 13221 13222
13223 13224 13225
13226 13216 13215
13226 13215 13227
13219 13218 13228
13221 13229 13230
13221 13230 13222
13231 13225 13224
13232 13222 13233
13234 13235 13210
13234 13210 13205
13216 13234 13213
13230 13211 13207
13230 13207 13222
13220 13236 13221
13215 13237 13238
13215 13214 13237
13225 13231 13239
13240 13241 13242
13212 13243 13240
13244 13245 13246
13247 13248 13249
13247 13249 13250
13247 13251 13252
13247 13252 13248
13251 13253 13252
13254 13255 13256
13257 13258 13259
13257 13259 13260
13261 13262 13260
13263 13261 13260
13263 13260 13259
13259 13264 13265
13259 13265 13263
13256 13255 13266
13260 13262 13267
13268 13269 13270
13271 13272 13269
13271 13269 13268
13273 13252 13253
13274 13248 13252
13274 13252 13273
13275 13249 13248
13275 13248 13274
13276 13244 13277
13272 13271 13278
13272 13278 13279
13280 13281 13282
13280 13282 13283
13280 13283 13284
13285 13286 13287
13288 13289 13290
13291 13292 13293
13291 13293 13294
13295 13296 13297
13298 13297 13299
13298 13299 13300
13301 13302 13303
13301 13303 13304
13305 13306 13307
13305 13307 13308
13309 13310 13311
13309 13311 13312
13313 13314 13315
13316 13317 13318
13319 13320 13321
13319 13321 13322
13323 13324 13325
13288 13326 13289
13327 13328 13329
13330 13331 13332
13333 13334 13335
13333 13335 13336
13337 13338 13339
13337 13339 13340
13340 13339 13341
13342 13343 13344
13342 13344 13345
13346 13347 13348
13346 13348 13349
13350 13351 13352
13350 13352 13353
13354 13355 13356
13354 13356 13357
13358 13359 13360
13358 13360 13361
13314 13309 13312
13314 13312 13315
13349 13348 13362
13349 13362 13350
13363 13364 13365
13366 13367 13368
13369 13370 13371
13372 13373 13374
13372 13374 13375
13376 13377 13378
13376 13378 13379
13380 13299 13381
13315 13300 13299
13315 13299 13380
13312 13325 13300
13312 13300 13315
13323 13325 13312
13306 13382 13383
13306 13383 13307
13384 13385 13386
13387 13388 13389
13387 13389 13390
13390 13389 13391
13390 13391 13392
13392 13391 13393
13392 13393 13394
13395 13396 13397
13398 13399 13400
13401 13402 13403
13404 13405 13406
13407 13408 13409
13410 13411 13412
13410 13302 13301
13413 13414 13415
13413 13415 13416
13417 13418 13419
13417 13419 13420
13421 13422 13423
13421 13423 13424
13425 13413 13416
13425 13416 13426
13427 13425 13426
13427 13426 13428
13429 13430 13431
13429 13431 13432
13433 13427 13428
13433 13428 13434
13384 13435 13436
13437 13438 13439
13437 13439 13440
13441 13442 13443
13441 13443 13444
13444 13443 13445
13444 13445 13446
13447 13448 13449
13447 13449 13450
13451 13452 13453
13201 13454 13199
13455 13456 13454
13455 13454 13201
13325 13243 13457
13346 13458 13459
13346 13459 13347
13443 13311 13310
13443 13310 13445
13442 13323 13311
13442 13311 13443
13324 13323 13442
13324 13442 13460
13461 13462 13463
13461 13463 13464
13374 13465 13466
13374 13466 13467
13368 13468 13469
13368 13469 13470
13285 13471 13286
13240 13242 13208
13472 13202 13209
13243 13241 13240
13473 13474 13254
13246 13475 13476
13246 13476 13277
13477 13475 13246
13477 13246 13478
13378 13375 13478
13377 13372 13375
13377 13375 13378
13479 13480 13481
13482 13483 13484
13485 13475 13477
13485 13477 13486
13476 13475 13485
13476 13485 13487
13473 13488 13489
13473 13489 13481
13490 13491 13264
13492 13493 13494
13249 13485 13486
13249 13486 13250
13487 13485 13249
13487 13249 13275
13489 13265 13264
13489 13264 13481
13293 13292 13495
13293 13495 13496
13336 13335 13497
13336 13497 13498
13466 13465 13499
13466 13499 13500
13465 13501 13502
13465 13502 13499
13503 13504 13505
13503 13505 13506
13292 13506 13505
13292 13505 13495
13294 13290 13289
13294 13289 13291
13332 13331 13334
13332 13334 13333
13468 13286 13471
13468 13471 13469
13507 13287 13286
13507 13286 13468
13508 13509 13510
13405 13511 13406
13326 13512 13322
13513 13514 13515
13516 13517 13518
13516 13518 13519
13520 13521 13517
13520 13517 13516
13522 13523 13524
13522 13524 13525
13526 13527 13528
13526 13528 13529
13530 13531 13532
13530 13532 13533
13534 13535 13536
13534 13536 13537
13538 13539 13535
13538 13535 13534
13540 13541 13542
13540 13542 13543
13544 13545 13546
13544 13546 13547
13547 13546 13548
13547 13548 13549
13549 13548 13550
13549 13550 13551
13552 13553 13554
13552 13554 13555
13556 13557 13558
13556 13558 13559
13560 13561 13562
13560 13562 13563
13564 13565 13566
13564 13566 13567
13568 13569 13570
13568 13570 13571
13535 13539 13572
13535 13572 13573
13536 13535 13573
13536 13573 13574
13575 13536 13574
13575 13574 13576
13577 13575 13576
13577 13576 13578
13579 13580 13581
13582 13579 13583
13584 13582 13583
13584 13583 13585
13586 13587 13588
13589 13590 13591
13589 13591 13592
13593 13594 13595
13539 13593 13595
13539 13595 13572
13596 13597 13598
13596 13598 13566
13592 13591 13599
13592 13599 13600
13601 13602 13597
13601 13597 13596
13603 13604 13602
13603 13602 13601
13600 13599 13605
13600 13605 13606
13607 13594 13608
13607 13608 13609
13610 13519 13611
13612 13545 13544
13612 13544 13613
13587 13584 13585
13587 13585 13588
13614 13595 13607
13614 13607 13615
13572 13595 13614
13572 13614 13616
13617 13618 13619
13617 13619 13620
13620 13619 13621
13620 13621 13622
13574 13573 13623
13574 13623 13624
13576 13574 13624
13576 13624 13625
13578 13576 13625
13578 13625 13626
13627 13578 13626
13628 13629 13630
13628 13630 13631
13632 13633 13634
13635 13636 13637
13638 13631 13630
13638 13630 13639
13640 13637 13636
13640 13636 13641
13642 13643 13644
13642 13644 13618
13607 13645 13615
13646 13638 13647
13640 13641 13648
13640 13648 13649
13650 13651 13652
13607 13609 13645
13653 13654 13655
13653 13655 13656
13657 13658 13659
13657 13659 13660
13661 13662 13663
13664 13653 13656
13664 13656 13665
13666 13657 13660
13666 13660 13667
13668 13669 13670
13668 13670 13663
13671 13672 13673
13674 13675 13671
13676 13677 13678
13676 13678 13679
13680 13681 13682
13680 13682 13683
13684 13685 13686
13687 13688 13689
13687 13689 13690
13691 13692 13693
13691 13693 13694
13695 13696 13697
13698 13699 13700
13675 13701 13702
13677 13703 13704
13705 13706 13707
13705 13707 13686
13708 13709 13710
13708 13710 13711
13712 13713 13714
13712 13714 13715
13716 13717 13718
13716 13718 13719
13720 13721 13722
13673 13723 13724
13725 13726 13727
13728 13729 13730
13728 13730 13731
13732 13733 13734
13729 13735 13730
13733 13736 13734
13737 13738 13739
13740 13741 13742
13740 13742 13743
13744 13745 13746
13744 13746 13747
13748 13708 13711
13748 13711 13749
13750 13712 13715
13750 13715 13751
13752 13718 13753
13662 13754 13668
13662 13668 13663
13670 13661 13663
13696 13755 13756
13696 13756 13697
13718 13752 13719
13745 13757 13746
13718 13717 13758
13718 13758 13753
13759 13704 13760
13679 13678 13761
13679 13761 13762
13680 13763 13764
13680 13764 13681
13765 13766 13707
13765 13707 13706
13767 13768 13769
13767 13769 13770
13771 13772 13773
13771 13773 13774
13686 13775 13776
13686 13776 13705
13777 13778 13779
13777 13779 13780
13781 13782 13783
13781 13783 13784
13785 13786 13787
13785 13787 13788
13789 13790 13791
13789 13791 13792
13777 13780 13793
13777 13793 13794
13715 13714 13709
13715 13709 13708
13751 13715 13708
13751 13708 13748
13692 13687 13690
13692 13690 13693
13660 13659 13654
13660 13654 13653
13667 13660 13653
13667 13653 13664
13738 13737 13740
13738 13740 13743
13795 13796 13713
13795 13713 13712
13797 13798 13799
13797 13799 13742
13800 13657 13666
13800 13666 13801
13802 13658 13657
13802 13657 13800
13803 13804 13691
13803 13691 13694
13795 13712 13750
13795 13750 13805
13717 13795 13805
13717 13805 13758
13796 13795 13717
13796 13717 13716
13806 13744 13747
13806 13747 13807
13800 13801 13669
13800 13669 13668
13754 13802 13800
13754 13800 13668
13756 13755 13804
13756 13804 13803
13808 13684 13707
13809 13810 13811
13809 13811 13812
13813 13814 13810
13813 13810 13809
13815 13816 13817
13762 13761 13674
13701 13675 13761
13523 13528 13818
13529 13528 13523
13529 13523 13522
13550 13553 13552
13550 13552 13551
13766 13765 13703
13766 13703 13819
13820 13819 13677
13820 13677 13676
13651 13632 13821
13623 13573 13572
13621 13822 13823
13621 13823 13824
13825 13775 13685
13826 13767 13770
13826 13770 13827
13780 13779 13775
13828 13829 13830
13828 13830 13831
13787 13772 13771
13787 13771 13832
13786 13833 13772
13786 13772 13787
13791 13826 13827
13791 13827 13834
13780 13775 13825
13780 13825 13793
13772 13833 13835
13772 13835 13773
13609 13608 13836
13837 13838 13839
13837 13839 13608
13840 13841 13604
13840 13604 13603
13842 13843 13844
13842 13844 13845
13846 13647 13847
13647 13846 13646
13643 13848 13644
13645 13650 13652
13645 13652 13849
13609 13850 13650
13609 13650 13645
13836 13850 13609
13632 13634 13821
13851 13852 13853
13379 13378 13478
13379 13478 13245
13484 13854 13855
13341 13856 13857
13484 13493 13854
13341 13857 13340
13483 13493 13484
13339 13858 13341
13410 13301 13411
13671 13675 13672
13698 13859 13699
13684 13686 13707
13685 13775 13686
13819 13703 13677
13739 13738 13860
13775 13779 13776
13761 13861 13701
13862 13863 13864
13865 13866 13867
13868 13541 13540
13720 13722 13869
13870 13871 13872
13873 13874 13875
13410 13412 13876
13398 13403 13399
13401 13403 13398
13877 13878 13879
13880 13881 13882
13883 13720 13869
13595 13594 13607
13644 13848 13648
13884 13298 13300
13885 13474 13480
13240 13207 13212
13208 13207 13240
13221 13236 13239
13215 13238 13227
13220 13222 13232
13473 13254 13488
13488 13254 13256
13481 13480 13473
13480 13474 13473
13886 13241 13243
13887 13241 13886
13615 13645 13849
13836 13608 13839
13888 13889 13890
13407 13509 13408
13510 13509 13407
13891 13511 13892
13354 13893 13894
13354 13894 13355
13492 13494 13895
13494 13493 13483
13481 13491 13479
13481 13264 13491
13259 13258 13264
13270 13492 13895
13270 13269 13492
13264 13258 13490
13260 13267 13896
13297 13296 13299
13379 13897 13376
13478 13375 13898
13246 13245 13478
13277 13244 13246
13652 13651 13821
13647 13638 13639
13899 13382 13386
13899 13386 13900
13384 13386 13435
13901 13902 13903
13239 13904 13225
13239 13231 13229
13239 13229 13221
13225 13904 13223
13257 13260 13896
13239 13236 13904
13219 13228 13905
13219 13905 13237
13238 13237 13905
13237 13217 13219
13237 13214 13217
13216 13226 13235
13216 13235 13234
13233 13207 13206
13233 13222 13207
13204 13234 13205
13213 13234 13204
13583 13579 13581
13581 13580 13627
13580 13578 13627
13623 13572 13616
13906 13907 13908
13909 13910 13907
13910 13909 13911
13911 13909 13912
13909 13913 13912
13914 13915 13916
13917 13918 13912
13919 13917 13920
13921 13913 13914
13922 13916 13923
13924 13925 13923
13926 13927 13928
13929 13930 13931
13924 13928 13925
13926 13929 13931
13926 13931 13927
13916 13922 13921
13916 13924 13923
13924 13926 13928
13912 13913 13917
13917 13913 13921
13917 13921 13920
13908 13907 13910
13921 13914 13916
13932 13284 13933
13442 13441 13934
13886 13935 13887
13788 13787 13832
13788 13832 13936
13656 13788 13936
13656 13936 13665
13739 13860 13782
13739 13782 13781
13711 13710 13778
13711 13778 13777
13711 13777 13794
13711 13794 13749
13689 13688 13790
13689 13790 13789
13655 13785 13788
13655 13788 13656
13937 13938 13939
13937 13939 13940
13941 13942 13943
13941 13943 13944
13945 13946 13947
12882 12881 13948
12882 13948 13949
12879 12810 12882
12879 12882 13950
12994 13951 13952
12994 13952 12995
13006 12992 12995
13006 12995 13952
12879 13950 13953
12879 13953 12899
13954 12589 12588
13954 12588 13955
13956 13954 13955
13956 13955 13957
13958 13959 13960
13958 13960 13961
13962 13963 13964
13114 13187 13965
13165 13966 13967
13165 13967 13968
13069 13969 13082
13070 13970 13083
13071 13083 13971
13075 13087 13084
13072 13084 13972
13138 13137 13973
13197 13103 13196
13145 13130 13161
12840 12834 12841
12834 12833 12841
13974 13135 13975
13057 13067 13167
13064 13097 13065
13106 13110 13091
12837 12826 12838
12917 13976 12918
12916 13977 13976
12916 13976 12917
12933 13978 13977
12933 13977 12916
13979 12608 12611
13979 12611 13980
12937 13981 13982
12937 13982 13051
12936 13983 13981
12936 13981 12937
12942 13984 13983
12942 13983 12936
12759 12907 12885
12759 12758 13985
12759 13985 12907
13985 12758 12913
13985 12913 13986
12685 12684 13987
12685 13987 13988
12953 13989 13990
12953 13990 13047
12952 13049 13989
12952 13989 12953
12756 12759 12931
12955 13010 12952
13010 13011 12952
12905 12886 12907
13029 13041 13035
13991 13992 13993
13991 13993 13994
13995 13996 13997
13995 13997 13998
13999 14000 14001
13999 14001 14002
13996 14003 14004
13996 14004 13997
14000 13048 12935
14000 12935 14001
14005 14006 14007
14005 14007 14008
12914 12928 12919
12914 12919 12922
12742 12918 13976
13037 13036 14009
13037 14009 14010
14011 14010 14009
14011 14009 14012
12861 12862 12918
12861 12918 12744
12859 12744 12734
12859 12861 12744
12981 14013 13984
12981 12983 12938
12945 12944 12938
12945 12938 12940
12983 12939 12938
12942 12983 13984
12983 12981 13984
12731 12730 14014
12918 12742 12744
13325 13324 13243
13324 13460 13886
13460 13935 13886
13460 14015 14016
13460 14016 13935
14015 14017 14018
14015 14018 14016
13284 13283 14019
13284 14019 14020
14021 14022 14023
14021 14023 14024
14025 14026 14027
14025 14027 14028
14026 14029 14030
14026 14030 14027
13243 13324 13886
13323 13312 13311
12818 12850 14031
13937 13728 13731
13937 13731 13938
13721 13720 14032
13941 13940 13939
13941 13939 13942
12745 12817 12746
13675 13702 13672
12755 12851 12796
13944 13943 14033
13944 14033 14034
13853 14035 14036
14037 13878 13877
13072 13052 13075
13055 13052 13054
13054 13053 13058
13056 13054 13060
13153 13152 13150
13169 13154 14038
13154 13147 14039
13126 14040 13127
13129 13120 13131
14041 13112 14042
13131 13149 13129
13118 13131 13120
13132 13130 13118
13118 13119 13132
13132 13110 13137
13098 13106 13099
13101 13095 13094
13399 14043 13400
14043 14044 14045
14044 14046 14047
14048 13104 13103
14049 14050 14051
14048 14051 13104
13104 14052 13139
14053 14054 14055
14053 14055 13117
14048 13103 13198
13140 13141 13144
13141 13138 13142
13117 13139 14053
14056 14052 14057
14058 14056 14057
14059 13139 14060
13157 13162 13179
13156 13157 13181
13156 13147 13146
14061 14062 13116
14061 13116 13117
13135 13974 14063
14064 13135 13116
13975 13135 14064
13138 14065 13142
13135 13124 13116
14066 14067 14068
14068 13136 13140
13166 14069 13159
14070 14069 13166
13140 13136 13138
14071 14038 14072
14072 14038 13154
14038 14071 13170
13162 13163 13179
13189 13192 13190
13117 14073 14061
14055 14054 14074
14073 14075 14061
14052 14056 13139
14056 14058 13139
13104 14051 14052
14049 14051 14048
14076 14077 14078
14076 14078 14079
14080 14081 14082
13436 13435 14083
13515 13514 14084
14080 14085 14081
14086 13185 13072
14086 13072 13972
13185 13053 13072
12819 12762 12775
12819 12775 12892
12819 12892 14087
12819 14087 12849
14087 12892 12891
12817 12818 14031
14088 13185 14089
13185 14088 13183
12930 12893 12774
12930 12774 14090
12893 12892 12775
12893 12775 12774
13153 13150 13149
13154 13155 14072
13673 13672 13723
13674 13761 13675
14089 13185 14086
14091 14092 14093
14091 14093 14094
14095 13388 13384
14095 13384 13436
13388 13387 13384
14096 14097 14098
14096 14098 14099
14100 14101 14102
14100 14102 14103
14104 13433 13434
14104 13434 14105
14106 14107 14108
14106 14108 14109
14094 13344 13343
14094 13343 14091
14029 14110 13903
13306 13435 13386
13306 13386 13382
14030 14029 13903
14083 13435 13306
14083 13306 13305
13308 13307 13444
13308 13444 13446
13307 13383 13441
13307 13441 13444
13440 13439 13342
13440 13342 13345
14111 13383 13382
14111 13382 13899
13188 13168 13191
13966 13165 13965
13165 13092 13114
13097 14112 13065
13965 13165 13114
13149 13154 13153
13154 13169 13153
13169 13151 13153
13169 13172 13151
13172 14113 13151
13172 13174 14114
13172 14114 14113
13174 13177 14115
13174 14115 14114
13177 13176 14115
13169 14038 13170
14116 13303 13302
14117 14118 13303
13164 13133 13158
13506 13292 13321
13326 13322 13291
13326 13291 13289
14119 14120 14121
14119 14121 14122
14123 13353 13352
14123 13352 14124
14125 14126 14127
14125 14127 14128
14129 14130 14131
14132 14133 14134
14132 14134 14135
14136 14137 14138
14136 14138 14139
14135 14134 14140
14141 14128 14127
14141 14127 14142
14125 14143 14130
14125 14130 14126
14119 14144 14145
14119 14145 14120
14146 14147 14148
14146 14148 14149
14150 14138 14137
14139 14148 14147
14139 14147 14136
14130 14143 14131
14145 14144 14146
14145 14146 14149
14151 14121 14152
14151 14152 14153
14120 14145 14154
14120 14154 14155
14145 14149 14156
14145 14156 14154
14149 14148 14157
14149 14157 14156
14148 14139 14158
14148 14158 14157
14139 14138 14159
14139 14159 14158
14138 14150 14159
14160 14161 14162
14163 14164 14161
14163 14161 14160
14165 14166 14164
14165 14164 14163
14167 14168 14166
14167 14166 14165
14169 14170 14168
14169 14168 14167
14171 14172 14170
14171 14170 14169
13314 13313 14173
13313 13315 13380
14174 14161 14164
14174 14164 14175
14176 14177 14178
14176 14178 14179
14179 14178 14180
14179 14180 14181
14181 14180 14182
14181 14182 14183
14184 14185 14186
14184 14186 14187
14186 14188 14189
14162 14161 14174
13295 13496 13495
13295 13495 13296
13498 13497 13338
13498 13338 13337
13470 13500 13499
13470 13499 13368
13368 13499 13502
13368 13502 13366
14190 13505 13504
14190 13504 14191
13495 13505 14190
13495 14190 13296
14192 14193 14194
14192 14194 14195
13506 13321 13320
13506 13320 13503
13510 13357 13356
13510 13356 13508
13468 13367 13507
13368 13367 13468
13321 13291 13322
13321 13292 13291
14196 14197 14198
14196 14198 14199
14200 14122 14121
14200 14121 14151
14131 14123 14124
14131 14124 14129
14152 14121 14120
14152 14120 14155
13374 14201 13465
14201 13374 13373
13381 13296 14190
13381 13299 13296
14202 14203 14204
14205 14188 14186
14206 14207 14208
14206 14208 14209
14206 14209 14210
14206 14210 14211
14210 14212 14213
14209 14214 14212
14209 14212 14210
14208 14215 14214
14208 14214 14209
14211 14210 14213
14216 14217 14218
14216 14219 14217
14220 14221 14222
14223 14217 14221
14223 14221 14220
14217 14223 14224
14217 14224 14225
14221 14219 14226
14227 14228 14229
14230 14227 14229
14231 14232 14233
14234 14231 14233
14234 14233 14235
14236 14234 14235
14236 14235 14237
14230 14238 14239
14240 14241 14242
14243 14244 14241
14245 14246 14247
14248 13639 14249
14250 14251 14240
14252 14253 14254
14246 14255 14256
14246 14256 14247
14241 14251 14257
14241 14257 14243
14258 14225 14259
14260 14261 14262
14208 14207 14263
14208 14263 13629
13629 13628 14215
13629 14215 14208
14255 14236 14237
14255 14237 14256
14251 14259 14225
13629 14263 14249
13629 14249 13630
14253 14264 14254
14265 14266 14267
14266 14252 14254
14240 14251 14241
14242 14241 14268
14268 14241 14244
14260 14262 14252
14251 14225 14224
14259 14251 14250
14252 14262 14253
14260 14228 14261
14229 14228 14260
14225 14218 14217
14218 14225 14258
14221 14226 14222
14239 14238 14269
14217 14219 14221
14230 14229 14238
14251 14224 14257
14249 13639 13630
14270 14271 14272
14270 14272 14273
14274 14275 14276
14277 14278 14279
14277 14279 14280
14281 14276 14282
14283 14284 14285
14283 14285 14286
14287 14288 14289
14290 14291 14292
14293 14294 14295
14296 14297 14298
14296 14298 14299
14288 14300 14289
14292 14291 14301
14292 14301 14302
14303 14295 14294
14304 14305 14291
14306 14279 14278
14306 14278 14307
14284 14283 14308
14301 14291 14276
14301 14276 14281
14290 14292 14309
14298 14310 14311
14285 14312 14286
14294 14313 14303
14314 14315 14316
14282 14314 14317
14318 14319 14320
14268 14244 14321
14244 14322 14321
14323 14324 14325
14326 14327 14328
14329 14330 14331
14329 14331 14332
14333 14334 14335
14336 14337 14338
14336 14338 14334
14339 14340 13839
14339 13839 13838
14341 14342 14343
14344 14345 14346
14347 14348 14349
14347 14349 14350
13836 14351 13850
14326 14328 14352
14353 14354 14355
14356 14357 14358
14356 14358 14359
14360 14361 14362
14360 14362 14363
14361 14364 14362
13840 14365 14366
13840 14366 13841
14367 14368 14369
14367 14369 14370
14371 14372 14373
14371 14373 14374
14343 14342 14340
14343 14340 14339
14365 14375 14366
14376 14377 14378
14379 14380 14381
14382 14383 14384
14385 14386 14387
14385 14387 14388
14389 14390 14391
14389 14391 14392
14393 14394 14338
14342 14393 14338
14342 14338 14337
14340 14342 14337
14340 14337 14351
13836 14340 14351
14395 14396 14397
14398 14399 14400
14351 14401 14402
14403 14404 14405
14403 14405 14406
14407 14408 14387
14407 14387 14409
14380 14410 14411
14380 14411 14412
14323 14325 14413
14314 14275 14315
14414 14277 14280
14317 14314 14316
14391 14415 14386
14416 14417 14418
14416 14418 14419
14420 14332 14331
14420 14331 14421
14357 14422 14423
14357 14423 14358
14424 14408 14407
14424 14407 14425
14426 14427 14408
14426 14408 14424
14428 14429 14430
14428 14430 14431
14332 14420 14432
14332 14432 14433
14330 14329 14328
14330 14328 14327
14354 14356 14359
14354 14359 14355
14412 14411 14413
14412 14413 14325
14434 14412 14325
14434 14325 14324
14435 14436 14437
14397 14396 14438
14352 14348 14439
14390 14320 14415
14390 14415 14391
14440 14441 14442
14440 14443 14441
14362 14364 14444
14445 14337 14336
14446 14447 14448
14314 14282 14276
14275 14314 14276
14292 14313 14309
14298 14297 14310
14290 14304 14291
14398 14400 14437
14436 14398 14437
14449 14450 14438
14371 14374 14451
14371 14451 14452
14334 14338 14335
14415 14453 14386
14319 14415 14320
14313 14294 14454
14313 14302 14303
14313 14292 14302
14294 14293 14454
14313 14454 14309
14288 14311 14455
14288 14455 14300
14456 14455 14311
14311 14288 14287
14457 14458 14459
14299 14306 14307
14299 14307 14296
14305 14274 14276
14305 14276 14291
14460 14461 14308
14283 14460 14308
14351 14402 13850
13850 14317 14316
13850 14316 13650
13836 13839 14340
14433 14349 14332
14352 14328 14329
14352 14329 14348
14462 14463 14464
14462 14464 14465
14466 14467 14468
14466 14468 14469
14470 14471 14472
14470 14472 14473
14474 14475 14476
14477 14478 14479
14477 14479 14480
14481 14482 14483
14481 14483 14484
14485 14486 14487
14472 14471 14479
14472 14479 14478
14470 14473 14476
14470 14476 14488
14464 14463 14489
14464 14489 14490
14491 14492 14493
14491 14493 14494
14495 14482 14481
14494 14493 14484
14494 14484 14483
14476 14475 14488
14489 14492 14491
14489 14491 14490
14496 14497 14498
14496 14498 14462
14463 14499 14500
14489 14500 14501
14489 14501 14492
14492 14501 14502
14492 14502 14493
14493 14502 14503
14493 14503 14484
14484 14503 14504
14484 14504 14481
14481 14504 14495
14505 14506 14507
14508 14505 14507
14508 14507 14509
14510 14508 14509
14510 14509 14511
14512 14510 14511
14512 14511 14513
14514 14512 14513
14514 14513 14515
14516 14514 14515
14516 14515 14517
14518 14519 14520
14341 14393 14342
14521 14522 14523
14521 14523 14524
14525 14521 14524
14525 14524 14526
14527 14525 14526
14527 14526 14528
14529 14527 14528
14529 14528 14530
14531 14532 14533
14531 14533 14534
14531 14535 14536
14506 14537 14507
14420 14421 14333
14420 14333 14335
14422 14360 14363
14422 14363 14423
14424 14425 14410
14424 14410 14380
14426 14424 14380
14426 14380 14379
14431 14430 14538
14431 14538 14539
14420 14335 14540
14420 14540 14432
14541 14542 14543
14541 14543 14544
14350 14349 14433
14350 14433 14545
14373 14372 14436
14373 14436 14435
14412 14434 14381
14380 14412 14381
14349 14348 14329
14349 14329 14332
14546 14547 14548
14546 14548 14549
14462 14465 14550
14462 14550 14496
14469 14468 14475
14469 14475 14474
14498 14499 14463
14498 14463 14462
14387 14408 14551
14551 14388 14387
14394 14540 14335
14394 14335 14338
14552 14553 14554
14555 14531 14536
14366 14375 14556
13846 13847 13842
13842 13847 13843
14463 14500 14489
12706 14557 14558
12706 14558 12707
12875 14559 14560
14561 14562 14563
14564 14565 14566
14564 14566 14567
14559 12875 12830
12875 12874 12878
12875 12878 12830
14568 13001 13000
14568 13000 14565
14569 12877 12876
14569 12876 14570
14571 14572 14573
14571 14573 14574
14575 14576 14577
14575 14577 14578
14579 14580 14581
14579 14581 14582
14583 14584 14585
14583 14585 14586
12783 14559 12830
12875 14560 12873
12807 12882 12808
12808 12882 12810
12885 12743 12931
14587 14588 14589
14587 14589 14590
12989 13006 13021
13021 13006 13005
14591 12722 12725
14591 12725 14592
14593 14594 12729
14593 12729 12728
14565 12986 14568
14565 12987 12986
14582 14581 14595
14582 14595 14596
14586 14597 14598
14586 14598 14583
