byte offset: 0
first index: 5949
index count: 1530
topology: trianglelist
format: DXGI_FORMAT_R16_UINT

2385 2386 2387
2385 2387 2388
2388 2387 2389
2388 2389 2390
2391 2390 2389
2388 2392 2385
2390 2391 2393
2388 2394 2392
2390 2394 2388
2393 2395 2390
2395 2393 2396
2397 2395 2396
2395 2397 2398
2397 2399 2398
2400 2390 2395
2398 2400 2395
2394 2390 2401
2390 2400 2401
2402 2394 2401
2394 2402 2403
2403 2392 2394
2401 2404 2402
2404 2401 2400
2392 2403 2405
2405 2406 2392
2392 2406 2407
2406 2408 2407
2408 2406 2409
2400 2410 2404
2411 2408 2409
2400 2412 2410
2400 2398 2412
2413 2410 2412
2398 2413 2412
2410 2413 2414
2408 2411 2415
2415 2416 2408
2411 2417 2415
2416 2415 2418
2417 2411 2419
2418 2420 2416
2420 2418 2421
2421 2422 2420
2422 2421 2423
2423 2424 2422
2424 2423 2425
2419 2426 2417
2426 2419 2427
2427 2428 2426
2428 2427 2429
2430 2428 2429
2431 2426 2428
2428 2432 2431
2432 2428 2433
2428 2430 2433
2434 2433 2430
2431 2435 2426
2433 2434 2436
2436 2432 2433
2414 2436 2434
2413 2436 2414
2435 2431 2437
2432 2437 2431
2438 2436 2413
2413 2398 2438
2399 2438 2398
2439 2435 2437
2437 2440 2439
2440 2437 2441
2437 2432 2442
2443 2440 2441
2432 2444 2442
2440 2443 2445
2444 2432 2446
2447 2435 2439
2440 2445 2448
2449 2446 2432
2446 2449 2450
2432 2436 2449
2449 2451 2450
2436 2438 2449
2451 2449 2438
2451 2438 2452
2438 2399 2452
2399 2453 2452
2453 2399 2454
2455 2439 2440
2439 2455 2447
2440 2448 2456
2456 2448 2457
2458 2440 2456
2458 2455 2440
2455 2459 2447
2447 2459 2460
2459 2461 2460
2461 2459 2462
2462 2463 2461
2459 2455 2464
2464 2462 2459
2463 2462 2465
2462 2464 2465
2465 2466 2463
2464 2455 2467
2455 2458 2467
2468 2458 2456
2456 2457 2468
2466 2465 2469
2469 2470 2466
2471 2465 2464
2467 2471 2464
2465 2471 2469
2472 2469 2471
2473 2470 2469
2469 2472 2473
2470 2473 2474
2475 2474 2473
2472 2475 2473
2474 2475 2476
2477 2476 2475
2475 2472 2477
2476 2477 2478
2477 2479 2478
2477 2480 2479
2480 2477 2472
2481 2479 2480
2481 2482 2479
2481 2483 2482
2481 2484 2483
2485 2484 2481
2480 2485 2481
2486 2484 2485
2486 2487 2484
2486 2485 2488
2488 2485 2489
2488 2489 2490
2480 2491 2485
2485 2491 2489
2480 2472 2492
2491 2480 2492
2490 2489 2493
2491 2493 2489
2472 2494 2492
2494 2472 2471
2492 2495 2491
2493 2491 2495
2495 2492 2494
2493 2457 2490
2457 2496 2490
2496 2457 2497
2457 2493 2468
2495 2468 2493
2468 2495 2498
2494 2498 2495
2458 2468 2498
2498 2467 2458
2471 2467 2499
2499 2494 2471
2467 2498 2499
2498 2494 2499
2500 2501 2502
2501 2500 2503
2504 2501 2503
2501 2504 2505
2506 2507 2508
2507 2506 2509
2509 2510 2507
2506 2511 2509
2511 2506 2512
2513 2511 2512
2511 2513 2514
2514 2515 2511
2515 2509 2511
2515 2514 2516
2509 2517 2510
2509 2515 2517
2516 2518 2515
2518 2517 2515
2518 2516 2519
2520 2518 2519
2518 2520 2521
2517 2522 2510
2517 2518 2522
2521 2522 2518
2510 2522 2523
2521 2523 2522
2523 2521 2524
2525 2526 2527
2525 2528 2526
2528 2525 2529
2529 2530 2528
2530 2529 2531
2532 2533 2534
2534 2533 2535
2536 2535 2533
2535 2536 2537
2536 2538 2537
2538 2536 2539
2540 2541 2542
2543 2541 2540
2543 2540 2544
2545 2541 2543
2545 2543 2546
2541 2545 2547
2547 2545 2548
2549 2550 2551
2552 2549 2551
2552 2553 2549
2553 2554 2549
2554 2555 2549
2556 2557 2558
2556 2559 2557
2556 2560 2559
2556 2561 2560
2562 2563 2564
2563 2562 2565
2566 2565 2562
2565 2566 2567
2568 2569 2570
2569 2568 2571
2571 2568 2572
2572 2568 2573
2574 2575 2576
2574 2576 2577
2574 2577 2578
2574 2578 2579
2580 2581 2582
2581 2580 2583
2583 2584 2581
2584 2583 2585
2586 2587 2588
2587 2586 2589
2590 2589 2586
2589 2590 2591
2592 2591 2590
2591 2592 2593
2594 2593 2592
2593 2594 2595
2596 2593 2595
2597 2591 2593
2593 2596 2597
2598 2589 2591
2591 2597 2598
2597 2596 2599
2599 2596 2600
2601 2597 2599
2598 2597 2601
2589 2598 2602
2602 2598 2601
2602 2587 2589
2602 2601 2603
2587 2602 2603
2587 2603 2604
2605 2606 2607
2606 2605 2608
2605 2609 2608
2609 2605 2610
2611 2612 2613
2614 2611 2613
2611 2614 2615
2614 2616 2615
2616 2614 2617
2618 2619 2620
2620 2619 2621
2621 2622 2620
2622 2621 2623
2624 2622 2623
2622 2624 2625
2626 2627 2628
2629 2626 2628
2629 2630 2626
2628 2631 2629
2631 2632 2629
2631 2628 2633
2633 2634 2631
2635 2636 2637
2636 2635 2638
2635 2639 2638
2639 2635 2640
2641 2642 2643
2642 2641 2644
2645 2642 2644
2642 2645 2646
2647 2648 2649
2648 2647 2650
2647 2651 2650
2650 2652 2648
2653 2650 2651
2652 2650 2654
2650 2653 2654
2654 2655 2652
2656 2654 2653
2655 2654 2656
2657 2658 2659
2658 2657 2660
2661 2662 2663
2662 2661 2664
2665 2664 2661
2664 2665 2666
2666 2665 2667
2667 2668 2666
2668 2667 2669
2670 2671 2672
2671 2670 2673
2674 2671 2673
2674 2675 2671
2675 2674 2676
2677 2675 2676
2675 2677 2678
2679 2680 2681
2680 2679 2682
2683 2682 2679
2682 2684 2680
2683 2685 2682
2684 2682 2685
2683 2686 2685
2686 2687 2685
2687 2684 2685
2684 2687 2688
2689 2690 2691
2690 2689 2692
2692 2693 2690
2693 2692 2694
2695 2693 2694
2693 2695 2696
2695 2697 2696
2697 2695 2698
2698 2699 2697
2699 2698 2700
2699 2700 2701
2702 2703 2704
2703 2702 2705
2706 2705 2702
2705 2706 2707
2706 2708 2707
2708 2706 2709
2710 2708 2709
2708 2710 2711
2712 2711 2710
2711 2712 2713
2712 2714 2713
2715 2716 2717
2716 2715 2718
2719 2716 2718
2716 2719 2720
2721 2722 2723
2722 2721 2724
2721 2725 2724
2725 2721 2726
2727 2728 2729
2728 2727 2730
2728 2730 2731
2732 2730 2727
2730 2733 2731
2730 2732 2734
2733 2730 2734
2735 2734 2732
2736 2733 2734
2734 2735 2736
2737 2738 2739
2738 2737 2740
2741 2742 2743
2742 2741 2744
2744 2745 2742
2745 2744 2746
2746 2747 2745
2748 2747 2746
2747 2748 2749
2750 2751 2752
2751 2750 2753
2754 2753 2750
2755 2754 2750
2754 2755 2756
2755 2757 2756
2757 2755 2758
2759 2760 2761
2760 2759 2762
2763 2760 2762
2764 2762 2759
2763 2762 2765
2762 2764 2765
2763 2765 2766
2766 2765 2767
2764 2767 2765
2767 2764 2768
2769 2770 2771
2770 2772 2771
2770 2769 2773
2774 2773 2769
2775 2772 2770
2776 2772 2775
2777 2776 2775
2778 2777 2775
2770 2779 2775
2779 2778 2775
2770 2773 2779
2778 2779 2780
2781 2780 2779
2773 2781 2779
2780 2781 2782
2773 2774 2783
2781 2773 2783
2774 2784 2783
2784 2781 2783
2784 2774 2785
2786 2784 2785
2787 2782 2781
2784 2787 2781
2786 2787 2784
2782 2787 2788
2789 2787 2786
2788 2787 2790
2790 2787 2789
2791 2792 2793
2794 2792 2791
2793 2792 2795
2796 2793 2795
2796 2797 2793
2797 2796 2798
2797 2798 2799
2796 2800 2798
2795 2800 2796
2801 2799 2798
2798 2800 2801
2799 2801 2802
2803 2802 2801
2802 2803 2804
2803 2805 2804
2801 2800 2806
2803 2801 2806
2805 2803 2807
2806 2807 2803
2807 2808 2805
2795 2809 2800
2806 2800 2809
2808 2807 2810
2810 2811 2808
2807 2806 2812
2806 2809 2812
2810 2807 2812
2795 2813 2809
2792 2813 2795
2812 2809 2814
2810 2812 2814
2813 2814 2809
2811 2810 2815
2814 2815 2810
2815 2816 2811
2817 2816 2815
2817 2815 2814
2816 2817 2818
2817 2814 2819
2818 2817 2819
2819 2814 2813
2820 2818 2819
2820 2819 2813
2820 2821 2818
2821 2820 2794
2794 2822 2792
2792 2822 2813
2794 2820 2822
2820 2813 2822
2823 2824 2825
2825 2826 2823
2824 2827 2825
2824 2828 2827
2824 2829 2828
2829 2830 2828
2825 2827 2831
2828 2831 2827
2825 2832 2826
2825 2831 2832
2828 2830 2833
2828 2833 2831
2834 2826 2832
2835 2826 2834
2832 2831 2836
2834 2832 2836
2834 2837 2835
2834 2836 2837
2837 2838 2835
2839 2838 2837
2836 2839 2837
2838 2839 2840
2831 2841 2836
2833 2841 2831
2842 2833 2830
2842 2830 2843
2844 2840 2839
2840 2844 2845
2839 2836 2846
2846 2836 2841
2839 2846 2844
2833 2842 2847
2833 2847 2841
2843 2848 2842
2842 2848 2847
2843 2849 2848
2850 2846 2841
2850 2844 2846
2850 2841 2847
2851 2845 2844
2844 2850 2851
2845 2851 2852
2851 2853 2852
2854 2849 2853
2849 2854 2848
2848 2854 2847
2854 2850 2847
2853 2851 2854
2851 2850 2854
