byte offset: 0
first index: 0
index count: 3066
topology: trianglelist
format: DXGI_FORMAT_R16_UINT

0 1 2
3 1 0
4 1 3
3 0 5
0 6 5
7 3 5
3 8 4
4 8 9
4 9 10
11 10 9
11 12 10
13 12 11
3 7 14
3 15 8
3 14 15
8 15 16
14 16 15
7 17 14
7 18 17
9 8 19
8 16 19
17 20 14
14 20 16
21 17 18
21 18 22
23 21 22
9 24 11
9 19 25
9 25 24
25 19 26
16 26 19
25 26 27
24 25 27
16 28 26
16 29 28
16 20 29
24 27 30
31 29 20
31 32 29
17 31 20
33 32 31
17 33 31
33 34 32
17 21 33
35 24 30
35 30 36
37 34 33
37 38 34
39 38 37
39 37 40
39 41 38
39 42 41
39 43 42
33 21 44
33 44 37
37 44 40
23 44 21
23 40 44
45 40 23
45 46 40
47 40 46
39 40 48
47 48 40
39 49 43
48 49 39
48 50 49
50 48 47
43 49 51
43 51 52
52 51 53
50 47 54
53 51 55
53 55 56
55 57 56
55 58 57
59 57 58
59 60 57
61 54 47
59 62 60
63 62 59
60 62 64
60 64 65
66 62 63
66 64 62
67 64 66
65 64 68
65 68 69
68 70 69
69 70 71
70 68 72
71 70 73
72 68 74
74 68 64
75 71 73
75 76 71
77 76 75
77 75 78
79 77 78
80 79 78
80 78 81
64 82 74
83 80 81
64 84 82
82 84 85
67 84 64
67 85 84
82 85 86
67 87 85
85 88 86
85 87 89
85 90 88
85 89 90
90 91 88
89 92 90
90 92 91
93 91 92
93 92 94
83 81 95
95 96 83
95 36 96
95 35 36
95 97 35
98 95 81
95 98 97
98 81 99
99 100 98
100 97 98
99 101 100
100 102 97
103 97 102
103 13 97
35 97 104
13 104 97
24 35 104
13 11 104
24 104 11
105 106 107
105 108 106
109 108 105
109 110 108
111 110 109
111 109 112
113 111 112
113 112 114
115 113 114
115 114 116
117 115 116
117 116 118
117 118 119
117 119 120
120 119 121
120 121 122
122 121 123
122 123 124
124 123 125
124 125 126
125 127 126
125 128 127
128 129 127
128 130 129
131 132 133
131 133 134
133 135 134
133 136 135
136 137 135
136 138 137
138 139 137
138 140 139
140 141 139
140 142 141
142 143 141
142 144 143
143 144 145
143 145 146
147 146 145
147 145 148
149 147 148
149 150 147
151 150 149
151 152 150
153 152 151
153 154 152
155 154 153
155 156 154
157 156 155
157 158 156
159 158 157
159 157 160
161 162 163
161 163 164
165 161 164
166 164 163
167 165 164
166 168 164
166 169 168
168 169 170
171 168 170
171 164 168
171 170 172
173 171 172
167 164 174
171 174 164
167 174 175
173 176 171
176 174 171
177 176 173
177 173 178
177 178 179
175 174 180
176 180 174
180 176 177
175 180 181
181 180 182
180 177 182
181 182 183
184 183 182
184 182 185
185 182 177
186 184 185
177 179 187
185 177 187
186 185 188
187 188 185
189 186 188
189 188 190
189 190 191
191 190 192
179 193 187
187 193 188
193 190 188
179 194 193
193 194 195
193 195 196
193 196 190
196 195 197
198 196 197
198 190 196
198 199 190
192 190 199
192 199 200
201 202 203
201 204 202
204 205 202
201 206 204
201 207 206
204 208 205
208 209 205
210 206 207
210 207 211
212 206 210
204 206 213
212 213 206
204 213 208
214 213 212
214 215 213
208 213 215
216 215 214
208 217 209
208 215 217
217 218 209
216 219 215
217 215 219
220 219 216
217 221 218
217 219 221
221 222 218
220 223 219
221 219 223
224 223 220
221 225 222
221 223 225
225 226 222
224 227 223
225 223 227
228 227 224
225 229 226
225 227 229
229 230 226
228 231 227
229 227 231
232 231 228
232 233 231
229 234 230
229 231 234
234 231 233
234 235 230
234 233 236
234 236 235
237 238 239
237 240 238
240 241 238
240 242 241
241 242 243
241 243 244
245 246 247
245 247 248
247 249 248
248 249 250
251 245 248
251 248 252
253 251 252
253 252 254
255 253 254
255 254 256
255 256 257
258 259 260
260 259 261
261 259 262
261 262 263
261 263 264
263 265 264
263 266 265
267 268 269
270 268 267
271 270 267
271 267 272
271 272 273
274 268 270
274 275 268
275 274 276
277 274 270
277 270 278
277 278 279
280 281 282
280 282 283
284 283 282
284 282 285
285 282 286
285 286 287
287 286 288
289 290 291
289 292 290
289 293 292
289 294 293
289 295 294
289 296 295
289 297 296
289 298 297
299 300 301
299 301 302
303 299 302
304 302 301
305 303 302
304 306 302
307 305 302
302 306 308
309 307 302
310 302 308
310 309 302
311 312 313
311 314 312
315 312 314
315 316 312
316 317 312
316 318 317
318 319 317
320 321 322
320 322 323
320 323 324
320 324 325
320 325 326
320 326 327
320 327 328
320 328 329
330 331 332
330 333 331
334 333 330
335 331 333
336 333 334
335 333 337
338 333 336
333 339 337
340 333 338
341 339 333
341 333 340
342 343 344
342 344 345
346 342 345
346 345 347
347 348 346
347 349 348
350 348 349
350 349 351
352 353 354
352 354 355
355 354 356
352 355 357
352 357 358
355 356 359
359 356 360
361 358 357
361 362 358
363 361 357
355 364 357
363 357 364
355 359 364
365 363 364
365 364 366
359 366 364
367 365 366
359 360 368
359 368 366
368 360 369
367 366 370
368 370 366
371 367 370
368 369 372
368 372 370
372 369 373
371 370 374
372 374 370
375 371 374
372 373 376
372 376 374
376 373 377
375 374 378
376 378 374
379 375 378
376 377 380
376 380 378
380 377 381
379 378 382
380 382 378
383 379 382
383 382 384
380 381 385
380 385 382
385 384 382
385 381 386
385 387 384
385 386 387
388 389 390
388 390 391
391 390 392
391 392 393
392 394 393
392 395 394
396 397 398
396 399 397
397 399 400
399 401 400
402 399 396
402 403 399
404 403 402
404 405 403
406 405 404
406 407 405
406 408 407
409 410 411
411 410 412
411 412 413
412 414 413
412 415 414
414 415 416
414 416 417
418 419 420
421 418 420
422 418 421
422 423 418
422 424 423
425 421 420
425 420 426
426 427 425
428 421 425
428 429 421
428 430 429
431 432 433
431 434 432
435 434 431
435 431 436
437 438 439
437 439 440
441 437 440
440 439 442
442 439 443
441 440 444
444 440 442
444 445 441
444 446 445
446 444 447
444 442 447
446 447 448
448 447 449
442 449 447
448 449 450
443 451 442
442 451 449
451 450 449
443 452 451
451 452 450
453 454 455
456 453 455
456 457 453
458 456 455
458 455 459
456 460 457
461 457 460
456 462 460
462 461 460
456 458 462
462 463 461
463 462 464
458 464 462
465 464 458
465 458 459
465 459 466
467 468 469
467 469 470
471 472 473
471 474 472
474 471 475
474 475 476
476 475 477
476 477 478
479 476 478
479 478 480
481 482 483
481 484 482
482 484 485
486 482 485
486 487 482
486 488 487
489 487 488
489 490 487
491 492 493
491 494 492
495 494 491
494 496 492
495 497 494
494 497 496
495 498 497
498 499 497
499 496 497
499 500 496
501 502 503
501 504 502
501 505 504
505 506 504
505 507 506
507 508 506
507 509 508
508 509 510
508 510 511
512 511 510
512 510 513
514 512 513
514 513 515
516 514 515
516 515 517
516 517 518
519 520 521
519 521 522
519 522 523
523 522 524
523 524 525
525 524 526
525 526 527
526 528 527
526 529 528
530 528 529
530 531 528
532 531 530
532 533 531
534 533 532
534 535 533
534 536 535
537 538 539
537 539 540
541 537 540
541 542 537
543 544 545
543 546 544
547 546 543
546 548 544
548 549 544
547 550 546
550 548 546
550 547 551
550 551 552
552 553 550
550 553 548
552 554 553
554 555 553
548 553 555
554 556 555
549 548 557
548 555 557
557 555 556
549 557 558
557 556 558
559 560 561
562 560 559
562 559 563
564 560 562
564 565 560
562 563 566
567 566 563
562 566 568
568 566 567
562 568 564
568 567 569
569 570 568
570 564 568
571 564 570
571 565 564
571 572 565
573 574 575
573 575 576
577 578 579
577 579 580
580 581 577
580 582 581
582 583 581
582 584 583
585 584 582
585 586 584
587 588 589
587 589 590
589 591 590
592 591 589
592 589 593
592 593 594
595 594 593
595 593 596
597 598 599
597 599 600
601 597 600
600 599 602
601 600 603
600 602 603
601 603 604
604 603 605
605 603 602
605 602 606
607 608 609
607 610 608
610 607 611
607 612 611
612 613 611
611 613 614
615 614 613
616 608 610
616 617 608
618 617 616
618 616 619
620 619 616
620 616 610
620 621 619
610 611 622
622 611 614
615 623 614
623 615 624
625 620 610
622 625 610
626 621 620
621 626 627
626 628 627
625 629 620
629 626 620
630 625 622
625 630 629
631 622 614
630 622 631
632 629 630
632 630 631
633 626 629
632 633 629
626 634 628
633 634 626
635 628 634
635 634 633
635 636 628
635 637 636
631 614 638
623 638 614
632 631 639
639 631 638
640 633 632
640 632 639
635 633 641
640 641 633
641 640 642
635 641 643
641 642 643
644 643 642
635 643 645
635 645 637
645 643 644
645 646 637
637 646 647
646 648 647
646 649 648
650 649 646
645 651 646
645 644 651
652 646 651
652 650 646
652 651 644
653 650 652
653 654 650
653 655 654
652 644 656
653 652 656
644 657 656
653 656 658
658 656 657
644 659 657
657 659 660
644 642 659
642 660 659
653 661 655
653 658 662
653 662 661
663 655 661
662 663 661
663 664 655
663 665 664
666 665 663
666 667 665
658 657 668
668 662 658
662 669 663
669 666 663
666 670 667
671 667 670
671 670 672
670 47 672
670 673 47
666 673 670
61 47 673
668 674 662
674 669 662
675 666 669
675 673 666
673 676 61
61 676 677
677 676 678
675 669 679
674 679 669
680 673 675
673 680 676
679 680 675
676 681 678
680 681 676
682 678 681
679 683 680
674 683 679
683 681 680
668 684 674
674 684 683
682 681 685
685 686 682
683 687 681
684 687 683
685 681 687
685 688 686
688 689 686
690 685 687
690 688 685
688 691 689
688 690 691
691 692 689
691 693 692
694 692 693
668 695 684
657 695 668
684 696 687
687 696 690
690 697 691
691 697 693
694 693 698
699 694 698
657 700 695
657 660 700
684 695 701
701 695 700
684 701 696
702 690 696
697 690 702
703 702 696
703 697 702
703 696 701
704 693 697
698 693 704
704 697 703
699 698 705
704 705 698
701 700 706
660 706 700
707 703 701
707 704 703
707 701 706
708 699 705
709 699 708
704 710 705
707 710 704
710 708 705
711 710 707
710 711 708
712 707 706
711 707 712
660 713 706
712 706 713
660 714 713
712 713 714
711 712 715
712 714 715
716 708 711
711 715 716
708 717 709
716 717 708
660 718 714
642 718 660
709 717 719
709 719 720
721 717 716
721 719 717
715 721 716
720 719 722
719 721 722
720 722 723
724 714 718
715 714 724
642 725 718
724 718 725
642 640 725
640 639 725
639 724 725
715 726 721
715 724 726
639 727 724
726 724 727
639 638 727
728 723 722
728 729 723
721 730 722
721 726 730
728 722 730
638 731 727
731 728 730
731 638 623
732 729 728
732 728 731
731 623 732
732 624 729
623 624 732
726 727 733
726 733 730
733 727 731
730 733 731
734 735 736
737 736 735
734 736 738
739 734 738
737 740 736
740 737 741
739 738 742
742 743 739
738 736 744
740 744 736
740 741 745
745 741 746
742 747 743
747 748 743
749 742 738
738 744 749
750 749 744
750 751 749
751 742 749
751 747 742
740 752 744
745 752 740
752 750 744
745 746 753
754 753 746
745 755 752
752 755 750
745 753 755
756 747 751
751 750 756
753 757 755
750 755 757
754 758 753
753 758 757
757 759 750
758 759 757
758 754 760
758 760 759
760 754 761
762 760 761
759 760 762
762 761 763
750 759 764
756 750 764
756 765 747
747 765 748
766 762 763
766 763 767
762 768 759
764 759 768
762 766 768
756 769 765
756 764 769
748 765 770
765 769 770
748 770 771
771 770 772
770 769 772
771 772 773
767 774 766
767 775 774
766 776 768
766 774 776
764 777 769
772 769 777
773 772 778
772 777 778
773 778 779
764 768 780
780 768 776
764 780 777
779 778 781
781 778 777
779 781 782
783 782 781
775 783 784
775 784 774
783 781 784
774 785 776
780 776 785
774 784 785
780 786 777
781 777 786
784 781 786
780 785 786
784 786 785
787 788 789
790 789 788
790 791 789
791 790 792
791 792 793
793 792 794
787 789 795
796 789 791
789 796 795
793 797 791
791 797 796
796 797 798
799 797 793
797 799 798
799 800 798
793 794 801
799 793 801
794 802 801
794 803 802
799 801 804
804 801 802
799 804 800
803 805 802
802 805 804
803 806 805
805 807 804
800 804 807
806 808 805
805 808 807
806 809 808
809 810 808
810 807 808
809 811 810
812 810 811
812 813 810
814 813 812
810 815 807
813 815 810
814 816 813
817 816 814
815 818 807
800 807 818
813 819 815
816 819 813
815 819 818
817 820 816
820 817 821
816 822 819
822 818 819
820 822 816
822 823 818
820 823 822
800 818 823
820 821 824
824 823 820
824 821 825
800 823 826
824 826 823
824 825 827
826 824 827
828 827 825
829 800 826
829 798 800
830 826 827
830 827 828
830 829 826
828 831 830
831 829 830
828 832 831
831 833 829
798 829 833
834 831 832
831 834 833
834 832 835
798 833 836
833 834 836
837 834 835
834 837 836
837 835 838
838 787 837
837 787 795
837 795 836
798 836 839
836 795 839
796 798 839
795 796 839
