byte offset: 0
first index: 0
index count: 5832
topology: trianglelist
format: DXGI_FORMAT_R16_UINT

0 1 2
0 2 3
4 5 6
7 8 9
7 9 10
11 12 13
7 14 15
7 15 8
16 17 18
4 13 17
16 19 20
16 20 5
21 22 23
24 25 26
24 26 27
24 27 28
24 28 29
30 31 32
30 32 33
25 34 35
25 35 26
36 18 37
38 39 40
38 40 41
42 43 44
45 22 46
47 48 49
47 49 50
51 52 10
51 10 9
53 54 55
53 55 56
57 55 54
57 54 58
59 57 58
59 58 60
61 62 59
61 59 60
63 64 62
63 62 61
65 66 67
68 69 67
70 71 72
71 73 74
72 74 75
76 72 77
78 79 80
79 81 80
42 82 79
82 83 79
50 84 85
50 85 47
84 50 86
84 86 87
77 37 88
49 89 86
49 86 50
90 91 92
90 92 93
92 84 87
92 87 93
94 81 95
96 94 95
96 95 97
98 99 100
98 100 73
74 101 102
74 73 101
103 104 105
103 105 106
2 105 104
2 104 89
107 108 104
107 104 103
89 104 108
89 108 86
108 107 109
108 109 110
110 87 86
110 86 108
111 90 93
111 93 112
112 93 87
112 87 110
110 109 113
110 113 112
114 115 116
114 116 117
117 31 30
117 30 114
118 119 120
118 120 121
122 123 124
122 124 125
126 122 125
126 125 127
60 128 129
60 129 61
124 123 130
124 130 128
131 63 132
131 132 133
134 135 136
137 138 139
140 141 142
143 140 142
143 142 144
42 79 78
78 145 43
146 147 46
134 66 148
131 133 134
140 143 0
149 150 151
149 151 152
152 1 143
152 143 149
153 154 155
153 155 156
153 156 41
153 41 40
157 158 83
157 85 158
85 157 159
85 159 47
159 157 82
159 160 48
159 48 47
82 44 159
161 23 162
48 160 162
48 162 163
164 165 69
164 166 165
164 167 168
164 168 166
68 139 167
68 167 164
169 170 171
169 171 172
173 170 174
173 174 175
176 177 150
176 150 149
176 149 143
119 118 52
119 52 51
57 178 179
57 179 55
59 180 178
59 178 57
62 181 180
62 180 59
148 182 183
66 134 136
69 184 45
166 141 185
66 65 182
165 186 184
11 6 147
187 12 145
34 39 38
34 38 35
131 148 64
131 64 63
71 70 187
73 71 80
81 94 99
81 99 98
61 129 188
181 62 64
181 64 183
49 48 163
49 163 3
33 32 189
33 189 190
84 92 191
141 166 168
141 168 192
141 140 185
193 173 175
193 175 194
177 176 173
177 173 193
195 106 151
195 151 196
109 107 197
109 197 198
199 113 200
199 200 201
109 198 200
109 200 113
202 203 204
202 204 205
196 151 150
196 150 206
207 193 194
207 194 208
206 150 177
206 177 209
177 193 207
177 207 209
210 211 212
213 214 215
213 215 216
217 218 214
217 214 213
219 220 221
219 221 222
223 224 225
223 225 226
217 227 228
217 228 218
229 211 230
231 232 233
231 233 234
235 236 237
238 237 236
238 236 239
240 241 242
243 244 245
246 247 248
246 248 249
250 231 221
250 221 251
250 251 247
250 247 246
246 252 253
246 253 250
244 243 254
255 256 257
255 257 258
259 260 261
259 261 262
263 264 265
263 265 220
264 266 267
264 267 265
220 219 268
220 268 263
269 270 271
272 273 274
275 276 277
276 272 277
278 279 280
278 280 281
282 283 284
285 284 283
286 287 288
289 240 290
278 281 291
278 291 292
255 293 230
258 294 295
258 295 255
293 255 295
232 223 226
232 226 233
252 244 254
252 254 253
244 252 296
244 296 297
298 242 241
299 300 301
300 285 302
303 304 305
303 305 306
307 303 306
307 306 308
294 309 310
294 310 295
293 295 310
293 310 311
312 313 216
312 216 215
314 298 230
224 228 227
224 227 225
279 315 316
279 316 280
212 317 318
212 318 319
296 252 246
296 246 249
301 287 286
301 286 299
308 306 320
308 320 321
306 305 322
306 322 320
323 257 324
323 324 325
326 327 325
326 325 324
328 260 259
328 259 329
266 264 330
266 330 331
263 268 332
263 332 333
294 258 334
294 334 335
321 320 336
321 336 337
309 294 335
309 335 338
339 309 338
339 338 340
341 342 343
341 343 344
345 346 347
345 347 348
342 345 348
342 348 343
349 350 351
349 351 352
346 349 352
346 352 347
353 354 355
353 355 356
357 358 359
357 359 360
361 362 358
361 358 357
363 364 365
363 365 366
367 368 364
367 364 363
369 360 359
369 359 370
371 372 373
371 373 374
361 371 374
361 374 362
367 375 376
367 376 368
377 378 379
377 379 380
375 380 379
375 379 376
356 355 381
356 381 382
366 365 373
366 373 372
377 383 384
377 384 378
385 386 387
385 387 388
388 387 389
388 389 390
389 391 392
389 392 390
393 394 395
393 395 396
391 396 395
391 395 392
393 397 398
393 398 394
399 400 401
399 401 402
403 404 384
403 384 383
405 406 407
405 407 408
402 401 409
402 409 410
410 409 406
410 406 411
89 49 3
89 3 2
5 181 183
19 178 180
19 180 20
20 180 181
20 181 5
22 45 184
412 179 413
412 413 414
413 179 178
413 178 19
22 21 415
152 151 106
152 106 105
1 152 105
1 105 2
147 182 65
23 184 186
186 185 163
186 163 162
6 183 182
185 0 163
416 103 106
416 106 195
256 255 230
256 230 211
417 418 236
417 236 235
419 420 241
214 417 235
214 235 215
229 317 211
256 421 324
256 324 257
422 419 240
241 420 317
241 317 229
418 423 424
258 257 323
258 323 334
385 400 399
385 399 386
12 187 70
14 425 426
14 426 15
17 76 88
13 70 76
44 21 161
427 414 413
427 413 36
36 413 19
36 19 18
43 415 21
145 146 415
44 161 160
12 11 146
416 197 107
416 107 103
218 428 417
218 417 214
212 319 429
212 429 210
430 326 324
430 324 421
431 432 433
431 433 434
435 318 317
435 317 420
436 428 437
36 37 438
36 438 427
100 99 439
100 439 440
101 100 440
101 440 441
101 441 442
101 442 102
112 113 199
112 199 111
158 191 443
158 443 444
158 444 97
158 97 95
179 412 56
179 56 55
99 94 96
99 96 439
92 91 445
446 447 235
437 428 218
437 218 228
250 253 232
250 232 231
243 224 254
273 271 270
253 254 223
253 223 232
243 437 228
243 228 224
330 264 263
330 263 333
71 74 72
165 166 185
165 184 69
187 145 78
71 187 80
22 184 23
22 415 46
145 415 43
45 46 65
70 72 76
72 75 77
146 46 415
164 69 68
69 45 67
12 70 13
12 146 145
148 183 64
134 148 131
11 13 4
65 67 45
68 67 137
76 77 88
11 147 146
147 65 46
13 76 17
21 23 161
78 80 187
101 73 100
78 43 42
185 186 165
73 80 98
23 186 162
43 21 44
4 6 11
4 17 16
66 137 67
66 182 148
6 182 147
17 88 18
77 102 37
102 442 438
102 438 37
29 28 426
29 426 425
16 18 19
16 5 4
37 18 88
5 183 6
448 449 450
448 450 451
452 453 454
455 456 9
455 9 8
457 458 459
455 8 15
455 15 460
461 462 463
452 463 458
464 461 465
461 454 465
466 467 468
469 27 26
469 26 470
469 471 28
469 28 27
472 473 32
472 32 31
470 26 35
470 35 474
475 476 462
38 41 477
38 477 478
479 480 481
482 483 468
484 485 486
484 486 487
51 9 456
51 456 488
489 490 491
489 491 492
493 494 492
493 492 491
495 496 497
498 496 495
498 495 499
500 498 499
500 499 501
502 503 504
505 503 506
507 508 509
509 510 511
508 512 510
513 514 508
515 516 517
517 516 518
517 518 519
480 479 517
480 517 520
485 484 521
485 521 522
522 523 524
522 524 485
514 525 476
512 514 526
486 485 524
486 524 527
528 529 530
528 530 531
528 531 523
528 523 522
532 533 519
534 535 532
518 511 536
518 536 537
510 512 526
510 538 511
539 540 541
539 541 542
450 527 542
450 542 541
543 539 542
543 542 544
527 524 544
527 544 542
544 545 546
544 546 543
545 544 524
545 524 523
547 548 531
547 531 530
548 545 523
548 523 531
545 548 549
545 549 546
550 117 116
550 116 551
117 550 472
117 472 31
552 553 120
552 120 119
554 555 556
554 556 557
558 559 555
558 555 554
496 498 560
561 562 563
564 500 565
564 565 566
567 568 569
568 570 571
572 573 574
575 576 573
479 515 517
515 577 578
579 483 580
567 581 504
566 565 567
566 567 569
572 448 575
582 583 584
582 584 585
583 582 575
583 575 451
586 156 155
586 155 587
586 477 41
586 41 156
588 520 533
588 533 589
588 589 590
588 590 521
521 484 591
521 591 588
591 480 520
591 520 588
591 484 487
591 487 592
480 591 481
593 592 594
487 595 594
487 594 592
596 506 597
596 597 598
596 598 599
596 599 600
505 596 600
505 600 601
602 603 604
602 604 605
606 607 608
606 608 605
609 582 585
609 585 610
609 604 576
609 576 575
119 51 488
119 488 552
493 491 611
493 611 612
495 493 612
495 612 613
499 495 613
499 613 614
581 615 616
504 568 567
506 482 617
598 618 574
504 616 502
597 617 619
457 580 453
620 578 459
474 35 38
474 38 478
565 500 501
565 501 581
509 620 507
511 516 509
519 518 537
519 537 532
560 498 500
560 500 564
614 615 501
614 501 499
486 449 595
486 595 487
473 621 189
473 189 32
522 521 590
522 590 528
574 622 599
574 599 598
574 618 572
623 624 607
623 607 606
610 623 606
610 606 609
625 626 584
625 584 540
546 627 628
546 628 543
629 630 631
629 631 549
546 549 631
546 631 627
632 205 204
632 204 633
626 634 585
626 585 584
635 636 624
635 624 623
634 637 610
634 610 585
610 637 635
610 635 623
638 639 640
213 216 641
213 641 642
217 213 642
217 642 643
644 645 646
644 646 647
219 222 648
219 648 649
650 226 225
650 225 651
217 643 652
217 652 227
653 654 655
656 234 233
656 233 657
658 659 660
661 662 663
664 665 666
667 644 647
668 669 670
671 672 673
671 673 674
648 656 675
648 675 676
675 671 674
675 674 676
671 675 677
671 677 678
670 679 668
680 681 682
680 682 640
683 684 685
683 685 686
687 649 688
687 688 689
689 688 690
649 687 268
649 268 219
269 691 692
693 694 695
696 697 698
699 697 700
701 702 703
701 703 704
705 706 707
708 709 710
711 712 713
714 715 716
717 718 719
701 705 720
701 720 702
680 655 714
681 680 721
681 721 722
714 721 680
657 233 226
657 226 650
678 677 679
678 679 670
670 723 724
670 724 678
725 654 726
727 728 729
729 709 708
730 731 732
730 732 733
734 735 731
734 731 730
722 721 736
722 736 737
714 716 736
714 736 721
738 641 216
738 216 313
715 655 725
651 225 227
651 227 652
704 703 739
704 739 740
741 742 743
741 743 744
671 678 724
671 724 672
728 727 711
728 711 713
735 745 746
735 746 731
731 746 747
731 747 732
748 749 750
748 750 682
751 750 749
751 749 752
753 754 685
753 685 684
755 756 757
755 757 689
687 758 332
687 332 268
722 759 760
722 760 681
745 761 762
745 762 746
737 763 759
737 759 722
763 737 764
763 764 765
341 344 766
341 766 767
768 769 770
768 770 771
767 766 769
767 769 768
772 773 774
772 774 775
776 777 774
776 774 773
778 779 780
778 780 781
782 783 784
782 784 785
786 782 785
786 785 787
788 789 790
788 790 791
792 788 791
792 791 793
783 778 781
783 781 784
794 795 796
794 796 797
786 787 795
786 795 794
792 793 798
792 798 799
800 801 802
800 802 803
799 798 802
799 802 801
779 804 805
779 805 780
789 797 796
789 796 790
800 803 806
800 806 807
808 809 810
808 810 811
809 812 813
809 813 810
813 812 814
813 814 815
816 817 818
816 818 819
815 814 818
815 818 817
816 819 398
816 398 397
820 821 822
820 822 823
824 807 806
824 806 825
826 827 828
826 828 829
821 830 831
821 831 822
830 832 829
830 829 831
527 450 449
527 449 486
454 615 614
464 465 613
464 613 612
465 454 614
465 614 613
468 617 482
833 834 835
833 835 611
835 464 612
835 612 611
468 836 466
583 541 540
583 540 584
451 450 541
451 541 583
580 502 616
467 619 617
619 594 595
619 595 618
453 616 615
618 595 448
837 625 540
837 540 539
640 653 655
640 655 680
646 645 658
646 658 838
839 664 726
642 641 658
642 658 645
654 653 744
640 682 750
640 750 638
840 717 664
726 654 744
726 744 841
646 661 842
681 760 748
681 748 682
808 811 820
808 820 823
459 507 620
460 15 426
460 426 843
463 525 513
458 513 507
481 593 466
844 475 835
844 835 834
475 462 464
475 464 835
577 466 836
578 836 579
481 592 593
459 579 457
837 539 543
837 543 628
643 642 645
643 645 644
741 639 845
741 845 742
846 638 750
846 750 751
847 848 849
850 841 744
850 744 743
851 476 475
851 475 844
852 537 536
852 536 853
853 536 538
853 538 854
538 526 855
538 855 854
629 549 548
629 548 547
856 590 589
856 589 857
589 533 535
589 535 857
611 491 490
611 490 833
534 532 537
534 537 852
659 658 858
643 644 667
643 667 652
657 677 675
657 675 656
668 679 651
859 694 860
650 679 677
650 677 657
652 667 668
652 668 651
687 689 757
687 757 758
509 508 510
597 618 598
597 506 617
620 515 578
509 516 620
468 467 617
468 483 836
578 577 836
482 502 483
507 513 508
508 514 512
579 836 483
596 505 506
506 503 482
459 458 507
459 578 579
581 501 615
567 565 581
457 452 458
502 482 503
505 570 503
513 525 514
457 579 580
580 483 502
458 463 513
466 593 467
515 620 516
538 536 511
515 479 577
618 597 619
511 518 516
467 594 619
577 481 466
452 457 453
452 461 463
504 503 568
504 581 616
453 580 616
463 462 525
514 476 526
526 476 851
526 851 855
471 843 426
471 426 28
461 464 462
461 452 454
476 525 462
454 453 615
185 140 0
572 618 448
75 102 77
74 102 75
510 526 538
861 244 297
254 224 223
651 679 650
850 839 841
725 655 654
744 653 741
230 298 229
211 317 212
301 300 302
285 283 302
729 728 709
708 707 706
235 237 446
862 289 863
717 864 718
161 162 160
593 594 467
159 44 160
481 591 592
42 44 82
479 481 577
230 293 314
714 655 715
293 311 314
240 242 865
298 241 229
725 726 866
0 143 1
176 143 144
176 144 171
575 448 451
609 575 582
163 0 3
448 595 449
419 241 240
839 726 841
867 868 869
867 869 870
871 872 873
871 873 874
875 876 877
875 877 878
879 880 881
879 881 882
883 884 885
883 885 886
887 888 889
887 889 890
891 892 893
891 893 894
895 896 897
895 897 898
899 900 901
899 901 902
903 904 905
903 905 906
907 908 909
907 909 910
911 912 913
911 913 914
497 915 494
563 916 917
495 497 493
493 497 494
918 772 775
918 775 919
563 920 921
698 697 699
776 771 770
776 770 777
922 562 561
695 694 859
563 562 923
563 923 916
556 492 494
924 576 603
574 924 622
605 604 606
576 604 603
605 608 602
573 576 924
574 573 924
925 924 926
144 927 172
927 141 192
171 170 173
171 144 172
174 170 169
142 141 927
144 142 927
172 927 928
924 603 926
669 929 930
931 932 933
931 933 934
670 669 930
670 930 723
683 686 935
683 935 936
937 938 939
937 939 940
941 942 938
941 938 937
943 755 690
940 939 847
940 847 849
848 847 931
848 931 934
850 944 839
945 946 840
947 945 840
944 947 839
840 946 948
840 948 949
950 951 952
950 952 953
932 950 953
932 953 933
647 646 842
647 842 929
669 647 929
696 954 697
740 739 955
740 955 956
919 805 804
919 804 918
949 948 957
949 957 864
840 949 717
949 864 717
840 664 839
839 947 840
668 667 647
668 647 669
838 662 661
646 838 661
689 690 755
958 959 960
958 960 961
962 963 964
962 964 965
963 958 961
963 961 964
266 966 267
432 962 965
432 965 433
419 967 435
419 435 420
968 969 970
968 970 971
971 970 972
971 972 973
974 275 277
428 436 418
428 418 417
975 967 422
862 976 977
862 977 978
977 979 978
382 381 351
382 351 350
980 316 315
980 315 981
61 188 63
63 188 132
245 244 861
418 436 423
423 436 245
423 245 861
436 437 245
245 437 243
422 240 289
862 978 289
978 422 289
422 967 419
973 972 431
973 431 434
236 418 424
236 424 239
422 979 975
978 979 422
273 270 982
859 983 692
277 272 274
158 85 191
84 191 85
80 81 98
95 81 83
79 83 81
82 157 83
83 158 95
519 533 520
520 517 519
532 535 533
606 604 609
222 221 231
222 231 234
966 248 247
966 247 267
251 221 220
251 220 265
267 247 251
267 251 265
210 429 430
210 430 421
656 648 222
656 222 234
674 673 943
674 943 690
649 648 676
649 676 688
676 674 690
676 690 688
846 845 639
846 639 638
936 935 942
936 942 941
261 960 959
261 959 262
211 210 256
256 210 421
653 639 741
640 639 653
561 563 921
269 271 691
269 692 983
693 700 694
699 700 693
859 860 983
858 641 738
858 658 641
273 982 274
215 447 312
235 447 215
282 984 283
708 710 707
720 705 707
664 719 665
717 719 664
664 666 726
726 666 866
985 304 288
287 985 288
985 305 304
322 986 336
339 310 309
411 406 405
171 173 176
765 764 987
736 764 737
829 832 826
988 712 733
732 988 733
988 713 712
838 660 662
658 660 838
569 571 989
571 601 990
566 569 991
600 599 992
600 992 993
601 600 993
601 993 990
992 599 622
992 622 925
622 924 925
575 573 572
994 560 564
994 564 995
996 997 998
995 564 566
995 566 999
920 563 996
920 996 998
121 120 1000
121 1000 1001
127 125 54
127 54 53
1000 120 553
1000 553 1002
492 555 559
492 559 489
556 555 492
1003 129 128
1003 128 130
58 124 128
58 128 60
125 124 58
125 58 54
133 132 1004
133 1004 1005
138 135 1006
1007 139 138
1007 138 1006
1008 135 1009
1008 1009 1010
1011 167 139
1011 139 1007
192 168 1012
192 1012 1013
1012 168 167
1012 167 1011
927 192 1013
927 1013 928
1014 188 129
1014 129 1003
132 188 1014
132 1014 1004
1006 135 1008
569 989 991
566 991 999
569 568 571
134 133 1009
137 136 135
137 135 138
66 136 137
1015 1016 155
1015 155 154
155 1016 1017
155 1017 587
1018 1019 856
1020 1021 1022
1020 1022 1023
1023 1022 1024
1023 1024 1025
1025 1024 1026
1025 1026 1027
1027 1026 1028
1019 1029 590
1020 1030 1031
1020 1031 1021
1032 1031 1030
191 1033 443
191 1034 1033
92 445 1034
92 1034 191
528 1035 529
528 1029 1035
590 1029 528
445 91 1036
529 1035 1037
856 1019 590
443 1033 1038
289 290 1039
290 240 865
137 139 68
917 996 563
916 923 1040
917 916 1040
494 915 556
571 990 989
601 571 570
601 570 505
503 570 568
292 291 984
292 984 282
353 369 370
353 370 354
1010 1009 133
1010 133 1005
134 1009 135
289 1039 863
1041 1042 1043
1041 1043 1044
1045 1046 1047
1045 1047 1048
1049 1050 1051
1049 1051 1052
1053 1054 1055
1053 1055 1056
1057 1058 1059
1057 1059 1060
1048 1047 1042
1048 1042 1041
1052 1051 1061
1052 1061 1062
1063 1055 1054
1063 1054 1064
1065 1066 1067
1065 1067 1068
1069 1070 1071
1069 1071 1072
1073 1074 1075
1073 1075 1076
1077 1078 1079
1077 1079 1080
1081 1082 1069
1081 1069 1072
1083 1084 1073
1083 1073 1076
1085 1086 1087
1085 1087 1088
1089 1090 1091
1089 1091 1092
1093 1094 1095
1093 1095 1096
1097 1098 1099
1097 1099 1100
1101 1102 1103
1101 1103 1104
1090 1085 1088
1090 1088 1091
1094 1105 1106
1094 1106 1095
1107 1108 1100
1107 1100 1099
1109 1110 1111
1109 1111 1112
1113 1114 1115
1113 1115 1116
1117 1118 1119
1117 1119 1120
1121 1122 1123
1121 1123 1124
1125 1114 1113
1125 1113 1126
1127 1118 1117
1127 1117 1128
1129 1130 1131
1129 1131 1132
1133 1134 1130
1133 1130 1129
1135 1136 1134
1135 1134 1133
1137 1136 1135
1137 1135 1138
1139 1137 1138
1139 1138 1140
1131 1141 1142
1131 1142 1132
1130 1143 1144
1130 1144 1131
1134 1145 1143
1134 1143 1130
1136 1146 1145
1136 1145 1134
1147 1146 1136
1147 1136 1137
1148 1147 1137
1148 1137 1139
1144 1149 1141
1144 1141 1131
1143 1150 1151
1143 1151 1144
1145 1152 1150
1145 1150 1143
1146 1153 1152
1146 1152 1145
1147 1154 1153
1147 1153 1146
1148 1155 1154
1148 1154 1147
1144 1151 1156
1144 1156 1149
1157 1158 1151
1157 1151 1150
1159 1157 1150
1159 1150 1152
1160 1159 1152
1160 1152 1153
1154 1161 1160
1154 1160 1153
1155 1162 1161
1155 1161 1154
1151 1158 1163
1151 1163 1156
1164 1165 1158
1164 1158 1157
1166 1164 1157
1166 1157 1159
1167 1166 1159
1167 1159 1160
1161 1168 1167
1161 1167 1160
1162 1169 1168
1162 1168 1161
1158 1165 1170
1158 1170 1163
1164 1171 1172
1164 1172 1165
1166 1173 1171
1166 1171 1164
1167 1174 1173
1167 1173 1166
1168 1175 1174
1168 1174 1167
1169 1176 1175
1169 1175 1168
1165 1172 1177
1165 1177 1170
1171 1178 1179
1171 1179 1172
1173 1180 1178
1173 1178 1171
1174 1181 1180
1174 1180 1173
1182 1181 1174
1182 1174 1175
1183 1182 1175
1183 1175 1176
1179 1184 1177
1179 1177 1172
1178 1185 1186
1178 1186 1179
1180 1187 1185
1180 1185 1178
1181 1188 1187
1181 1187 1180
1182 1189 1188
1182 1188 1181
1183 1190 1189
1183 1189 1182
1179 1186 1191
1179 1191 1184
1185 1192 1193
1185 1193 1186
1187 1194 1192
1187 1192 1185
1188 1195 1194
1188 1194 1187
1196 1195 1188
1196 1188 1189
1197 1196 1189
1197 1189 1190
1193 1198 1191
1193 1191 1186
1199 1200 1193
1199 1193 1192
1201 1199 1192
1201 1192 1194
1202 1201 1194
1202 1194 1195
1196 1203 1202
1196 1202 1195
1197 1204 1203
1197 1203 1196
1193 1200 1205
1193 1205 1198
1199 1206 1207
1199 1207 1200
1201 1208 1206
1201 1206 1199
1202 1209 1208
1202 1208 1201
1203 1210 1209
1203 1209 1202
1204 1211 1210
1204 1210 1203
1200 1207 1212
1200 1212 1205
1206 1213 1214
1206 1214 1207
1208 1215 1213
1208 1213 1206
1209 1216 1215
1209 1215 1208
1217 1216 1209
1217 1209 1210
1218 1217 1210
1218 1210 1211
1214 1219 1212
1214 1212 1207
1213 1220 1221
1213 1221 1214
1215 1222 1220
1215 1220 1213
1216 1223 1222
1216 1222 1215
1217 1224 1223
1217 1223 1216
1218 1225 1224
1218 1224 1217
1214 1221 1226
1214 1226 1219
1227 1228 1221
1227 1221 1220
1229 1227 1220
1229 1220 1222
1223 1230 1229
1223 1229 1222
1224 1231 1230
1224 1230 1223
1225 1232 1231
1225 1231 1224
1221 1228 1233
1221 1233 1226
1234 1235 1228
1234 1228 1227
1236 1234 1227
1236 1227 1229
1237 1236 1229
1237 1229 1230
1231 1238 1237
1231 1237 1230
1232 1239 1238
1232 1238 1231
1228 1235 1240
1228 1240 1233
1241 1242 1235
1241 1235 1234
1243 1241 1234
1243 1234 1236
1244 1243 1236
1244 1236 1237
1238 1245 1244
1238 1244 1237
1239 1246 1245
1239 1245 1238
1235 1242 1247
1235 1247 1240
1248 1249 1250
1248 1250 1251
1252 1253 1254
1252 1254 1255
1256 1257 1248
1256 1248 1251
1258 1253 1252
1258 1252 1259
1260 1261 1262
1260 1262 1263
1264 1260 1263
1264 1263 1265
1266 1264 1265
1266 1265 1267
1268 1269 1266
1268 1266 1267
1270 1271 1269
1270 1269 1268
1262 1261 1272
1262 1272 1273
1263 1262 1274
1263 1274 1275
1265 1263 1275
1265 1275 1276
1267 1265 1276
1267 1276 1277
1278 1268 1267
1278 1267 1277
1279 1270 1268
1279 1268 1278
1274 1262 1273
1274 1273 1280
1275 1274 1281
1275 1281 1282
1276 1275 1282
1276 1282 1283
1277 1276 1283
1277 1283 1284
1278 1277 1284
1278 1284 1285
1279 1278 1285
1279 1285 1286
1274 1280 1287
1274 1287 1281
1288 1282 1281
1288 1281 1289
1290 1283 1282
1290 1282 1288
1291 1284 1283
1291 1283 1290
1285 1284 1291
1285 1291 1292
1286 1285 1292
1286 1292 1293
1281 1287 1294
1281 1294 1289
1295 1288 1289
1295 1289 1296
1297 1290 1288
1297 1288 1295
1298 1291 1290
1298 1290 1297
1292 1291 1298
1292 1298 1299
1293 1292 1299
1293 1299 1300
1289 1294 1301
1289 1301 1296
1295 1296 1302
1295 1302 1303
1297 1295 1303
1297 1303 1304
1298 1297 1304
1298 1304 1305
1299 1298 1305
1299 1305 1306
1300 1299 1306
1300 1306 1307
1296 1301 1308
1296 1308 1302
1303 1302 1309
1303 1309 1310
1304 1303 1310
1304 1310 1311
1305 1304 1311
1305 1311 1312
1313 1306 1305
1313 1305 1312
1314 1307 1306
1314 1306 1313
1309 1302 1308
1309 1308 1315
1310 1309 1316
1310 1316 1317
1311 1310 1317
1311 1317 1318
1312 1311 1318
1312 1318 1319
1313 1312 1319
1313 1319 1320
1314 1313 1320
1314 1320 1321
1309 1315 1322
1309 1322 1316
1317 1316 1323
1317 1323 1324
1318 1317 1324
1318 1324 1325
1319 1318 1325
1319 1325 1326
1327 1320 1319
1327 1319 1326
1328 1321 1320
1328 1320 1327
1323 1316 1322
1323 1322 1329
1330 1324 1323
1330 1323 1331
1332 1325 1324
1332 1324 1330
1333 1326 1325
1333 1325 1332
1327 1326 1333
1327 1333 1334
1328 1327 1334
1328 1334 1335
1323 1329 1336
1323 1336 1331
1330 1331 1337
1330 1337 1338
1332 1330 1338
1332 1338 1339
1333 1332 1339
1333 1339 1340
1334 1333 1340
1334 1340 1341
1335 1334 1341
1335 1341 1342
1331 1336 1343
1331 1343 1337
1338 1337 1344
1338 1344 1345
1339 1338 1345
1339 1345 1346
1340 1339 1346
1340 1346 1347
1348 1341 1340
1348 1340 1347
1349 1342 1341
1349 1341 1348
1344 1337 1343
1344 1343 1350
1345 1344 1351
1345 1351 1352
1346 1345 1352
1346 1352 1353
1347 1346 1353
1347 1353 1354
1348 1347 1354
1348 1354 1355
1349 1348 1355
1349 1355 1356
1344 1350 1357
1344 1357 1351
1358 1352 1351
1358 1351 1359
1360 1353 1352
1360 1352 1358
1354 1353 1360
1354 1360 1361
1355 1354 1361
1355 1361 1362
1356 1355 1362
1356 1362 1363
1351 1357 1364
1351 1364 1359
1365 1358 1359
1365 1359 1366
1367 1360 1358
1367 1358 1365
1368 1361 1360
1368 1360 1367
1362 1361 1368
1362 1368 1369
1363 1362 1369
1363 1369 1370
1359 1364 1371
1359 1371 1366
1372 1365 1366
1372 1366 1373
1374 1367 1365
1374 1365 1372
1375 1368 1367
1375 1367 1374
1369 1368 1375
1369 1375 1376
1370 1369 1376
1370 1376 1377
1366 1371 1378
1366 1378 1373
1379 1380 1381
1379 1381 1382
1383 1384 1385
1383 1385 1386
1387 1380 1379
1387 1379 1388
1389 1390 1383
1389 1383 1386
1391 1392 1393
1394 1395 1396
1397 1398 1399
1397 1399 1400
1401 1402 1403
1401 1403 1404
1405 1406 1407
1405 1407 1408
1409 1410 1411
1409 1411 1412
1413 1393 1414
1413 1414 1415
1416 1417 1418
1419 1420 1397
1419 1397 1400
1421 1422 1423
1421 1423 1424
1425 1426 1427
1425 1427 1428
1429 1417 1396
1429 1396 1430
1431 1432 1402
1431 1402 1401
1433 1409 1412
1433 1412 1434
1435 1414 1436
1437 1438 1439
1437 1439 1440
1423 1405 1408
1423 1408 1424
1415 1414 1435
1415 1435 1441
1442 1443 1422
1442 1422 1421
1413 1427 1426
1413 1426 1393
1430 1396 1395
1430 1395 1444
1429 1439 1438
1429 1438 1417
1445 1426 1425
1446 1396 1417
1447 1438 1437
1448 1414 1393
1420 1419 1404
1420 1404 1403
1434 1399 1398
1434 1398 1433
1391 1426 1445
1394 1396 1446
1418 1438 1447
1436 1414 1448
1391 1393 1426
1418 1417 1438
1446 1417 1416
1448 1393 1392
762 747 746
322 336 320
1449 1450 1451
1449 1451 1452
1453 1454 1455
1453 1455 1456
1457 1458 1459
1457 1459 1460
1461 1462 1463
1461 1463 1464
1465 1466 1467
1465 1467 1468
1469 1470 1471
1469 1471 1472
1473 1474 1475
1473 1475 1476
1477 1478 1479
1477 1479 1480
1481 1482 1483
1481 1483 1484
1485 1486 1487
1485 1487 1488
1489 1490 1491
1489 1491 1492
1493 1494 1495
1493 1495 1496
