byte offset: 0
first index: 0
index count: 18351
topology: trianglelist
format: DXGI_FORMAT_R16_UINT

0 1 2
3 4 5
3 6 4
3 7 6
3 8 7
3 9 8
3 10 9
0 11 12
0 13 11
0 14 13
0 15 14
0 2 15
1 16 17
1 17 2
4 18 19
4 19 5
6 20 18
6 18 4
7 21 20
7 20 6
8 22 21
8 21 7
9 23 22
9 22 8
10 24 23
10 23 9
11 25 26
11 26 12
13 27 25
13 25 11
14 28 27
14 27 13
15 29 28
15 28 14
2 17 29
2 29 15
16 30 31
18 32 19
20 33 32
20 32 18
21 34 33
21 33 20
22 35 34
22 34 21
23 36 35
23 35 22
24 37 36
25 38 26
27 39 38
27 38 25
28 40 39
28 39 27
29 41 40
29 40 28
17 31 41
17 41 29
30 42 31
32 43 44
33 45 43
33 43 32
34 46 45
34 45 33
35 47 46
35 46 34
36 48 47
36 47 35
37 49 36
38 50 51
39 52 50
39 50 38
40 53 52
40 52 39
41 54 53
41 53 40
31 55 54
31 54 41
42 56 57
42 57 55
43 58 59
43 59 60
45 61 58
45 58 43
46 62 61
46 61 45
47 63 62
47 62 46
48 64 63
48 63 47
49 65 64
49 64 48
50 66 67
50 67 68
52 69 66
52 66 50
53 70 69
53 69 52
54 71 70
54 70 53
55 57 71
55 71 54
72 57 56
73 59 58
73 58 61
73 61 62
73 62 63
73 63 64
73 64 65
72 67 66
72 66 69
72 69 70
72 70 71
72 71 57
74 75 76
77 75 78
79 77 80
81 82 83
84 81 85
86 84 87
88 86 89
90 88 91
92 90 93
94 92 95
96 94 97
98 96 76
99 100 101
102 103 104
105 106 107
105 107 108
109 110 106
109 106 105
110 109 111
108 107 112
108 112 113
113 112 104
113 104 103
114 115 116
114 116 117
118 119 115
118 115 114
119 118 120
117 116 121
117 121 122
122 121 101
122 101 100
80 77 78
78 75 74
76 75 98
76 96 97
97 94 95
95 92 93
93 90 91
91 88 89
89 86 87
87 84 85
85 81 83
83 82 123
124 125 126
127 128 126
129 130 127
131 132 133
134 135 131
136 137 134
138 139 136
140 141 138
142 143 140
144 145 142
146 147 144
148 125 146
149 150 151
152 153 154
155 156 157
155 157 158
159 155 158
159 158 160
160 161 159
156 162 163
156 163 157
162 154 153
162 153 163
164 165 166
164 166 167
168 164 167
168 167 169
169 170 168
165 171 172
165 172 166
171 151 150
171 150 172
130 128 127
128 124 126
125 148 126
125 147 146
147 145 144
145 143 142
143 141 140
141 139 138
139 137 136
137 135 134
135 132 131
132 173 133
174 175 176
174 176 177
178 176 175
178 175 179
180 178 179
180 179 181
182 183 184
184 183 185
186 187 188
189 183 182
190 191 182
190 182 184
192 193 194
194 195 192
194 189 182
194 182 195
195 182 191
195 191 196
194 186 189
197 198 187
197 199 200
199 197 186
197 187 186
199 186 194
199 194 193
201 202 203
188 202 201
188 183 189
188 189 186
188 201 185
188 185 183
202 188 187
204 205 206
204 206 207
208 209 210
211 212 213
214 212 211
214 211 215
214 215 216
214 216 217
214 217 210
210 218 212
210 212 214
219 206 205
220 221 222
220 222 223
224 201 203
225 226 227
224 228 201
228 185 201
229 230 231
229 231 232
233 184 185
234 235 184
234 184 233
225 227 208
225 208 217
229 228 224
233 229 232
229 233 228
236 212 218
237 236 238
212 236 239
240 209 227
209 208 227
238 236 218
238 218 209
210 209 218
209 240 238
237 238 240
237 240 241
242 241 240
243 244 245
246 244 247
246 248 249
250 251 252
253 254 255
256 257 258
259 260 261
261 260 262
263 264 256
263 256 265
266 254 253
266 253 267
268 263 265
268 265 269
269 270 271
272 273 274
272 274 275
276 277 278
279 276 280
281 282 283
248 284 285
246 247 284
286 287 288
286 284 289
243 290 291
243 291 244
241 292 237
293 294 295
296 297 298
296 298 294
294 293 299
294 299 296
212 239 300
212 300 213
301 204 207
301 207 302
303 304 305
303 305 306
307 252 251
307 262 308
307 308 252
307 309 262
307 310 311
307 311 309
310 312 311
310 251 250
310 250 313
310 307 251
280 276 278
280 278 313
313 278 312
310 313 312
312 278 305
306 277 249
278 277 305
277 314 249
279 314 277
246 249 314
246 314 244
281 283 314
281 314 279
314 283 245
291 315 289
289 247 244
289 244 291
293 295 315
293 315 291
290 299 293
290 293 291
315 286 289
315 295 316
315 316 286
316 292 287
316 298 292
316 295 294
316 294 298
297 239 236
297 236 298
298 236 237
298 237 292
308 268 269
308 269 271
317 260 259
318 317 259
268 317 263
260 317 308
260 308 262
308 317 268
318 259 319
318 264 263
318 263 317
320 321 322
320 323 324
320 324 325
325 321 320
312 305 304
261 262 309
259 261 319
257 326 258
255 254 327
255 327 328
246 284 248
289 284 247
286 316 287
287 292 241
306 249 248
305 277 306
279 277 276
311 312 304
329 330 331
329 318 319
208 210 217
184 235 190
221 174 177
221 177 222
233 185 228
332 333 334
332 334 323
335 336 337
335 337 332
338 339 337
338 337 340
341 342 343
341 343 344
338 340 342
338 342 341
331 330 345
331 345 336
346 329 319
346 347 330
329 346 330
330 347 348
330 348 345
349 347 346
350 351 328
350 328 327
349 352 328
349 328 351
321 353 326
321 326 257
354 355 324
352 349 346
348 349 356
347 349 348
353 321 325
353 325 357
358 359 355
358 355 354
350 360 361
350 361 351
362 344 343
362 343 363
361 360 356
349 361 356
351 361 349
258 364 265
258 265 256
364 270 269
364 269 265
365 306 248
286 366 284
367 205 204
367 226 368
225 368 226
368 205 367
369 370 240
369 240 227
370 242 240
370 371 242
204 301 372
204 372 367
226 369 227
367 372 369
367 369 226
369 373 370
373 369 372
371 373 372
370 373 371
374 375 187
375 202 187
375 376 202
202 376 203
376 377 378
376 378 203
377 376 379
377 379 380
379 381 220
379 220 382
220 381 221
198 374 187
374 383 375
383 374 381
379 383 381
376 375 383
376 383 379
384 381 374
384 374 198
384 385 175
384 175 174
385 179 175
385 386 181
385 181 179
387 385 384
384 198 388
381 384 174
381 174 221
197 388 198
200 388 197
389 386 385
387 389 385
389 387 388
200 389 388
387 384 388
390 391 241
390 371 392
391 287 241
391 393 288
287 391 288
392 393 394
242 390 241
371 390 242
390 394 391
394 390 392
391 394 393
366 395 285
396 395 366
397 393 398
284 366 285
399 286 288
399 288 393
399 393 397
396 399 397
399 396 366
286 399 366
396 397 395
400 365 248
401 402 403
402 395 403
404 402 401
404 401 275
365 404 303
306 365 303
285 400 248
395 402 400
395 400 285
405 400 402
400 405 365
405 404 365
405 402 404
311 406 309
407 404 275
407 275 274
304 408 311
409 303 404
409 404 407
311 408 406
409 410 408
304 409 408
409 304 303
411 274 273
411 273 412
410 413 406
410 406 408
410 409 407
414 266 267
266 414 412
414 411 412
415 414 413
415 413 410
414 415 411
415 274 411
415 407 274
407 415 410
413 416 417
413 417 406
418 261 309
261 418 419
420 416 253
420 253 255
416 267 253
416 413 414
416 414 267
420 352 346
420 346 419
261 419 319
419 346 319
352 420 255
352 255 328
417 309 406
417 418 309
417 421 418
421 417 416
420 421 416
419 418 421
419 421 420
422 329 331
423 424 257
424 322 321
424 321 257
264 423 257
264 257 256
318 422 264
329 422 318
425 422 331
336 426 425
425 331 336
426 322 424
427 426 424
426 335 320
426 320 322
426 336 335
425 426 427
425 427 422
427 423 422
427 424 423
250 252 428
250 428 429
271 428 308
428 271 270
428 270 430
431 281 279
431 279 280
395 432 403
432 433 434
433 432 395
433 395 397
435 436 393
435 393 392
393 436 398
243 437 290
438 437 243
438 243 245
282 438 245
282 245 283
433 398 439
433 439 434
397 398 433
435 440 436
440 435 441
439 440 441
398 436 440
398 440 439
437 442 299
437 299 290
443 435 392
444 443 392
444 392 371
435 443 445
435 445 441
442 446 296
442 296 299
446 297 296
446 300 239
446 239 297
447 444 371
447 371 372
447 301 302
447 302 448
449 447 448
447 372 301
447 449 444
449 445 443
449 443 444
449 448 445
382 450 380
382 380 379
382 223 451
382 451 450
220 223 382
452 234 233
452 233 232
280 313 431
428 453 429
429 454 313
429 313 250
453 454 429
455 272 275
455 275 401
456 455 401
456 401 403
456 432 434
453 457 458
459 453 458
453 430 457
453 459 431
453 431 454
453 428 430
432 456 403
459 282 281
459 281 431
314 245 244
431 313 454
308 428 252
264 422 423
460 461 462
460 462 463
464 465 463
464 463 462
466 467 465
466 465 464
468 469 470
469 471 470
472 473 474
475 468 470
476 469 468
476 468 477
478 479 480
479 478 481
479 481 468
479 468 475
481 482 477
481 477 468
479 475 472
483 474 484
483 485 486
486 472 483
483 472 474
486 480 479
486 479 472
487 488 489
473 487 489
473 472 475
473 475 470
473 470 471
473 471 487
489 474 473
490 491 492
490 492 493
494 495 496
497 498 499
500 501 502
503 504 497
503 497 499
503 500 504
503 495 501
503 501 500
495 503 499
495 499 505
506 507 493
506 493 492
502 508 509
510 511 512
510 512 513
514 488 487
515 516 517
515 518 488
515 488 514
514 487 519
519 487 471
520 508 502
520 502 501
521 471 469
522 521 469
522 469 523
501 494 524
515 524 494
515 494 516
524 515 514
524 514 520
520 501 524
520 514 519
521 508 520
520 519 521
525 505 499
526 527 525
499 528 525
529 516 496
496 516 494
527 496 505
527 505 525
495 505 496
496 527 529
526 530 529
526 529 527
531 529 530
532 533 534
535 536 534
535 537 538
539 540 541
542 543 544
545 546 547
548 549 550
549 551 550
552 553 545
552 545 554
555 556 542
555 542 544
557 558 553
557 553 552
558 559 560
561 562 563
561 563 564
565 566 567
568 569 565
570 571 572
538 573 574
535 574 536
575 576 577
575 578 574
532 534 579
532 579 580
530 526 581
582 583 584
585 584 586
585 586 587
584 585 588
584 588 582
499 498 589
499 589 528
590 591 491
590 491 490
592 593 594
592 594 595
596 541 540
596 540 597
596 597 551
596 551 598
596 598 599
596 599 600
600 599 601
600 602 539
600 539 541
600 541 596
569 602 566
569 566 565
602 601 566
600 601 602
601 594 566
593 537 567
566 594 567
567 537 603
568 567 603
535 534 603
535 603 537
570 568 603
570 603 571
603 533 571
579 578 604
578 579 534
578 534 536
582 579 604
582 604 583
580 579 582
580 582 588
604 578 575
604 605 583
604 575 605
605 577 581
605 581 586
605 586 584
605 584 583
587 586 525
587 525 528
586 581 526
586 526 525
597 559 558
597 558 557
606 548 550
607 548 606
557 552 606
550 551 597
550 597 606
597 557 606
607 608 548
607 606 552
607 552 554
609 610 611
609 612 613
609 613 614
612 609 611
601 595 594
549 598 551
548 608 549
547 546 615
543 616 617
543 617 544
535 538 574
578 536 574
575 577 605
577 530 581
593 538 537
594 593 567
568 565 567
599 595 601
618 619 620
618 608 607
494 501 495
469 476 523
513 512 461
513 461 460
521 519 471
621 622 623
621 623 614
624 623 625
624 625 626
625 627 628
625 628 629
630 631 632
630 632 633
628 630 633
628 633 629
619 634 620
619 626 634
635 608 618
635 620 636
618 620 635
620 634 637
620 637 636
638 635 636
639 617 616
639 616 640
638 640 616
638 616 641
611 547 615
611 615 642
643 613 644
641 635 638
637 645 638
636 637 638
642 646 612
642 612 611
647 643 644
647 644 648
639 640 649
639 649 650
632 631 651
632 651 652
649 645 650
638 645 649
640 638 649
546 545 553
546 553 653
653 553 558
653 558 560
654 538 593
575 574 655
656 490 493
656 493 657
657 493 507
657 658 659
656 518 517
515 517 518
660 488 518
660 657 659
661 657 660
660 518 661
661 518 656
661 656 657
662 516 529
662 529 663
663 529 531
663 531 664
490 656 665
490 665 590
517 516 662
656 517 662
656 662 665
662 663 666
666 665 662
664 665 666
663 664 666
667 474 668
668 474 489
668 489 669
489 488 669
669 488 660
660 659 669
669 659 670
670 671 510
670 510 672
510 513 672
484 474 667
667 668 673
673 672 667
670 672 673
669 670 673
669 673 668
674 484 667
674 667 672
674 460 463
674 463 675
675 463 465
675 465 467
675 467 676
677 674 675
674 678 484
672 513 460
672 460 674
483 484 678
485 483 678
679 675 676
677 675 679
679 678 677
485 678 679
677 678 674
680 530 681
680 682 664
681 530 577
681 576 683
577 576 681
682 684 683
531 530 680
664 531 680
680 681 684
684 682 680
681 683 684
655 573 685
686 655 685
687 688 683
574 573 655
689 576 575
689 687 683
689 683 576
686 687 689
689 655 686
575 655 689
686 685 687
690 538 654
691 692 693
693 692 685
694 562 691
694 691 693
654 592 694
593 592 654
573 538 690
685 573 690
685 690 693
695 693 690
690 654 695
695 654 694
695 694 693
599 598 696
697 563 562
697 562 694
595 599 698
699 697 694
699 694 592
599 696 698
699 698 700
595 698 699
699 592 595
701 702 564
701 564 563
700 698 696
700 696 703
700 697 699
704 556 555
555 702 704
704 702 701
705 700 703
705 703 704
704 701 705
705 701 563
705 563 697
697 700 705
703 696 706
703 706 707
708 598 549
549 709 708
710 543 542
710 542 707
707 542 556
707 556 704
707 704 703
710 709 635
710 635 641
549 608 709
709 608 635
641 616 543
641 543 710
706 696 598
706 598 708
706 708 711
711 707 706
710 707 711
709 710 711
709 711 708
712 619 618
713 547 714
714 547 611
714 611 610
554 545 547
554 547 713
607 554 712
618 607 712
715 619 712
626 715 716
715 626 619
716 714 610
717 714 716
716 610 609
716 609 624
716 624 626
715 712 717
715 717 716
717 712 713
717 713 714
539 718 719
539 719 540
559 597 719
719 720 560
719 560 559
721 569 568
721 568 570
685 692 722
722 723 724
724 687 685
724 685 722
725 682 683
725 683 726
683 688 726
532 580 727
728 533 532
728 532 727
572 571 533
572 533 728
724 723 729
724 729 688
687 724 688
725 726 730
730 731 725
729 731 730
688 729 730
688 730 726
727 580 588
727 588 732
733 682 725
734 664 682
734 682 733
725 731 735
725 735 733
732 588 585
732 585 736
736 585 587
736 587 528
736 528 589
737 665 664
737 664 734
737 738 591
737 591 590
739 738 737
737 590 665
737 734 739
739 734 733
739 733 735
739 735 738
507 506 658
658 506 511
658 657 507
671 670 659
671 659 658
511 671 658
504 500 502
504 502 509
510 671 511
509 508 521
509 521 522
569 721 602
719 718 740
718 539 602
718 602 741
740 718 741
742 691 562
742 562 561
743 692 691
743 691 742
743 723 722
740 744 745
746 744 740
740 745 720
740 741 721
740 721 746
740 720 719
722 692 743
746 721 570
746 570 572
603 534 533
721 741 602
597 540 719
554 713 712
747 748 749
750 751 752
753 748 747
754 748 755
753 756 755
757 756 758
755 756 757
755 757 759
756 760 758
751 761 762
761 763 762
750 764 751
761 751 764
761 764 765
766 763 767
766 767 768
764 750 769
764 769 770
765 764 770
765 770 771
772 773 774
772 774 775
776 777 778
776 778 779
770 769 780
770 780 781
782 783 784
785 786 787
788 789 790
791 792 775
793 772 775
793 775 792
794 795 796
794 796 797
774 791 775
779 798 776
799 798 779
791 795 792
795 791 796
795 794 793
795 793 792
800 801 802
800 802 803
804 805 806
799 779 778
799 778 807
802 797 808
797 802 794
801 793 794
801 794 802
809 807 778
809 778 810
802 808 803
811 809 810
811 810 812
810 778 777
810 777 813
810 813 814
810 814 812
815 816 803
805 800 803
805 803 816
814 817 818
814 818 812
819 811 812
819 812 818
820 821 817
817 821 818
820 822 823
820 823 821
824 825 816
826 827 828
826 828 829
830 819 818
830 818 821
831 825 824
821 823 832
821 832 830
833 834 835
835 834 836
835 836 837
838 837 836
838 836 839
840 838 839
840 839 841
842 840 841
842 841 843
829 828 844
829 844 845
843 841 846
843 846 847
841 839 848
841 848 846
849 850 844
847 851 843
846 852 853
846 853 847
854 845 844
854 844 850
828 849 844
849 828 827
843 851 842
853 851 847
851 853 855
852 856 855
852 855 853
857 806 805
858 816 825
857 805 816
857 816 858
859 860 861
859 861 862
861 863 864
861 864 862
863 826 829
863 829 864
865 866 867
865 867 868
869 870 871
771 770 781
771 781 872
872 781 873
869 874 875
869 875 876
869 876 870
865 868 870
865 870 876
877 878 868
877 868 867
870 868 878
870 878 879
880 881 882
759 883 755
884 771 885
768 884 886
768 767 884
887 888 889
887 889 890
871 870 879
871 879 891
892 888 887
892 887 893
891 879 894
891 894 895
896 897 898
899 900 897
899 897 896
897 901 898
897 900 902
897 902 901
903 896 898
904 905 906
907 904 906
896 903 908
896 908 899
909 910 905
909 905 904
909 904 907
909 907 911
912 899 908
912 908 913
914 910 909
914 909 915
914 915 916
914 916 917
918 919 917
918 917 916
920 921 922
923 924 925
923 925 926
924 927 928
924 928 925
881 929 930
881 880 931
881 931 929
932 927 924
932 924 933
921 934 935
921 935 936
937 934 921
820 938 939
820 939 940
941 942 943
940 944 822
940 822 820
942 934 937
942 937 945
941 935 934
941 934 942
941 943 946
941 946 933
947 948 949
932 946 950
933 946 932
933 924 923
933 923 951
933 951 935
933 935 941
952 953 954
952 954 955
956 957 958
956 958 959
955 960 961
955 961 952
962 963 953
962 953 952
964 962 952
964 952 961
964 965 966
964 966 967
962 968 969
962 969 963
967 968 962
967 962 964
935 951 970
935 970 936
971 972 973
965 936 966
936 965 974
936 974 922
936 922 921
974 965 975
964 961 975
964 975 965
976 958 957
976 957 893
961 960 975
977 978 979
980 970 951
980 951 923
981 982 926
981 926 979
978 977 983
978 981 979
984 985 986
987 967 966
892 988 989
967 987 968
990 788 991
788 990 992
772 793 801
772 801 993
994 786 785
788 992 789
995 990 991
995 991 996
997 995 996
998 997 996
993 999 773
993 773 772
993 801 800
993 800 1000
995 997 1001
1002 783 782
1002 782 1003
805 804 1000
805 1000 800
1004 782 1005
992 990 995
992 995 1001
1002 1003 1006
1002 1006 997
1006 1001 997
789 1007 1008
789 1008 790
1009 1004 1003
1007 789 992
1007 992 1001
1003 1004 1010
1003 1010 1006
1001 1006 1010
1001 1010 1007
1011 1012 785
787 1011 785
1013 1004 1005
1013 1005 948
1014 1015 813
1012 1014 994
1012 994 785
1015 1016 1017
1012 1015 1014
1012 1011 1016
1012 1016 1015
1010 1018 1008
1010 1008 1007
1019 1017 1020
1013 948 947
1017 1019 1015
1018 1010 1004
1018 1004 1013
814 813 1015
814 1015 1019
938 817 814
938 814 1019
938 1019 1020
916 915 1021
916 1021 1022
918 916 1022
918 1022 1023
1024 848 839
1024 839 836
902 900 1025
902 1025 1026
909 911 1021
909 1021 915
1027 1024 836
1027 836 834
1027 1028 1029
833 1030 1027
833 1027 834
1030 1028 1027
833 1031 1032
833 1032 1030
1033 1030 1032
1028 1030 1033
1026 1034 1035
1036 1037 1038
856 852 1039
856 1039 1040
848 1024 1041
848 1041 1039
1024 1027 1029
1024 1029 1041
852 846 848
852 848 1039
1042 1043 1044
1045 1046 1047
1039 1041 1048
1039 1048 1040
1049 1050 1051
1041 1049 1048
1050 1049 1041
1025 912 1052
1025 1034 1026
1028 1050 1029
1050 1041 1029
899 912 1025
899 1025 900
1053 1054 1055
875 1056 1057
875 1057 876
865 876 1057
865 1057 1058
865 1058 1059
865 1059 866
864 1060 862
1054 1053 1061
1054 1061 1062
864 829 845
864 845 1063
845 854 1047
845 1047 1063
1063 1060 864
1045 1037 1036
1045 1036 1046
1043 1042 1064
1043 1064 1065
1047 1046 1063
1061 1066 1062
1066 1061 1067
1068 894 879
1068 879 878
1064 1069 1070
1064 1070 1065
1070 1066 1067
1071 867 866
867 1071 877
1072 1062 1066
1072 1066 1073
1068 878 877
1068 877 1074
1059 1071 866
1073 1075 1072
1076 1075 1073
1071 1074 877
1075 1076 1077
1070 1069 1077
1070 1077 1076
1076 1073 1066
1076 1066 1070
912 1078 1052
1079 1080 1081
1079 1081 1082
1078 912 913
1078 913 1083
1084 914 917
974 1085 1086
974 1086 922
922 1086 1087
1088 1089 1086
1088 1086 1085
1088 1079 1082
1088 1082 1089
1084 917 919
1087 1089 1090
1086 1089 1087
1091 1079 1088
1091 1088 1092
1093 1094 1095
1096 1094 1093
1096 1093 1097
1098 887 890
1080 1079 1091
1080 1091 1099
1100 1099 1091
1100 1091 1097
1101 1102 1103
1101 1103 1104
1105 976 893
1085 974 975
1085 975 1106
1106 975 960
1107 1108 1109
1092 1088 1085
1092 1085 1110
1111 1112 1113
1096 1092 1110
1096 1110 1114
1097 1091 1092
1097 1092 1096
1105 893 1098
976 1105 1115
1116 1103 1117
1116 1117 1118
1119 1093 1095
1112 1120 1113
1097 1093 1119
1097 1119 1100
1118 1120 1112
1120 1118 1117
1116 1121 1104
1122 1107 1121
1122 1121 1118
1094 1123 1095
1123 1094 1096
1123 1096 1114
1111 1122 1112
1122 1111 1124
1122 1118 1112
1122 1124 1108
1122 1108 1107
1125 971 973
1125 973 1126
1125 1127 1128
988 1129 1130
1129 988 892
1130 1129 1131
1130 1131 1132
1131 1129 957
1131 957 956
1129 892 893
1129 893 957
880 1133 1134
880 1134 931
1127 1135 1133
1127 1133 880
1136 1137 984
1137 985 984
882 1128 1127
882 1127 880
986 985 1135
986 1135 1138
1127 1125 1126
815 803 808
938 1020 939
824 816 815
1070 1067 1065
885 771 872
926 925 977
926 977 979
925 928 983
925 983 977
923 926 982
923 982 980
1136 1134 1133
1136 1133 1137
1137 1133 1135
1137 1135 985
1138 1135 1127
1138 1127 1126
954 953 1139
956 959 1140
953 963 1139
963 969 1139
1132 1131 1140
1131 956 1140
1098 893 887
892 989 888
1121 1116 1118
1103 1116 1104
937 921 920
922 1087 920
820 817 938
755 748 753
755 883 754
753 760 756
762 752 751
771 884 767
771 767 765
765 767 763
765 763 761
762 763 766
1141 1142 1143
1144 1145 1146
1147 1141 1143
1148 1149 1143
1147 1149 1150
1151 1152 1150
1149 1153 1151
1149 1151 1150
1150 1152 1154
1146 1155 1156
1156 1155 1157
1144 1146 1158
1156 1159 1158
1156 1158 1146
1160 1161 1162
1160 1162 1157
1158 1163 1164
1158 1164 1144
1159 1165 1163
1159 1163 1158
1166 1167 1168
1166 1168 1169
1170 1171 1172
1170 1172 1173
1163 1174 1175
1163 1175 1164
1176 1177 1178
1179 1180 1181
1182 1183 1184
1185 1167 1186
1187 1186 1167
1187 1167 1166
1188 1189 1190
1188 1190 1191
1168 1167 1185
1171 1170 1192
1193 1171 1192
1185 1186 1191
1191 1190 1185
1191 1186 1187
1191 1187 1188
1194 1195 1196
1194 1196 1197
1198 1199 1200
1193 1201 1172
1193 1172 1171
1196 1202 1189
1189 1188 1196
1197 1196 1188
1197 1188 1187
1203 1204 1172
1203 1172 1201
1196 1195 1202
1205 1206 1204
1205 1204 1203
1204 1207 1173
1204 1173 1172
1204 1206 1208
1204 1208 1207
1209 1195 1210
1200 1210 1195
1200 1195 1194
1208 1206 1211
1208 1211 1212
1213 1211 1206
1213 1206 1205
1214 1212 1215
1212 1211 1215
1214 1215 1216
1214 1216 1217
1218 1210 1219
1220 1221 1222
1220 1222 1223
1224 1215 1211
1224 1211 1213
1225 1218 1219
1215 1224 1226
1215 1226 1216
1227 1228 1229
1228 1230 1231
1228 1231 1229
1232 1233 1231
1232 1231 1230
1234 1235 1233
1234 1233 1232
1236 1237 1235
1236 1235 1234
1221 1238 1239
1221 1239 1222
1237 1240 1241
1237 1241 1235
1235 1241 1242
1235 1242 1233
1243 1239 1244
1240 1237 1245
1241 1240 1246
1241 1246 1247
1248 1244 1239
1248 1239 1238
1222 1239 1243
1243 1223 1222
1237 1236 1245
1246 1240 1245
1245 1249 1246
1247 1246 1249
1247 1249 1250
1251 1200 1199
1252 1219 1210
1251 1252 1210
1251 1210 1200
1253 1254 1255
1253 1255 1256
1255 1254 1257
1255 1257 1258
1258 1257 1221
1258 1221 1220
1259 1260 1261
1259 1261 1262
1263 1264 1265
1165 1266 1174
1165 1174 1163
1266 1267 1174
1263 1268 1269
1263 1269 1270
1263 1265 1268
1259 1268 1265
1259 1265 1260
1271 1261 1260
1271 1260 1272
1265 1273 1272
1265 1272 1260
1274 1275 1276
1153 1149 1277
1278 1279 1165
1161 1280 1278
1161 1278 1162
1281 1282 1283
1281 1283 1284
1264 1285 1273
1264 1273 1265
1286 1287 1281
1286 1281 1284
1285 1288 1289
1285 1289 1273
1290 1291 1292
1293 1290 1292
1293 1292 1294
1292 1291 1295
1292 1295 1296
1292 1296 1294
1297 1291 1290
1298 1299 1300
1301 1299 1298
1290 1293 1302
1290 1302 1297
1303 1298 1300
1303 1300 1304
1303 1305 1301
1303 1301 1298
1306 1307 1302
1306 1302 1293
1308 1309 1303
1308 1303 1304
1308 1310 1311
1308 1311 1309
1312 1311 1310
1312 1310 1313
1314 1315 1316
1317 1318 1319
1317 1319 1320
1320 1319 1321
1320 1321 1322
1276 1323 1324
1276 1324 1325
1276 1325 1274
1326 1327 1320
1326 1320 1322
1316 1328 1329
1316 1329 1330
1331 1316 1330
1214 1332 1333
1214 1333 1334
1335 1336 1337
1332 1214 1217
1332 1217 1338
1337 1339 1331
1337 1331 1330
1335 1337 1330
1335 1330 1329
1335 1327 1340
1335 1340 1336
1341 1342 1343
1326 1344 1340
1327 1326 1340
1327 1345 1317
1327 1317 1320
1327 1335 1329
1327 1329 1345
1346 1347 1348
1346 1348 1349
1350 1351 1352
1350 1352 1353
1347 1346 1354
1347 1354 1355
1356 1346 1349
1356 1349 1357
1358 1354 1346
1358 1346 1356
1358 1359 1360
1358 1360 1361
1356 1357 1362
1356 1362 1363
1359 1358 1356
1359 1356 1363
1329 1328 1364
1329 1364 1345
1365 1366 1367
1361 1360 1328
1328 1368 1361
1328 1316 1315
1328 1315 1368
1368 1369 1361
1358 1361 1369
1358 1369 1354
1370 1287 1353
1370 1353 1352
1354 1369 1355
1371 1372 1373
1374 1317 1345
1374 1345 1364
1375 1372 1318
1375 1318 1376
1373 1377 1371
1373 1372 1375
1378 1379 1380
1381 1360 1359
1286 1382 1383
1359 1363 1381
1384 1385 1182
1182 1386 1384
1166 1387 1197
1166 1197 1187
1388 1179 1181
1182 1184 1386
1389 1390 1385
1389 1385 1384
1391 1390 1389
1392 1390 1391
1387 1166 1169
1387 1169 1393
1387 1394 1194
1387 1194 1197
1389 1395 1391
1396 1397 1176
1396 1176 1178
1200 1194 1394
1200 1394 1198
1398 1399 1176
1386 1395 1389
1386 1389 1384
1396 1391 1400
1396 1400 1397
1400 1391 1395
1184 1183 1401
1184 1401 1402
1403 1397 1398
1402 1395 1386
1402 1386 1184
1397 1400 1404
1397 1404 1398
1395 1402 1404
1395 1404 1400
1405 1179 1406
1180 1179 1405
1407 1343 1399
1407 1399 1398
1408 1207 1409
1406 1179 1388
1406 1388 1408
1409 1410 1411
1406 1408 1409
1406 1409 1411
1406 1411 1405
1404 1402 1401
1404 1401 1412
1413 1414 1410
1407 1341 1343
1410 1409 1413
1412 1407 1398
1412 1398 1404
1208 1413 1409
1208 1409 1207
1334 1413 1208
1334 1208 1212
1334 1414 1413
1311 1415 1416
1311 1416 1309
1312 1417 1415
1312 1415 1311
1418 1231 1233
1418 1233 1242
1296 1419 1420
1296 1420 1294
1303 1309 1416
1303 1416 1305
1421 1229 1231
1421 1231 1418
1421 1422 1423
1227 1229 1421
1227 1421 1424
1424 1421 1423
1227 1424 1425
1227 1425 1426
1427 1425 1424
1423 1427 1424
1419 1428 1429
1430 1431 1432
1250 1433 1434
1250 1434 1247
1242 1434 1435
1242 1435 1418
1418 1435 1422
1418 1422 1421
1247 1434 1242
1247 1242 1241
1436 1437 1438
1439 1440 1441
1434 1433 1442
1434 1442 1435
1443 1444 1445
1435 1442 1443
1445 1435 1443
1420 1446 1306
1420 1419 1429
1423 1422 1445
1445 1422 1435
1293 1294 1420
1293 1420 1306
1447 1448 1449
1269 1268 1450
1269 1450 1451
1259 1452 1450
1259 1450 1268
1259 1262 1453
1259 1453 1452
1257 1254 1454
1449 1455 1456
1449 1456 1447
1257 1457 1238
1257 1238 1221
1238 1457 1440
1238 1440 1248
1457 1257 1454
1439 1441 1430
1439 1430 1432
1438 1458 1459
1438 1459 1436
1440 1457 1441
1456 1455 1460
1460 1461 1456
1462 1272 1273
1462 1273 1289
1459 1458 1463
1459 1463 1464
1463 1465 1460
1466 1262 1261
1261 1271 1466
1467 1468 1460
1467 1460 1455
1462 1469 1271
1462 1271 1272
1453 1262 1466
1468 1467 1470
1471 1468 1470
1466 1271 1469
1470 1472 1471
1463 1471 1472
1463 1472 1464
1471 1463 1460
1471 1460 1468
1306 1446 1473
1474 1475 1476
1474 1476 1477
1473 1478 1307
1473 1307 1306
1479 1310 1308
1368 1315 1480
1368 1480 1481
1315 1482 1480
1483 1481 1480
1483 1480 1484
1483 1484 1475
1483 1475 1474
1479 1313 1310
1482 1485 1484
1480 1482 1484
1486 1487 1483
1486 1483 1474
1488 1489 1490
1491 1492 1488
1491 1488 1490
1493 1282 1281
1477 1494 1486
1477 1486 1474
1495 1492 1486
1495 1486 1494
1496 1497 1498
1496 1498 1499
1500 1287 1370
1481 1501 1369
1481 1369 1368
1501 1355 1369
1502 1503 1504
1487 1505 1481
1487 1481 1483
1506 1507 1508
1491 1509 1505
1491 1505 1487
1492 1491 1487
1492 1487 1486
1500 1493 1287
1370 1510 1500
1511 1512 1513
1511 1513 1498
1514 1489 1488
1508 1507 1515
1492 1495 1514
1492 1514 1488
1512 1508 1515
1515 1513 1512
1511 1497 1516
1517 1512 1516
1517 1516 1502
1490 1489 1518
1518 1509 1491
1518 1491 1490
1506 1508 1517
1517 1519 1506
1517 1508 1512
1517 1502 1504
1517 1504 1519
1520 1521 1366
1520 1366 1365
1520 1522 1523
1383 1524 1525
1525 1286 1383
1524 1526 1527
1524 1527 1525
1527 1350 1353
1527 1353 1525
1525 1353 1287
1525 1287 1286
1274 1325 1528
1274 1528 1529
1523 1274 1529
1523 1529 1530
1531 1378 1532
1532 1378 1380
1275 1274 1523
1275 1523 1522
1379 1533 1530
1379 1530 1380
1523 1521 1520
1209 1202 1195
1334 1333 1414
1218 1209 1210
1463 1458 1461
1279 1266 1165
1318 1372 1371
1318 1371 1319
1319 1371 1377
1319 1377 1321
1317 1374 1376
1317 1376 1318
1531 1532 1529
1531 1529 1528
1532 1380 1530
1532 1530 1529
1533 1521 1523
1533 1523 1530
1348 1534 1349
1350 1535 1351
1349 1534 1357
1357 1534 1362
1526 1535 1527
1527 1535 1350
1493 1281 1287
1286 1284 1382
1516 1512 1511
1498 1497 1511
1331 1314 1316
1315 1314 1482
1214 1334 1212
1149 1147 1143
1149 1148 1277
1147 1150 1154
1155 1146 1145
1162 1278 1165
1162 1165 1159
1157 1162 1159
1157 1159 1156
1155 1160 1157
231 452 232
378 1536 224
378 224 203
1536 230 229
1536 229 224
44 43 60
19 32 44
16 31 17
31 42 55
26 38 51
24 36 23
36 49 48
51 50 68
1537 1538 1539
1540 1541 1542
1543 1544 1545
1546 1547 1548
1549 1550 1551
1549 1551 1552
1553 1554 1555
1556 1557 1558
1559 1560 1561
1545 1562 1563
1564 1565 1566
1564 1566 1567
1568 1569 1570
1571 1572 1573
1574 1575 1576
1577 1578 1579
1580 1541 1581
1582 1583 1584
1585 1572 1571
1586 1587 1569
1588 1589 1560
1590 1591 1592
1590 1592 1593
1594 1595 1596
1594 1596 1597
1598 1599 1600
1601 1546 1602
1603 1588 1604
1603 1604 1605
1606 1553 1607
1587 1586 1598
1608 1609 1610
1611 1612 1613
1614 1615 1616
1617 1611 1618
1619 1609 1620
1616 1563 1562
1621 1557 1622
1623 1624 1625
1626 1627 1628
1626 1628 1629
1625 1624 1630
1546 1601 1547
1631 1553 1555
1619 1620 1538
1620 1609 1608
1616 1562 1614
1568 1570 1632
1610 1609 1548
1611 1613 1618
1616 1615 1554
1617 1618 1540
1573 1632 1570
1572 1585 1575
1539 1538 1578
1575 1585 1576
1539 1578 1577
1545 1544 1582
1540 1542 1633
1542 1541 1580
1582 1544 1583
1634 1635 1636
1548 1547 1610
1602 1546 1621
1598 1586 1599
1637 1638 1639
1637 1639 1640
1641 1567 1566
1641 1566 1642
1600 1643 1644
1645 1646 1647
1647 1646 1648
1647 1648 1627
1627 1648 1649
1627 1649 1628
1650 1651 1652
1650 1652 1653
1561 1560 1589
1654 1655 1656
1654 1656 1657
1658 1659 1660
1628 1661 1662
1628 1662 1629
1663 1664 1665
1663 1665 1666
1667 1668 1669
1667 1669 1670
1671 1672 1673
1671 1673 1674
1675 1676 1642
1675 1642 1566
1677 1678 1679
1677 1679 1680
1679 1681 1682
1679 1682 1680
1683 1684 1685
1683 1685 1686
1592 1591 1687
1592 1687 1688
1689 1690 1691
1692 1693 1694
1695 1696 1697
1695 1697 1698
1699 1696 1695
1699 1695 1700
1701 1702 1596
1701 1596 1595
1703 1596 1704
1597 1596 1703
1691 1690 1705
1621 1622 1602
1606 1706 1657
1707 1708 1709
1598 1600 1644
1558 1557 1621
1644 1643 1710
1573 1572 1632
1619 1538 1537
1545 1563 1543
1617 1540 1633
1555 1554 1615
1607 1553 1631
1622 1557 1711
1586 1569 1568
1712 1713 1714
1715 1716 1717
1718 1719 1720
1721 1722 1723
1724 1725 1726
1724 1726 1727
1728 1729 1730
1731 1732 1733
1734 1735 1736
1719 1737 1738
1739 1740 1741
1739 1741 1742
1743 1744 1745
1746 1747 1748
1749 1750 1751
1752 1753 1754
1755 1756 1717
1757 1758 1759
1760 1746 1748
1761 1745 1762
1763 1736 1764
1765 1766 1767
1765 1767 1768
1769 1770 1771
1769 1771 1772
1773 1774 1775
1776 1777 1721
1778 1779 1780
1778 1780 1763
1781 1782 1783
1762 1773 1761
1784 1785 1786
1787 1788 1789
1790 1791 1792
1793 1794 1787
1795 1796 1786
1791 1738 1737
1797 1798 1733
1799 1800 1801
1802 1803 1804
1802 1804 1805
1800 1806 1801
1721 1723 1776
1807 1729 1728
1795 1714 1796
1796 1784 1786
1791 1790 1738
1743 1808 1744
1785 1722 1786
1787 1794 1788
1791 1730 1792
1793 1715 1794
1747 1744 1808
1748 1751 1760
1713 1754 1714
1751 1750 1760
1713 1752 1754
1719 1757 1720
1715 1809 1716
1716 1755 1717
1757 1759 1720
1810 1811 1812
1722 1785 1723
1777 1797 1721
1773 1775 1761
1813 1814 1815
1813 1815 1816
1817 1818 1819
1817 1819 1820
1774 1821 1822
1823 1824 1825
1826 1827 1828
1826 1828 1803
1829 1826 1803
1829 1803 1802
1830 1831 1832
1830 1832 1833
1735 1764 1736
1834 1835 1836
1834 1836 1837
1838 1839 1781
1840 1841 1842
1840 1842 1843
1844 1845 1846
1844 1846 1847
1848 1849 1850
1848 1850 1851
1852 1853 1854
1852 1854 1817
1855 1817 1856
1855 1856 1857
1858 1859 1860
1858 1860 1861
1858 1861 1862
1858 1862 1863
1864 1865 1866
1864 1866 1867
1767 1868 1869
1767 1869 1768
1870 1871 1872
1873 1874 1875
1876 1877 1878
1876 1878 1879
1880 1881 1876
1880 1876 1879
1769 1882 1883
1769 1883 1770
1884 1885 1769
1772 1884 1769
1871 1886 1872
1797 1777 1798
1887 1835 1888
1889 1890 1891
1773 1821 1774
1732 1797 1733
1821 1892 1822
1747 1808 1748
1795 1712 1714
1719 1718 1737
1793 1809 1715
1729 1792 1730
1893 1807 1728
1798 1894 1733
1761 1743 1745
1895 1896 1897
1898 1899 1900
1898 1900 1901
1901 1900 1902
1901 1902 1903
1895 1904 1905
1906 1907 1908
1909 1910 1904
1911 1908 1912
1913 1914 1915
1916 1917 1918
1916 1918 1919
1917 1920 1921
1917 1921 1918
1922 1923 1915
1924 1925 1926
1927 1922 1919
1928 1895 1905
1910 1898 1901
1910 1901 1929
1929 1901 1903
1929 1903 1930
1909 1897 1931
1898 1931 1899
1932 1933 1934
1935 1936 1924
1937 1938 1939
1937 1939 1940
1941 1942 1943
1941 1943 1944
1903 1902 1945
1903 1945 1946
1921 1920 1947
1921 1947 1948
1933 1932 1907
1949 1913 1950
1911 1951 1906
1952 1953 1954
1952 1954 1955
1956 1957 1958
1956 1958 1959
1960 1945 1961
1960 1961 1962
1906 1934 1933
1963 1964 1965
1918 1966 1927
1918 1927 1919
1967 1941 1944
1967 1944 1968
1925 1969 1926
1935 1970 1936
1925 1936 1970
1922 1915 1914
1919 1922 1971
1972 1973 1974
1972 1974 1975
1896 1895 1911
1904 1895 1909
1907 1906 1933
1910 1909 1898
1908 1911 1906
1913 1915 1950
1964 1922 1976
1925 1924 1936
1922 1927 1976
1895 1928 1911
1897 1909 1895
1931 1898 1909
1949 1950 1925
1951 1911 1928
1934 1906 1951
1915 1969 1950
1969 1925 1950
1925 1970 1949
1922 1914 1971
1919 1971 1916
1977 1978 1979
1977 1979 1980
1978 1977 1981
1978 1981 1982
1983 1977 1980
1983 1980 1984
1985 1986 1987
1985 1987 1988
1989 1990 1991
1989 1991 1992
1993 1994 1995
1993 1995 1996
1997 1998 1999
1997 1999 2000
2001 1997 2000
2001 2000 2002
2003 2004 2005
2003 2005 2006
2007 2006 2008
2007 2008 2009
2010 2011 2012
2010 2012 2002
2013 2014 2015
2013 2015 2016
2006 2005 2017
2006 2017 2008
2018 2019 2020
2021 2022 2023
2021 2023 2024
2025 2026 2027
2025 2027 2028
2029 2030 2031
2029 2031 2032
2033 2034 2022
2033 2022 2021
2035 2036 2037
2035 2037 2038
2039 2019 2018
2040 2041 2042
2019 2040 2043
2044 2024 2023
2044 2023 2045
2046 2040 2042
2039 2040 2019
2040 2046 2043
2029 2047 2048
2049 2029 2048
2032 2047 2029
2048 2047 2050
2051 2052 2053
2051 2053 2018
2053 2039 2018
2054 2055 2056
2021 2024 2057
2021 2057 2054
2056 2028 2027
2056 2027 2054
2033 2054 2027
2054 2033 2021
2058 2033 2027
2058 2027 2026
2059 2060 2061
2033 2058 2062
2033 2062 2034
2060 2059 2063
2061 2064 2065
2061 2065 2059
2051 2066 2067
2051 2067 2052
2002 2000 2068
2002 2068 2010
2069 2066 2051
2070 2071 2072
2073 2069 2051
2051 2018 2074
2051 2074 2073
2075 2076 2072
2075 2072 2071
2071 2077 2075
2078 2031 2030
2078 2030 2077
2077 2079 2080
2079 2077 2030
2077 2080 2081
2077 2081 2075
2077 2071 2078
2079 2082 2083
2079 2083 2080
2030 2029 2084
2030 2084 2079
2079 2085 2082
2085 2079 2084
2084 2029 2049
2084 2049 2086
2087 2065 2064
2087 2064 2088
2086 2089 2090
2086 2090 2084
2085 2084 2090
2091 2092 2093
2091 2093 2094
2055 2091 2094
2055 2094 2056
2095 2028 2056
2095 2056 2094
2096 1999 1998
2096 1998 2097
2098 2025 2028
2098 2028 2095
2099 2096 2093
2096 2100 2093
2101 2096 2097
2100 2096 2101
2095 2100 2101
2100 2095 2094
2100 2094 2093
2102 2103 2104
2105 2106 2064
2104 2082 2085
2104 2085 2102
2102 2085 2090
2107 2108 2109
2108 2107 2110
2016 2109 2108
2016 2108 2013
2111 2001 2002
2111 2002 2012
2112 2110 2107
2112 2107 2113
2009 2114 2115
2009 2115 2007
2115 2111 2012
2115 2012 2011
2115 2011 2116
2111 2115 2114
2117 2115 2116
2006 2007 2117
2006 2117 2003
2115 2117 2007
2118 2119 2004
2118 2004 2003
2117 2120 2003
2116 2011 2121
2116 2121 2122
2123 2124 2122
2123 2122 2121
2125 2112 2113
2125 2113 2126
2127 2125 2126
2127 2126 2128
2129 2130 2131
2129 2131 2132
2133 2134 2130
2133 2130 2129
2131 2127 2128
2128 2135 2132
2128 2132 2131
2131 2136 2127
2136 2131 2130
2137 2130 2134
2137 2134 2138
2137 2138 2139
2134 2133 2140
2134 2140 2138
2141 2122 2124
2141 2124 2139
2120 2118 2003
2120 2117 2141
2117 2116 2122
2117 2122 2141
2119 2118 2142
2119 2142 2140
2120 2142 2118
2143 2142 2120
2138 2142 2143
2140 2142 2138
2141 2143 2120
2143 2141 2139
2143 2139 2138
2144 2145 2146
2144 2146 2147
2148 2149 2150
2144 2148 2145
2149 2148 2144
2014 2013 2151
2014 2151 2152
2153 2154 2155
2156 2157 2158
2154 2153 2159
2154 2159 2160
2152 2161 2154
2152 2154 2160
2014 2152 2160
2014 2160 2162
2153 2158 2163
2153 2163 2159
2164 2165 2166
2164 2166 2167
2168 2169 2162
2168 2162 2170
2095 2101 2171
2095 2171 2098
2169 2015 2014
2169 2014 2162
2157 2163 2158
2172 2159 2163
2172 2163 2164
2157 2164 2163
2164 2157 2165
2170 2164 2167
2172 2164 2170
2162 2172 2170
2162 2160 2159
2162 2159 2172
2173 2144 2147
2173 2147 2174
2174 2147 2175
2147 2146 2155
2147 2155 2175
2175 2155 2154
2175 2154 2161
2175 2161 2151
2108 2151 2013
2151 2161 2152
2176 2175 2151
2176 2174 2175
2177 2151 2108
2177 2176 2151
2108 2110 2178
2108 2178 2177
2123 2173 2174
2123 2174 2179
2123 2180 2124
2179 2174 2176
2179 2176 2181
2181 2176 2177
2181 2177 2178
2110 2112 2182
2110 2182 2178
2112 2125 2183
2112 2183 2182
2125 2127 2136
2125 2136 2183
2180 2184 2137
2180 2137 2139
2180 2139 2124
2180 2123 2179
2184 2130 2137
2185 2184 2180
2182 2183 2184
2182 2184 2185
2136 2184 2183
2130 2184 2136
2180 2179 2181
2180 2181 2185
2185 2181 2178
2185 2178 2182
2186 2068 2000
2186 2000 1999
2096 2186 1999
2187 2188 2186
2186 2096 2099
2186 2099 2187
2036 2035 2189
2036 2189 2190
2191 2192 2193
2194 2036 2190
2194 2190 2191
2195 2145 2148
2155 2195 2153
2195 2146 2145
2146 2195 2155
2196 2156 2158
2153 2195 2196
2153 2196 2158
2197 2198 2192
2199 2198 2200
2198 2197 2201
2197 2190 2201
2191 2190 2197
2191 2197 2192
2194 2191 2193
2194 2193 2202
2203 2069 2204
2099 2093 2092
2099 2092 2205
2187 2099 2205
2187 2205 2206
2207 2208 2203
2207 2203 2204
2069 2203 2066
2203 2067 2066
1996 1995 2208
1996 2208 2207
2209 2208 1995
2209 1995 2210
2203 2209 2211
2208 2209 2203
2202 2211 2209
2202 2209 2210
2210 2212 2194
2036 2194 2212
2036 2212 2037
2213 2214 2215
2210 1995 1994
2210 1994 2214
2214 2216 2210
2214 1994 2217
2214 2217 2218
2216 2212 2210
2188 2187 2206
2150 2188 2206
2186 2188 2068
2149 2219 2150
2220 2188 2219
2221 2123 2121
2221 2121 2222
2173 2221 2219
2123 2221 2173
2144 2173 2219
2144 2219 2149
2188 2222 2010
2220 2222 2188
2011 2010 2222
2011 2222 2121
2222 2220 2221
2220 2219 2221
2037 2212 2213
2216 2213 2212
2213 2216 2214
2213 2223 2037
1988 1987 2224
1988 2224 2225
2223 2224 2226
2223 2213 2215
2223 2215 2227
2223 2227 2225
2223 2226 2038
2223 2038 2037
2224 1991 1990
2224 1990 2226
2224 2223 2225
2228 2229 2230
2228 2230 2231
2232 2231 1992
2232 1992 1991
2232 2224 1987
2224 2232 1991
2231 2230 2233
2231 2233 1992
2231 2232 2234
2231 2234 2228
2229 2228 2235
2229 2235 2236
2234 2235 2228
2234 2237 2238
2234 2238 2235
2237 1986 2239
2237 2239 2240
2240 2238 2237
2232 2237 2234
2232 1987 1986
2232 1986 2237
2241 2200 2198
2201 2241 2198
2200 2241 2083
2081 2080 2083
2081 2083 2241
2104 2103 2242
2104 2242 2200
2199 2200 2242
2082 2104 2200
2082 2200 2083
2243 2165 2157
2243 2157 2105
2244 2166 2165
2244 2165 2243
2064 2243 2105
2061 2060 2244
2061 2244 2243
2243 2064 2061
2106 2088 2064
2189 2201 2190
2226 1990 2245
2226 2245 2038
2038 2245 2246
2038 2246 2035
2247 2246 2245
2246 2189 2035
2248 2249 2250
2248 2250 2251
2251 2252 2253
2251 2253 2248
2248 2253 2070
2248 2070 2072
2254 2255 2256
2254 2256 2257
2250 2246 2247
2250 2247 2257
2250 2257 2251
2252 2251 2257
2252 2257 2256
2241 2201 2258
2241 2258 2081
2189 2258 2201
2076 2075 2081
2076 2081 2258
2249 2258 2189
2258 2249 2076
2249 2189 2246
2250 2249 2246
2072 2076 2249
2072 2249 2248
1990 1989 2254
1990 2254 2245
2247 2245 2254
2247 2254 2257
2259 2260 2261
1992 2233 2262
1992 2262 1989
2262 2254 1989
2254 2262 2255
1994 1993 2260
1994 2260 2217
2259 2261 1982
2259 1982 1981
2260 2259 2217
2263 1981 1977
2263 1977 1983
2263 2259 1981
2264 2263 1983
2264 1983 1984
2264 1984 2265
2264 2266 2263
2266 1985 1988
2265 2267 1985
2267 2239 1986
2267 1986 1985
2057 2044 2268
2055 2057 2268
2054 2057 2055
2044 2057 2024
2044 2269 2268
2218 2217 2259
2218 2259 2270
2263 2270 2259
2266 2270 2263
2215 2218 2270
2215 2270 2227
2270 2266 2227
1985 2266 2264
2266 1988 2225
2266 2225 2227
2215 2214 2218
2265 1985 2264
2188 2010 2068
2150 2219 2188
2210 2194 2202
2018 2020 2074
2019 2043 2020
2271 2272 2273
2271 2273 2274
2275 2276 2277
2276 2275 2278
2276 2278 2279
2272 2271 2280
2272 2280 2281
2272 2281 2282
2271 2283 2284
2271 2284 2280
2280 2284 2285
2280 2285 2281
2282 2286 2287
2288 2286 2282
2288 2282 2281
2285 2288 2281
2285 2289 2288
2290 2291 2292
2293 2294 2295
2286 2296 2297
2296 2298 2297
2288 2296 2286
2294 2299 2295
2300 2298 2296
2288 2301 2302
2303 2300 2296
2304 2305 2301
2300 2306 2307
2300 2307 2298
2308 2304 2301
2304 2309 2305
2304 2308 2310
2288 2289 2308
2288 2308 2301
2293 2311 2312
2311 2313 2312
2314 2315 2316
2316 2315 2317
2316 2317 2318
2319 2317 2315
2320 2319 2315
2313 2321 2322
2313 2322 2323
2321 2313 2311
2293 2324 2311
2311 2324 2321
2294 2325 2326
2325 2327 2326
2328 2314 2316
2293 2312 2329
2293 2329 2294
2329 2330 2325
2294 2329 2325
2329 2312 2313
2329 2313 2331
2332 2333 2334
2335 2336 2325
2330 2335 2325
2333 2330 2334
2295 2337 2324
2295 2324 2293
2338 2339 2340
2341 2342 2343
2342 2344 2345
2342 2345 2346
2344 2347 2348
2349 2344 2348
2344 2349 2345
2350 2347 2344
2350 2344 2342
2351 2352 2307
2351 2307 2353
2354 2350 2341
2350 2342 2341
2355 2310 2308
2310 2356 2304
2357 2306 2358
2356 2355 2359
2351 2360 2361
2360 2351 2353
2356 2310 2355
2362 2363 2364
2362 2364 2365
2351 2361 2363
2351 2363 2362
2366 2361 2356
2366 2356 2359
2363 2367 2368
2363 2368 2369
2367 2363 2361
2367 2361 2366
2370 2366 2359
2370 2367 2366
2371 2372 2292
2373 2328 2374
2330 2329 2331
2330 2331 2375
2328 2316 2318
2376 2372 2371
2373 2376 2377
2372 2290 2292
2332 2334 2373
2332 2373 2377
2378 2373 2334
2379 2380 2381
2379 2381 2382
2380 2332 2377
2380 2377 2381
2380 2383 2332
2332 2383 2333
2336 2335 2384
2385 2336 2384
2336 2327 2325
2327 2336 2386
2380 2387 2383
2290 2388 2389
2290 2389 2291
2390 2322 2321
2391 2340 2339
2368 2392 2369
2392 2348 2347
2392 2347 2369
2392 2393 2348
2349 2394 2339
2395 2396 2397
2395 2397 2398
2399 2395 2398
2396 2395 2400
2396 2400 2401
2399 2402 2395
2322 2390 2403
2322 2403 2404
2319 2405 2317
2405 2389 2317
2405 2406 2407
2408 2405 2319
2406 2405 2408
2405 2409 2389
2410 2411 2412
2407 2409 2405
2407 2406 2402
2407 2402 2399
2413 2395 2402
2406 2408 2413
2406 2413 2402
2413 2414 2395
2339 2394 2391
2394 2349 2348
2414 2400 2395
2415 2416 2417
2391 2418 2408
2394 2418 2391
2419 2418 2394
2418 2419 2413
2420 2419 2394
2400 2421 2401
2420 2421 2400
2420 2400 2414
2393 2392 2422
2394 2393 2420
2393 2394 2348
2413 2419 2420
2413 2420 2414
2423 2424 2425
2424 2423 2421
2420 2424 2421
2425 2424 2420
2425 2420 2393
2426 2392 2368
2426 2368 2367
2426 2427 2392
2411 2428 2429
2411 2429 2412
2399 2398 2430
2399 2430 2431
2396 2432 2433
2396 2433 2397
2423 2434 2435
2423 2435 2421
2432 2396 2401
2432 2401 2436
2401 2421 2435
2401 2435 2436
2437 2422 2392
2438 2425 2393
2438 2393 2422
2438 2434 2423
2438 2423 2425
2427 2437 2392
2437 2439 2438
2437 2438 2422
2440 2439 2437
2441 2442 2443
2441 2443 2444
2445 2446 2434
2438 2445 2434
2439 2445 2438
2445 2439 2440
2446 2435 2434
2447 2435 2446
2447 2446 2448
2448 2441 2447
2449 2446 2445
2450 2451 2441
2444 2450 2441
2451 2447 2441
2447 2451 2436
2447 2436 2435
2451 2432 2436
2452 2453 2454
2452 2454 2455
2451 2450 2453
2451 2453 2452
2456 2455 2457
2456 2457 2458
2432 2452 2455
2432 2455 2433
2451 2452 2432
2455 2454 2457
2453 2450 2459
2453 2459 2460
2461 2462 2443
2444 2462 2459
2444 2459 2450
2462 2444 2443
2463 2464 2461
2465 2437 2427
2465 2440 2437
2433 2466 2467
2398 2397 2467
2398 2467 2430
2456 2466 2433
2468 2469 2464
2468 2464 2470
2471 2472 2459
2471 2459 2462
2471 2473 2472
2461 2464 2469
2461 2469 2462
2471 2474 2473
2475 2474 2471
2468 2476 2475
2468 2475 2469
2475 2471 2462
2475 2462 2469
2475 2476 2477
2476 2468 2478
2477 2474 2475
2477 2479 2474
2480 2481 2482
2483 2482 2481
2484 2480 2482
2485 2486 2487
2488 2457 2460
2489 2470 2490
2457 2488 2491
2492 2491 2488
2478 2468 2470
2478 2470 2489
2493 2460 2472
2472 2460 2459
2460 2454 2453
2454 2460 2457
2494 2495 2486
2495 2484 2486
2495 2480 2484
2495 2494 2493
2488 2494 2492
2494 2486 2485
2494 2485 2492
2494 2488 2460
2493 2479 2495
2495 2479 2481
2495 2481 2480
2479 2473 2474
2479 2493 2473
2496 2479 2477
2493 2472 2473
2460 2493 2494
2497 2498 2499
2498 2497 2496
2479 2496 2497
2479 2497 2481
2477 2476 2498
2477 2498 2496
2500 2498 2476
2478 2500 2476
2501 2491 2492
2500 2502 2498
2485 2501 2492
2485 2487 2503
2485 2503 2501
2482 2483 2504
2482 2504 2484
2497 2483 2481
2505 2506 2507
2483 2505 2507
2483 2507 2508
2497 2499 2505
2497 2505 2483
2498 2502 2509
2498 2509 2499
2509 2505 2499
2483 2508 2510
2483 2510 2504
2486 2511 2512
2486 2512 2487
2484 2511 2486
2513 2511 2484
2513 2484 2504
2510 2513 2504
2514 2512 2511
2514 2511 2513
2512 2515 2503
2512 2503 2487
2507 2506 2516
2507 2516 2517
2518 2506 2505
2509 2519 2518
2509 2518 2505
2506 2520 2521
2506 2521 2516
2518 2519 2520
2518 2520 2506
2521 2522 2523
2521 2523 2516
2524 2522 2521
2524 2521 2525
2524 2526 2522
2527 2528 2526
2529 2528 2527
2530 2529 2527
2530 2527 2531
2524 2527 2526
2508 2532 2533
2508 2533 2510
2517 2532 2508
2517 2508 2507
2534 2535 2515
2534 2515 2512
2514 2534 2512
2536 2514 2513
2537 2538 2539
2540 2541 2533
2533 2541 2510
2510 2541 2536
2510 2536 2513
2514 2536 2534
2541 2542 2536
2543 2542 2541
2543 2541 2540
2534 2544 2545
2534 2545 2535
2536 2542 2544
2536 2544 2534
2546 2547 2548
2547 2549 2550
2547 2550 2548
2549 2547 2551
2543 2552 2544
2543 2544 2542
2545 2544 2552
2545 2552 2553
2538 2554 2539
2555 2556 2557
2555 2557 2558
2558 2559 2560
2558 2560 2555
2561 2560 2559
2561 2559 2562
2555 2560 2563
2555 2563 2564
2563 2565 2564
2561 2563 2560
2565 2563 2566
2564 2565 2567
2568 2569 2538
2569 2554 2538
2554 2569 2570
2554 2570 2567
2557 2556 2571
2557 2571 2572
2564 2556 2555
2556 2564 2570
2573 2523 2522
2570 2564 2567
2571 2574 2572
2528 2575 2526
2569 2576 2570
2568 2577 2569
2577 2576 2569
2573 2522 2526
2573 2526 2575
2576 2577 2571
2517 2573 2532
2523 2573 2517
2523 2517 2516
2576 2571 2556
2570 2576 2556
2578 2561 2562
2578 2562 2579
2578 2580 2561
2580 2578 2581
2580 2581 2582
2582 2581 2583
2582 2583 2584
2584 2583 2585
2584 2585 2586
2586 2587 2588
2586 2588 2584
2589 2587 2586
2590 2591 2592
2585 2589 2586
2565 2590 2592
2565 2592 2567
2593 2594 2589
2594 2587 2589
2588 2587 2590
2588 2590 2565
2566 2588 2565
2584 2588 2595
2584 2595 2582
2595 2588 2566
2595 2566 2563
2595 2563 2561
2595 2580 2582
2593 2589 2596
2549 2597 2550
2597 2598 2550
2599 2600 2601
2600 2602 2603
2600 2603 2601
2537 2604 2549
2537 2549 2551
2604 2602 2597
2604 2597 2549
2539 2604 2537
2602 2600 2597
2603 2602 2605
2603 2605 2593
2603 2593 2606
2593 2605 2591
2594 2591 2590
2594 2590 2587
2591 2594 2593
2607 2604 2539
2567 2607 2539
2567 2539 2554
2592 2607 2567
2591 2607 2592
2608 2607 2591
2607 2608 2604
2605 2608 2591
2602 2604 2608
2602 2608 2605
2609 2601 2603
2600 2599 2610
2600 2610 2597
2611 2612 2609
2613 2609 2606
2599 2601 2609
2599 2609 2612
2609 2603 2606
2583 2614 2615
2583 2615 2585
2585 2616 2589
2615 2616 2585
2617 2616 2615
2599 2618 2619
2599 2619 2610
2612 2618 2599
2620 2621 2617
2611 2622 2623
2611 2623 2612
2624 2625 2626
2618 2627 2628
2618 2628 2619
2622 2629 2623
2612 2623 2627
2612 2627 2618
2630 2627 2629
2631 2632 2627
2632 2628 2627
2632 2631 2633
2630 2631 2627
2634 2635 2636
2637 2625 2638
2628 2639 2619
2640 2598 2597
2640 2597 2610
2639 2640 2610
2639 2610 2619
2641 2642 2643
2641 2643 2644
2645 2639 2628
2645 2628 2632
2638 2646 2647
2638 2647 2637
2643 2646 2638
2642 2641 2620
2642 2646 2643
2648 2649 2650
2651 2636 2652
2652 2635 2653
2652 2653 2654
2635 2652 2636
2650 2649 2629
2654 2653 2655
2654 2649 2656
2654 2656 2652
2657 2648 2626
2637 2657 2626
2637 2626 2625
2651 2652 2656
2651 2656 2658
2637 2659 2657
2658 2660 2661
2658 2661 2651
2660 2658 2657
2660 2657 2659
2647 2662 2637
2662 2659 2637
2633 2663 2645
2633 2645 2632
2664 2663 2633
2634 2636 2665
2666 2336 2385
2277 2667 2668
2669 2670 2276
2671 2672 2667
2670 2667 2277
2670 2277 2276
2666 2673 2336
2671 2670 2674
2670 2671 2667
2671 2674 2675
2664 2676 2677
2664 2677 2663
2678 2661 2660
2678 2660 2662
2662 2660 2659
2676 2679 2680
2676 2680 2677
2679 2681 2680
2682 2379 2382
2683 2684 2685
2686 2687 2684
2686 2684 2683
2687 2686 2688
2688 2689 2687
2690 2667 2672
2690 2668 2667
2691 2692 2283
2691 2283 2271
2274 2691 2271
2690 2691 2668
2693 2691 2690
2691 2693 2692
2692 2693 2689
2692 2689 2688
2693 2690 2694
2693 2694 2689
2675 2695 2672
2675 2672 2671
2682 2696 2379
2696 2380 2379
2696 2697 2380
2698 2699 2385
2699 2700 2385
2681 2701 2702
2681 2702 2703
2701 2682 2702
2701 2704 2682
2704 2696 2682
2705 2706 2707
2706 2705 2674
2705 2695 2675
2705 2675 2674
2698 2708 2699
2709 2707 2696
2709 2696 2704
2710 2711 2701
2710 2701 2681
2711 2709 2704
2707 2709 2712
2707 2712 2705
2711 2704 2701
2713 2714 2715
2711 2716 2712
2716 2705 2712
2716 2695 2705
2717 2716 2718
2716 2717 2719
2716 2719 2695
2711 2720 2718
2711 2718 2716
2710 2720 2711
2721 2710 2681
2722 2635 2634
2653 2722 2655
2664 2723 2676
2631 2723 2664
2631 2664 2633
2635 2722 2653
2722 2724 2655
2724 2631 2630
2724 2630 2655
2725 2724 2722
2631 2724 2723
2724 2725 2723
2719 2726 2672
2719 2672 2695
2727 2684 2687
2689 2694 2727
2689 2727 2687
2726 2727 2694
2726 2719 2717
2690 2672 2726
2690 2726 2694
2728 2726 2729
2728 2727 2726
2665 2730 2634
2651 2661 2731
2651 2731 2636
2732 2661 2678
2733 2732 2734
2661 2732 2731
2735 2734 2732
2735 2732 2678
2735 2736 2734
2736 2735 2685
2684 2727 2736
2684 2736 2685
2731 2665 2636
2737 2731 2733
2731 2732 2733
2728 2737 2736
2728 2736 2727
2737 2729 2730
2729 2737 2728
2717 2729 2726
2736 2737 2733
2736 2733 2734
2665 2731 2737
2665 2737 2730
2738 2739 2634
2738 2634 2730
2738 2730 2729
2718 2738 2729
2718 2729 2717
2739 2740 2722
2741 2742 2743
2740 2725 2722
2738 2744 2739
2744 2718 2720
2744 2738 2718
2710 2721 2745
2710 2745 2720
2723 2746 2679
2723 2679 2676
2725 2740 2746
2725 2746 2723
2746 2721 2681
2746 2681 2679
2746 2745 2721
2745 2746 2740
2744 2745 2739
2745 2740 2739
2745 2744 2720
2643 2624 2644
2624 2648 2747
2624 2643 2638
2624 2638 2625
2648 2624 2626
2658 2656 2648
2658 2648 2657
2648 2656 2649
2629 2627 2623
2629 2655 2630
2655 2629 2649
2747 2629 2622
2629 2747 2650
2747 2644 2624
2650 2747 2648
2748 2596 2589
2748 2589 2616
2621 2748 2616
2621 2616 2617
2748 2613 2596
2748 2621 2749
2748 2750 2613
2749 2641 2644
2749 2621 2620
2641 2749 2620
2596 2613 2606
2596 2606 2593
2609 2613 2611
2747 2751 2644
2613 2751 2611
2611 2751 2747
2611 2747 2622
2750 2751 2613
2751 2749 2644
2751 2750 2749
2749 2750 2748
2490 2752 2489
2490 2753 2752
2463 2490 2470
2463 2470 2464
2754 2445 2440
2754 2442 2449
2448 2442 2441
2446 2449 2442
2446 2442 2448
2754 2449 2445
2755 2440 2465
2755 2754 2440
2756 2754 2755
2756 2755 2753
2756 2757 2754
2757 2756 2490
2756 2753 2490
2757 2442 2754
2463 2757 2490
2757 2443 2442
2443 2757 2463
2443 2463 2461
2655 2649 2654
2433 2467 2397
2456 2433 2455
2457 2491 2458
2680 2681 2703
2735 2683 2685
2426 2367 2370
2581 2614 2583
2595 2561 2580
2758 2759 2760
2758 2760 2761
2762 2763 2759
2762 2759 2758
2764 2765 2763
2764 2763 2762
2766 2767 2765
2766 2765 2764
2768 2769 2767
2768 2767 2766
2770 2771 2769
2770 2769 2768
2772 2773 2771
2772 2771 2770
2774 2775 2773
2774 2773 2772
2776 2777 2775
2776 2775 2774
2778 2779 2780
2778 2780 2781
2782 2783 2779
2782 2779 2778
2761 2760 2783
2761 2783 2782
2784 2785 2786
2784 2786 2787
2788 2784 2787
2788 2787 2789
2790 2788 2789
2790 2789 2791
2792 2790 2791
2792 2791 2793
2794 2792 2793
2794 2793 2795
2796 2794 2795
2796 2795 2797
2798 2796 2797
2798 2797 2799
2800 2798 2799
2800 2799 2801
2802 2800 2801
2802 2801 2803
2804 2805 2806
2804 2806 2807
2808 2804 2807
2808 2807 2809
2785 2808 2809
2785 2809 2786
2787 2786 2810
2787 2810 2811
2789 2787 2811
2789 2811 2812
2791 2789 2812
2791 2812 2813
2793 2791 2813
2793 2813 2814
2795 2793 2814
2795 2814 2815
2797 2795 2815
2797 2815 2816
2799 2797 2816
2799 2816 2817
2801 2799 2817
2801 2817 2818
2803 2801 2818
2803 2818 2819
2807 2806 2820
2807 2820 2821
2809 2807 2821
2809 2821 2822
2786 2809 2822
2786 2822 2810
2823 2811 2810
2823 2810 2824
2825 2812 2811
2825 2811 2823
2826 2813 2812
2826 2812 2825
2827 2814 2813
2827 2813 2826
2828 2815 2814
2828 2814 2827
2829 2816 2815
2829 2815 2828
2830 2817 2816
2830 2816 2829
2831 2818 2817
2831 2817 2830
2832 2819 2818
2832 2818 2831
2833 2821 2820
2833 2820 2834
2835 2822 2821
2835 2821 2833
2824 2810 2822
2824 2822 2835
2785 2784 2758
2785 2758 2761
2784 2788 2762
2784 2762 2758
2788 2790 2764
2788 2764 2762
2790 2792 2766
2790 2766 2764
2792 2794 2768
2792 2768 2766
2794 2796 2770
2794 2770 2768
2796 2798 2772
2796 2772 2770
2798 2800 2774
2798 2774 2772
2800 2802 2776
2800 2776 2774
2805 2804 2778
2805 2778 2781
2804 2808 2782
2804 2782 2778
2808 2785 2761
2808 2761 2782
2836 2837 2823
2836 2823 2824
2837 2838 2825
2837 2825 2823
2838 2839 2826
2838 2826 2825
2839 2840 2827
2839 2827 2826
2840 2841 2828
2840 2828 2827
2841 2842 2829
2841 2829 2828
2842 2843 2830
2842 2830 2829
2843 2844 2831
2843 2831 2830
2844 2845 2832
2844 2832 2831
2846 2847 2833
2846 2833 2834
2847 2848 2835
2847 2835 2833
2848 2836 2824
2848 2824 2835
2849 2850 2851
2852 2853 2854
2852 2854 2855
2856 2857 2853
2856 2853 2852
2857 2856 2858
2855 2854 2859
2855 2859 2860
2860 2859 2851
2860 2851 2850
2861 2862 2863
2864 2865 2866
2864 2866 2867
2868 2869 2865
2868 2865 2864
2869 2868 2870
2867 2866 2871
2867 2871 2872
2872 2871 2863
2872 2863 2862
2873 2874 2875
2873 2875 2876
2877 2878 2879
2877 2879 2880
2881 2882 2883
2881 2883 2884
2885 2886 2887
2885 2887 2888
2889 2890 2891
2889 2891 2892
2893 2879 2878
2893 2878 2894
2895 2896 2893
2895 2893 2894
2884 2889 2892
2884 2892 2881
2897 2898 2899
2897 2899 2900
2898 2901 2902
2898 2902 2899
2888 2891 2890
2888 2890 2885
2903 2904 2905
2903 2905 2906
2907 2908 2909
2907 2909 2910
2911 2912 2913
2911 2913 2914
2914 2913 2915
2914 2915 2916
2917 2918 2919
2917 2919 2920
2921 2922 2923
2921 2923 2924
2925 2926 2927
2925 2927 2928
2926 2929 2930
2926 2930 2927
2931 2910 2909
2931 2909 2932
2916 2915 2923
2916 2923 2933
2928 2934 2935
2928 2935 2912
2936 2915 2913
2936 2913 2937
2938 2919 2918
2938 2918 2939
2933 2923 2922
2933 2922 2940
2934 2928 2927
2934 2927 2941
2942 2941 2927
2942 2927 2930
2924 2923 2915
2924 2915 2936
2943 2944 2945
2943 2945 2946
2947 2946 2945
2947 2945 2948
2949 2943 2946
2949 2946 2950
2951 2950 2946
2951 2946 2947
2920 2919 2922
2920 2922 2921
2940 2922 2919
2940 2919 2938
2952 2953 2954
2952 2954 2955
2956 2955 2954
2956 2954 2957
2901 2887 2886
2901 2886 2902
2950 2918 2917
2950 2917 2949
2939 2918 2950
2939 2950 2951
2882 2877 2880
2882 2880 2883
2928 2912 2911
2928 2911 2925
2912 2935 2937
2912 2937 2913
2958 2959 2960
2958 2960 2961
2962 2963 2964
2962 2964 2965
2966 2962 2965
2966 2965 2967
2968 2969 2970
2968 2970 2971
2972 2973 2974
2972 2974 2975
2976 2964 2963
2976 2963 2977
2978 2976 2977
2978 2977 2979
2967 2972 2975
2967 2975 2966
2980 2981 2982
2980 2982 2983
2981 2984 2985
2981 2985 2982
2971 2974 2973
2971 2973 2968
2986 2987 2988
2986 2988 2989
2990 2991 2992
2990 2992 2993
2994 2995 2996
2994 2996 2997
2994 2997 2998
2994 2998 2999
3000 3001 3002
3000 3002 3003
3004 3005 3006
3004 3006 3007
3008 3009 2996
3008 2996 2995
3010 3011 3009
3010 3009 3008
3012 2993 2992
3012 2992 3013
2999 2998 3006
2999 3006 3014
3015 3016 2997
3015 2997 2996
3017 2998 2997
3017 2997 3016
3018 3002 3001
3018 3001 3019
3014 3006 3005
3014 3005 3020
3021 3015 2996
3021 2996 3009
3022 3021 3009
3022 3009 3011
3007 3006 2998
3007 2998 3017
3023 3024 3025
3023 3025 3026
3027 3026 3025
3027 3025 3028
3029 3023 3026
3029 3026 3030
3031 3030 3026
3031 3026 3027
3003 3002 3005
3003 3005 3004
3020 3005 3002
3020 3002 3018
3032 3033 3034
3032 3034 3035
3036 3035 3034
3036 3034 3037
2984 2970 2969
2984 2969 2985
3001 3000 3029
3001 3029 3030
3019 3001 3030
3019 3030 3031
3038 3039 3040
3041 3042 3043
3041 3043 3044
3045 3046 3047
3045 3047 3042
3048 3049 3050
3051 3052 3053
3050 3054 3041
3040 3055 3051
3056 3057 3058
3059 3060 3061
3059 3061 3062
3063 3064 3062
3063 3062 3065
3066 3067 3068
3069 3070 3071
3072 3068 3073
3066 3074 3067
3075 3038 3040
3054 3045 3042
3054 3042 3041
3076 3043 3042
3076 3042 3047
3050 3077 3048
3041 3078 3050
3079 3080 3053
3081 3070 3069
3046 3082 3083
3046 3083 3047
3064 3063 3084
3064 3084 3085
3047 3083 3086
3047 3086 3076
3087 3064 3085
3087 3085 3088
3053 3052 3079
3089 3071 3057
3040 3090 3075
3091 3092 3093
3091 3093 3094
3085 3084 3095
3085 3095 3096
3083 3097 3098
3083 3098 3086
3099 3038 3100
3048 3101 3038
3051 3080 3090
3058 3057 3102
3062 3061 3074
3062 3074 3065
3069 3071 3103
3059 3062 3064
3059 3064 3087
3073 3067 3104
3067 3061 3105
3057 3071 3102
3085 3096 3106
3085 3106 3088
3058 3073 3107
3081 3069 3103
3039 3038 3101
3049 3048 3099
3052 3051 3055
3054 3050 3049
3055 3040 3039
3056 3058 3107
3068 3067 3073
3071 3070 3108
3072 3073 3058
3067 3074 3061
3038 3075 3100
3077 3050 3078
3078 3041 3044
3089 3057 3056
3090 3040 3051
3038 3099 3048
3101 3048 3077
3080 3051 3053
3058 3102 3072
3103 3071 3089
3104 3067 3105
3105 3061 3060
3102 3071 3108
3107 3073 3104
3109 3110 3111
3109 3111 3112
3112 3111 3113
3112 3113 3114
3114 3113 3115
3114 3115 3116
3117 3118 3119
3117 3119 3120
3120 3119 3121
3120 3121 3122
3122 3121 3123
3122 3123 3124
3124 3123 3125
3124 3125 3126
3126 3125 3127
3126 3127 3128
3128 3127 3129
3128 3129 3130
3130 3129 3131
3130 3131 3132
3132 3131 3133
3132 3133 3134
3134 3133 3110
3134 3110 3109
3135 3136 3137
3138 3139 3140
3141 3142 3143
3141 3143 3144
3145 3146 3147
3145 3147 3148
3142 3149 3150
3142 3150 3143
3146 3151 3152
3146 3152 3147
3149 3135 3137
3149 3137 3150
3151 3140 3139
3151 3139 3152
3153 3141 3144
3153 3144 3154
3155 3145 3148
3155 3148 3156
3153 3154 3157
3155 3156 3158
3159 3160 3161
3159 3161 3162
3162 3161 3163
3162 3163 3164
3164 3163 3165
3164 3165 3166
3167 3168 3169
3167 3169 3170
3170 3169 3171
3170 3171 3172
3172 3171 3173
3172 3173 3174
3174 3173 3175
3174 3175 3176
3176 3175 3177
3176 3177 3178
3178 3177 3179
3178 3179 3180
3180 3179 3181
3180 3181 3182
3182 3181 3183
3182 3183 3184
3184 3183 3160
3184 3160 3159
3185 3186 3187
3188 3189 3190
3191 3192 3193
3191 3193 3194
3195 3196 3197
3195 3197 3198
3192 3199 3200
3192 3200 3193
3196 3201 3202
3196 3202 3197
3199 3185 3187
3199 3187 3200
3201 3190 3189
3201 3189 3202
3203 3191 3194
3203 3194 3204
3205 3195 3198
3205 3198 3206
3203 3204 3207
3205 3206 3208
3209 3210 3211
3209 3211 3212
3212 3211 3213
3212 3213 3214
3214 3213 3215
3214 3215 3216
3217 3218 3219
3217 3219 3220
3220 3219 3221
3220 3221 3222
3222 3221 3223
3222 3223 3224
3224 3223 3225
3224 3225 3226
3226 3225 3227
3226 3227 3228
3228 3227 3229
3228 3229 3230
3230 3229 3231
3230 3231 3232
3232 3231 3233
3232 3233 3234
3234 3233 3210
3234 3210 3209
3235 3236 3237
3238 3239 3240
3241 3242 3243
3241 3243 3244
3245 3246 3247
3245 3247 3248
3242 3249 3250
3242 3250 3243
3246 3251 3252
3246 3252 3247
3249 3235 3237
3249 3237 3250
3251 3240 3239
3251 3239 3252
3253 3241 3244
3253 3244 3254
3255 3245 3248
3255 3248 3256
3253 3254 3257
3255 3256 3258
3259 3260 3261
3259 3261 3262
3259 3262 3263
3264 3265 3266
3264 3266 3267
3268 3269 3267
3268 3267 3266
3269 3268 3270
3269 3270 3271
3270 3272 3273
3270 3273 3271
3274 3275 3276
3274 3276 3277
3278 3279 3280
3278 3280 3281
3282 3278 3281
3282 3281 3283
3284 3285 3263
3286 3285 3284
3287 3284 3264
3284 3287 3288
3289 3287 3264
3289 3264 3267
3290 3288 3287
3290 3287 3289
3267 3269 3291
3267 3291 3289
3292 3290 3289
3292 3289 3291
3293 3291 3269
3293 3269 3271
3294 3292 3291
3294 3291 3293
3295 3293 3271
3295 3271 3273
3296 3294 3295
3297 3298 3275
3297 3275 3274
3299 3300 3301
3263 3302 3265
3263 3265 3264
3299 3303 3304
3299 3304 3305
3306 3307 3308
3309 3310 3311
3309 3311 3272
3312 3313 3304
3314 3300 3315
3272 3270 3316
3272 3316 3309
3317 3318 3319
3319 3315 3309
3319 3309 3316
3316 3270 3268
3316 3268 3320
3266 3320 3268
3321 3322 3318
3321 3318 3317
3320 3317 3319
3320 3319 3316
3265 3323 3266
3323 3320 3266
3323 3321 3317
3323 3317 3320
3324 3265 3325
3265 3324 3323
3326 3327 3322
3326 3322 3321
3324 3326 3321
3324 3321 3323
3326 3324 3325
3326 3325 3328
3325 3302 3329
3328 3325 3329
3330 3331 3261
3332 3331 3330
3332 3330 3333
3334 3335 3283
3336 3337 3288
3338 3339 3340
3338 3340 3341
3288 3290 3342
3288 3342 3336
3343 3344 3345
3343 3345 3346
3290 3292 3347
3290 3347 3342
3348 3349 3350
3348 3350 3351
3292 3294 3352
3292 3352 3347
3353 3348 3351
3353 3351 3354
3355 3352 3296
3296 3298 3355
3355 3356 3353
3356 3355 3297
3352 3355 3354
3357 3358 3359
3360 3314 3361
3301 3360 3362
3360 3361 3363
3360 3363 3364
3307 3306 3365
3366 3328 3332
3361 3318 3322
3327 3326 3328
3367 3322 3327
3367 3368 3363
3367 3363 3361
3367 3369 3368
3367 3366 3369
3299 3301 3370
3315 3300 3299
3301 3300 3360
3325 3265 3302
3360 3300 3314
3314 3315 3319
3361 3314 3318
3319 3318 3314
3284 3288 3337
3263 3285 3259
3264 3284 3263
3272 3311 3371
3272 3371 3273
3371 3295 3273
3371 3296 3295
3276 3311 3310
3276 3310 3313
3315 3305 3310
3315 3310 3309
3299 3305 3315
3295 3294 3293
3296 3352 3294
3327 3328 3366
3366 3367 3327
3366 3332 3333
3366 3333 3369
3328 3329 3331
3328 3331 3332
3329 3262 3331
3360 3364 3362
3301 3362 3370
3306 3308 3372
3306 3372 3312
3365 3373 3374
3365 3374 3307
3370 3375 3373
3370 3373 3365
3370 3362 3375
3372 3277 3312
3337 3341 3335
3311 3276 3275
3311 3275 3371
3371 3275 3298
3371 3298 3296
3305 3304 3313
3305 3313 3310
3277 3276 3313
3277 3313 3312
3355 3298 3297
3306 3303 3365
3304 3303 3306
3370 3303 3299
3336 3338 3341
3336 3341 3337
3350 3338 3336
3350 3336 3342
3351 3350 3342
3351 3342 3347
3354 3351 3347
3354 3347 3352
3354 3355 3353
3376 3377 3378
3379 3358 3341
3379 3341 3340
3286 3284 3380
3381 3382 3383
3361 3322 3367
3329 3302 3262
3365 3303 3370
3312 3304 3306
3263 3262 3302
3384 3385 3386
3384 3386 3387
3388 3389 3390
3388 3390 3391
3392 3393 3394
3392 3394 3395
3388 3392 3395
3388 3395 3389
3396 3397 3398
3396 3398 3399
3400 3401 3402
3400 3402 3403
3401 3404 3405
3401 3405 3402
3406 3407 3408
3406 3408 3409
3410 3406 3409
3410 3409 3411
3412 3413 3414
3412 3414 3415
3415 3414 3416
3415 3416 3417
3418 3419 3408
3418 3408 3407
3420 3421 3409
3420 3409 3408
3417 3416 3411
3417 3411 3422
3423 3414 3413
3423 3413 3424
3425 3416 3414
3425 3414 3423
3426 3427 3428
3426 3428 3429
3430 3431 3432
3430 3432 3433
3434 3433 3432
3434 3432 3435
3436 3430 3433
3436 3433 3437
3438 3437 3433
3438 3433 3434
3404 3394 3393
3404 3393 3405
3413 3439 3436
3413 3436 3437
3424 3413 3437
3424 3437 3438
3440 3441 3442
3440 3442 3443
3444 3445 3446
3444 3446 3447
3448 3449 3450
3448 3450 3451
3444 3448 3451
3444 3451 3445
3452 3453 3454
3452 3454 3455
3456 3457 3458
3456 3458 3459
3457 3460 3461
3457 3461 3458
3462 3463 3464
3462 3464 3465
3466 3467 3468
3466 3468 3469
3470 3471 3472
3470 3472 3473
3473 3472 3474
3473 3474 3475
3476 3477 3464
3476 3464 3463
3478 3479 3465
3478 3465 3464
3475 3474 3469
3475 3469 3480
3481 3472 3471
3481 3471 3482
3483 3474 3472
3483 3472 3481
3484 3485 3464
3484 3464 3477
3486 3487 3488
3486 3488 3489
3490 3489 3488
3490 3488 3491
3492 3486 3489
3492 3489 3493
3494 3493 3489
3494 3489 3490
3460 3450 3449
3460 3449 3461
3471 3470 3492
3471 3492 3493
3482 3471 3493
3482 3493 3494
3495 3496 3497
3495 3497 3498
3499 3500 3501
3499 3501 3502
3503 3504 3505
3503 3505 3506
3501 3500 3504
3501 3504 3503
3507 3508 3498
3507 3498 3497
3509 3510 3511
3509 3511 3512
3512 3511 3513
3512 3513 3514
3515 3516 3517
3515 3517 3518
3516 3515 3519
3516 3519 3520
3521 3522 3523
3521 3523 3524
3522 3525 3526
3522 3526 3523
3527 3518 3517
3527 3517 3528
3529 3517 3516
3529 3516 3530
3525 3531 3520
3525 3520 3526
3532 3533 3524
3532 3524 3523
3534 3532 3523
3534 3523 3526
3535 3528 3517
3535 3517 3529
3536 3537 3538
3536 3538 3539
3540 3541 3538
3540 3538 3537
3542 3543 3537
3542 3537 3536
3544 3540 3537
3544 3537 3543
3514 3513 3506
3514 3506 3505
3524 3543 3542
3524 3542 3521
3533 3544 3543
3533 3543 3524
3391 3390 3384
3391 3384 3387
3425 3410 3411
3425 3411 3416
3421 3422 3411
3421 3411 3409
3447 3446 3545
3447 3545 3546
3483 3466 3469
3483 3469 3474
3547 3480 3469
3547 3469 3468
3495 3499 3502
3495 3502 3496
3520 3519 3534
3520 3534 3526
3516 3520 3531
3516 3531 3530
3548 3549 3550
3548 3550 3551
3552 3553 3554
3552 3554 3555
3556 3557 3558
3556 3558 3559
3554 3560 3557
3554 3557 3556
3561 3562 3563
3561 3563 3564
3565 3566 3567
3565 3567 3568
3568 3567 3569
3568 3569 3570
3571 3572 3573
3571 3573 3574
3572 3571 3575
3572 3575 3576
3577 3578 3579
3577 3579 3580
3578 3581 3582
3578 3582 3579
3583 3584 3585
3583 3585 3586
3587 3573 3572
3587 3572 3588
3581 3589 3576
3581 3576 3582
3590 3591 3580
3590 3580 3579
3592 3590 3579
3592 3579 3582
3593 3586 3585
3593 3585 3594
3595 3596 3597
3595 3597 3598
3599 3600 3597
3599 3597 3596
3601 3602 3596
3601 3596 3595
3603 3599 3596
3603 3596 3602
3570 3569 3559
3570 3559 3558
3580 3602 3601
3580 3601 3577
3591 3603 3602
3591 3602 3580
3548 3552 3555
3548 3555 3549
3576 3575 3592
3576 3592 3582
3576 3589 3588
3576 3588 3572
3604 3605 3606
3604 3606 3607
3607 3606 3608
3607 3608 3609
3610 3611 3612
3613 3614 3615
3613 3615 3616
3617 3618 3619
3620 3621 3622
3620 3622 3623
3615 3624 3625
3615 3625 3616
3626 3627 3628
3621 3618 3622
3623 3622 3629
3623 3629 3630
3631 3632 3633
3622 3634 3635
3622 3635 3629
3617 3636 3637
3617 3637 3618
3618 3637 3638
3618 3638 3634
3634 3638 3639
3640 3641 3604
3640 3604 3607
3642 3640 3607
3642 3607 3609
3643 3613 3616
3643 3616 3626
3616 3625 3627
3616 3627 3626
3609 3608 3644
3609 3644 3645
3614 3613 3645
3614 3645 3644
3646 3647 3617
3646 3617 3611
3647 3648 3636
3647 3636 3617
3642 3609 3645
3642 3645 3649
3613 3643 3649
3613 3649 3645
3650 3610 3612
3650 3612 3651
3652 3620 3623
3652 3623 3653
3654 3655 3656
3654 3656 3657
3651 3612 3620
3651 3620 3652
3612 3619 3620
3617 3619 3611
3619 3618 3621
3605 3658 3659
3605 3659 3606
3606 3659 3660
3606 3660 3608
3661 3662 3663
3661 3663 3664
3614 3665 3666
3614 3666 3615
3667 3663 3668
3669 3670 3671
3669 3671 3672
3615 3666 3673
3615 3673 3624
3674 3675 3676
3677 3668 3672
3677 3672 3671
3678 3679 3680
3678 3680 3681
3682 3683 3684
3685 3677 3671
3685 3671 3680
3667 3668 3686
3667 3686 3687
3668 3677 3688
3668 3688 3686
3689 3677 3685
3658 3690 3691
3658 3691 3659
3659 3691 3692
3659 3692 3660
3693 3674 3666
3693 3666 3665
3666 3676 3673
3666 3674 3676
3608 3660 3694
3608 3694 3644
3694 3665 3614
3694 3614 3644
3695 3664 3667
3695 3667 3696
3696 3667 3687
3696 3687 3697
3660 3692 3698
3660 3698 3694
3698 3693 3665
3698 3665 3694
3699 3700 3662
3699 3662 3661
3701 3702 3670
3701 3670 3669
3679 3678 3703
3679 3703 3704
3700 3701 3669
3700 3669 3662
3662 3669 3672
3662 3672 3663
3667 3664 3663
3663 3672 3668
3705 3706 3707
3705 3707 3708
3709 3710 3711
3708 3707 3712
3708 3712 3713
3714 3715 3716
3711 3715 3714
3717 3715 3711
3706 3718 3719
3706 3719 3707
3720 3715 3717
3720 3717 3721
3722 3723 3706
3722 3706 3705
3724 3725 3650
3726 3721 3727
3717 3727 3721
3727 3728 3729
3727 3729 3730
3731 3732 3733
3734 3735 3736
3735 3737 3738
3735 3738 3736
3724 3718 3739
3724 3739 3725
3723 3739 3718
3723 3718 3706
3740 3741 3650
3740 3650 3725
3742 3743 3723
3742 3723 3722
3743 3744 3739
3743 3739 3723
3744 3740 3725
3744 3725 3739
3744 3743 3745
3744 3745 3746
3747 3745 3743
3747 3743 3742
3746 3748 3740
3746 3740 3744
3748 3746 3749
3748 3749 3750
3741 3751 3610
3741 3610 3650
3748 3752 3741
3748 3741 3740
3741 3752 3751
3753 3751 3754
3753 3646 3751
3751 3646 3611
3751 3611 3610
3752 3754 3751
3750 3755 3752
3750 3752 3748
3756 3757 3753
3756 3753 3754
3757 3756 3758
3757 3758 3759
3760 3758 3755
3760 3755 3750
3758 3756 3755
3755 3756 3754
3755 3754 3752
3761 3762 3763
3764 3765 3766
3745 3747 3767
3745 3767 3768
3747 3769 3766
3747 3766 3767
3766 3769 3770
3766 3770 3771
3742 3772 3769
3742 3769 3747
3722 3773 3772
3722 3772 3742
3705 3774 3722
3708 3775 3705
3713 3776 3708
3737 3777 3738
3778 3779 3780
3778 3781 3782
3783 3784 3785
3786 3787 3781
3776 3785 3775
3788 3784 3789
3788 3790 3784
3775 3790 3774
3791 3792 3789
3793 3792 3791
3773 3794 3795
3773 3795 3772
3774 3796 3773
3792 3794 3796
3792 3796 3788
3772 3795 3769
3797 3792 3793
3798 3770 3769
3798 3769 3795
3797 3798 3795
3798 3797 3793
3797 3794 3792
3797 3795 3794
3799 3800 3762
3799 3801 3800
3746 3745 3749
3786 3802 3787
3803 3804 3805
3803 3805 3806
3807 3808 3789
3809 3810 3802
3811 3812 3809
3813 3814 3702
3813 3702 3701
3815 3816 3817
3818 3819 3817
3818 3817 3820
3821 3822 3823
3821 3824 3822
3821 3819 3824
3808 3825 3791
3808 3791 3789
3826 3827 3808
3819 3821 3828
3819 3828 3817
3825 3829 3793
3825 3793 3791
3830 3831 3699
3832 3827 3831
3832 3831 3830
3827 3832 3829
3827 3829 3825
3699 3833 3834
3699 3834 3830
3829 3835 3798
3829 3798 3793
3832 3836 3835
3832 3835 3829
3830 3834 3836
3830 3836 3832
3837 3835 3836
3837 3836 3838
3835 3837 3770
3835 3770 3798
3834 3839 3838
3834 3838 3836
3840 3837 3841
3837 3840 3771
3837 3771 3770
3841 3842 3840
3839 3843 3841
3839 3841 3838
3844 3845 3846
3757 3847 3848
3757 3848 3753
3848 3849 3648
3848 3648 3647
3753 3848 3647
3753 3647 3646
3850 3851 3852
3851 3850 3849
3851 3849 3853
3854 3852 3851
3854 3851 3855
3641 3640 3856
3641 3856 3857
3858 3856 3640
3858 3640 3642
3859 3860 3852
3852 3860 3850
3859 3861 3860
3862 3863 3861
3862 3861 3859
3864 3865 3866
3864 3866 3867
3642 3649 3868
3642 3868 3858
3861 3869 3864
3861 3864 3860
3860 3864 3867
3860 3867 3850
3863 3870 3869
3863 3869 3861
3643 3871 3868
3643 3868 3649
3872 3873 3632
3864 3869 3874
3864 3874 3865
3870 3875 3874
3870 3874 3869
3865 3873 3866
3865 3874 3876
3865 3876 3873
3877 3632 3873
3632 3877 3633
3877 3878 3879
3878 3846 3845
3880 3878 3877
3880 3877 3873
3880 3873 3876
3759 3855 3847
3759 3847 3757
3855 3851 3853
3855 3853 3847
3859 3881 3882
3859 3882 3862
3881 3859 3852
3881 3852 3854
3843 3883 3842
3843 3842 3841
3661 3884 3833
3661 3833 3699
3885 3695 3696
3885 3696 3886
3695 3885 3884
3887 3884 3888
3833 3887 3839
3833 3839 3834
3887 3833 3884
3664 3695 3884
3664 3884 3661
3885 3888 3884
3889 3887 3888
3889 3888 3890
3887 3889 3839
3885 3891 3890
3885 3890 3888
3892 3889 3890
3892 3890 3893
3889 3892 3883
3889 3883 3843
3894 3895 3891
3886 3894 3891
3886 3891 3885
3891 3895 3893
3891 3893 3890
3894 3896 3895
3897 3898 3899
3897 3899 3900
3901 3898 3897
3901 3897 3697
3898 3902 3903
3898 3903 3899
3691 3904 3905
3691 3905 3692
3906 3907 3902
3907 3903 3902
3906 3908 3909
3906 3909 3907
3905 3910 3698
3905 3698 3692
3902 3911 3912
3902 3912 3906
3898 3901 3911
3898 3911 3902
3906 3912 3913
3906 3913 3908
3910 3914 3693
3910 3693 3698
3915 3911 3901
3915 3901 3916
3917 3912 3911
3917 3911 3915
3912 3917 3918
3912 3918 3913
3914 3919 3674
3914 3674 3693
3916 3920 3921
3916 3921 3915
3684 3921 3920
3921 3684 3922
3922 3923 3924
3922 3924 3921
3924 3923 3925
3924 3925 3926
3924 3917 3915
3924 3915 3921
3917 3924 3926
3917 3926 3918
3927 3896 3903
3899 3896 3900
3903 3896 3899
3928 3904 3691
3928 3691 3690
3907 3909 3929
3907 3929 3927
3750 3749 3930
3750 3930 3760
3931 3932 3933
3765 3930 3934
3935 3936 3761
3935 3761 3763
3937 3938 3625
3939 3937 3625
3939 3940 3937
3940 3941 3942
3943 3940 3942
3624 3939 3625
3944 3939 3624
3945 3939 3946
3940 3939 3945
3940 3945 3941
3946 3947 3948
3946 3949 3950
3951 3946 3948
3946 3939 3944
3949 3946 3944
3950 3949 3952
3953 3954 3673
3676 3953 3673
3949 3944 3624
3673 3949 3624
3954 3949 3673
3955 3949 3954
3949 3955 3952
3952 3955 3956
3955 3957 3956
3953 3955 3954
3953 3958 3957
3959 3953 3676
3960 3958 3961
3960 3961 3962
3953 3959 3958
3675 3963 3676
3963 3959 3676
3964 3963 3675
3965 3966 3967
3968 3969 3965
3963 3970 3971
3967 3966 3972
3967 3972 3973
3974 3975 3976
3977 3970 3964
3971 3972 3962
3971 3962 3961
3976 3973 3977
3973 3976 3975
3974 3976 3978
3974 3978 3979
3980 3978 3977
3981 3964 3675
3982 3983 3984
3982 3984 3985
3981 3980 3964
3986 3985 3984
3986 3984 3987
3980 3988 3985
3980 3985 3986
3989 3675 3674
3919 3989 3674
3990 3989 3919
3989 3981 3675
3981 3989 3991
3981 3991 3988
3992 3991 3989
3990 3993 3992
3990 3992 3989
3993 3994 3992
3988 3994 3982
3988 3982 3985
3992 3994 3988
3995 3996 3925
3923 3995 3925
3996 3995 3997
3995 3923 3922
3995 3922 3998
3999 3997 3998
3684 4000 3998
4001 4002 3997
3999 4001 3997
3938 3627 3625
3943 3938 3940
4003 4004 4005
3938 4006 3627
4007 4005 4004
4008 4009 3938
3943 4008 3938
4009 4008 4003
4009 4003 4005
3627 4010 3628
4006 4010 3627
4010 4011 3628
4011 4012 3628
3846 4013 3844
4011 4014 4012
4012 4015 3628
4015 4012 4016
4017 3878 3880
3878 4017 4018
4018 4013 3878
4009 4019 4010
4010 4019 4011
4007 4019 4009
4007 4009 4005
4020 4019 4021
4020 4021 4022
4023 4022 4021
4023 4024 4022
4014 4011 4025
4025 4020 4022
4025 4022 4024
4012 4014 4016
4026 4027 4028
4029 4030 4031
4032 4029 4031
4033 4027 4016
4027 4033 4031
4027 4031 4030
4033 4014 4034
4031 4033 4034
4031 4034 4032
3626 4035 3871
3626 3871 3643
4036 3876 3874
4036 3874 3875
4015 4037 4035
4015 4035 3626
3876 4036 4017
3876 4017 3880
3628 4015 3626
4037 4015 4026
4037 4026 4038
4026 4015 4016
3872 3632 3631
3684 3920 3682
3972 3971 3970
3972 3970 3973
3963 3971 3959
3959 3971 3961
3972 3966 3962
3966 3965 3969
3966 3969 3962
3969 3968 3960
3969 3960 3962
3953 3957 3955
4039 4040 4041
4042 4043 4044
4039 4041 4043
4039 4043 4042
3984 3983 4045
3987 3984 4045
3975 3974 4046
3974 3979 4046
4026 4028 4038
4047 4048 4049
4047 4049 4050
4051 4048 4047
4050 4049 4052
3940 3938 3937
3945 3946 3951
3946 3950 3947
3964 3980 3977
3977 3978 3976
3977 3973 3970
3964 3970 3963
3981 3988 3980
3992 3988 3991
3996 3997 4002
3998 3997 3995
3958 3959 3961
3938 4009 4006
4009 4010 4006
4011 4019 4020
4025 4011 4020
4016 4014 4033
4016 4027 4026
3878 3845 3879
3878 4013 3846
3927 3903 3907
3684 3683 4000
3684 3998 3922
3631 3633 4053
3633 3877 3879
3634 3639 3635
3688 3677 3689
3688 3689 4054
3635 4055 4056
3635 4056 3629
4057 4058 4059
4057 4059 4060
4055 4061 4056
3657 3656 4062
3657 4062 4063
3629 4056 4064
3629 4064 4065
4066 4067 4068
4066 4068 4069
4070 4071 4072
4070 4072 4073
4073 4072 4074
4075 4070 4076
4075 4076 4077
4068 4078 4079
4080 4071 4070
4080 4070 4075
4081 4082 3685
4081 3685 3680
4083 3689 3685
4083 3685 4082
4084 4082 4081
4085 3679 4086
4085 4086 4087
3680 4088 4089
3680 4089 4081
4087 4086 4090
4087 4090 4091
4089 4092 4093
4089 4093 4094
4084 4081 4095
4096 4097 4098
4096 4098 4099
4092 4100 4101
4092 4101 4093
4094 4093 4102
4094 4102 4103
4098 4104 4099
4105 4106 4107
4105 4107 4108
4083 4082 4084
4109 4110 4111
4109 4111 3709
4112 4113 4114
4115 4113 4112
4116 4110 3657
4110 4117 4118
3726 3727 4119
4120 3712 4121
3749 3745 3768
3639 4055 3635
3639 3631 4053
3872 3637 3636
3872 3636 3866
3638 3637 3872
3866 3636 3648
3866 3648 3867
3648 3849 3850
3648 3850 3867
3847 3853 3849
3847 3849 3848
3639 3638 3631
3687 3686 3920
3687 3920 3916
3686 3688 3920
3697 3687 3916
3697 3916 3901
3897 3900 3894
3897 3894 3886
3697 3897 3886
3697 3886 3696
3682 3688 4054
3682 4054 3683
3900 3896 3894
2046 2042 4122
2042 2041 4123
2753 2755 4124
3807 3789 3784
3788 3796 3790
3784 3790 3785
3789 3792 3788
3775 3785 3790
3774 3790 3796
3708 3776 3775
3705 3775 3774
3713 4125 3776
3787 3802 4126
3722 3774 3773
3773 3796 3794
3920 3688 3682
3638 3872 3631
4127 3785 3776
4128 4129 4130
4131 4132 4133
4131 4133 4134
4135 4136 4137
4138 4139 4140
4141 4142 4143
4144 4145 4146
4128 4130 4147
4148 4149 4150
4148 4150 4151
4152 4153 4154
4155 4156 4157
4155 4157 4158
4159 4160 4161
4162 4163 4164
4162 4164 4165
4166 4167 4159
4152 4168 4169
4130 4170 4171
4172 4130 4129
4173 4174 4175
4176 4177 4178
4179 4132 4131
4129 4180 4172
4181 4172 4180
4168 4182 4183
4184 4185 4186
4187 4170 4172
4176 4160 4188
4189 4190 4191
4154 4192 4193
4194 4187 4181
4140 4195 4182
4196 4197 4198
4144 4199 4187
4138 4200 4201
4141 4143 4202
4146 4203 4204
4205 4206 4207
4208 4209 4210
4208 4210 4211
4212 4213 4214
4215 4212 4216
4217 4218 4219
4220 4145 4144
4221 4222 4223
4221 4223 4224
4224 4223 4225
4224 4225 4226
4227 4228 4229
4227 4229 4230
4231 4232 4233
4231 4233 4234
4235 4221 4224
4235 4224 4236
4237 4238 4239
4237 4239 4240
4241 4242 4243
4241 4243 4244
4245 4231 4246
4245 4246 4247
4248 4249 4250
4251 4252 4253
4200 4254 4255
4202 4256 4257
4204 4249 4258
4145 4259 4203
4136 4251 4260
4203 4250 4249
4257 4261 4248
4258 4249 4248
4144 4146 4196
4220 4144 4194
4161 4217 4219
4167 4188 4160
4188 4262 4177
4263 4205 4264
4265 4151 4266
4265 4266 4267
4266 4151 4150
4266 4150 4268
4269 4164 4163
4269 4163 4270
4271 4272 4273
4271 4273 4274
4275 4207 4206
4276 4253 4252
4264 4207 4277
4278 4211 4210
4278 4210 4279
4280 4214 4213
4281 4276 4282
4283 4284 4210
4283 4210 4209
4285 4286 4284
4285 4284 4283
4135 4137 4255
4143 4197 4146
4147 4171 4287
4288 4289 4178
4288 4178 4290
4171 4186 4185
4178 4177 4290
4198 4186 4199
4262 4291 4292
4198 4197 4142
4256 4143 4204
4239 4293 4294
4239 4294 4295
4240 4239 4295
4240 4295 4296
4261 4256 4258
4177 4262 4297
4293 4289 4288
4293 4288 4294
4248 4261 4258
4195 4139 4253
4192 4153 4214
4298 4278 4299
4298 4299 4300
4153 4169 4216
4156 4277 4207
4169 4183 4281
4301 4302 4303
4183 4195 4276
4139 4201 4260
4284 4229 4228
4284 4228 4210
4286 4304 4229
4286 4229 4284
4201 4255 4137
4305 4277 4193
4158 4157 4228
4158 4228 4227
4135 4255 4254
4129 4128 4167
4140 4139 4195
4143 4142 4197
4147 4130 4171
4154 4153 4192
4160 4159 4167
4167 4166 4129
4152 4169 4153
4171 4170 4186
4130 4172 4170
4173 4156 4155
4176 4178 4132
4132 4217 4176
4180 4129 4166
4172 4181 4187
4168 4183 4169
4184 4186 4198
4170 4187 4199
4306 4307 4308
4128 4262 4188
4309 4302 4301
4187 4194 4144
4182 4195 4183
4196 4198 4199
4199 4144 4196
4138 4201 4139
4202 4143 4256
4203 4146 4145
4205 4207 4264
4212 4214 4216
4215 4216 4281
4218 4217 4310
4251 4253 4260
4200 4255 4201
4257 4256 4261
4249 4204 4203
4259 4145 4220
4136 4260 4137
4250 4203 4259
4217 4161 4160
4188 4167 4128
4188 4177 4176
4263 4264 4280
4275 4206 4311
4276 4252 4282
4264 4277 4305
4280 4213 4263
4281 4282 4215
4146 4197 4196
4287 4171 4312
4171 4185 4312
4290 4177 4297
4199 4186 4170
4292 4147 4287
4198 4142 4184
4204 4143 4146
4258 4256 4204
4297 4262 4292
4195 4253 4276
4192 4214 4280
4153 4216 4214
4313 4314 4315
4169 4281 4216
4305 4280 4264
4183 4276 4281
4139 4260 4253
4201 4137 4260
4316 4174 4173
4317 4318 4319
4317 4319 4320
4321 4322 4323
4321 4323 4324
4325 4326 4327
4325 4327 4328
4329 4330 4331
4332 4333 4334
4332 4334 4335
4336 4337 4338
4339 4340 4341
4339 4341 4342
4343 4344 4345
4343 4345 4346
4347 4348 4349
4347 4349 4350
4336 4351 4352
4353 4354 4355
4356 4357 4358
4359 4355 4354
4360 4361 4362
4363 4364 4365
4363 4365 4366
4367 4368 4369
4367 4369 4370
4371 4372 4373
4374 4336 4375
4376 4377 4378
4376 4378 4379
4380 4381 4382
4380 4382 4383
4384 4385 4386
4384 4386 4387
4388 4389 4390
4388 4390 4391
4387 4392 4366
4387 4366 4384
4393 4394 4335
4393 4335 4395
4375 4352 4321
4372 4381 4373
4396 4355 4397
4398 4399 4400
4401 4353 4402
4403 4404 4405
4400 4406 4398
4374 4407 4408
4330 4361 4360
4409 4410 4411
4412 4413 4347
4412 4347 4350
4414 4371 4373
4415 4416 4417
4415 4417 4418
4349 4348 4419
4349 4419 4420
4421 4422 4335
4421 4335 4334
4423 4424 4425
4426 4398 4427
4428 4429 4430
4427 4406 4431
4409 4411 4432
4374 4433 4434
4435 4436 4437
4435 4437 4438
4375 4324 4433
4439 4397 4440
4441 4397 4442
4443 4444 4445
4446 4402 4439
4358 4447 4403
4429 4331 4448
4449 4356 4358
4430 4448 4450
4362 4444 4451
4452 4453 4404
4452 4454 4455
4456 4361 4330
4455 4410 4453
4455 4432 4411
4361 4445 4444
4451 4444 4443
4446 4331 4401
4358 4405 4449
4403 4457 4452
4448 4330 4360
4450 4360 4458
4408 4359 4337
4459 4406 4460
4397 4407 4442
4431 4371 4461
4434 4442 4374
4360 4362 4458
4456 4330 4462
4463 4464 4465
4463 4465 4466
4339 4342 4425
4339 4425 4424
4467 4468 4469
4467 4469 4470
4471 4472 4473
4471 4473 4474
4418 4475 4352
4418 4352 4351
4340 4476 4345
4340 4345 4341
4477 4478 4479
4477 4479 4480
4420 4419 4481
4420 4481 4415
4482 4483 4484
4482 4484 4384
4485 4486 4487
4485 4487 4488
4330 4329 4462
4337 4336 4408
4351 4336 4338
4354 4353 4428
4357 4356 4426
4355 4359 4407
4372 4371 4459
4336 4374 4408
4381 4372 4382
4355 4396 4353
4399 4398 4356
4353 4401 4429
4404 4403 4452
4406 4400 4460
4407 4374 4442
4371 4414 4461
4424 4423 4489
4398 4426 4356
4429 4428 4353
4406 4427 4398
4433 4374 4375
4397 4490 4402
4397 4441 4440
4402 4446 4401
4447 4358 4357
4331 4429 4401
4356 4491 4399
4448 4430 4429
4444 4362 4361
4453 4452 4455
4454 4452 4457
4410 4455 4411
4432 4455 4454
4445 4361 4456
4331 4446 4329
4492 4358 4403
4457 4403 4447
4330 4448 4331
4360 4450 4448
4359 4408 4407
4406 4459 4371
4407 4397 4355
4371 4431 4406
4442 4434 4441
4352 4375 4336
4324 4375 4321
4493 4494 4495
4493 4495 4496
4497 4498 4499
4497 4499 4500
4501 4502 4503
4501 4503 4504
4505 4506 4507
4505 4507 4508
4509 4505 4508
4509 4508 4510
4511 4512 4513
4511 4513 4514
4515 4516 4505
4515 4505 4509
4517 4495 4494
4517 4494 4518
4519 4520 4498
4519 4498 4497
4521 4522 4523
4521 4523 4524
4525 4526 4527
4528 4529 4530
4528 4530 4531
4532 4533 4534
4532 4534 4535
4536 4519 4497
4536 4497 4537
4531 4538 4539
4531 4539 4540
4541 4542 4543
4541 4543 4544
4545 4546 4547
4545 4547 4548
4549 4550 4545
4549 4545 4548
4551 4552 4553
4551 4553 4554
4555 4556 4557
4555 4557 4558
4559 4560 4561
4559 4561 4547
4562 4541 4563
4562 4563 4564
4536 4537 4565
4536 4565 4566
4567 4568 4569
4567 4569 4570
4571 4572 4573
4571 4573 4574
4575 4571 4574
4575 4574 4576
4577 4578 4579
4577 4579 4580
4581 4582 4583
4581 4583 4584
4572 4585 4586
4572 4586 4587
4507 4588 4589
4507 4589 4546
4590 4556 4555
4590 4555 4591
4552 4511 4514
4552 4514 4553
4510 4508 4545
4510 4545 4550
4508 4507 4546
4508 4546 4545
4592 4593 4594
4592 4594 4595
4596 4597 4598
4596 4598 4599
4600 4596 4599
4600 4599 4601
4602 4603 4604
4602 4604 4605
4606 4602 4607
4608 4609 4610
4608 4610 4611
4612 4613 4614
4612 4614 4610
4615 4616 4617
4615 4617 4618
4619 4620 4616
4619 4616 4615
4615 4621 4622
4615 4622 4619
4623 4518 4494
4623 4494 4621
4624 4625 4626
4624 4626 4627
4547 4561 4585
4547 4585 4572
4557 4583 4582
4557 4582 4558
4578 4628 4629
4578 4629 4579
4549 4548 4571
4549 4571 4575
4548 4547 4572
4548 4572 4571
4630 4631 4632
4630 4632 4633
4512 4511 4634
4512 4634 4635
4636 4512 4635
4636 4635 4637
4638 4639 4640
4638 4640 4641
4642 4643 4644
4642 4644 4645
4646 4647 4557
4646 4557 4556
4648 4542 4541
4648 4541 4562
4584 4583 4578
4584 4578 4577
4525 4527 4649
4650 4646 4556
4650 4556 4590
4651 4652 4653
4651 4653 4601
4647 4578 4583
4647 4583 4557
4633 4632 4654
4655 4656 4657
4655 4657 4658
4659 4660 4661
4659 4661 4662
4663 4664 4665
4663 4665 4666
4506 4667 4588
4506 4588 4507
4667 4506 4668
4667 4668 4669
4670 4671 4672
4673 4674 4619
4673 4619 4622
4675 4676 4677
4675 4677 4678
4533 4659 4662
4533 4662 4534
4679 4680 4681
4679 4681 4682
4683 4684 4685
4683 4685 4686
4687 4688 4689
4681 4590 4591
4681 4591 4682
4690 4691 4692
4690 4692 4693
4694 4690 4693
4694 4693 4695
4696 4697 4698
4696 4698 4699
4700 4701 4702
4700 4702 4703
4704 4700 4703
4704 4703 4705
4706 4707 4708
4706 4708 4709
4702 4710 4711
4702 4711 4712
4713 4714 4700
4713 4700 4704
4714 4715 4701
4714 4701 4700
4715 4716 4717
4715 4717 4701
4718 4719 4720
4718 4720 4721
4698 4697 4722
4698 4722 4723
4724 4725 4726
4724 4726 4727
4725 4728 4729
4725 4729 4726
4730 4731 4732
4730 4732 4733
4734 4569 4735
4734 4735 4736
4717 4710 4702
4717 4702 4701
4719 4737 4738
4719 4738 4720
4739 4740 4732
4739 4732 4731
4739 4731 4741
4739 4741 4742
4743 4744 4690
4743 4690 4694
4745 4746 4699
4745 4699 4698
4747 4748 4726
4747 4726 4729
4727 4726 4748
4727 4748 4749
4745 4698 4723
4745 4723 4750
4697 4696 4740
4697 4740 4739
4744 4724 4751
4744 4725 4724
4728 4725 4743
4752 4753 4754
4752 4754 4755
4756 4757 4758
4724 4727 4759
4724 4759 4760
4761 4762 4569
4691 4690 4744
4691 4744 4751
4763 4759 4727
4763 4727 4749
4764 4765 4722
4764 4722 4742
4766 4767 4741
4766 4741 4768
4769 4502 4770
4769 4770 4771
4772 4708 4707
4772 4707 4773
4774 4775 4776
4774 4776 4777
4589 4778 4779
4589 4779 4780
4585 4781 4782
4585 4782 4586
4588 4783 4784
4588 4784 4589
4604 4603 4785
4604 4785 4786
4561 4787 4781
4561 4781 4585
4788 4789 4790
4667 4791 4783
4667 4783 4588
4669 4792 4791
4669 4791 4667
4611 4610 4793
4611 4793 4794
4610 4614 4795
4610 4795 4796
4616 4797 4798
4616 4798 4617
4799 4800 4801
4799 4801 4802
4620 4619 4674
4620 4674 4803
4678 4677 4804
4678 4804 4805
4621 4494 4493
4621 4493 4622
4621 4615 4618
4621 4618 4623
4625 4806 4609
4625 4609 4626
4609 4608 4807
4609 4807 4626
4808 4809 4658
4808 4658 4657
4622 4493 4810
4622 4810 4673
4811 4812 4813
4811 4813 4542
4752 4706 4814
4752 4814 4753
4753 4814 4815
4816 4817 4818
4816 4818 4755
4522 4562 4564
4522 4564 4523
4516 4515 4819
4516 4819 4820
4502 4821 4770
4822 4823 4636
4822 4636 4637
4776 4824 4569
4776 4569 4734
4679 4772 4773
4679 4773 4680
4777 4776 4734
4777 4734 4825
4672 4826 4670
4826 4827 4670
4527 4526 4828
4527 4828 4829
4829 4830 4649
4829 4649 4527
4496 4672 4671
4496 4671 4831
4689 4688 4832
4689 4832 4833
4672 4496 4495
4672 4495 4826
4826 4495 4517
4826 4517 4827
4627 4829 4828
4627 4828 4624
4627 4834 4830
4627 4830 4829
4493 4496 4831
4493 4831 4810
4835 4836 4656
4835 4656 4655
4837 4838 4839
4840 4837 4839
4841 4842 4843
4844 4845 4843
4693 4692 4838
4693 4838 4837
4695 4693 4837
4695 4837 4840
4842 4841 4730
4842 4730 4733
4844 4766 4768
4844 4768 4845
4846 4847 4800
4846 4800 4799
4848 4849 4643
4848 4643 4642
4850 4851 4529
4850 4529 4528
4520 4852 4801
4520 4801 4498
4498 4801 4800
4498 4800 4499
4664 4663 4805
4664 4805 4804
4721 4746 4745
4721 4745 4718
4748 4747 4716
4748 4716 4715
4749 4748 4715
4749 4715 4714
4718 4745 4750
4718 4750 4853
4763 4749 4714
4763 4714 4713
4854 4855 4773
4854 4773 4707
4856 4680 4773
4533 4532 4857
4533 4857 4858
4857 4532 4859
4857 4859 4820
4820 4859 4860
4820 4860 4516
4861 4753 4862
4863 4864 4602
4863 4602 4606
4865 4863 4606
4865 4606 4866
4654 4867 4597
4654 4597 4868
4869 4870 4633
4869 4633 4600
4864 4788 4603
4864 4603 4602
4600 4633 4654
4600 4654 4596
4788 4790 4785
4788 4785 4603
4574 4573 4864
4574 4864 4863
4576 4574 4863
4576 4863 4865
4654 4577 4580
4654 4580 4867
4631 4581 4584
4631 4584 4632
4573 4871 4788
4573 4788 4864
4632 4584 4577
4632 4577 4654
4871 4872 4789
4871 4789 4788
4607 4602 4605
4569 4705 4703
4723 4722 4765
4723 4765 4873
4742 4741 4767
4742 4767 4764
4750 4723 4873
4750 4873 4874
4742 4722 4697
4742 4697 4739
4768 4741 4731
4768 4731 4730
4845 4768 4730
4845 4730 4841
4853 4750 4874
4853 4874 4758
4862 4753 4815
4843 4845 4841
4751 4724 4760
4743 4725 4744
3866 3873 3872
3622 3618 3634
3612 3611 3619
3620 3619 3621
3809 3812 3810
3802 3810 4126
3817 3816 3820
3808 3827 3825
3841 3837 3838
3839 3889 3843
354 324 323
354 323 334
335 332 323
335 323 320
333 332 337
333 337 339
340 337 336
340 336 345
356 343 342
356 342 348
342 340 345
342 345 348
324 355 357
324 357 325
355 359 357
363 343 356
363 356 360
614 613 643
614 643 621
614 623 624
614 624 609
625 623 622
625 622 627
626 625 629
626 629 634
633 632 645
633 645 637
634 629 633
634 633 637
646 644 613
646 613 612
648 644 646
645 632 652
645 652 650
