byte offset: 0
first index: 61632
index count: 2154
topology: trianglelist
format: DXGI_FORMAT_R16_UINT

18450 18451 18452
18453 18454 18451
18455 18456 18452
18457 18458 18459
18455 18460 18461
18462 18463 18464
18465 18466 18467
18465 18467 18468
18469 18470 18471
18472 18473 18474
18475 18476 18477
18475 18478 18479
18477 18480 18481
18482 18476 18483
18481 18480 18484
18480 18485 18484
18486 18487 18488
18484 18485 18489
18490 18491 18492
18493 18494 18495
18496 18497 18495
18498 18495 18494
18494 18499 18498
18500 18501 18502
18503 18501 18494
18504 18501 18500
18500 18505 18504
18506 18507 18508
18509 18500 18510
18511 18512 18513
18514 18515 18516
18514 18516 18507
18516 18508 18507
18517 18512 18518
18517 18518 18519
18520 18521 18522
18520 18522 18515
18515 18514 18523
18515 18523 18520
18514 18524 18525
18514 18525 18523
18526 18527 18528
18526 18528 18529
18530 18531 18532
18530 18532 18524
18533 18534 18535
18533 18535 18536
18537 18538 18539
18537 18539 18540
18541 18542 18543
18541 18543 18544
18545 18546 18547
18548 18545 18549
18550 18551 18552
18553 18554 18548
18555 18556 18557
18557 18558 18559
18463 18557 18488
18559 18488 18557
18560 18561 18468
18463 18465 18555
18562 18563 18564
18565 18564 18566
18567 18568 18569
18570 18571 18572
18461 18565 18573
18572 18461 18460
18574 18572 18575
18576 18572 18574
18577 18578 18579
18580 18581 18582
18578 18577 18583
18539 18538 18584
18539 18584 18585
18579 18586 18587
18579 18587 18577
18588 18589 18577
18588 18577 18587
18587 18590 18591
18587 18591 18588
18539 18592 18593
18539 18593 18594
18595 18596 18594
18595 18594 18593
18586 18597 18590
18586 18590 18587
18598 18599 18600
18598 18600 18601
18602 18603 18604
18605 18606 18600
18604 18603 18607
18608 18609 18610
18607 18611 18575
18612 18608 18613
18604 18607 18614
18602 18615 18616
18617 18618 18619
18620 18621 18622
18492 18623 18624
18625 18626 18627
18626 18628 18629
18628 18630 18631
18632 18633 18634
18635 18636 18631
18637 18638 18639
18640 18638 18641
18642 18643 18644
18645 18646 18642
18647 18648 18649
18650 18651 18652
18642 18650 18653
18654 18655 18656
18640 18657 18479
18658 18479 18657
18479 18659 18640
18659 18479 18478
18636 18660 18629
18627 18629 18660
18627 18661 18481
18662 18655 18663
18664 18632 18665
18630 18628 18666
18630 18666 18667
18628 18626 18668
18628 18668 18666
18668 18669 18670
18669 18671 18670
18489 18672 18484
18672 18673 18484
18669 18668 18626
18463 18488 18674
18660 18638 18659
18675 18676 18677
18659 18661 18660
18478 18475 18661
18470 18662 18471
18455 18452 18678
18451 18678 18452
18679 18680 18681
18571 18564 18565
18682 18566 18683
18681 18684 18685
18686 18581 18687
18583 18577 18589
18583 18589 18688
18689 18651 18452
18690 18691 18692
18613 18608 18610
18606 18693 18694
18500 18695 18510
18562 18571 18570
18572 18571 18461
18575 18572 18460
18605 18600 18599
18605 18599 18696
18611 18603 18697
18697 18698 18699
18700 18602 18701
18614 18460 18678
18457 18702 18458
18469 18703 18704
18705 18469 18706
18573 18565 18707
18679 18708 18565
18607 18460 18614
18615 18614 18454
18604 18614 18615
18461 18571 18565
18709 18710 18711
18711 18712 18713
18714 18560 18715
18569 18716 18717
18565 18566 18679
18718 18560 18468
18679 18566 18682
18719 18469 18704
18469 18471 18706
18662 18663 18706
18706 18471 18662
18720 18703 18705
18457 18721 18722
18452 18456 18689
18652 18651 18689
18451 18614 18678
18451 18454 18614
18483 18723 18724
18725 18677 18475
18677 18723 18475
18472 18685 18684
18662 18726 18656
18656 18655 18662
18654 18727 18655
18728 18648 18729
18642 18730 18650
18649 18648 18728
18731 18548 18549
18640 18659 18638
18632 18664 18633
18632 18634 18732
18733 18734 18735
18733 18735 18736
18736 18735 18737
18736 18737 18738
18739 18740 18741
18739 18741 18742
18743 18744 18740
18743 18740 18739
18745 18746 18744
18745 18744 18743
18747 18748 18746
18747 18746 18745
18749 18750 18748
18749 18748 18747
18751 18752 18753
18751 18753 18754
18755 18756 18752
18755 18752 18751
18757 18758 18759
18757 18759 18760
18761 18762 18763
18761 18763 18764
18765 18766 18767
18765 18767 18768
18769 18770 18771
18769 18771 18772
18773 18774 18775
18773 18775 18776
18776 18775 18777
18776 18777 18778
18779 18780 18781
18779 18781 18782
18783 18784 18785
18783 18785 18786
18787 18788 18789
18787 18789 18790
18791 18792 18793
18791 18793 18794
18795 18796 18797
18795 18797 18798
18799 18800 18801
18799 18801 18802
18803 18804 18805
18803 18805 18806
18807 18808 18804
18807 18804 18803
18809 18810 18811
18809 18811 18812
18813 18814 18810
18813 18810 18809
18798 18797 18815
18798 18815 18816
18738 18737 18762
18738 18762 18761
18802 18801 18817
18802 18817 18818
18819 18820 18814
18819 18814 18813
18492 18624 18821
18672 18822 18671
18671 18673 18672
18625 18673 18669
18484 18673 18625
18823 18824 18825
18823 18825 18826
18643 18827 18828
18829 18638 18637
18788 18823 18826
18788 18826 18789
18643 18828 18830
18787 18790 18831
18787 18831 18791
18642 18644 18645
18644 18643 18830
18779 18782 18785
18779 18785 18784
18639 18636 18635
18639 18638 18636
18669 18626 18625
18753 18750 18749
18753 18749 18754
18513 18505 18509
18625 18627 18481
18627 18660 18661
18626 18629 18627
18636 18629 18631
18481 18661 18477
18638 18660 18636
18661 18659 18478
18628 18631 18629
18832 18732 18634
18476 18475 18723
18480 18477 18476
18481 18484 18625
18506 18508 18833
18834 18835 18836
18836 18835 18837
18838 18839 18840
18838 18841 18842
18838 18843 18844
18845 18846 18847
18847 18848 18845
18847 18849 18848
18850 18851 18852
18853 18854 18855
18856 18857 18858
18856 18855 18859
18857 18860 18861
18862 18858 18861
18863 18864 18865
18861 18866 18862
18867 18868 18866
18864 18869 18870
18866 18871 18867
18872 18873 18874
18875 18876 18877
18878 18873 18875
18879 18880 18881
18882 18883 18881
18874 18881 18884
18885 18881 18880
18882 18886 18887
18888 18889 18890
18887 18891 18882
18892 18893 18894
18895 18890 18896
18897 18890 18889
18898 18899 18893
18900 18896 18901
18900 18901 18902
18896 18900 18903
18896 18903 18895
18895 18903 18904
18895 18904 18905
18906 18907 18908
18906 18908 18909
18910 18905 18911
18910 18911 18912
18890 18895 18905
18890 18905 18910
18913 18914 18915
18916 18917 18918
18919 18920 18921
18922 18923 18919
18924 18925 18926
18927 18922 18928
18929 18930 18931
18932 18933 18934
18846 18935 18929
18936 18868 18867
18937 18938 18931
18846 18929 18847
18939 18940 18941
18942 18943 18944
18941 18945 18946
18947 18948 18949
18950 18842 18942
18948 18843 18950
18951 18952 18948
18953 18948 18947
18954 18955 18956
18957 18958 18959
18956 18960 18954
18961 18962 18963
18961 18963 18915
18955 18954 18964
18955 18964 18965
18966 18964 18954
18966 18954 18967
18964 18966 18968
18964 18968 18969
18961 18970 18971
18961 18971 18972
18973 18971 18970
18973 18970 18974
18965 18964 18969
18965 18969 18975
18976 18977 18978
18976 18979 18977
18980 18981 18982
18983 18977 18984
18983 18984 18985
18986 18987 18981
18988 18989 18990
18987 18952 18991
18992 18993 18988
18986 18994 18987
18980 18995 18986
18996 18997 18998
18996 18998 18999
19000 19001 19002
18869 19003 19004
19005 19006 19007
19007 19008 19009
19010 19011 19012
19012 19013 19014
19015 19016 19017
19018 19019 19020
19021 19022 19020
19023 19024 19021
19025 19026 19027
19028 19029 19030
19031 19032 19033
19023 19034 19031
19034 18854 19032
19021 19034 19023
18854 18859 18855
18859 19021 19035
19017 19036 19037
19038 19037 19036
19038 18860 19039
19040 19041 19032
19042 19043 19012
19012 19043 19044
19012 19044 19010
19009 19045 19046
19009 19046 19007
19046 19047 19048
19048 19049 19050
18869 18864 19051
19051 18864 19050
19048 19007 19046
18846 18862 18868
19037 19035 19020
19052 19053 18845
19035 19037 19039
19054 19039 18856
18851 19055 19056
18838 18844 18839
18835 18839 18844
19057 18848 18849
18949 18942 18944
18849 18937 18943
18852 19052 18848
19002 18958 19058
18960 18967 18954
18960 19059 18967
19041 18839 19033
19060 19061 19062
18993 18989 18988
18985 19063 18959
18882 18891 18883
18881 18883 18884
18939 18949 18944
18948 18950 18949
18952 18843 18948
18983 19064 18978
18983 18978 18977
18991 18981 18987
19065 18982 18981
19066 19067 18980
19066 18980 18982
18994 18844 18843
18838 18842 18950
18850 19057 19068
18841 18840 19055
18842 19068 18942
19057 18942 19068
18987 18843 18952
18995 18837 18994
18986 18995 18994
18950 18942 18949
18883 19069 18884
19070 18931 18930
18945 18937 18931
18940 18943 18937
18942 19057 18943
18849 18938 18937
19057 18849 18943
18852 19057 18850
19040 18840 19041
18840 19040 19055
18842 18841 19068
18838 18840 18841
18839 19041 18840
19032 19041 19033
18835 18844 18994
18835 18994 18837
19071 19053 18858
18855 18856 18853
18853 18856 19053
18853 18851 19056
19040 18854 19056
18854 19040 19032
19034 19032 19031
19072 19073 19030
19023 19031 19074
19029 19072 19030
19075 19076 18922
19021 19020 19035
19012 19014 19042
19012 19011 19013
19077 19078 19079
19077 19079 19080
19078 19081 19082
19078 19082 19079
19083 19084 19085
19083 19085 19086
19087 19083 19086
19087 19086 19088
19089 19087 19088
19089 19088 19090
19091 19089 19090
19091 19090 19092
19093 19091 19092
19093 19092 19094
19095 19096 19097
19095 19097 19098
19099 19095 19098
19099 19098 19100
19101 19102 19103
19101 19103 19104
19105 19106 19107
19105 19107 19108
19109 19110 19111
19109 19111 19112
19113 19114 19115
19113 19115 19116
19117 19118 19119
19117 19119 19120
19121 19122 19123
19121 19123 19124
19123 19122 19125
19123 19125 19126
19127 19128 19129
19127 19129 19130
19131 19132 19133
19131 19133 19134
19135 19136 19137
19135 19137 19138
19139 19140 19141
19139 19141 19142
19143 19144 19145
19143 19145 19146
19147 19143 19146
19147 19146 19148
19149 19147 19148
19149 19148 19150
19151 19152 19153
19151 19153 19154
19155 19151 19154
19155 19154 19156
19140 19157 19158
19140 19158 19159
19081 19105 19108
19081 19108 19082
19144 19160 19161
19144 19161 19145
19115 19155 19156
19115 19156 19116
18869 19051 19003
19051 19049 19003
19049 19051 19050
19005 19048 19050
18864 19005 19050
19130 19129 19162
19130 19162 19163
19021 19164 19022
19022 19018 19020
19163 19162 19132
19163 19132 19131
19021 19165 19164
19133 19135 19138
19133 19138 19166
19023 19025 19024
19024 19165 19021
19125 19128 19127
19125 19127 19126
19019 19015 19017
19019 19017 19020
19048 19005 19007
19097 19096 19093
19097 19093 19094
19167 18892 18887
19005 18863 19006
19038 19039 19037
19168 19038 19036
19017 19016 19036
18860 18857 19039
19020 19017 19037
19039 19054 19035
19010 19169 19011
19015 19170 19016
18858 19053 18856
18861 18858 18857
18863 19005 18864
18888 19171 18889
18451 18450 18453
18460 18455 18678
18463 18462 18465
18466 18465 18462
18470 18469 18719
18473 18472 19172
18476 18482 18480
18485 18480 18482
18491 18490 19173
18494 18493 18503
18497 18496 19174
18495 18498 18496
18499 18494 18501
18501 18503 18502
18501 18504 18499
18505 18500 18509
18512 18511 18518
18556 18555 18561
18558 18557 18556
18557 18463 18555
18488 18559 18486
18568 18567 19175
18572 18576 18570
18581 18580 18693
18603 18602 18698
18600 18606 19176
18615 18602 18604
19177 19178 19179
18621 18620 18686
18646 18645 19180
18657 18640 19181
18479 18658 18725
18671 18669 18673
18662 18470 18726
18680 18679 18682
18684 18681 18680
18581 18686 18582
18691 18690 19182
18571 18562 18564
18603 18611 18607
18698 18697 18603
18602 18700 18698
18460 18607 18575
18712 18711 19183
18560 18714 18561
18716 18569 19184
18723 18483 18476
18685 18472 18474
18513 18509 18511
18835 18834 18839
18843 18838 18950
18846 18845 19071
18849 18847 18938
18851 18850 19055
18854 18853 19056
18858 18862 19071
18866 18861 19185
18871 18866 19186
18876 18875 18873
18873 18878 18879
18880 18879 18878
18881 18874 18879
18881 18885 18882
18886 18882 18885
18893 18892 19167
18896 18890 18897
18893 18899 18894
18915 18914 18961
18917 18916 19187
18920 18919 18923
18923 18922 19076
18930 18929 18935
18933 18932 19188
18935 18846 18868
18868 18936 18935
18940 18939 18944
18945 18941 18940
18948 18953 18951
18958 18957 19058
18981 18980 18986
18995 18980 19189
19001 19000 19190
19026 19025 19023
19034 19021 18859
18859 18854 19034
19049 19048 19047
18862 18846 19071
19053 19052 18853
18848 19057 18852
19052 18852 18851
18958 19002 19001
19061 19060 19191
18949 18939 18947
18981 18991 19065
18982 19065 19192
18843 18987 18994
19069 18883 19193
18931 19070 18945
18937 18945 18940
18943 18940 18944
19053 19071 18845
18851 18853 19052
19167 18887 18886
18841 19055 18850
19068 18841 18850
18931 18938 18929
18845 18848 19052
18847 18929 18938
18856 18859 19054
18859 19035 19054
18856 19039 18857
18874 18873 18879
18926 18925 19000
18928 18922 18919
19056 19055 19040
18866 18868 18862
18488 18487 19194
18674 18488 19194
18555 18465 18468
18468 18467 18718
18677 18676 18723
18705 18703 18469
18468 18561 18555
18500 18502 18695
18711 18710 19183
18548 18554 18545
18552 18551 18620
18564 18563 19195
18549 18545 18547
18547 18546 19196
18475 18479 18725
18661 18475 18477
