byte offset: 0
first index: 18351
index count: 8805
topology: trianglelist
format: DXGI_FORMAT_R16_UINT

4875 4876 4877
4878 4879 4880
4881 4882 4883
4884 4885 4886
4887 4888 4889
4890 4891 4892
4890 4892 4893
4894 4895 4896
4894 4896 4897
4896 4895 4898
4896 4898 4899
4900 4901 4902
4900 4902 4903
4904 4893 4892
4905 4906 4897
4905 4897 4896
4907 4877 4908
4905 4896 4899
4905 4899 4909
4907 4910 4875
4911 4912 4900
4911 4900 4903
4913 4914 4884
4915 4916 4917
4915 4917 4918
4919 4920 4921
4919 4921 4922
4923 4924 4925
4923 4925 4926
4927 4928 4929
4927 4929 4930
4912 4911 4931
4912 4931 4932
4909 4933 4934
4909 4934 4905
4906 4905 4934
4906 4934 4935
4904 4936 4937
4904 4937 4938
4939 4940 4941
4942 4943 4944
4945 4946 4947
4948 4949 4950
4929 4928 4949
4929 4949 4948
4924 4945 4947
4924 4947 4925
4951 4952 4920
4951 4920 4919
4941 4940 4916
4941 4916 4915
4891 4890 4918
4891 4918 4917
4953 4954 4922
4953 4922 4921
4895 4923 4926
4895 4926 4898
4955 4927 4930
4955 4930 4956
4957 4958 4938
4957 4938 4937
4959 4960 4935
4959 4935 4934
4959 4934 4933
4959 4933 4961
4932 4931 4962
4932 4962 4963
4964 4965 4966
4967 4968 4969
4970 4968 4971
4972 4973 4974
4972 4974 4975
4976 4977 4972
4974 4973 4978
4979 4980 4976
4981 4982 4983
4984 4985 4986
4984 4983 4985
4987 4966 4988
4989 4990 4958
4989 4958 4957
4991 4989 4992
4988 4992 4987
4908 4993 4907
4959 4994 4995
4959 4995 4960
4996 4995 4997
4998 4997 4999
5000 5001 5002
5000 5002 5003
5004 4994 4959
5004 4959 4961
5005 5006 5007
5005 5007 5008
4994 5004 5009
4994 5009 4997
5003 5002 5010
5011 5012 5013
5014 5015 4913
5016 5017 5018
5016 5018 5019
5019 5018 4963
5019 4963 5020
5021 5022 5023
5021 5023 5024
5021 5025 5026
5014 5027 5015
5028 4977 4980
5028 4980 5024
4981 5029 5030
5021 4980 5031
4876 4888 4887
5032 5033 5034
4885 5035 5036
4886 4885 5036
4875 4889 4888
5037 5038 4971
4970 4971 5039
5040 4980 4979
5041 5042 5043
5041 5043 5044
5045 5046 5047
5045 5047 5048
5049 5050 5051
5052 5053 5054
5052 5054 5055
5044 5043 5056
5044 5056 5057
5058 5059 5060
5061 5062 5059
5063 5064 5065
5066 5063 5065
5067 5061 5058
5068 5069 5061
5070 5060 5059
5071 5059 5062
5072 5073 5074
5072 5074 5075
5076 5077 5078
5076 5078 5079
5080 5072 5075
5080 5075 5076
5075 5074 5081
5075 5081 5082
5083 5070 5084
5085 5086 5087
5088 5089 5081
5090 5074 5073
5090 5073 5091
5092 5084 5093
5093 5091 5092
5084 5071 5094
5093 5094 5095
5095 5096 5093
5064 5068 5067
5063 5097 5068
5098 5099 5079
5098 5079 5078
5100 5101 5102
5100 5102 5103
5103 5102 5050
5103 5050 5049
5048 5104 5099
5048 5099 5098
5080 5076 5079
5080 5079 5105
5077 5076 5075
5077 5075 5082
5051 5050 5106
5107 5108 5109
5110 5111 5112
5113 5114 5107
5115 5114 5116
5117 5118 5116
5119 5120 5121
5122 5123 5124
5125 5126 5111
5127 5124 5128
5127 5128 5129
5112 5108 5130
5112 5111 5109
5108 5114 5131
5116 5114 5113
5116 5118 5132
5121 5120 5133
5124 5123 5134
5135 5128 5124
5135 5124 5136
5125 5111 5110
5137 5138 5139
5140 5141 5142
5140 5142 5143
5140 5143 5144
5145 5146 5147
5145 5147 5148
5149 5150 5151
5149 5151 5152
5153 5154 5155
5153 5155 5156
5157 5158 5159
5160 5161 5152
5160 5152 5151
5153 5156 5162
5153 5162 5163
5164 5165 5166
5167 5168 5169
5167 5169 5170
5171 5172 5173
5174 5175 5176
5174 5176 5177
5178 5167 5179
5178 5179 5180
5181 5162 5178
5181 5178 5180
5161 5160 5177
5161 5177 5176
5182 5183 5184
5182 5184 5185
5186 5187 5188
5186 5188 5189
5190 5191 5192
5190 5192 5193
5194 5195 5196
5194 5196 5197
5198 5199 5196
5198 5196 5200
5201 5143 5202
5143 5203 5202
5204 5142 5141
5138 5205 5139
5206 5207 5208
5207 5209 5208
5210 5211 5212
5211 5213 5212
5148 5147 5214
5148 5214 5215
5147 5184 5183
5147 5183 5214
5216 5217 5218
5188 5187 5219
5188 5219 5220
5221 5141 5222
5140 5222 5141
5223 5224 5225
5166 5226 5164
5164 5226 5172
5148 5187 5186
5148 5186 5145
5150 5149 5227
5150 5227 5228
5159 5229 5230
5159 5230 5231
5158 5232 5233
5158 5233 5159
5215 5219 5187
5215 5187 5148
5202 5234 5201
5202 5235 5236
5237 5238 5239
5235 5204 5240
5173 5169 5171
5241 5242 5243
5241 5243 5244
5180 5179 5245
5180 5245 5246
5244 5157 5153
5244 5153 5241
5247 5248 5185
5247 5185 5184
5184 5147 5146
5184 5146 5247
5249 5250 5251
5185 5252 5253
5185 5253 5182
5252 5254 5255
5254 5252 5185
5256 5257 5258
5259 5260 5261
5259 5262 5263
5264 5265 5266
5157 5159 5153
5206 5189 5188
5206 5188 5207
5193 5192 5228
5193 5228 5227
5200 5196 5195
5200 5195 5267
5197 5196 5199
5197 5199 5268
5207 5188 5220
5207 5220 5209
5171 5168 5165
5174 5216 5218
5174 5218 5175
5269 5270 5271
5269 5271 5272
5251 5250 5252
5251 5255 5273
5274 5275 5234
5276 5236 5235
5263 5277 5278
5240 5279 5280
5240 5276 5235
5172 5226 5276
5257 5279 5258
5273 5172 5257
5172 5276 5257
5173 5172 5273
5273 5257 5249
5281 5282 5283
5284 5285 5286
5284 5286 5287
5283 5288 5289
5290 5291 5292
5293 5288 5294
5293 5294 5295
5296 5297 5298
5297 5283 5289
5297 5289 5298
5297 5296 5299
5283 5297 5300
5283 5300 5281
5301 5300 5297
5301 5297 5299
5301 5299 5302
5301 5302 5303
5304 5305 5306
5307 5308 5309
5310 5309 5311
5307 5312 5313
5313 5314 5315
5316 5313 5317
5318 5319 5320
5317 5315 5321
5318 5320 5322
5323 5324 5302
5323 5302 5325
5324 5326 5305
5283 5282 5294
5284 5287 5327
5284 5327 5328
5329 5285 5284
5329 5284 5330
5283 5294 5288
5290 5292 5331
5332 5287 5286
5332 5286 5333
5334 5335 5287
5334 5287 5332
5306 5309 5308
5305 5336 5309
5304 5303 5302
5304 5302 5324
5325 5302 5299
5325 5299 5296
5320 5321 5315
5322 5320 5314
5337 5338 5339
5340 5341 5342
5343 5341 5344
5345 5346 5337
5347 5348 5349
5350 5351 5352
5353 5344 5354
5342 5338 5355
5342 5341 5356
5354 5341 5340
5338 5348 5347
5357 5346 5345
5357 5351 5358
5353 5354 5359
5173 5273 5255
5251 5273 5249
5252 5255 5251
5254 5185 5248
4976 4980 4977
4976 4972 4975
4904 4892 4936
5059 5058 5061
5062 5061 5069
5061 5067 5068
5069 5068 5097
5060 5070 5360
5059 5071 5070
5068 5064 5063
5097 5063 5066
5109 5108 5112
5110 5112 5130
5107 5114 5108
5115 5116 5132
5130 5108 5131
5109 5111 5126
5131 5114 5115
5116 5113 5361
4983 4984 4981
4966 4987 4964
4989 4991 4990
4992 4988 4991
5362 4998 4999
4997 4995 4994
4997 4998 4996
5009 4999 4997
5025 5021 5039
5363 5364 5365
5029 4981 4984
4980 5021 5024
5084 5092 5083
5091 5093 5090
5094 5093 5084
5087 5095 5085
5366 5118 5117
5122 5124 5127
5133 5120 5367
5368 5120 5119
5143 5201 5144
5203 5143 5142
5142 5204 5203
5205 5138 5369
5141 5370 5264
5226 5166 5275
5234 5202 5236
5235 5202 5203
5278 5205 5369
5204 5235 5203
5257 5256 5249
5371 5372 5373
5262 5259 5261
5265 5264 5370
5275 5236 5226
5236 5276 5226
5374 5375 5376
5279 5240 5377
5276 5240 5280
5279 5257 5280
5257 5276 5280
5308 5307 5316
5309 5310 5307
5312 5307 5310
5314 5313 5312
5313 5316 5307
5315 5317 5313
5321 5320 5319
5314 5320 5315
5339 5338 5342
5340 5342 5355
5344 5341 5354
5378 5348 5338
5355 5338 5379
5342 5356 5339
5354 5340 5359
5338 5347 5379
5165 5164 5171
5172 5171 5164
5217 5216 5260
5380 5381 5271
5250 5249 5256
5168 5171 5169
5252 5250 5253
5305 5304 5324
5382 5383 5323
5309 5306 5305
5384 5385 5386
5387 5346 5357
5352 5351 5357
5357 5345 5352
5357 5388 5387
5173 5255 5271
4876 4875 4888
5389 5390 4965
5035 4967 4969
4883 5391 4881
4877 4907 4875
4910 4907 5392
5393 5037 4971
4965 4964 5389
4968 4967 5394
4889 4875 4910
5070 5083 5360
5071 5084 5070
5117 5116 5361
5132 5118 5395
5396 5397 5398
5399 5400 5401
5399 5401 5402
5403 5404 5405
5406 5407 5408
5406 5408 5409
5410 5411 5412
5413 5409 5408
5413 5408 5414
5415 5406 5409
5415 5409 5416
5417 5418 5419
5420 5421 5422
5423 5424 5425
5426 5427 5428
5410 5429 5430
5410 5430 5411
5428 5427 5431
5432 5433 5434
5432 5434 5435
5436 5437 5413
5436 5413 5438
5439 5440 5441
5409 5413 5437
5409 5437 5416
5422 5442 5420
5420 5442 5443
5422 5444 5445
5446 5428 5431
5447 5448 5449
5450 5451 5452
5453 5451 5445
5454 5455 5456
5454 5456 5457
5416 5458 5453
5459 5437 5436
5460 5433 5432
5429 5461 5430
5416 5462 5415
5463 5464 5465
5466 5467 5468
5408 5457 5414
5469 5470 5471
5469 5471 5472
5407 5454 5408
5408 5454 5457
5455 5473 5474
5455 5474 5456
5475 5443 5476
5477 5427 5478
5427 5479 5480
5443 5481 5482
5483 5484 5485
5486 5487 5488
5489 5490 5491
5489 5491 5492
5493 5494 5495
5496 5497 5498
5483 5499 5500
5500 5501 5502
5503 5504 5505
5503 5505 5506
5507 5508 5509
5504 5510 5505
5511 5512 5513
5514 5515 5516
5495 5517 5493
5518 5519 5520
5521 5522 5523
5524 5525 5526
5527 5528 5529
5530 5531 5532
5484 5502 5533
5534 5535 5536
5537 5538 5539
5537 5539 5540
5487 5541 5542
5526 5543 5544
5545 5546 5547
5548 5549 5550
5551 5541 5552
5553 5554 5506
5553 5506 5505
5555 5556 5557
5558 5522 5559
5560 5490 5489
5561 5562 5563
5553 5564 5565
5553 5565 5554
5557 5566 5567
5557 5567 5568
5503 5492 5491
5503 5491 5504
5532 5569 5508
5532 5508 5507
5485 5484 5486
5516 5512 5514
5520 5570 5518
5484 5533 5486
5571 5572 5573
5574 5575 5576
5577 5578 5579
5580 5543 5519
5428 5581 5426
5558 5582 5522
5582 5583 5523
5582 5523 5522
5584 5585 5586
5587 5588 5589
5590 5591 5592
5593 5594 5595
5594 5596 5597
5598 5599 5600
5601 5602 5599
5603 5604 5605
5603 5605 5606
5607 5608 5609
5610 5611 5612
5601 5613 5614
5615 5616 5617
5596 5618 5619
5620 5621 5622
5594 5623 5618
5621 5624 5625
5626 5608 5627
5626 5627 5628
5629 5592 5630
5631 5632 5633
5617 5634 5615
5635 5615 5634
5617 5636 5637
5621 5638 5622
5625 5639 5621
5631 5640 5641
5617 5642 5643
5609 5644 5645
5646 5647 5648
5646 5648 5649
5650 5651 5641
5652 5653 5654
5639 5655 5638
5636 5656 5637
5657 5658 5659
5660 5649 5648
5660 5648 5661
5609 5662 5644
5656 5642 5637
5663 5651 5664
5663 5664 5665
5666 5667 5668
5666 5668 5669
5669 5668 5670
5669 5670 5655
5671 5672 5673
5614 5674 5675
5619 5676 5677
5618 5678 5676
5679 5629 5630
5680 5601 5614
5490 5552 5681
5490 5681 5682
5490 5682 5491
5589 5683 5587
5684 5685 5686
5687 5588 5584
5443 5688 5476
5479 5689 5690
5479 5691 5480
5692 5693 5694
5482 5695 5696
5445 5462 5453
5684 5697 5461
5460 5449 5698
5452 5458 5459
5445 5699 5422
5542 5551 5560
5544 5543 5700
5701 5547 5702
5703 5548 5701
5558 5704 5705
5686 5446 5684
5586 5515 5706
5707 5708 5709
5710 5711 5712
5713 5714 5715
5716 5715 5717
5718 5719 5720
5721 5722 5723
5721 5723 5724
5725 5726 5727
5725 5727 5728
5729 5730 5722
5729 5722 5721
5731 5732 5733
5734 5735 5736
5712 5737 5710
5738 5739 5740
5709 5741 5707
5742 5743 5744
5745 5746 5747
5748 5749 5750
5722 5730 5751
5722 5751 5752
5713 5753 5732
5734 5754 5755
5756 5735 5757
5743 5758 5759
5760 5750 5761
5757 5754 5762
5762 5763 5757
5764 5761 5765
5759 5559 5766
5757 5767 5756
5768 5769 5770
5771 5772 5773
5774 5775 5776
5777 5778 5779
5777 5779 5780
5781 5726 5777
5778 5777 5726
5730 5763 5782
5730 5782 5751
5783 5784 5785
5783 5785 5765
5767 5763 5729
5734 5733 5732
5740 5786 5738
5744 5787 5742
5788 5747 5749
5732 5789 5734
5531 5702 5790
5791 5792 5793
5701 5530 5703
5569 5531 5790
5794 5795 5796
5550 5797 5546
5796 5529 5528
5798 5471 5470
5798 5470 5799
5465 5800 5801
5465 5801 5463
5802 5803 5565
5802 5565 5564
5568 5567 5768
5646 5657 5659
5646 5659 5647
5609 5645 5466
5567 5769 5768
5804 5776 5805
5780 5779 5772
5780 5772 5771
5806 5807 5808
5809 5810 5811
5812 5813 5814
5815 5812 5814
5720 5719 5816
5482 5817 5688
5818 5819 5690
5690 5820 5691
5821 5822 5692
5696 5823 5417
5824 5590 5825
5595 5826 5827
5600 5828 5829
5602 5828 5599
5824 5830 5831
5827 5826 5832
5829 5828 5833
5828 5834 5833
5835 5836 5837
5809 5838 5810
5715 5813 5812
5717 5812 5815
5816 5839 5745
5571 5573 5840
5574 5576 5841
5577 5579 5842
5843 5844 5572
5845 5497 5575
5501 5846 5578
5847 5398 5397
5848 5400 5418
5848 5402 5401
5849 5404 5440
5850 5851 5852
5509 5508 5556
5558 5559 5700
5766 5559 5853
5700 5543 5558
5743 5854 5766
5521 5559 5522
5559 5521 5853
5521 5855 5853
5521 5523 5855
5583 5469 5523
5523 5472 5855
5523 5469 5472
5856 5857 5858
5466 5468 5859
5776 5860 5861
5862 5856 5858
5863 5864 5865
5485 5486 5488
5486 5533 5534
5500 5499 5846
5729 5763 5730
5532 5531 5569
5696 5419 5817
5820 5819 5424
5439 5866 5821
5417 5867 5848
5614 5635 5680
5868 5675 5674
5677 5869 5620
5676 5624 5869
5632 5679 5633
5818 5690 5689
5870 5871 5872
5873 5874 5875
5876 5874 5877
5878 5879 5880
5878 5880 5881
5882 5883 5884
5882 5884 5885
5886 5887 5888
5886 5888 5889
5890 5891 5892
5890 5892 5893
5875 5894 5873
5895 5896 5894
5897 5898 5899
5897 5899 5900
5901 5902 5871
5903 5904 5902
5892 5891 5905
5892 5905 5906
5875 5907 5895
5895 5908 5909
5910 5911 5912
5913 5914 5915
5912 5916 5917
5918 5919 5920
5917 5891 5912
5899 5915 5914
5910 5891 5890
5921 5922 5923
5922 5921 5924
5922 5924 5925
5926 5927 5928
5929 5930 5931
5932 5929 5931
5918 5881 5880
5888 5918 5880
5893 5892 5879
5893 5879 5878
5933 5934 5935
5933 5935 5936
5937 5879 5892
5937 5892 5906
5938 5939 5911
5940 5941 5913
5911 5942 5916
5943 5872 5944
5945 5946 5947
5877 5945 5948
5949 5909 5939
5950 5951 5940
5909 5952 5939
5920 5953 5918
5954 5871 5955
5956 5957 5936
5956 5936 5958
5959 5900 5899
5959 5899 5960
5955 5902 5961
5950 5902 5904
5962 5941 5963
5960 5914 5964
5958 5936 5935
5958 5935 5965
5963 5951 5966
5967 5944 5968
5966 5904 5969
5928 5927 5967
5926 5944 5927
5929 5947 5930
5948 5929 5932
5968 5872 5954
5918 5888 5919
5881 5918 5970
5953 5970 5918
5673 5971 5972
5861 5860 5973
5974 5627 5608
5974 5608 5607
5641 5651 5975
5662 5608 5626
5609 5608 5662
5557 5556 5976
5778 5726 5725
5977 5978 5979
5980 5981 5982
5982 5983 5980
5984 5980 5983
5982 5985 5986
5982 5987 5988
5989 5990 5991
5989 5991 5992
5985 5992 5986
5992 5987 5986
5992 5993 5989
5977 5994 5995
5996 5978 5977
5977 5984 5996
5997 5995 5994
5989 5993 5998
5999 6000 5448
6001 5699 5450
6002 5693 6000
6001 6003 5442
6004 6005 6006
6007 6008 6009
6010 6011 6012
6013 6014 6015
6007 6016 6017
6004 6018 6019
6020 6021 6022
6023 6012 6024
6025 6026 6027
5525 6019 6018
6028 6029 5797
6023 6024 6030
6031 6032 6033
6034 6035 6036
6037 6038 6039
6011 6040 6041
6012 6029 6024
6042 6022 6021
6043 6044 6045
6046 6047 6037
6048 6015 6014
6033 6032 6049
6035 6034 6050
6037 6039 6046
6047 6051 6037
6052 6005 6053
6036 6054 6009
6011 6038 6051
6011 6041 6012
6045 6055 6048
6030 6024 6028
6010 6056 6011
6012 6041 6057
6058 6059 6060
6061 6060 6062
6063 6062 6064
6065 6064 6066
6067 6068 6069
6058 6070 6059
5535 6071 5541
5549 6030 6028
6072 6073 6074
6075 6076 6073
6077 6076 6075
6078 6079 6080
6080 6081 6082
6083 6074 6084
6081 6085 6086
6080 6087 6081
5519 5525 5520
5526 5525 5519
6071 5552 5541
5701 5548 5545
5579 6088 6089
6088 5846 6090
5500 5846 5501
5842 5579 6089
5774 5776 5804
5783 5861 5973
5783 5973 5784
5690 5819 5820
5425 5819 5818
5424 5819 5425
5989 5606 5990
5606 5989 5603
6091 6092 6093
6094 6091 6095
6096 6094 6097
6098 6096 6097
6099 6098 6100
5628 5627 6100
5631 5641 5975
5641 5640 6101
6100 5627 6099
5594 5597 5595
5603 5989 5998
6092 6102 6103
5443 5442 6003
5757 5735 5755
5579 5578 6088
5418 5417 5848
5421 5420 5475
5424 5423 5847
5427 5426 5478
5431 5427 6104
5440 5439 5849
5442 5422 5699
5444 5422 5421
5446 5431 5697
5448 5447 5999
5451 5450 5699
5451 5453 5458
5458 5416 5437
5437 5459 5458
5433 5460 5698
5461 5429 5684
5462 5416 5453
5443 5475 5420
5427 5477 5479
5427 5480 6104
5481 5443 6003
5484 5483 5500
5487 5486 5536
5494 5493 5844
5497 5496 5511
5512 5511 5496
5515 5514 5706
5517 5495 5570
5519 5518 5580
5528 5527 6042
5502 5484 5500
5534 5536 5486
5541 5487 5536
5543 5526 5519
5546 5545 5550
5548 5550 5545
5490 5560 5551
5512 5516 5513
5570 5520 5517
5572 5571 5843
5575 5574 5845
5543 5580 5704
5581 5428 5446
5582 5558 5705
5585 5584 5588
5590 5592 5825
5599 5598 5601
5602 5601 6105
5613 5601 5598
5616 5615 5868
5618 5596 5594
5621 5620 5869
5623 5594 5593
5624 5621 5869
5630 5592 5591
5631 5633 5640
5634 5617 5643
5615 5635 5675
5636 5617 5616
5638 5621 5639
5639 5625 6106
5642 5617 5637
6107 6108 6109
6106 5669 5639
5655 5639 5669
5656 5636 5672
5642 5656 6110
5674 5614 5613
5676 5619 5618
5678 5618 5623
5679 5630 6111
5601 5680 6105
5552 5490 5551
5685 5684 5429
5588 5687 5589
5688 5443 5482
5689 5479 5477
5691 5479 5690
5693 5692 5822
5695 5482 5481
5462 5445 5444
5697 5684 5446
5449 5460 5447
5458 5452 5451
5699 5445 5451
5551 5542 5541
5547 5701 5545
5704 5558 5543
5446 5686 5581
6112 5586 5585
5708 5707 6113
5711 5710 5838
5714 5713 5731
5715 5716 5713
5732 5731 5713
5735 5734 5755
5737 5712 5786
5739 5738 5792
5741 5709 5787
5743 5742 5758
5745 5747 5788
5748 5750 5760
5753 5713 5716
5754 5734 5789
5760 5761 5764
5754 5757 5755
5763 5762 5782
5764 5765 5785
5767 5757 5763
5733 5734 5736
5786 5740 5737
5787 5744 5741
5788 5749 5748
5789 5732 5753
5702 5531 5701
5792 6114 5739
5530 5701 5531
5795 5794 6115
5797 5550 6028
5529 5796 5795
5816 5719 5839
5817 5482 5696
5822 5821 5866
5823 5696 5695
5824 5825 5830
5826 5595 5597
5828 5600 5599
5828 5602 5834
6113 6116 5708
5838 5809 5711
5813 5715 5714
5812 5717 5715
6117 5839 5746
5844 5843 5494
5497 5845 5498
5578 5846 6088
5398 5847 5423
5400 5848 5401
5402 5848 5867
5404 5849 5405
5419 5696 5417
5866 5439 5441
5867 5417 5823
5635 5614 5675
5675 5868 5615
5869 5677 5676
5624 5676 5678
5633 5679 6111
5871 5870 5901
5874 5873 5946
5874 5876 5875
5894 5875 5895
5896 5895 5909
5902 5901 5903
5904 5903 5969
5907 5875 5876
5908 5895 5907
5911 5910 5938
5914 5913 5941
5916 5912 5911
5891 5917 5905
5915 5899 5898
5891 5910 5912
5939 5938 5949
5941 5940 5951
5942 5911 5939
5872 5943 5870
5946 5945 5874
5945 5877 5874
5909 5949 5896
5951 5950 5904
5952 5909 5908
5871 5954 5872
5902 5955 5871
5902 5950 5961
5941 5964 5914
5914 5960 5899
5951 5963 5941
5944 5967 5927
5904 5966 5951
5944 5926 5943
5947 5929 5945
5929 5948 5945
5872 5968 5944
5975 5651 5663
5981 5980 5997
5983 5982 5988
5980 5984 5995
5985 5982 5981
5987 5982 5986
5992 5985 5993
5987 5992 5991
5994 5977 5979
5984 5977 5995
5995 5997 5980
6000 5999 6002
5699 6001 5442
5693 6002 5694
6005 6004 6053
6007 6009 6016
6007 6017 6027
6018 6004 6006
6021 6020 6043
6012 6023 6010
6025 6027 6017
6019 5525 5524
6029 6028 6024
6032 6031 6052
6036 6035 6054
6038 6037 6051
6040 6011 6051
6029 6012 6057
6022 6042 5527
6044 6043 6020
6015 6048 6055
6051 6047 6040
6005 6052 6031
6036 6009 6008
6038 6011 6056
6055 6045 6044
6058 6060 6061
6061 6062 6063
6063 6064 6065
6065 6066 6067
6067 6069 6118
5535 5541 5536
5549 6028 5550
6072 6074 6083
6075 6073 6072
6080 6082 6084
6083 6084 6082
6089 6088 6090
6090 5846 5499
6093 6092 6103
6095 6091 6093
6097 6094 6095
6098 6097 6119
6100 6098 6119
6120 6121 6122
6120 6122 6123
6121 6124 6125
6121 6125 6122
6126 6127 6128
6126 6129 6130
6131 6132 6133
6134 6135 6132
6136 6137 6138
6136 6138 6139
6140 6141 6142
6140 6142 6143
6144 6141 6145
6144 6145 6146
6142 6141 6144
6142 6144 6147
6123 6122 6148
6123 6148 6149
6122 6125 6150
6122 6150 6151
6125 6124 6152
6125 6152 6153
6154 6155 6156
6154 6156 6157
6156 6155 6158
6156 6158 6159
6160 6150 6125
6160 6125 6161
6161 6162 6163
6161 6163 6160
6164 6156 6159
6164 6159 6165
6157 6156 6164
6157 6164 6166
6161 6167 6168
6161 6168 6162
6169 6170 6171
6172 6173 6174
6173 6175 6174
6171 6176 6169
6177 6178 6179
6180 6181 6182
6183 6137 6136
6184 6185 6178
6186 6128 6187
6188 6184 6177
6189 6190 6191
6192 6193 6186
6129 6194 6130
6133 6195 6196
6197 6198 6195
6169 6199 6200
6201 6202 6203
6201 6203 6204
6205 6206 6202
6205 6202 6201
6202 6207 6208
6202 6208 6203
6206 6209 6207
6206 6207 6202
6207 6210 6211
6207 6211 6208
6209 6212 6210
6209 6210 6207
6213 6214 6215
6216 6217 6215
6216 6215 6218
6219 6220 6221
6219 6221 6222
6200 6223 6224
6196 6225 6226
6225 6198 6227
6130 6228 6127
6229 6230 6231
6229 6231 6232
6232 6231 6233
6232 6233 6234
6192 6187 6235
6236 6190 6188
6134 6191 6190
6186 6237 6126
6200 6228 6194
6169 6224 6170
6173 6226 6225
6173 6227 6175
6238 6216 6218
6238 6218 6239
6221 6220 6238
6221 6238 6239
6240 6241 6242
6243 6244 6245
6243 6245 6246
6247 6248 6249
6247 6249 6250
6251 6252 6253
6254 6255 6256
6256 6257 6258
6259 6260 6261
6262 6263 6264
6262 6264 6265
6266 6267 6268
6269 6270 6271
6269 6271 6272
6267 6266 6273
6267 6273 6274
6246 6275 6243
6246 6245 6276
6246 6276 6277
6277 6278 6275
6277 6275 6246
6279 6280 6281
6282 6283 6284
6285 6286 6287
6285 6287 6288
6289 6290 6274
6289 6274 6273
6291 6292 6293
6291 6293 6294
6276 6295 6296
6276 6296 6297
6277 6276 6297
6277 6297 6298
6299 6300 6301
6299 6301 6302
6303 6304 6305
6303 6305 6306
6307 6308 6309
6302 6310 6311
6302 6311 6312
6313 6314 6315
6316 6317 6318
6319 6317 6320
6321 6322 6323
6324 6323 6325
6268 6285 6288
6264 6282 6265
6326 6327 6328
6329 6330 6331
6332 6333 6334
6326 6335 6336
6326 6336 6327
6337 6338 6339
6337 6339 6340
6341 6342 6343
6341 6343 6344
6345 6346 6347
6345 6347 6348
6340 6339 6349
6340 6349 6345
6286 6350 6351
6286 6351 6287
6352 6353 6354
6284 6283 6304
6284 6304 6303
6355 6280 6300
6355 6300 6299
6356 6357 6358
6359 6324 6360
6253 6361 6321
6362 6363 6364
6365 6366 6367
6368 6369 6366
6368 6366 6365
6370 6371 6372
6325 6240 6373
6374 6323 6322
6375 6318 6357
6376 6373 6377
6378 6379 6380
6378 6380 6381
6379 6378 6382
6379 6382 6383
6384 6385 6386
6384 6386 6387
6383 6293 6388
6387 6386 6389
6387 6389 6342
6390 6391 6385
6390 6385 6384
6392 6393 6394
6392 6394 6395
6396 6397 6398
6396 6398 6399
6398 6397 6400
6398 6400 6381
6401 6358 6402
6403 6251 6329
6255 6253 6404
6405 6356 6406
6358 6406 6356
6407 6378 6381
6407 6381 6400
6260 6408 6261
6358 6409 6402
6318 6409 6357
6292 6291 6272
6292 6272 6271
6410 6411 6412
6378 6407 6413
6378 6413 6382
6414 6278 6298
6293 6382 6294
6297 6296 6248
6297 6248 6247
6293 6292 6415
6293 6415 6388
6416 6417 6418
6377 6419 6420
6243 6275 6421
6406 6422 6405
6360 6325 6376
6423 6424 6314
6257 6404 6359
6332 6334 6425
6426 6427 6428
6429 6430 6431
6432 6433 6434
6435 6436 6437
6438 6439 6440
6441 6442 6443
6444 6445 6446
6447 6448 6449
6447 6449 6450
6451 6449 6448
6451 6448 6452
6453 6454 6445
6453 6445 6455
6440 6456 6438
6457 6458 6459
6460 6461 6441
6462 6463 6464
6465 6466 6467
6437 6436 6468
6462 6469 6470
6471 6472 6473
6474 6428 6475
6476 6477 6478
6479 6480 6481
6482 6483 6484
6459 6485 6457
6486 6487 6488
6489 6490 6491
6492 6493 6494
6473 6495 6496
6497 6498 6499
6500 6501 6502
6481 6503 6465
6504 6421 6275
6504 6275 6502
6435 6505 6477
6506 6507 6508
6499 6509 6510
6488 6511 6486
6512 6451 6452
6512 6452 6513
6514 6515 6516
6517 6516 6518
6519 6520 6521
6434 6522 6505
6499 6523 6524
6434 6437 6432
6525 6526 6527
6497 6524 6528
6508 6529 6506
6521 6475 6519
6474 6530 6483
6479 6531 6532
6523 6505 6522
6478 6509 6533
6510 6477 6505
6498 6533 6509
6506 6377 6461
6461 6420 6442
6534 6431 6535
6467 6536 6537
6468 6527 6538
6429 6539 6427
6538 6432 6437
6540 6541 6432
6430 6542 6431
6515 6459 6458
6530 6520 6472
6426 6483 6430
6543 6440 6439
6544 6545 6546
6495 6520 6518
6530 6484 6483
6431 6547 6535
6446 6548 6549
6446 6549 6444
6462 6470 6463
6550 6551 6552
6550 6552 6553
6553 6552 6554
6553 6554 6555
6555 6554 6556
6555 6556 6557
6558 6559 6557
6558 6557 6556
6559 6558 6560
6559 6560 6561
6561 6560 6562
6414 6500 6278
6278 6500 6502
6278 6502 6275
6563 6504 6564
6565 6460 6566
6567 6568 6569
6441 6566 6460
6570 6571 6572
6453 6455 6562
6453 6562 6573
6328 6574 6575
6576 6333 6332
6330 6334 6333
6577 6335 6578
6574 6336 6577
6579 6425 6334
6535 6464 6463
6534 6469 6539
6526 6538 6527
6537 6536 6580
6527 6581 6525
6534 6463 6470
6373 6242 6419
6582 6245 6244
6582 6244 6583
6584 6247 6250
6584 6250 6585
6254 6251 6255
6585 6250 6586
6585 6586 6587
6295 6276 6245
6295 6245 6582
6588 6285 6268
6404 6321 6324
6298 6297 6247
6298 6247 6584
6589 6590 6591
6589 6591 6592
6593 6594 6595
6593 6595 6596
6597 6589 6592
6597 6592 6598
6599 6593 6600
6599 6600 6601
6602 6603 6604
6602 6604 6605
6606 6607 6608
6609 6610 6611
6609 6611 6612
6613 6614 6615
6613 6615 6616
6617 6618 6619
6617 6619 6620
6621 6622 6623
6624 6625 6626
6624 6626 6627
6628 6629 6630
6628 6630 6631
6606 6608 6632
6606 6632 6633
6634 6635 6636
6634 6636 6637
6638 6639 6640
6638 6640 6641
6642 6643 6644
6642 6644 6645
6610 6624 6627
6610 6627 6611
6607 6621 6623
6646 6617 6620
6646 6620 6647
6648 6649 6650
6651 6652 6653
6654 6655 6656
6657 6658 6659
6659 6660 6661
6662 6663 6664
6665 6666 6667
6668 6669 6670
6671 6672 6673
6674 6675 6676
6674 6676 6677
6678 6679 6680
6678 6680 6681
6675 6682 6676
6683 6673 6684
6685 6686 6687
6662 6688 6689
6690 6691 6692
6693 6694 6695
6696 6697 6698
6699 6670 6700
6701 6702 6703
6704 6705 6706
6698 6707 6696
6696 6708 6651
6709 6710 6654
6711 6712 6710
6713 6660 6658
6664 6714 6715
6695 6716 6717
6692 6718 6719
6664 6720 6688
6721 6722 6635
6723 6724 6725
6726 6727 6728
6726 6728 6729
6730 6613 6616
6730 6616 6731
6662 6732 6733
6734 6711 6709
6713 6690 6735
6735 6736 6713
6513 6592 6591
6513 6591 6737
6598 6592 6513
6598 6513 6452
6738 6608 6623
6738 6623 6739
6739 6623 6635
6739 6635 6634
6740 6632 6608
6740 6608 6738
6741 6636 6635
6741 6635 6742
6743 6744 6745
6599 6601 6746
6599 6746 6747
6748 6749 6750
6628 6751 6752
6628 6752 6753
6610 6609 6754
6610 6754 6755
6756 6757 6758
6756 6758 6625
6754 6609 6759
6645 6644 6640
6645 6640 6639
6624 6610 6755
6624 6755 6760
6761 6703 6649
6762 6763 6764
6692 6735 6690
6761 6765 6700
6712 6713 6658
6766 6716 6719
6767 6645 6639
6767 6639 6725
6768 6769 6770
6771 6772 6690
6773 6750 6774
6775 6776 6777
6778 6689 6779
6780 6781 6782
6783 6776 6784
6785 6786 6777
6787 6788 6789
6790 6655 6657
6633 6632 6591
6633 6591 6590
6791 6628 6631
6791 6631 6595
6737 6591 6632
6737 6632 6740
6792 6749 6748
6792 6748 6793
6794 6795 6796
6797 6798 6681
6799 6800 6801
6799 6801 6802
6803 6804 6805
6803 6805 6806
6805 6804 6807
6805 6807 6808
6809 6691 6810
6650 6811 6648
6812 6813 6814
6648 6815 6765
6772 6810 6691
6816 6817 6818
6819 6796 6795
6743 6820 6821
6822 6688 6720
6689 6823 6779
6689 6707 6662
6651 6824 6696
6825 6708 6778
6780 6789 6788
6653 6826 6780
6656 6790 6783
6657 6659 6785
6659 6661 6827
6828 6824 6788
6657 6710 6712
6788 6653 6780
6790 6777 6776
6782 6781 6829
6784 6776 6775
6777 6786 6775
6787 6789 6829
6789 6782 6829
6830 6831 6271
6830 6271 6270
6292 6271 6831
6292 6831 6415
6586 6282 6279
6268 6288 6832
6562 6560 6573
6737 6512 6513
6446 6445 6454
6294 6382 6413
6608 6607 6623
6501 6500 6833
6414 6834 6835
6371 6315 6836
6837 6838 6839
6298 6278 6277
6540 6432 6538
6437 6468 6538
6790 6657 6785
6659 6827 6785
6673 6649 6703
6684 6703 6702
6794 6840 6841
6796 6745 6794
6672 6650 6649
6650 6814 6842
6843 6821 6844
6744 6845 6686
6846 6671 6683
6847 6764 6763
6843 6715 6744
6719 6694 6692
6848 6809 6813
6844 6720 6843
6496 6544 6546
6507 6497 6508
6494 6849 6492
6850 6518 6520
6508 6528 6851
6544 6518 6516
6852 6507 6565
6753 6602 6605
6605 6628 6753
6853 6854 6855
6856 6857 6858
6856 6858 6859
6860 6858 6861
6862 6750 6773
6861 6858 6863
6281 6280 6355
6329 6251 6254
6242 6583 6244
6270 6372 6830
6370 6320 6317
6420 6243 6421
6864 6865 6866
6443 6504 6563
6485 6543 6548
6442 6421 6504
6548 6543 6549
6867 6868 6869
6419 6244 6243
6870 6871 6872
6670 6873 6701
6700 6701 6761
6700 6874 6699
6872 6816 6795
6765 6875 6874
6795 6818 6819
6331 6333 6576
6575 6261 6408
6579 6254 6256
6259 6578 6422
6261 6577 6259
6876 6256 6258
6345 6367 6366
6340 6366 6369
6340 6369 6337
6877 6311 6310
6877 6310 6878
6645 6767 6879
6645 6879 6642
6639 6638 6723
6639 6723 6725
6310 6302 6880
6365 6881 6882
6365 6882 6368
6299 6302 6312
6299 6312 6351
6883 6619 6618
6883 6618 6884
6885 6626 6625
6885 6625 6758
6886 6756 6625
6886 6625 6624
6307 6309 6887
6307 6888 6308
6352 6889 6353
6635 6722 6742
6635 6622 6721
6623 6622 6635
6266 6268 6832
6890 6891 6892
6890 6892 6893
6891 6894 6892
6549 6439 6864
6549 6543 6439
6895 6896 6897
6895 6897 6806
6127 6126 6130
6129 6126 6237
6132 6131 6134
6898 6134 6236
6178 6177 6184
6899 6137 6900
6180 6901 6902
6120 6903 6904
6128 6186 6126
6184 6188 6190
6190 6189 6184
6193 6192 6905
6194 6129 6906
6195 6133 6197
6198 6132 6898
6199 6169 6176
6906 6200 6194
6225 6196 6195
6198 6225 6195
6228 6130 6194
6187 6192 6186
6190 6236 6134
6191 6134 6131
6237 6186 6193
6228 6200 6199
6224 6169 6200
6226 6173 6172
6227 6173 6225
6241 6240 6374
6252 6251 6403
6257 6256 6255
6260 6259 6406
6907 6316 6375
6317 6316 6371
6317 6319 6318
6322 6321 6361
6323 6324 6321
6330 6329 6254
6357 6356 6375
6324 6359 6404
6361 6253 6252
6371 6370 6317
6240 6325 6323
6323 6374 6240
6318 6375 6316
6373 6376 6325
6358 6401 6260
6253 6255 6251
6356 6405 6424
6406 6358 6260
6408 6260 6401
6409 6358 6357
6409 6318 6319
6908 6909 6910
6419 6377 6373
6422 6406 6259
6325 6360 6324
6424 6375 6356
6404 6257 6255
6427 6426 6429
6430 6429 6426
6433 6432 6541
6436 6435 6476
6439 6438 6865
6442 6441 6461
6456 6440 6515
6911 6912 6913
6461 6460 6506
6466 6465 6503
6472 6471 6530
6428 6474 6426
6477 6476 6435
6480 6479 6532
6483 6482 6430
6485 6459 6543
6839 6486 6837
6458 6516 6515
6493 6492 6531
6495 6473 6472
6498 6497 6568
6503 6481 6480
6505 6435 6434
6507 6506 6460
6509 6499 6498
6511 6488 6849
6515 6514 6456
6516 6517 6514
6914 6915 6850
6522 6434 6433
6523 6499 6510
6437 6434 6435
6524 6497 6499
6529 6508 6851
6475 6521 6474
6530 6474 6521
6531 6479 6493
6505 6523 6510
6509 6478 6477
6477 6510 6509
6533 6498 6567
6377 6506 6529
6420 6461 6377
6431 6534 6429
6536 6467 6466
6527 6468 6581
6539 6429 6534
6542 6430 6482
6459 6515 6440
6520 6530 6521
6483 6426 6474
6440 6543 6459
6545 6544 6458
6520 6495 6472
6484 6530 6471
6547 6431 6542
6460 6565 6507
6568 6567 6498
6566 6441 6916
6571 6570 6563
6574 6328 6327
6334 6330 6579
6335 6577 6336
6336 6574 6327
6425 6579 6876
6464 6535 6547
6469 6534 6470
6538 6526 6540
6463 6534 6535
6242 6373 6240
6321 6404 6253
6649 6648 6761
6652 6651 6825
6655 6654 6710
6658 6657 6712
6660 6659 6658
6663 6662 6733
6917 6918 6919
6920 6675 6674
6672 6671 6766
6673 6683 6671
6686 6685 6921
6688 6662 6664
6691 6690 6772
6694 6693 6735
6697 6696 6824
6670 6699 6668
6702 6701 6922
6841 6872 6794
6707 6698 6732
6708 6696 6707
6710 6709 6711
6712 6711 6771
6660 6713 6736
6714 6664 6663
6716 6695 6694
6718 6692 6691
6720 6664 6715
6732 6662 6707
6711 6734 6772
6690 6713 6771
6736 6735 6693
6744 6743 6843
6703 6761 6701
6763 6762 6672
6735 6692 6694
6765 6761 6648
6713 6712 6771
6716 6766 6671
6772 6771 6711
6689 6778 6708
6781 6780 6826
6776 6783 6790
6786 6785 6827
6788 6787 6828
6795 6794 6872
6871 6923 6816
6691 6809 6718
6811 6650 6842
6813 6812 6848
6815 6648 6811
6810 6772 6734
6896 6924 6897
6796 6819 6820
6820 6743 6796
6688 6822 6823
6823 6689 6688
6707 6689 6708
6824 6651 6653
6708 6825 6651
6789 6780 6782
6826 6653 6652
6790 6656 6655
6824 6828 6697
6710 6657 6655
6653 6788 6824
6777 6790 6785
6315 6371 6316
6487 6838 6925
6649 6673 6672
6703 6684 6673
6840 6794 6745
6745 6796 6743
6650 6672 6812
6926 6927 6928
6821 6843 6743
6714 6929 6715
6671 6846 6716
6764 6930 6931
6715 6843 6720
6694 6719 6716
6809 6848 6718
6720 6844 6822
6544 6496 6495
6497 6507 6568
6849 6494 6511
6932 6850 6933
6528 6508 6497
6518 6544 6495
6507 6852 6568
6583 6242 6241
6372 6270 6370
6320 6370 6934
6243 6420 6419
6865 6864 6439
6504 6443 6442
6421 6442 6420
6935 6441 6443
6244 6419 6242
6871 6870 6917
6873 6670 6669
6701 6700 6670
6874 6700 6765
6816 6872 6871
6875 6765 6815
6818 6795 6816
6333 6331 6330
6261 6575 6574
6254 6579 6330
6578 6259 6577
6577 6261 6574
6256 6876 6579
6284 6936 6282
6586 6279 6281
6502 6501 6564
6564 6504 6502
6770 6769 6676
6676 6682 6770
6833 6500 6414
6774 6750 6728
6345 6366 6340
6880 6302 6301
6213 6217 6937
6213 6215 6217
6938 6939 6940
6938 6940 6941
6942 6943 6944
6942 6944 6945
6943 6946 6947
6943 6947 6944
6948 6949 6950
6948 6950 6946
6951 6952 6953
6951 6953 6954
6955 6956 6957
6955 6957 6958
6952 6951 6959
6952 6959 6960
6954 6953 6961
6954 6961 6942
6941 6940 6962
6941 6962 6963
6964 6965 6966
6964 6966 6967
6968 6969 6970
6968 6970 6971
6972 6971 6970
6972 6970 6973
6974 6975 6976
6974 6976 6977
6978 6979 6980
6978 6980 6981
6982 6983 6984
6982 6984 6985
6986 6987 6988
6986 6988 6966
6989 6990 6991
6989 6991 6992
6984 6983 6993
6984 6993 6994
6995 6996 6938
6995 6938 6941
6961 6997 6943
6961 6943 6942
6997 6948 6946
6997 6946 6943
6998 6947 6946
6998 6946 6950
6954 6999 7000
6954 7000 6951
6951 7000 7001
6951 7001 6959
7002 7003 7004
7002 7004 7005
6963 6955 7006
6963 7006 7007
7008 7009 7010
7011 6986 6966
7011 6966 6965
6970 6969 7012
6970 7012 7013
6970 7013 7014
6970 7014 6973
7015 7016 6972
7015 6972 6973
6978 7017 7018
6978 7018 6979
6979 7018 7019
6979 7019 6988
6991 7020 7021
6991 7021 6992
6993 6983 7022
6993 7022 7023
7024 7025 7026
6949 7027 7028
6949 7028 6950
7029 7030 7031
7029 7031 7032
6950 7033 7034
6950 7034 6998
7016 7015 7035
7016 7035 7036
7010 7037 7008
7026 7038 7024
6958 7010 7009
6958 7009 7039
7040 6982 7026
7040 7026 7025
6963 6962 6956
6963 6956 6955
6994 6993 6965
6994 6965 6964
6941 6963 7007
6941 7007 6995
6965 6993 7023
6965 7023 7011
7027 7041 7042
7027 7042 7028
7043 7044 7045
7043 7045 7046
7047 7048 7049
7047 7049 7050
7035 7051 7052
7035 7052 7036
6960 6959 6938
6960 6938 6996
6979 6988 6987
6979 6987 6980
6959 7001 6939
6959 6939 6938
6966 6988 7019
6966 7019 6967
6958 6957 7037
6958 7037 7010
7026 6982 6985
7026 6985 7038
6955 6958 7039
6955 7039 7006
6983 6982 7040
6983 7040 7022
7053 7054 7055
7056 7057 7058
7059 7060 7061
7059 7062 7063
7064 7063 7062
7065 7066 7067
7065 7067 7068
7069 7070 7071
7069 7071 7072
7073 7074 7075
7073 7075 7076
7077 7078 7079
7077 7079 7080
7081 7082 7083
7081 7083 7084
7079 7085 7086
7079 7086 7080
7087 7088 7089
7087 7089 7090
7091 7092 7093
7084 7083 7066
7084 7066 7065
7094 7095 7096
7094 7096 7097
7098 7099 7100
7098 7100 7101
7102 7103 7104
7102 7105 7103
7106 7102 7107
7107 7108 7109
7092 7091 7110
7088 7087 7082
7088 7082 7111
7106 7112 7113
7114 7115 7057
7059 7116 7117
7063 7118 7059
7109 7112 7107
7119 7120 7121
7122 7123 7124
7125 7126 7127
7128 7129 7130
7131 7130 7132
7133 7134 7135
7133 7135 7136
7137 7138 7139
7137 7139 7140
7141 7142 7143
7141 7143 7144
7145 7146 7147
7145 7147 7148
7138 7137 7149
7138 7149 7150
7096 7148 7147
7096 7147 7097
7133 7146 7145
7133 7145 7134
7151 7152 7153
7151 7153 7154
7155 7156 7157
7155 7157 7158
7159 7160 7161
7162 7163 7164
7162 7164 7165
7078 7077 7068
7078 7068 7067
7135 7140 7139
7135 7139 7136
7166 7167 7132
7168 7169 7170
7125 7127 7171
7172 7125 7171
7166 7172 7171
7173 7174 7124
7058 7175 7056
7060 7176 7061
7176 7062 7061
7128 7064 7062
7161 7177 7178
7179 7180 7181
7182 7183 7184
7185 7186 7187
7188 7189 7190
7188 7190 7191
7188 7191 7192
7193 7194 7192
7193 7192 7191
7195 7196 7197
7198 7199 7200
7201 7202 7203
7185 7196 7204
7205 7185 7204
7206 7207 7208
7206 7208 7209
7210 7211 7212
7210 7212 7213
7214 7215 7216
7217 7218 7219
7217 7219 7220
7221 7222 7223
7221 7223 7224
7225 7226 7227
7225 7227 7228
7229 7230 7231
7232 7233 7230
7232 7230 7229
7234 7235 7236
7234 7236 7231
7237 7238 7239
7237 7239 7240
7241 7242 7243
7244 7245 7242
7244 7242 7241
7246 7247 7248
7249 7250 7243
7249 7243 7251
7252 7253 7254
7252 7254 7255
7256 7257 7258
7256 7258 7259
7234 7231 7222
7260 7261 7262
7230 7219 7218
7263 7264 7265
7263 7265 7266
7267 7268 7246
7267 7246 7269
7270 7271 7272
7270 7272 7273
7274 7275 7276
7274 7276 7277
7236 7235 7278
7236 7278 7279
7248 7280 7281
7229 7282 7283
7229 7283 7232
7236 7279 7282
7236 7282 7229
7258 7284 7285
7286 7287 7288
7241 7250 7289
7244 7241 7289
7244 7289 7290
7291 7277 7250
7291 7250 7249
7292 7293 7294
7292 7294 7295
7296 7297 7257
7296 7257 7256
7298 7204 7195
7299 7300 7301
7299 7301 7302
7303 7304 7299
7303 7299 7302
7247 7305 7306
7247 7306 7307
7247 7246 7308
7247 7308 7305
7309 7307 7301
7309 7301 7300
7310 7308 7246
7310 7246 7268
7311 7195 7197
7312 7313 7314
7312 7314 7198
7195 7311 7259
7309 7315 7307
7200 7316 7198
7317 7205 7298
7307 7306 7318
7307 7318 7301
7318 7319 7320
7318 7320 7321
7319 7322 7323
7319 7323 7320
7324 7181 7325
7316 7326 7312
7316 7312 7198
7327 7312 7326
7327 7326 7254
7328 7329 7191
7328 7191 7190
7330 7331 7332
7330 7332 7333
7323 7322 7193
7334 7335 7336
7337 7338 7339
7337 7339 7340
7303 7341 7240
7339 7342 7343
7339 7343 7340
7344 7345 7346
7347 7348 7349
7350 7351 7348
7347 7184 7352
7353 7354 7355
7356 7357 7347
7355 7358 7359
7336 7360 7334
7350 7361 7362
7363 7350 7362
7364 7180 7179
7349 7182 7184
7182 7365 7186
7214 7366 7352
7180 7353 7181
7367 7368 7209
7367 7209 7208
7369 7370 7223
7369 7223 7371
7183 7372 7214
7217 7223 7222
7217 7222 7218
7373 7374 7368
7373 7368 7367
7375 7376 7374
7375 7374 7373
7257 7377 7284
7257 7284 7258
7231 7218 7222
7259 7258 7298
7297 7378 7377
7297 7377 7257
7372 7285 7215
7211 7210 7379
7211 7379 7380
7347 7352 7356
7184 7214 7352
7362 7361 7381
7382 7383 7384
7382 7384 7385
7386 7387 7164
7386 7164 7163
7388 7389 7158
7388 7158 7157
7390 7391 7142
7390 7142 7141
7392 7393 7394
7392 7394 7395
7396 7397 7386
7398 7399 7400
7398 7400 7401
7402 7403 7404
7402 7404 7405
7383 7406 7407
7383 7407 7384
7408 7409 7410
7408 7410 7411
7412 7409 7408
7413 7414 7393
7413 7393 7392
7415 7416 7412
7098 7121 7417
7071 7418 7419
7071 7419 7072
7064 7113 7112
7178 7420 7421
7422 7131 7423
7171 7424 7166
7425 7201 7203
7426 7427 7428
7429 7200 7199
7430 7426 7428
7430 7428 7431
7354 7432 7358
7345 7433 7425
7434 7435 7436
7437 7438 7439
7437 7439 7440
7441 7442 7443
7441 7443 7444
7442 7441 7445
7442 7445 7446
7447 7448 7446
7447 7446 7445
7449 7450 7448
7449 7448 7447
7450 7449 7451
7450 7451 7452
7453 7454 7455
7453 7455 7456
7457 7455 7454
7457 7454 7458
7459 7460 7461
7459 7461 7462
7463 7460 7464
7463 7464 7465
7465 7464 7443
7465 7443 7466
7446 7467 7468
7446 7468 7442
7448 7469 7467
7448 7467 7446
7450 7470 7469
7450 7469 7448
7452 7471 7470
7452 7470 7450
7472 7473 7471
7472 7471 7452
7474 7475 7455
7474 7455 7476
7085 7079 7477
7478 7479 7480
7481 7482 7483
7484 7485 7486
7487 7485 7488
7489 7490 7482
7491 7489 7482
7492 7493 7487
7484 7494 7489
7488 7489 7495
7150 7149 7496
7150 7496 7497
7498 7499 7478
7498 7478 7480
7500 7501 7502
7500 7503 7501
7498 7504 7499
7505 7506 7507
7506 7508 7509
7499 7510 7481
7511 7505 7512
7513 7514 7511
7491 7515 7495
7516 7495 7515
7513 7517 7518
7512 7517 7511
7519 7520 7116
7109 7519 7118
7521 7522 7523
7521 7523 7524
7525 7526 7527
7525 7527 7528
7529 7530 7531
7529 7532 7519
7533 7115 7527
7487 7488 7534
7108 7104 7529
7492 7487 7535
7536 7537 7110
7538 7539 7540
7492 7540 7541
7542 7543 7544
7542 7544 7311
7256 7259 7311
7256 7311 7544
7544 7545 7296
7544 7296 7256
7544 7546 7545
7497 7496 7547
7548 7549 7550
7548 7550 7551
7552 7553 7554
7188 7555 7189
7189 7555 7556
7189 7556 7557
7558 7559 7560
7561 7562 7563
7561 7563 7564
7565 7566 7567
7565 7567 7568
7569 7430 7431
7569 7431 7570
7313 7312 7327
7313 7327 7567
7562 7571 7572
7546 7573 7574
7570 7575 7569
7575 7570 7576
7562 7561 7577
7562 7577 7578
7579 7580 7571
7579 7571 7581
7582 7583 7518
7582 7518 7517
7584 7585 7586
7582 7517 7587
7582 7587 7588
7589 7590 7591
7592 7593 7594
7486 7485 7595
7582 7588 7590
7582 7590 7589
7596 7597 7598
7599 7600 7597
7601 7602 7603
7601 7603 7604
7605 7606 7607
7608 7609 7610
7296 7611 7207
7296 7207 7297
7612 7613 7367
7612 7367 7208
7614 7615 7616
7614 7616 7617
7618 7337 7340
7618 7340 7615
7615 7340 7343
7615 7343 7616
7619 7457 7620
7619 7620 7621
7622 7623 7624
7545 7625 7611
7545 7611 7296
7626 7610 7609
7626 7609 7625
7613 7612 7609
7613 7609 7608
7627 7613 7608
7627 7608 7628
7629 7536 7630
7629 7630 7631
7631 7630 7069
7631 7069 7072
7632 7419 7073
7632 7073 7633
7634 7635 7636
7634 7636 7637
7638 7639 7640
7641 7598 7642
7643 7644 7645
7646 7638 7647
7648 7649 7650
7648 7650 7651
7643 7645 7652
7653 7654 7636
7653 7636 7635
7655 7656 7633
7635 7634 7657
7635 7657 7658
7656 7655 7659
7660 7629 7631
7660 7631 7632
7390 7156 7155
7390 7155 7391
7297 7207 7206
7297 7206 7378
7189 7557 7661
7189 7661 7662
7073 7419 7418
7073 7418 7074
7663 7664 7665
7663 7665 7547
7557 7556 7666
7576 7667 7559
7576 7559 7575
7564 7563 7668
7604 7603 7572
7669 7605 7647
7669 7647 7643
7208 7207 7611
7208 7611 7612
7612 7611 7625
7612 7625 7609
7626 7625 7670
7072 7419 7632
7072 7632 7631
7671 7638 7672
7671 7672 7673
7643 7647 7638
7643 7638 7644
7656 7660 7632
7656 7632 7633
7530 7529 7104
7674 7104 7103
7092 7103 7675
7411 7410 7676
7411 7676 7677
7525 7528 7523
7525 7523 7522
7545 7546 7678
7604 7572 7571
7678 7625 7545
7069 7091 7679
7630 7110 7091
7680 7681 7402
7680 7402 7405
7549 7521 7524
7549 7524 7550
7674 7110 7537
7598 7540 7539
7597 7541 7540
7589 7682 7683
7578 7577 7682
7578 7682 7591
7541 7684 7493
7685 7578 7591
7685 7591 7686
7349 7184 7347
7356 7352 7366
7589 7591 7682
7591 7590 7686
7193 7322 7194
7230 7218 7231
7436 7344 7346
7350 7357 7361
7349 7351 7365
7361 7687 7381
7359 7336 7335
7358 7360 7336
7482 7479 7483
7499 7483 7478
7500 7507 7506
7506 7503 7500
7688 7481 7510
7168 7124 7169
7689 7129 7176
7130 7125 7172
7132 7172 7166
7132 7423 7131
7055 7421 7420
7643 7652 7669
7690 7691 7692
7307 7281 7247
7693 7645 7644
7694 7695 7696
7694 7696 7697
7289 7250 7277
7290 7289 7276
7290 7276 7698
7699 7464 7460
7699 7460 7459
7288 7287 7700
7701 7702 7703
7701 7703 7704
7279 7243 7242
7279 7242 7282
7282 7242 7245
7282 7245 7283
7251 7243 7279
7251 7279 7705
7444 7443 7464
7444 7464 7699
7466 7443 7442
7466 7442 7468
7287 7692 7700
7229 7231 7236
7179 7181 7429
7181 7353 7325
7586 7585 7706
7123 7058 7173
7057 7115 7707
7058 7057 7708
7524 7523 7709
7524 7709 7710
7528 7527 7711
7528 7711 7712
7551 7550 7713
7551 7713 7714
7715 7665 7551
7715 7551 7714
7716 7547 7665
7716 7665 7715
7523 7528 7712
7523 7712 7709
7550 7524 7710
7550 7710 7713
7169 7124 7717
7170 7169 7717
7497 7547 7716
7547 7496 7663
7075 7396 7076
7718 7719 7720
7721 7711 7115
7527 7115 7711
7234 7222 7221
7693 7722 7645
7722 7723 7619
7722 7619 7645
7723 7457 7619
7723 7724 7457
7075 7397 7396
7725 7144 7143
7386 7397 7387
7417 7726 7098
7385 7727 7728
7385 7728 7382
7165 7729 7730
7165 7730 7162
7728 7727 7731
7728 7731 7725
7732 7407 7406
7413 7733 7734
7729 7395 7394
7729 7394 7735
7400 7732 7401
7732 7406 7401
7417 7121 7120
7413 7734 7414
7731 7144 7725
7736 7726 7099
7734 7417 7120
7737 7738 7584
7739 7738 7737
7739 7737 7577
7740 7741 7742
7536 7743 7744
7536 7744 7537
7183 7182 7185
7186 7185 7182
7202 7201 7427
7196 7185 7187
7185 7205 7183
7215 7214 7372
7181 7324 7200
7345 7344 7745
7348 7347 7357
7351 7350 7363
7354 7353 7180
7357 7356 7687
7358 7355 7354
7180 7364 7354
7365 7182 7349
7366 7214 7216
7372 7183 7205
7214 7184 7183
7201 7425 7433
7200 7429 7181
7432 7354 7364
7433 7345 7745
7344 7436 7435
7357 7350 7348
7351 7349 7348
7687 7361 7357
7336 7359 7358
7360 7358 7432
7057 7056 7114
7060 7059 7117
7062 7059 7061
7063 7064 7112
7102 7106 7105
7108 7107 7102
7112 7106 7107
7115 7114 7721
7116 7059 7118
7118 7063 7109
7112 7109 7063
7123 7122 7175
7126 7125 7129
7129 7128 7176
7130 7131 7128
7160 7159 7415
7167 7166 7424
7173 7124 7123
7175 7058 7123
7176 7060 7689
7062 7176 7128
7064 7128 7131
7177 7161 7160
7409 7412 7416
7416 7415 7159
7113 7064 7422
7420 7178 7177
7131 7422 7064
7479 7478 7483
7482 7481 7491
7490 7489 7494
7489 7491 7495
7494 7484 7746
7489 7488 7484
7506 7505 7514
7508 7506 7514
7510 7499 7504
7505 7511 7514
7514 7513 7508
7515 7491 7688
7495 7516 7488
7517 7513 7511
7517 7512 7587
7519 7116 7118
7519 7109 7108
7533 7527 7526
7479 7482 7490
7483 7499 7481
7507 7500 7502
7503 7506 7509
7481 7688 7491
7124 7168 7122
7129 7689 7126
7125 7130 7129
7172 7132 7130
7423 7132 7167
7421 7055 7054
7173 7058 7708
7707 7115 7533
7708 7057 7707
7717 7124 7174
7196 7195 7204
7199 7198 7314
7204 7298 7205
7316 7200 7324
7205 7317 7372
7285 7372 7317
7427 7426 7202
7488 7485 7484
7487 7493 7485
7195 7259 7298
7298 7258 7317
7258 7285 7317
7311 7197 7542
7595 7485 7493
7484 7486 7746
7493 7684 7595
7541 7600 7684
7599 7597 7596
7605 7607 7747
7492 7541 7493
7597 7540 7598
7596 7598 7641
7641 7748 7596
7492 7535 7749
7487 7534 7535
7538 7540 7492
7598 7539 7642
7641 7750 7640
7638 7640 7672
7108 7529 7519
7530 7104 7674
7674 7537 7530
7536 7110 7630
7630 7091 7069
7092 7110 7674
7674 7103 7092
7102 7104 7108
7103 7105 7675
7092 7675 7093
7091 7093 7679
7069 7679 7070
7519 7532 7520
7751 7752 7753
7744 7530 7537
7664 7551 7665
7666 7556 7566
7241 7243 7250
7289 7277 7276
