byte offset: 0
first index: 0
index count: 5982
topology: trianglelist
format: DXGI_FORMAT_R16_UINT

0 1 2
0 2 3
3 2 4
3 4 5
5 4 6
5 6 7
7 6 8
7 8 9
9 8 10
9 10 11
12 13 14
12 14 15
15 14 16
15 16 17
17 16 18
17 18 19
19 18 20
19 20 21
21 20 22
21 22 23
24 25 26
24 26 27
27 26 28
27 28 29
29 28 30
29 30 31
31 30 32
31 32 33
33 32 34
33 34 35
35 34 36
35 36 37
37 36 38
37 38 39
39 38 40
39 40 41
41 40 42
41 42 43
43 42 44
43 44 45
25 46 47
25 47 26
26 47 48
26 48 28
28 48 49
28 49 30
30 49 50
30 50 32
32 50 51
32 51 34
34 51 52
34 52 36
36 52 53
36 53 38
38 53 54
38 54 40
40 54 55
40 55 42
42 55 56
42 56 44
47 46 57
47 57 58
48 47 58
48 58 59
49 48 59
49 59 60
50 49 60
50 60 61
51 50 61
51 61 62
52 51 62
52 62 63
53 52 63
53 63 64
54 53 64
54 64 65
55 54 65
55 65 66
56 55 66
56 66 67
58 57 68
58 68 69
59 58 69
59 69 70
60 59 70
60 70 71
61 60 71
61 71 72
62 61 72
62 72 73
63 62 73
63 73 74
64 63 74
64 74 75
65 64 75
65 75 76
66 65 76
66 76 77
67 66 77
67 77 78
79 80 81
79 81 82
83 79 82
83 82 84
85 83 84
85 84 86
87 85 86
87 86 88
89 87 88
89 88 90
91 92 93
91 93 94
95 91 94
95 94 96
97 95 96
97 96 98
99 97 98
99 98 100
101 99 100
101 100 102
103 104 105
103 105 106
107 108 104
107 104 103
109 110 108
109 108 107
111 112 110
111 110 109
113 114 112
113 112 111
115 116 117
115 117 118
119 120 116
119 116 115
121 122 120
121 120 119
123 124 122
123 122 121
125 126 124
125 124 123
127 128 129
127 129 130
131 127 130
131 130 132
133 131 132
133 132 134
135 133 134
135 134 136
137 135 136
137 136 138
139 140 141
139 141 142
143 139 142
143 142 144
145 143 144
145 144 146
147 145 146
147 146 148
149 147 148
149 148 150
151 152 153
151 153 154
154 153 155
154 155 156
156 155 157
156 157 158
158 157 159
158 159 160
160 159 161
160 161 162
163 164 165
163 165 166
166 165 167
166 167 168
168 167 169
168 169 170
170 169 171
170 171 172
172 171 173
172 173 174
175 130 129
175 129 176
177 132 130
177 130 175
178 134 132
178 132 177
179 136 134
179 134 178
180 138 136
180 136 179
181 142 141
181 141 182
183 144 142
183 142 181
184 146 144
184 144 183
185 148 146
185 146 184
186 150 148
186 148 185
187 69 68
187 68 188
189 70 69
189 69 187
190 71 70
190 70 189
191 72 71
191 71 190
192 73 72
192 72 191
193 74 73
193 73 192
194 75 74
194 74 193
195 76 75
195 75 194
196 77 76
196 76 195
197 78 77
197 77 196
198 199 200
200 199 201
201 199 202
202 199 203
203 199 204
204 199 205
205 199 206
206 199 207
207 199 208
208 199 198
209 210 211
212 210 209
213 210 212
214 210 213
215 210 214
216 210 215
217 210 216
218 210 217
219 210 218
211 210 219
220 221 222
220 222 223
223 222 224
223 224 225
225 224 226
225 226 227
227 226 228
227 228 229
229 228 230
229 230 231
232 233 234
232 234 235
236 237 238
236 238 239
236 240 241
236 241 237
242 235 234
243 244 245
243 245 246
247 248 249
247 249 250
251 252 249
251 249 248
253 254 255
253 255 256
257 258 259
257 259 260
261 262 254
261 254 253
260 259 263
260 263 264
265 266 262
265 262 261
264 263 267
264 267 268
269 270 266
269 266 265
268 267 271
268 271 272
273 274 270
273 270 269
272 271 275
272 275 276
256 255 277
256 277 278
258 257 279
258 279 280
281 282 283
281 283 284
285 286 287
285 287 288
289 290 291
289 291 292
293 294 295
293 295 296
297 298 299
297 299 300
301 302 303
301 303 304
278 277 305
278 305 306
243 246 307
308 309 310
308 310 311
309 312 313
309 313 310
312 314 315
312 315 313
314 316 317
314 317 315
316 318 319
316 319 317
320 321 322
320 322 323
324 325 326
324 326 327
324 327 328
324 328 329
330 322 321
331 332 333
331 333 334
335 336 337
335 337 338
339 338 337
339 337 340
341 342 343
341 343 344
345 346 347
345 347 348
349 341 344
349 344 350
346 351 352
346 352 347
353 349 350
353 350 354
351 355 356
351 356 352
357 353 354
357 354 358
355 359 360
355 360 356
361 357 358
361 358 362
359 363 364
359 364 360
342 365 366
342 366 343
348 367 368
348 368 345
369 370 371
369 371 372
373 374 375
373 375 376
377 378 379
377 379 380
381 382 383
381 383 384
385 386 387
385 387 388
389 390 391
389 391 392
365 393 394
365 394 366
331 395 332
396 397 398
396 398 399
400 396 399
400 399 401
402 400 401
402 401 403
404 402 403
404 403 405
406 404 405
406 405 407
397 408 409
397 409 398
410 411 412
413 410 412
414 413 412
415 414 412
416 417 418
417 419 418
419 420 418
420 421 418
421 422 418
422 416 418
423 424 425
423 425 426
427 423 426
427 426 428
429 427 428
429 428 430
431 429 430
431 430 432
433 431 432
433 432 434
424 435 436
424 436 425
437 438 439
440 437 439
441 440 439
442 441 439
443 444 445
444 446 445
446 447 445
447 448 445
448 449 445
449 443 445
450 451 452
450 452 453
454 450 453
454 453 455
456 454 455
456 455 457
458 456 457
458 457 459
460 458 459
460 459 461
451 462 463
451 463 452
464 465 466
467 464 466
468 467 466
469 468 466
470 471 472
471 473 472
473 474 472
474 475 472
475 476 472
476 470 472
477 478 479
477 479 480
478 481 482
478 482 479
481 483 484
481 484 482
483 485 486
483 486 484
485 487 488
485 488 486
489 490 491
489 491 492
493 494 495
493 495 496
493 496 497
493 497 498
499 491 490
500 501 502
500 502 503
504 505 506
504 506 507
508 507 506
508 506 509
510 511 512
510 512 513
514 515 516
514 516 517
518 510 513
518 513 519
515 520 521
515 521 516
522 518 519
522 519 523
520 524 525
520 525 521
526 522 523
526 523 527
524 528 529
524 529 525
530 526 527
530 527 531
528 532 533
528 533 529
511 534 535
511 535 512
517 536 537
517 537 514
538 539 540
538 540 541
542 543 544
542 544 545
546 547 548
546 548 549
550 551 552
550 552 553
554 555 556
554 556 557
558 559 560
558 560 561
534 562 563
534 563 535
500 564 501
565 566 567
565 567 568
568 567 569
568 569 570
570 569 571
570 571 572
572 571 573
572 573 574
574 573 575
574 575 576
577 578 579
577 579 580
581 582 583
581 583 584
581 585 586
581 586 582
587 580 579
588 589 590
588 590 591
592 593 594
592 594 595
596 597 594
596 594 593
598 599 600
598 600 601
602 603 604
602 604 605
606 607 599
606 599 598
605 604 608
605 608 609
610 611 607
610 607 606
609 608 612
609 612 613
614 615 611
614 611 610
613 612 616
613 616 617
618 619 615
618 615 614
617 616 620
617 620 621
601 600 622
601 622 623
603 602 624
603 624 625
626 627 628
626 628 629
630 631 632
630 632 633
634 635 636
634 636 637
638 639 640
638 640 641
642 643 644
642 644 645
646 647 648
646 648 649
623 622 650
623 650 651
588 591 652
653 654 655
653 655 656
657 658 654
657 654 653
659 660 658
659 658 657
661 662 660
661 660 659
663 664 662
663 662 661
656 655 665
656 665 666
667 668 669
670 668 667
671 668 670
672 668 671
673 674 675
675 674 676
676 674 677
677 674 678
678 674 679
679 674 673
680 681 682
680 682 683
683 682 684
683 684 685
685 684 686
685 686 687
687 686 688
687 688 689
689 688 690
689 690 691
692 693 681
692 681 680
694 695 696
696 695 697
697 695 698
698 695 699
699 695 700
700 695 694
701 702 703
701 703 704
704 703 705
704 705 706
706 705 707
706 707 708
708 707 709
708 709 710
710 709 711
710 711 712
713 714 702
713 702 701
715 716 717
717 716 718
718 716 719
719 716 720
720 716 721
721 716 715
722 723 724
722 724 725
725 724 726
725 726 727
727 726 728
727 728 729
729 728 730
729 730 731
731 730 732
731 732 733
734 735 723
734 723 722
736 737 738
738 737 739
739 737 740
740 737 741
741 737 742
742 737 736
743 744 745
743 745 746
746 745 747
746 747 748
748 747 749
748 749 750
750 749 751
750 751 752
752 751 753
752 753 754
755 756 744
755 744 743
757 758 759
759 758 760
760 758 761
761 758 762
762 758 763
763 758 757
764 765 766
764 766 767
768 764 767
768 767 769
770 768 769
770 769 771
772 770 771
772 771 773
774 775 776
774 776 777
778 774 777
778 777 779
780 778 779
780 779 781
782 780 781
782 781 783
784 785 786
784 786 787
788 789 785
788 785 784
790 791 789
790 789 788
792 793 791
792 791 790
794 795 796
794 796 797
798 794 797
798 797 799
800 798 799
800 799 801
802 800 801
802 801 803
804 805 806
804 806 807
807 806 808
807 808 809
809 808 810
809 810 811
811 810 812
811 812 813
814 815 816
814 816 817
817 816 818
817 818 819
819 818 820
819 820 821
821 820 822
821 822 823
805 824 825
805 825 806
806 825 826
806 826 808
808 826 827
808 827 810
810 827 828
810 828 812
815 829 830
815 830 816
816 830 831
816 831 818
818 831 832
818 832 820
820 832 833
820 833 822
807 834 835
807 835 804
809 836 834
809 834 807
811 837 836
811 836 809
813 838 837
813 837 811
817 839 840
817 840 814
819 841 839
819 839 817
821 842 841
821 841 819
823 843 842
823 842 821
844 845 846
846 845 847
847 845 848
848 845 849
849 845 850
850 845 851
851 845 852
852 845 844
853 854 855
856 854 853
857 854 856
858 854 857
859 854 858
860 854 859
861 854 860
855 854 861
862 863 864
865 863 862
866 863 865
867 863 866
868 863 867
869 863 868
870 863 869
864 863 870
871 872 873
874 872 875
873 872 874
876 877 872
876 872 878
875 872 877
879 880 881
879 881 882
883 884 885
883 885 886
887 888 889
887 889 890
891 892 893
891 893 894
895 896 897
895 897 898
899 900 901
899 901 902
903 904 905
903 905 906
907 908 909
907 909 910
911 912 913
911 913 914
915 916 917
915 917 918
919 920 921
919 921 922
923 924 925
923 925 926
927 928 929
927 929 930
871 873 931
932 933 934
935 936 934
933 935 934
937 938 934
937 934 939
936 939 934
940 941 942
940 942 943
944 945 946
944 946 947
948 949 950
948 950 951
952 953 954
952 954 955
956 957 958
956 958 959
960 961 962
960 962 963
964 965 966
964 966 967
968 969 970
968 970 971
972 973 974
972 974 975
976 977 978
976 978 979
980 981 982
980 982 983
932 984 933
985 986 987
985 987 988
989 990 991
989 991 992
993 994 995
993 995 996
997 998 999
997 999 1000
988 990 989
988 989 994
1001 1002 1003
988 1004 990
1005 1002 1001
988 1002 1004
1003 1002 988
1006 1007 1008
1006 1008 1009
1010 1011 1012
1010 1012 1013
1014 1015 1016
1014 1016 1017
1018 1019 1020
1018 1020 1021
1009 1008 1020
1009 1020 1019
1022 1023 1024
1025 1009 1011
1022 1026 1023
1022 1009 1025
1022 1024 1009
1027 1028 1029
1027 1029 1030
1031 1032 1033
1031 1033 1034
1035 1036 1037
1035 1037 1038
1039 1040 1041
1039 1041 1042
1043 1044 1045
1043 1045 1046
1047 1048 1049
1047 1049 1050
1051 1052 1053
1051 1053 1054
1055 1056 1057
1055 1057 1058
1059 1060 1061
1059 1061 1062
1063 1064 1065
1063 1065 1066
1067 1068 1069
1067 1069 1070
1071 1072 1073
1071 1073 1074
1075 1076 1077
1075 1077 1078
1079 1080 1081
1079 1081 1082
1083 1084 1085
1083 1085 1086
1087 1088 1089
1087 1089 1090
1091 1092 1093
1091 1093 1094
1095 1096 1097
1095 1097 1098
1099 1100 1101
1099 1101 1102
1103 1104 1105
1103 1105 1106
1107 1108 1109
1107 1109 1110
1111 1112 1113
1111 1113 1114
1115 1116 1117
1115 1117 1118
1119 1120 1121
1119 1121 1122
1123 1124 1125
1123 1125 1126
1127 1128 1129
1127 1129 1130
1131 1132 1133
1131 1133 1134
1135 1136 1137
1138 1139 1137
1136 1138 1137
1140 1141 1137
1140 1137 1142
1139 1142 1137
1143 1144 1145
1143 1145 1146
1147 1148 1149
1147 1149 1150
1151 1152 1153
1151 1153 1154
1155 1156 1157
1155 1157 1158
1159 1160 1161
1159 1161 1162
1163 1164 1165
1163 1165 1166
1167 1168 1169
1167 1169 1170
1171 1172 1173
1171 1173 1174
1175 1176 1177
1175 1177 1178
1179 1180 1181
1179 1181 1182
1183 1184 1185
1183 1185 1186
1187 1188 1189
1187 1189 1190
1191 1192 1193
1191 1193 1194
1195 1196 1197
1195 1197 1198
1199 1200 1201
1199 1201 1202
1203 1204 1205
1203 1205 1206
1135 1207 1136
1208 1209 1210
1211 1209 1212
1210 1209 1211
1213 1214 1209
1213 1209 1215
1212 1209 1214
1216 1217 1218
1216 1218 1219
1220 1221 1222
1220 1222 1223
1224 1225 1226
1224 1226 1227
1228 1229 1230
1228 1230 1231
1232 1233 1234
1232 1234 1235
1236 1237 1238
1236 1238 1239
1240 1241 1242
1240 1242 1243
1244 1245 1246
1244 1246 1247
1248 1249 1250
1248 1250 1251
1252 1253 1254
1252 1254 1255
1256 1257 1258
1256 1258 1259
1208 1210 1260
1261 1262 1263
1261 1263 1264
1265 1261 1264
1265 1264 1266
1267 1268 1269
1267 1269 1270
1262 1267 1270
1262 1270 1263
1271 1272 1262
1271 1262 1261
1273 1271 1261
1273 1261 1265
1274 1275 1268
1274 1268 1267
1272 1274 1267
1272 1267 1262
1276 1277 1272
1276 1272 1271
1278 1276 1271
1278 1271 1273
1279 1280 1275
1279 1275 1274
1277 1279 1274
1277 1274 1272
1281 1282 1277
1281 1277 1276
1283 1281 1276
1283 1276 1278
1284 1285 1280
1284 1280 1279
1282 1284 1279
1282 1279 1277
1286 1287 1282
1286 1282 1281
1288 1286 1281
1288 1281 1283
1289 1290 1285
1289 1285 1284
1287 1289 1284
1287 1284 1282
1291 1292 1287
1291 1287 1286
1293 1291 1286
1293 1286 1288
1294 1295 1290
1294 1290 1289
1292 1294 1289
1292 1289 1287
1296 1297 1292
1296 1292 1291
1298 1296 1291
1298 1291 1293
1299 1300 1295
1299 1295 1294
1297 1299 1294
1297 1294 1292
1301 1302 1297
1301 1297 1296
1303 1301 1296
1303 1296 1298
1304 1305 1300
1304 1300 1299
1302 1304 1299
1302 1299 1297
1306 1307 1302
1306 1302 1301
1308 1306 1301
1308 1301 1303
1309 1310 1305
1309 1305 1304
1307 1309 1304
1307 1304 1302
1311 1312 1307
1311 1307 1306
1313 1311 1306
1313 1306 1308
1314 1315 1310
1314 1310 1309
1312 1314 1309
1312 1309 1307
1316 1317 1312
1316 1312 1311
1318 1316 1311
1318 1311 1313
1319 1320 1315
1319 1315 1314
1317 1319 1314
1317 1314 1312
1321 1322 1323
1321 1323 1324
1325 1326 1327
1325 1327 1328
1329 1330 1331
1329 1331 1332
1333 1334 1335
1333 1335 1336
1337 1338 1339
1337 1339 1340
1341 1342 1343
1341 1343 1344
1345 1346 1347
1348 1349 1350
1351 1352 1353
1351 1353 1354
1355 1356 1357
1355 1357 1358
1359 1360 1361
1359 1361 1362
1363 1364 1365
1363 1365 1366
1367 1368 1369
1367 1369 1370
1371 1372 1373
1371 1373 1374
1375 1376 1377
1375 1377 1378
1379 1380 1381
1382 1383 1384
1385 1386 1387
1388 1386 1385
1388 1389 1386
1385 1387 1390
1388 1391 1389
1392 1391 1388
1393 1394 1395
1393 1396 1394
1397 1396 1393
1395 1394 1398
1399 1396 1397
1399 1400 1396
1401 1402 1403
1401 1403 1404
1405 1406 1407
1405 1407 1408
1408 1407 1409
1408 1409 1410
1410 1409 1402
1410 1402 1401
1411 1412 1406
1411 1406 1405
1413 1414 1415
1413 1415 1416
1417 1418 1419
1417 1419 1420
1421 1422 1423
1421 1423 1424
1425 1426 1427
1425 1427 1428
1429 1430 1431
1429 1431 1432
1433 1434 1435
1433 1435 1436
1437 1438 1439
1437 1439 1440
1441 1442 1443
1441 1443 1444
1445 1446 1447
1445 1447 1448
1449 1450 1451
1449 1451 1452
1413 1453 1454
1433 1455 1456
1457 1458 1449
1457 1449 1452
1457 1452 1459
1458 1460 1424
1458 1424 1449
1460 1421 1424
1460 1428 1421
1460 1425 1428
1436 1429 1455
1436 1455 1433
1453 1413 1461
1462 1416 1441
1462 1441 1444
1462 1444 1445
1462 1445 1448
1463 1420 1464
1465 1466 1467
1465 1467 1468
1469 1470 1471
1469 1471 1472
1473 1474 1475
1473 1475 1476
1477 1478 1479
1477 1479 1480
1481 1482 1483
1481 1483 1484
1485 1486 1487
1485 1487 1488
1489 1490 1491
1489 1491 1492
1493 1494 1495
1493 1495 1496
1497 1498 1499
1497 1499 1500
1501 1502 1503
1501 1503 1504
1505 1506 1507
1505 1507 1508
1509 1510 1511
1509 1511 1512
1513 1514 1515
1513 1515 1516
1517 1518 1519
1517 1519 1520
1521 1522 1523
1521 1523 1524
1525 1526 1527
1525 1527 1528
1529 1530 1531
1529 1531 1532
1533 1534 1535
1533 1535 1536
1537 1538 1539
1537 1539 1540
1541 1542 1543
1541 1543 1544
1545 1546 1547
1545 1547 1548
1549 1550 1551
1549 1551 1552
1553 1554 1555
1553 1555 1556
1557 1558 1559
1557 1559 1560
1561 1562 1563
1561 1563 1564
1565 1566 1567
1565 1567 1568
1569 1570 1571
1569 1571 1572
1573 1574 1575
1573 1575 1576
1577 1578 1579
1577 1579 1580
1581 1582 1583
1581 1583 1584
1585 1586 1587
1585 1587 1588
1589 1590 1591
1589 1591 1592
1593 1594 1595
1593 1595 1596
1597 1598 1599
1597 1599 1600
1601 1602 1603
1601 1603 1604
1605 1606 1607
1605 1607 1608
1609 1610 1611
1609 1611 1612
1613 1614 1615
1613 1615 1616
1617 1618 1619
1617 1619 1620
1621 1622 1623
1621 1623 1624
1625 1626 1627
1625 1627 1628
1629 1630 1631
1629 1631 1632
1633 1634 1635
1633 1635 1636
1637 1638 1639
1637 1639 1640
1641 1642 1643
1641 1643 1644
1645 1646 1647
1645 1647 1648
1649 1650 1651
1649 1651 1652
1653 1654 1655
1653 1655 1656
1657 1658 1659
1657 1659 1660
1661 1662 1663
1661 1663 1664
1665 1666 1667
1665 1667 1668
1669 1670 1671
1669 1671 1672
1673 1674 1675
1673 1675 1676
1677 1678 1679
1677 1679 1680
1681 1682 1683
1681 1683 1684
1685 1686 1687
1685 1687 1688
1689 1690 1691
1689 1691 1692
1693 1694 1695
1693 1695 1696
1697 1698 1699
1697 1699 1700
1661 1701 1702
1681 1703 1704
1705 1698 1697
1705 1697 1706
1705 1707 1698
1706 1697 1670
1706 1670 1708
1708 1670 1669
1708 1669 1674
1708 1674 1673
1677 1704 1708
1677 1708 1678
1702 1709 1661
1710 1689 1662
1710 1690 1689
1710 1693 1690
1710 1711 1685
1710 1685 1694
1711 1712 1666
1713 1714 1715
1713 1715 1716
1717 1718 1719
1717 1719 1720
1721 1722 1723
1721 1723 1724
1725 1726 1727
1725 1727 1728
1729 1730 1731
1729 1731 1732
1733 1734 1735
1733 1735 1736
1737 1738 1739
1737 1739 1740
1741 1742 1743
1741 1743 1744
1745 1746 1747
1745 1747 1748
1749 1750 1751
1749 1751 1752
1753 1754 1755
1753 1755 1756
1757 1758 1759
1757 1759 1760
1761 1762 1763
1761 1763 1764
1765 1766 1767
1765 1767 1768
1769 1770 1771
1769 1771 1772
1773 1774 1775
1773 1775 1776
1777 1778 1779
1777 1779 1780
1781 1782 1783
1781 1783 1784
1785 1786 1787
1785 1787 1788
1789 1790 1791
1789 1791 1792
1793 1794 1795
1793 1795 1796
1797 1798 1799
1797 1799 1800
1801 1802 1803
1801 1803 1804
1805 1806 1807
1805 1807 1808
1809 1810 1811
1809 1811 1812
1813 1814 1815
1813 1815 1816
1817 1818 1819
1817 1819 1820
1821 1822 1823
1821 1823 1824
1825 1826 1827
1825 1827 1828
1829 1830 1831
1829 1831 1832
1657 1833 1834
1657 1834 1658
1835 1836 1837
1835 1837 1838
1839 1840 1841
1839 1841 1842
1843 1844 1845
1843 1845 1846
1847 1848 1849
1847 1849 1850
1851 1852 1853
1851 1853 1854
1855 1856 1857
1855 1857 1858
1859 1860 1861
1859 1861 1862
1863 1864 1865
1863 1865 1866
1867 1868 1869
1867 1869 1870
1871 1872 1873
1871 1873 1874
1875 1876 1877
1875 1877 1878
1879 1880 1881
1879 1881 1882
1883 1884 1885
1883 1885 1886
1887 1888 1889
1890 1891 1892
1890 1892 1893
1894 1895 1896
1894 1896 1897
1898 1899 1900
1898 1900 1901
1902 1903 1904
1902 1904 1905
1906 1907 1908
1906 1908 1909
1910 1911 1912
1910 1912 1913
1845 1844 1596
1845 1596 1595
1914 1915 1916
1914 1916 1917
1918 1919 1920
1918 1920 1921
1922 1923 1924
1922 1924 1925
1926 1927 1928
1926 1928 1929
1930 1931 1932
1930 1932 1933
1934 1935 1936
1934 1936 1937
1833 1938 1939
1833 1939 1834
1940 1941 1942
1940 1942 1943
1944 1945 1946
1944 1946 1947
1460 1455 1429
1460 1429 1432
1682 1681 1704
1682 1704 1677
1678 1708 1673
1460 1432 1425
1462 1448 1437
1462 1437 1463
1710 1694 1693
1461 1413 1462
1661 1709 1710
1887 1889 1948
1462 1413 1416
1661 1710 1662
1665 1711 1666
1463 1417 1420
1686 1711 1665
1463 1440 1417
1685 1711 1686
1463 1437 1440
1949 1950 1951
1952 1953 1954
1955 1956 1957
1955 1957 1958
1959 1956 1955
1959 1955 1960
1949 1961 1962
1949 1962 1950
1960 1949 1963
1960 1963 1959
1964 1965 1966
1964 1966 1967
1959 1963 1968
1962 1961 1969
1970 1971 1972
1970 1972 1973
1961 1960 1974
1973 1972 1975
1973 1975 1969
1976 1969 1975
1977 1978 1979
1977 1979 1980
1981 1982 1983
1981 1983 1984
1985 1986 1987
1985 1987 1988
1989 1990 1991
1989 1991 1992
1952 1954 1949
1952 1949 1951
1961 1949 1960
1993 1994 1995
1993 1995 1996
1969 1976 1962
1976 1950 1962
1997 1998 1999
1997 1999 2000
2001 2002 2003
2001 2003 2004
2005 2006 2007
2005 2007 2008
2009 2010 2011
2012 2013 2014
2015 2016 2017
2015 2017 2018
2019 2020 2021
2019 2021 2022
2023 2024 2025
2023 2025 2026
2027 2028 2023
2027 2023 2026
2009 2011 2029
2009 2029 2030
2028 2027 2031
2028 2031 2009
2032 2033 2034
2032 2034 2035
2036 2037 2038
2036 2038 2039
2027 2040 2031
2029 2041 2030
2042 2043 2044
2042 2044 2045
2030 2046 2028
2045 2041 2047
2045 2047 2042
2048 2047 2041
2049 2050 2051
2049 2051 2052
2036 2053 2054
2036 2054 2037
2055 2056 2057
2055 2057 2058
2059 2060 2061
2059 2061 2062
2063 2064 2065
2063 2065 2066
2067 2068 2069
2067 2069 2070
2071 2072 2073
2071 2073 2074
2075 2076 2077
2075 2077 2078
2009 2013 2012
2009 2012 2010
2030 2028 2009
2079 2080 2081
2079 2081 2082
2041 2029 2048
2048 2029 2011
2083 2084 2085
2083 2085 2086
2087 2088 2089
2039 2038 2090
2087 2089 2007
2087 2007 2006
2091 2092 2093
2091 2093 2094
2092 2091 2095
2092 2095 2096
2097 2098 2099
2097 2099 2100
2100 2101 2102
2100 2102 2097
2103 2104 2105
2103 2105 2106
2106 2107 2108
2106 2108 2109
2110 2111 2112
2110 2112 2109
2113 2114 2115
2113 2115 2116
2117 2118 2119
2117 2119 2103
2120 2121 2122
2123 2124 2125
2123 2125 2126
2121 2120 2124
2121 2124 2123
2103 2119 2104
2114 2127 2115
2115 2127 2128
2115 2128 2117
2128 2118 2117
2105 2107 2106
2108 2110 2109
2129 2130 2131
2129 2131 2132
2130 2133 2134
2130 2134 2135
2136 2133 2137
2136 2137 2138
2139 2140 2141
2139 2141 2142
2143 2129 2144
2143 2144 2145
2146 2147 2148
2149 2150 2151
2149 2151 2152
2148 2149 2152
2148 2152 2146
2129 2132 2144
2142 2141 2153
2141 2143 2154
2141 2154 2153
2154 2143 2145
2131 2130 2135
2134 2133 2136
2155 2156 2157
2155 2157 2158
2159 2155 2158
2159 2158 2160
2161 2162 2163
2161 2163 2164
2165 2161 2164
2165 2164 2166
2167 2165 2166
2167 2166 2168
2169 2167 2168
2169 2168 2170
2171 2169 2170
2171 2170 2172
2156 2171 2172
2156 2172 2157
2162 2161 2173
2174 2173 2161
2174 2161 2165
2175 2174 2165
2175 2165 2167
2176 2175 2167
2176 2167 2169
2169 2171 2176
2173 2174 2177
2178 2177 2174
2178 2174 2175
2179 2178 2175
2179 2175 2176
2176 2171 2179
2180 2181 2156
2180 2156 2155
2182 2180 2155
2182 2155 2159
2183 2184 2162
2183 2162 2173
2185 2183 2173
2185 2173 2177
2186 2185 2177
2186 2177 2178
2187 2186 2178
2187 2178 2179
2188 2187 2179
2188 2179 2171
2181 2188 2171
2181 2171 2156
2189 2190 2181
2189 2181 2180
2191 2189 2180
2191 2180 2182
2192 2193 2184
2192 2184 2183
2194 2192 2183
2194 2183 2185
2195 2194 2185
2195 2185 2186
2196 2195 2186
2196 2186 2187
2197 2196 2187
2197 2187 2188
2190 2197 2188
2190 2188 2181
2198 2199 2190
2198 2190 2189
2200 2198 2189
2200 2189 2191
2201 2202 2193
2201 2193 2192
2203 2201 2192
2203 2192 2194
2204 2203 2194
2204 2194 2195
2205 2204 2195
2205 2195 2196
2206 2205 2196
2206 2196 2197
2199 2206 2197
2199 2197 2190
2207 2208 2199
2207 2199 2198
2209 2207 2198
2209 2198 2200
2210 2211 2202
2210 2202 2201
2212 2210 2201
2212 2201 2203
2213 2212 2203
2213 2203 2204
2214 2213 2204
2214 2204 2205
2215 2214 2205
2215 2205 2206
2208 2215 2206
2208 2206 2199
2216 2217 2218
2216 2218 2219
2220 2216 2219
2220 2219 2221
2222 2223 2224
2222 2224 2225
2226 2222 2225
2226 2225 2227
2228 2226 2227
2228 2227 2229
2230 2228 2229
2230 2229 2231
2232 2230 2231
2232 2231 2233
2217 2232 2233
2217 2233 2218
2234 2235 2217
2234 2217 2216
2236 2234 2216
2236 2216 2220
2237 2238 2223
2237 2223 2222
2239 2237 2222
2239 2222 2226
2240 2239 2226
2240 2226 2228
2241 2240 2228
2241 2228 2230
2242 2241 2230
2242 2230 2232
2235 2242 2232
2235 2232 2217
2243 2244 2235
2243 2235 2234
2245 2243 2234
2245 2234 2236
2246 2247 2238
2246 2238 2237
2248 2246 2237
2248 2237 2239
2249 2248 2239
2249 2239 2240
2250 2249 2240
2250 2240 2241
2251 2250 2241
2251 2241 2242
2244 2251 2242
2244 2242 2235
2252 2253 2244
2252 2244 2243
2254 2252 2243
2254 2243 2245
2255 2256 2247
2255 2247 2246
2257 2255 2246
2257 2246 2248
2258 2257 2248
2258 2248 2249
2259 2258 2249
2259 2249 2250
2260 2259 2250
2260 2250 2251
2253 2260 2251
2253 2251 2244
2261 2262 2253
2261 2253 2252
2263 2261 2252
2263 2252 2254
2264 2265 2256
2264 2256 2255
2266 2264 2255
2266 2255 2257
2267 2266 2257
2267 2257 2258
2268 2267 2258
2268 2258 2259
2269 2268 2259
2269 2259 2260
2262 2269 2260
2262 2260 2253
2270 2262 2261
2270 2261 2271
2261 2263 2272
2261 2272 2271
2265 2264 2273
2265 2273 2274
2264 2266 2275
2264 2275 2273
2266 2267 2276
2266 2276 2275
2276 2267 2268
2276 2268 2277
2277 2268 2269
2277 2269 2278
2278 2269 2262
2278 2262 2270
2279 2280 2281
2282 2283 2284
2285 2284 2283
2285 2283 2286
2287 2285 2286
2287 2286 2288
2289 2287 2288
2289 2288 2290
2291 2289 2290
2291 2290 2292
2281 2291 2292
2281 2292 2279
2293 2294 2281
2293 2281 2280
2295 2293 2280
2295 2280 2296
2297 2282 2284
2297 2284 2298
2298 2284 2285
2298 2285 2299
2300 2299 2285
2300 2285 2287
2301 2300 2287
2301 2287 2289
2302 2301 2289
2302 2289 2291
2294 2302 2291
2294 2291 2281
2303 2304 2294
2303 2294 2293
2305 2303 2293
2305 2293 2295
2306 2307 2297
2306 2297 2298
2308 2306 2298
2308 2298 2299
2309 2308 2299
2309 2299 2300
2310 2309 2300
2310 2300 2301
2311 2310 2301
2311 2301 2302
2304 2311 2302
2304 2302 2294
2208 2207 2219
2208 2219 2218
2207 2209 2221
2207 2221 2219
2211 2210 2225
2211 2225 2224
2210 2212 2227
2210 2227 2225
2212 2213 2229
2212 2229 2227
2213 2214 2231
2213 2231 2229
2214 2215 2233
2214 2233 2231
2215 2208 2218
2215 2218 2233
2270 2271 2280
2270 2280 2279
2271 2272 2296
2271 2296 2280
2274 2273 2283
2274 2283 2282
2283 2273 2275
2283 2275 2286
2286 2275 2276
2286 2276 2288
2288 2276 2277
2288 2277 2290
2277 2278 2292
2277 2292 2290
2278 2270 2279
2278 2279 2292
2312 2313 2314
2312 2314 2315
2316 2317 2318
2316 2318 2319
2320 2321 2322
2320 2322 2323
2324 2325 2326
2324 2326 2327
2328 2329 2330
2328 2330 2331
2332 2333 2334
2332 2334 2335
2336 2337 2338
2336 2338 2339
2340 2341 2342
2340 2342 2343
2344 2345 2346
2344 2346 2347
2348 2349 2350
2348 2350 2351
2352 2353 2354
2352 2354 2355
2356 2357 2358
2356 2358 2359
2360 2361 2362
2360 2362 2363
2364 2365 2366
2364 2366 2367
2368 2369 2370
2368 2370 2371
2372 2373 2374
2372 2374 2375
2376 2377 2378
2376 2378 2379
2380 2381 2382
2380 2382 2383
2384 2385 2386
2384 2386 2387
2388 2389 2390
2388 2390 2391
2392 2393 2394
2392 2394 2395
2396 2397 2398
2396 2398 2399
2400 2401 2402
2400 2402 2403
2404 2405 2406
2404 2406 2407
2408 2409 2410
2408 2410 2411
2412 2413 2414
2412 2414 2415
2416 2417 2418
2416 2418 2419
2420 2421 2422
2420 2422 2423
2424 2425 2426
2424 2426 2427
2428 2429 2430
2428 2430 2431
2422 2428 2431
2422 2431 2423
2429 2432 2433
2429 2434 2430
2429 2433 2434
2434 2435 2430
2429 2436 2437
2429 2437 2432
2438 2439 2440
2438 2440 2441
2442 2443 2444
2445 2446 2447
2445 2447 2448
2449 2450 2451
2449 2451 2452
2453 2454 2455
2453 2455 2456
2457 2458 2459
2457 2459 2460
2461 2462 2463
2461 2463 2464
2465 2466 2467
2465 2467 2468
2469 2470 2471
2469 2471 2472
2473 2474 2475
2473 2475 2476
2477 2478 2479
2477 2479 2480
2481 2482 2483
2481 2483 2484
2485 2486 2487
2485 2487 2488
2489 2490 2491
2489 2491 2492
2493 2494 2495
2493 2495 2496
2491 2490 2497
2491 2497 2498
2499 2500 2501
2502 2503 2504
2505 2506 2503
2505 2503 2502
2507 2508 2509
2507 2509 2510
2485 2488 2511
2498 2497 2512
2498 2512 2513
2451 2450 2514
2515 2505 2500
2515 2506 2505
2503 2506 2512
2503 2512 2497
2501 2500 2516
2500 2499 2517
2500 2517 2515
2442 2444 2518
2444 2443 2519
988 998 997
988 997 985
988 994 993
988 993 998
1009 1015 1012
1009 1012 1011
1009 1019 1016
1009 1016 1015
2520 2521 2522
2523 2524 2525
2526 2527 2528
2529 2530 2531
2532 2533 2534
2535 2536 2537
2538 2539 2540
2540 2539 2541
2542 2543 2544
2545 2543 2546
2546 2543 2547
2547 2543 2542
2548 2549 2550
2551 2552 2553
2554 2555 2556
2557 2558 2559
764 2560 2561
764 2561 765
2562 2560 764
2562 764 768
2563 2562 768
2563 768 770
772 2564 2563
772 2563 770
774 2565 2566
774 2566 775
778 2567 2565
778 2565 774
780 2568 2567
780 2567 778
782 2569 2568
782 2568 780
