byte offset: 0
first index: 0
index count: 9690
topology: trianglelist
format: DXGI_FORMAT_R16_UINT

0 1 2
0 3 4
0 5 3
3 5 6
7 6 5
7 8 6
7 9 8
7 10 9
10 11 9
10 12 11
13 10 7
13 7 5
14 13 5
5 0 14
14 15 13
14 16 15
0 17 14
14 18 16
14 17 18
0 19 17
19 0 20
21 16 18
21 22 16
21 23 22
17 24 18
17 25 24
25 17 19
26 18 24
26 21 18
21 26 27
21 27 23
28 23 27
28 29 23
25 19 30
31 30 19
31 19 32
33 32 19
31 32 34
32 35 34
30 31 36
36 31 37
30 36 38
38 36 39
38 39 40
41 40 39
41 42 40
39 36 43
41 44 42
44 45 42
41 46 44
41 47 46
39 43 48
41 39 48
47 41 49
47 49 50
50 49 43
51 41 48
51 49 41
43 51 48
43 49 51
52 53 54
55 56 53
55 57 56
57 58 59
60 58 61
62 63 64
62 65 66
62 66 67
66 68 67
68 69 67
68 70 69
69 70 71
69 71 72
72 71 73
72 73 74
75 69 72
75 67 69
76 67 75
67 76 62
76 75 77
76 77 78
62 76 79
76 78 80
76 80 79
62 79 81
81 82 62
78 83 80
78 84 83
83 84 85
79 80 86
79 86 87
87 81 79
80 88 86
80 83 88
89 88 83
89 83 85
90 89 85
90 85 91
87 92 81
81 92 93
81 93 94
95 81 94
93 96 94
94 96 97
92 98 93
98 99 93
92 100 98
100 101 98
100 102 101
101 102 103
102 104 103
101 105 98
106 103 104
106 104 107
106 108 103
103 108 109
101 110 105
101 103 110
109 111 103
109 112 111
112 105 111
113 110 103
105 110 113
113 103 111
105 113 111
114 115 116
117 116 118
117 118 119
119 120 121
122 123 121
124 125 126
127 126 125
127 125 128
127 128 129
128 130 129
129 130 131
128 125 132
130 133 131
128 132 134
134 130 128
135 134 132
135 136 134
137 136 135
130 138 133
138 139 133
134 140 130
140 134 136
137 141 136
142 141 137
142 143 141
143 142 144
130 145 138
130 140 145
140 136 146
146 136 141
145 140 146
138 147 139
147 138 145
146 141 148
141 143 148
145 146 149
149 146 148
143 144 150
151 150 144
151 152 150
150 152 153
150 153 154
154 143 150
155 154 153
143 154 156
155 156 154
143 157 148
157 143 156
155 158 156
157 156 158
155 159 158
160 148 157
149 148 160
157 158 161
160 157 161
162 158 159
158 162 161
163 162 159
163 159 164
163 165 162
163 164 165
166 161 162
166 162 165
161 167 160
161 166 167
168 149 160
168 160 167
165 164 169
169 164 170
165 169 171
171 166 165
169 170 171
172 167 166
171 172 166
171 170 173
173 172 171
174 173 170
172 175 167
168 167 175
176 149 168
176 145 149
147 145 176
177 172 173
177 175 172
174 178 173
177 173 178
177 178 179
180 178 174
179 178 180
180 174 181
182 180 181
180 182 179
182 181 183
184 176 168
168 175 184
177 185 175
179 185 177
185 184 175
184 186 176
186 147 176
185 187 184
187 186 184
188 185 179
188 187 185
186 189 147
190 189 186
189 139 147
189 191 139
191 189 190
191 190 192
193 192 190
187 194 186
190 186 194
195 193 190
196 193 195
197 194 187
188 197 187
198 190 194
198 195 190
197 198 194
196 195 199
196 199 200
201 200 199
195 202 199
195 198 202
203 202 198
203 198 197
197 204 203
197 188 204
205 204 188
205 188 179
206 205 179
206 179 182
182 207 206
182 183 207
208 207 183
208 209 207
183 210 208
211 210 183
211 212 210
212 211 213
213 214 212
213 215 214
213 216 215
217 214 215
218 215 216
217 215 218
218 216 219
220 217 218
219 221 218
220 218 221
219 222 221
221 223 220
222 224 221
221 224 223
222 225 224
226 224 225
227 223 224
226 227 224
226 228 227
227 229 223
229 227 228
230 229 228
231 229 230
232 231 230
232 233 231
232 234 233
235 233 234
235 234 236
236 234 237
238 235 236
238 239 235
236 237 240
236 240 238
241 239 238
241 242 239
243 241 238
243 238 240
240 244 243
237 245 240
240 245 244
237 246 245
247 244 245
248 245 246
246 249 248
248 249 250
248 250 251
247 245 252
252 245 248
252 253 247
248 251 254
252 248 254
252 255 253
254 255 252
255 256 253
251 257 254
254 257 255
251 258 257
255 259 256
257 259 255
259 260 256
261 257 258
257 261 259
261 258 262
259 263 260
263 259 261
264 260 263
265 264 263
266 261 262
263 261 266
266 265 263
266 262 267
266 268 265
266 267 269
266 269 268
270 271 272
270 273 271
274 273 270
275 271 273
274 276 273
274 277 276
278 276 277
275 273 279
276 279 273
280 275 279
278 281 276
282 281 278
280 279 283
284 280 283
276 285 279
285 276 281
285 283 279
282 286 281
287 286 282
284 283 288
289 284 288
285 290 283
290 288 283
285 281 291
291 281 286
291 290 285
287 292 286
293 292 287
289 288 294
294 295 289
291 286 296
296 286 292
290 297 288
297 294 288
293 298 292
293 299 298
299 300 298
301 300 299
302 300 301
302 301 303
304 302 303
304 303 305
306 302 304
306 307 302
307 300 302
308 307 306
300 309 298
307 309 300
308 310 307
310 309 307
310 308 311
292 298 312
309 312 298
310 313 309
312 309 313
310 311 314
313 310 314
292 312 315
296 292 315
316 314 311
316 311 317
316 317 318
312 313 319
315 312 319
313 314 320
320 314 316
319 313 320
296 315 321
315 319 321
316 318 322
322 318 323
320 316 324
324 316 322
296 321 325
291 296 325
291 325 326
291 326 290
327 325 321
326 325 327
328 290 326
326 327 328
328 297 290
319 329 321
327 321 329
319 320 330
319 330 329
331 327 329
331 329 330
320 332 330
331 330 332
320 324 332
333 328 327
331 333 327
297 328 334
333 334 328
297 334 335
297 335 294
333 336 334
335 334 336
331 337 333
333 337 336
332 338 331
331 338 337
324 339 332
332 339 338
340 338 339
335 341 294
294 341 295
335 336 342
335 342 341
343 295 341
342 343 341
343 344 295
345 344 343
337 346 336
346 342 336
324 347 339
324 322 347
338 348 337
337 348 346
345 343 349
349 350 345
342 351 343
346 351 342
351 349 343
349 352 350
353 350 352
351 354 349
354 352 349
351 346 355
351 355 354
353 352 356
357 353 356
354 358 352
355 358 354
356 352 358
346 359 355
346 348 359
357 356 360
360 361 357
360 362 361
363 361 362
364 360 356
364 362 360
363 362 365
365 366 363
365 367 366
368 365 362
364 368 362
369 367 365
368 369 365
369 370 367
371 370 369
371 369 368
371 372 370
371 373 372
374 364 356
356 358 374
375 368 364
374 375 364
371 368 376
375 376 368
371 377 373
377 371 376
378 374 358
378 375 374
379 373 377
379 380 373
376 375 381
378 381 375
378 358 382
355 382 358
359 382 355
377 376 383
379 377 383
380 379 384
380 384 385
386 385 384
387 378 382
381 378 387
376 381 388
388 383 376
389 379 383
389 384 379
388 389 383
390 388 381
381 387 390
391 389 388
390 391 388
392 384 389
391 392 389
386 384 393
392 393 384
386 393 394
394 393 392
386 394 395
396 391 390
387 396 390
397 392 391
396 397 391
394 392 398
397 398 392
399 395 394
399 394 398
399 400 395
399 401 400
402 398 397
399 398 402
399 403 401
402 403 399
404 401 403
402 397 405
405 397 396
404 403 406
406 407 404
402 408 403
405 408 402
406 403 408
405 396 409
405 410 408
410 405 409
406 408 411
411 408 410
406 412 407
406 411 412
411 410 413
411 413 412
407 412 414
414 412 413
407 414 415
414 413 416
417 413 410
410 409 417
416 413 418
417 418 413
416 418 419
420 409 396
387 420 396
421 417 409
420 421 409
422 421 420
421 423 417
418 417 423
423 421 422
424 419 418
418 423 424
424 425 419
420 387 426
387 382 426
359 426 382
420 426 427
427 426 359
422 420 427
427 359 428
422 427 428
428 359 348
429 424 423
423 422 429
430 429 422
431 425 424
429 431 424
430 431 429
431 432 425
433 432 431
430 433 431
433 434 432
434 433 435
434 435 323
322 323 435
428 348 436
338 436 348
340 436 338
428 436 340
430 437 433
437 435 433
435 438 322
438 347 322
428 340 439
422 428 439
430 422 439
430 439 440
340 440 439
437 441 435
435 441 438
437 442 441
442 438 441
430 443 437
430 440 443
437 443 442
440 442 443
438 444 347
442 444 438
347 444 445
445 444 442
347 445 339
340 339 445
440 446 442
340 446 440
340 445 446
445 442 446
447 448 449
447 450 448
451 450 447
452 448 450
451 453 450
452 450 454
455 450 453
455 454 450
456 457 458
456 458 459
459 460 456
459 458 461
459 462 460
459 461 463
464 462 459
464 459 463
465 466 467
465 467 468
468 469 465
468 467 470
468 471 469
468 470 472
468 473 471
468 472 473
474 475 476
474 477 475
478 477 474
477 479 475
478 480 477
477 481 479
477 480 482
477 482 481
483 484 485
483 486 484
487 486 483
488 484 486
487 489 486
488 486 490
491 486 489
491 490 486
492 493 494
492 495 493
496 495 492
495 497 493
496 498 495
499 498 496
495 500 497
500 495 498
500 501 497
502 497 501
501 503 502
501 504 503
504 505 503
500 506 501
504 501 506
499 507 498
500 498 508
508 498 507
500 509 506
508 509 500
504 506 510
509 510 506
504 511 505
511 504 510
512 507 499
512 499 513
514 505 511
514 515 505
508 507 516
512 516 507
511 510 517
514 511 517
512 513 518
519 518 513
515 514 520
515 520 521
510 522 517
514 517 523
523 517 522
514 524 520
514 523 524
510 525 522
509 525 510
525 509 526
508 526 509
527 526 508
527 508 516
525 526 528
527 528 526
521 520 529
520 524 530
520 530 529
521 529 531
521 531 532
529 530 533
529 533 531
532 531 534
532 534 535
531 533 536
531 536 534
535 534 537
537 538 535
534 539 537
534 536 539
537 540 538
541 538 540
541 542 538
541 543 542
541 544 543
543 544 545
543 545 546
545 547 546
545 548 547
547 548 549
536 549 539
547 549 550
536 551 549
551 550 549
533 551 536
551 552 550
533 553 551
551 553 552
530 553 533
553 554 552
530 555 553
553 555 554
524 555 530
556 554 555
524 556 555
556 557 554
523 556 524
556 558 557
523 558 556
559 557 558
523 522 558
559 558 522
559 522 560
559 560 561
522 525 560
560 562 561
563 560 525
560 563 562
528 563 525
564 562 563
564 565 562
566 565 564
566 567 565
566 568 567
569 567 568
563 570 564
564 571 566
564 570 571
528 572 563
563 572 570
566 573 568
566 571 573
569 568 574
575 568 573
575 574 568
576 569 574
576 577 569
578 574 575
578 576 574
576 579 577
579 580 577
581 579 576
581 576 578
579 582 580
583 580 582
584 580 583
585 584 583
585 583 586
587 585 586
587 588 585
589 588 587
589 587 590
591 589 590
591 581 578
591 592 589
591 578 593
592 591 593
593 578 575
592 593 594
593 575 595
594 593 595
595 575 573
594 595 596
595 573 596
594 596 597
596 573 571
597 596 598
596 571 598
597 598 599
598 571 570
599 598 600
598 570 600
600 570 572
601 599 600
600 572 602
601 600 602
602 572 528
601 602 603
601 603 604
603 605 604
602 528 606
606 603 602
527 606 528
603 607 605
607 603 606
606 527 608
527 516 608
606 608 609
607 606 609
605 607 610
605 610 611
608 516 612
612 609 608
613 610 607
607 609 613
614 611 610
614 615 611
612 516 616
512 616 516
613 617 610
614 610 617
614 618 615
619 615 618
616 512 620
518 620 512
614 617 621
618 614 621
609 622 613
623 617 613
623 613 622
617 624 621
617 623 624
609 625 622
612 625 609
618 621 626
621 624 627
621 627 626
626 628 618
619 618 628
629 619 628
629 630 619
629 631 630
631 632 630
631 633 632
634 632 633
635 632 634
634 636 635
634 637 636
638 636 637
638 639 636
638 640 639
638 641 640
640 641 642
629 643 631
640 642 644
629 645 643
645 642 643
628 645 629
644 642 646
645 646 642
644 646 647
628 648 645
648 646 645
626 648 628
648 649 646
649 648 626
647 646 649
649 626 627
647 649 627
647 627 650
650 627 624
650 624 651
651 624 623
623 652 651
623 622 652
652 622 653
652 653 654
622 625 653
653 655 654
656 653 625
653 656 655
656 625 657
612 657 625
655 656 658
655 658 659
612 660 657
660 612 616
656 657 661
661 658 656
662 659 658
662 663 659
660 664 657
661 657 664
616 665 660
660 665 664
661 666 658
662 658 666
661 664 667
666 661 667
616 668 665
616 620 668
665 669 664
667 664 669
665 670 669
665 671 670
665 668 671
667 669 672
673 671 668
673 668 620
673 674 671
675 667 672
666 667 675
675 672 676
677 666 675
662 666 677
676 678 675
677 675 678
679 678 676
680 662 677
662 680 663
681 677 678
680 677 681
682 663 680
682 680 681
682 683 663
679 684 678
681 678 684
682 681 685
684 685 681
683 682 686
686 682 685
683 686 687
679 688 684
684 688 685
679 689 688
686 685 690
690 685 688
687 686 691
691 686 690
692 687 691
692 691 693
694 692 693
694 695 692
696 695 694
696 694 697
698 696 697
698 699 696
698 700 699
698 701 700
702 700 701
691 690 703
702 704 700
703 690 705
703 705 702
705 704 702
690 688 705
705 689 704
705 688 689
706 519 707
706 708 519
709 708 706
519 708 518
709 710 708
711 710 709
708 712 518
708 710 712
518 712 620
673 620 712
711 713 710
713 712 710
673 712 714
713 714 712
711 715 713
716 715 711
714 717 673
717 674 673
717 718 674
713 719 714
714 719 717
713 715 719
717 720 718
719 720 717
720 721 718
716 722 715
722 716 723
724 719 715
719 724 720
724 715 722
720 725 721
724 725 720
722 726 724
724 726 725
721 725 727
726 727 725
721 727 728
722 723 729
722 729 726
728 727 730
731 728 730
726 732 727
729 732 726
730 727 732
731 730 733
734 731 733
735 731 734
734 736 735
734 737 736
738 736 737
738 739 736
739 738 740
740 738 741
742 740 741
730 732 743
742 744 740
745 743 732
745 742 743
745 744 742
729 745 732
745 723 744
745 729 723
746 747 748
746 748 749
750 749 748
751 746 749
751 752 746
752 751 753
752 753 754
754 753 755
756 755 753
754 755 757
757 755 758
756 758 755
757 758 759
760 753 751
756 753 760
761 751 749
760 751 761
750 762 749
761 749 762
750 763 762
763 761 762
750 764 763
765 760 761
763 765 761
764 766 763
766 765 763
764 767 766
765 768 760
768 756 760
769 766 767
769 767 770
771 769 770
766 772 765
772 768 765
769 772 766
771 773 769
769 774 772
773 774 769
772 775 768
775 772 774
768 776 756
776 768 775
771 777 773
771 778 777
777 778 779
777 779 780
780 779 781
780 781 782
783 780 782
784 773 777
780 784 777
783 785 780
780 785 784
785 783 786
785 786 787
784 785 787
787 786 788
784 789 773
773 789 774
784 787 790
790 789 784
787 788 791
790 787 791
792 791 788
789 793 774
775 774 793
790 794 789
789 794 793
792 795 791
792 796 795
790 791 797
797 794 790
795 797 791
798 775 793
776 775 798
799 795 796
800 799 796
801 793 794
798 793 801
795 802 797
802 795 799
803 797 802
797 804 794
801 794 804
803 804 797
803 801 804
805 776 798
756 776 805
798 801 806
803 806 801
800 807 799
808 807 800
802 799 809
809 803 802
756 805 810
756 810 758
798 806 811
805 798 811
811 806 812
803 813 806
806 813 812
814 805 811
814 811 812
812 815 814
814 816 805
810 805 816
815 816 814
803 817 813
809 817 803
818 813 817
818 812 813
809 819 817
818 817 819
810 820 758
810 816 821
810 821 820
822 821 816
815 822 816
822 823 821
820 821 823
824 758 820
824 759 758
824 825 759
826 825 824
826 824 820
826 827 825
815 828 822
823 822 828
820 823 829
826 820 829
830 827 826
830 831 827
832 831 830
829 823 833
823 828 833
834 826 829
834 830 826
829 833 834
832 830 835
835 830 834
833 836 834
835 834 836
837 832 835
837 838 832
839 835 836
839 837 835
840 838 837
840 841 838
842 837 839
842 840 837
843 841 840
843 844 841
843 845 844
840 846 843
840 842 846
843 847 845
846 847 843
847 848 845
847 849 848
849 850 848
849 851 850
846 852 847
852 849 847
853 851 849
852 853 849
853 854 851
855 854 853
842 856 846
856 852 846
855 853 857
858 855 857
853 852 859
856 859 852
853 859 857
858 857 860
861 858 860
862 857 859
862 859 856
862 860 857
842 863 856
839 863 842
861 860 864
865 861 864
860 862 866
860 866 864
862 856 867
863 867 856
867 866 862
865 864 868
868 869 865
864 870 868
864 866 870
868 871 869
871 868 870
872 869 871
872 871 873
874 872 873
871 870 875
873 871 875
876 870 866
875 870 876
867 877 866
876 866 877
874 873 878
878 879 874
873 875 880
880 878 873
881 877 867
863 881 867
878 882 879
882 883 879
882 884 883
882 878 885
880 885 878
884 882 886
882 885 886
884 886 887
880 875 888
875 876 888
876 877 889
881 889 877
890 885 880
880 888 890
887 886 891
887 891 892
886 885 893
886 893 891
890 893 885
892 891 894
893 894 891
892 894 895
896 893 890
893 896 894
895 894 897
895 897 898
888 899 890
896 890 899
900 894 896
900 897 894
898 897 901
898 901 902
901 808 902
896 899 903
896 903 900
888 904 899
904 903 899
905 897 900
905 901 897
901 906 808
808 906 807
888 907 904
888 876 907
876 889 907
900 903 908
900 908 905
904 909 903
907 909 904
909 908 903
910 906 901
910 901 905
906 911 807
906 910 911
905 912 910
908 912 905
911 910 912
889 913 907
907 913 909
889 914 913
881 914 889
915 909 913
915 913 914
909 916 908
915 916 909
881 917 914
863 917 881
908 918 912
918 908 916
915 914 919
919 914 917
863 920 917
839 920 863
836 920 839
920 921 917
919 917 921
836 922 920
920 922 921
833 922 836
833 921 922
833 828 921
828 919 921
828 923 919
915 919 923
815 923 828
915 923 924
924 923 815
916 915 924
924 815 925
812 925 815
916 924 926
925 926 924
925 812 927
818 927 812
925 927 928
928 927 818
925 928 926
928 818 929
929 926 928
929 818 819
930 916 926
929 930 926
918 916 930
930 929 931
930 931 918
929 819 931
912 918 931
932 931 819
809 932 819
912 931 933
932 933 931
911 912 933
932 911 933
809 934 932
932 934 911
809 799 934
934 807 911
934 799 807
935 936 937
935 938 936
939 936 938
940 938 935
940 935 941
941 942 940
941 943 942
943 944 942
942 944 945
943 946 944
946 947 944
945 944 947
946 948 947
949 940 942
942 945 949
950 938 940
949 950 940
939 938 951
950 951 938
939 951 952
952 951 950
939 952 953
949 954 950
952 950 954
953 952 955
955 952 954
953 955 956
949 957 954
945 957 949
955 954 958
958 954 957
959 956 955
959 955 958
959 960 956
961 960 959
958 957 962
959 958 963
963 958 962
961 959 964
964 959 963
945 965 957
962 957 965
961 964 966
961 966 967
966 968 967
966 969 968
969 970 968
969 971 970
972 971 969
973 966 964
969 966 973
972 969 974
969 973 974
975 972 974
975 974 976
976 974 973
976 977 975
973 964 978
964 963 978
976 973 979
979 973 978
976 980 977
979 980 976
981 977 980
978 963 982
963 962 982
979 978 983
978 982 983
981 980 984
981 984 985
979 986 980
983 986 979
984 980 986
982 962 987
962 965 987
988 985 984
989 985 988
983 982 990
982 987 990
984 986 991
991 988 984
992 991 986
983 993 986
983 990 993
992 986 993
992 993 990
994 987 965
945 994 965
987 995 990
992 990 995
989 988 996
997 989 996
991 998 988
998 991 992
945 999 994
945 947 999
987 1000 995
994 1000 987
1000 1001 995
992 995 1002
995 1001 1002
1003 1000 994
1003 1001 1000
1001 1003 1004
1003 994 1005
999 1005 994
1004 1003 1005
992 1002 1006
998 992 1006
1007 1006 1002
1007 1002 1001
998 1006 1008
1007 1008 1006
999 947 1009
999 1010 1005
999 1009 1010
1011 1005 1010
1004 1005 1011
1011 1010 1012
1009 1012 1010
1013 1009 947
1013 947 948
1013 948 1014
1015 1013 1014
1015 1009 1013
1015 1014 1016
1004 1011 1017
1012 1017 1011
1009 1018 1012
1015 1018 1009
1019 1015 1016
1019 1016 1020
1021 1019 1020
1018 1022 1012
1012 1022 1017
1023 1018 1015
1023 1015 1019
1018 1023 1022
1021 1024 1019
1024 1023 1019
1022 1023 1025
1024 1025 1023
1021 1026 1024
1021 1027 1026
1024 1028 1025
1024 1026 1028
1029 1026 1027
1029 1027 1030
1026 1031 1028
1026 1029 1031
1032 1029 1030
1032 1030 1033
1034 1032 1033
1029 1032 1035
1029 1035 1031
1034 1036 1032
1036 1035 1032
1037 1036 1034
1037 1038 1036
1038 1037 1039
1038 1039 1040
1036 1041 1035
1038 1041 1036
1042 1038 1040
1038 1042 1041
1042 1040 1043
1044 1042 1043
1031 1035 1045
1041 1045 1035
1044 1046 1042
1047 1046 1044
1042 1048 1041
1041 1048 1045
1042 1046 1048
1047 1049 1046
1050 1049 1047
1046 1051 1048
1051 1045 1048
1046 1049 1051
1031 1045 1052
1052 1028 1031
1050 1053 1049
1054 1053 1050
1055 1051 1049
1055 1049 1053
1051 1056 1045
1052 1045 1056
1056 1051 1055
1054 1057 1053
1057 1054 1058
1053 1057 1059
1053 1059 1055
1057 1058 1060
1059 1057 1060
1061 1060 1058
1061 1062 1060
1063 1062 1061
1059 1060 1064
1064 1060 1062
1055 1059 1065
1064 1065 1059
1056 1055 1066
1055 1065 1066
1063 1067 1062
1067 1063 1068
1064 1062 1069
1069 1062 1067
1070 1056 1066
1052 1056 1070
1067 1068 1071
1071 1068 1072
1071 1072 1073
1071 1074 1067
1069 1067 1074
1073 1075 1071
1071 1075 1074
1073 1076 1075
1069 1077 1064
1064 1077 1065
1065 1078 1066
1070 1066 1078
1074 1079 1069
1069 1079 1077
1076 1080 1075
1076 1081 1080
1075 1082 1074
1075 1080 1082
1074 1082 1079
1081 1083 1080
1082 1080 1083
1081 1084 1083
1085 1079 1082
1082 1083 1085
1084 1086 1083
1084 1087 1086
1077 1079 1088
1085 1088 1079
1083 1089 1085
1083 1086 1089
1090 1086 1087
1090 1087 1091
1090 1091 997
1085 1092 1088
1085 1089 1092
1077 1088 1093
1092 1093 1088
1086 1094 1089
1086 1090 1094
1090 997 1095
997 996 1095
1077 1093 1096
1077 1096 1065
1065 1096 1078
1097 1092 1089
1097 1089 1094
1092 1098 1093
1098 1096 1093
1097 1098 1092
1099 1094 1090
1099 1090 1095
1095 996 1100
1095 1100 1099
1094 1099 1101
1097 1094 1101
1100 1101 1099
1078 1096 1102
1098 1102 1096
1078 1102 1103
1103 1070 1078
1098 1104 1102
1103 1102 1104
1097 1105 1098
1098 1105 1104
1103 1106 1070
1106 1052 1070
1097 1101 1107
1107 1105 1097
1103 1104 1108
1108 1106 1103
1106 1109 1052
1052 1109 1028
1025 1028 1109
1110 1109 1106
1108 1110 1106
1025 1109 1111
1110 1111 1109
1022 1025 1111
1022 1111 1110
1022 1110 1017
1017 1110 1108
1017 1108 1112
1104 1112 1108
1004 1017 1112
1104 1113 1112
1113 1004 1112
1105 1113 1104
1113 1114 1004
1001 1004 1114
1105 1115 1113
1114 1113 1115
1114 1116 1001
1007 1001 1116
1114 1117 1116
1117 1007 1116
1114 1115 1117
1117 1118 1007
1118 1117 1115
1118 1008 1007
1119 1115 1105
1118 1115 1119
1107 1119 1105
1119 1120 1118
1119 1107 1120
1118 1120 1008
1101 1120 1107
1121 1008 1120
998 1008 1121
1101 1122 1120
1121 1120 1122
1100 1122 1101
1121 1122 1100
998 1121 1123
1121 1100 1123
998 1123 988
1123 1100 996
1123 996 988
1124 1125 1126
1124 1126 1127
1128 1124 1127
1127 1126 1129
1128 1127 1130
1128 1130 1131
1132 1131 1130
1127 1129 1133
1130 1127 1133
1133 1129 1134
1132 1130 1135
1135 1136 1132
1130 1133 1137
1135 1130 1137
1133 1134 1138
1137 1133 1138
1138 1134 1139
1135 1140 1136
1140 1141 1136
1135 1137 1142
1142 1140 1135
1137 1138 1143
1142 1137 1143
1138 1139 1144
1143 1138 1144
1144 1139 1145
1140 1146 1141
1147 1141 1146
1144 1145 1148
1148 1145 1149
1142 1150 1140
1146 1140 1150
1143 1144 1151
1151 1144 1148
1147 1146 1152
1147 1152 1153
1153 1152 1154
1155 1153 1154
1156 1155 1154
1156 1157 1155
1158 1157 1156
1158 1159 1157
1156 1160 1158
1156 1161 1160
1154 1161 1156
1161 1162 1160
1154 1152 1163
1154 1163 1161
1161 1164 1162
1164 1161 1163
1165 1162 1164
1166 1152 1146
1163 1152 1166
1164 1163 1167
1166 1167 1163
1165 1164 1168
1167 1168 1164
1166 1146 1169
1146 1150 1169
1165 1168 1170
1165 1170 1171
1172 1171 1170
1166 1173 1167
1169 1173 1166
1167 1174 1168
1174 1170 1168
1173 1174 1167
1175 1169 1150
1169 1175 1173
1172 1170 1176
1176 1177 1172
1174 1178 1170
1176 1170 1178
1175 1150 1179
1142 1179 1150
1142 1180 1179
1142 1143 1180
1175 1179 1181
1180 1181 1179
1143 1182 1180
1180 1182 1181
1143 1151 1182
1183 1173 1175
1175 1181 1183
1173 1184 1174
1183 1184 1173
1181 1185 1183
1185 1184 1183
1174 1184 1186
1174 1186 1178
1185 1186 1184
1182 1187 1181
1181 1187 1185
1188 1182 1151
1182 1188 1187
1188 1151 1189
1151 1148 1189
1190 1187 1188
1190 1188 1189
1191 1185 1187
1190 1191 1187
1192 1186 1185
1191 1192 1185
1178 1186 1193
1192 1193 1186
1194 1193 1192
1189 1148 1195
1148 1149 1195
1190 1189 1196
1189 1195 1196
1149 1197 1195
1196 1195 1197
1149 1198 1197
1197 1198 1199
1200 1191 1190
1200 1190 1196
1178 1193 1201
1176 1178 1201
1192 1191 1202
1200 1202 1191
1196 1197 1203
1200 1196 1203
1197 1199 1204
1203 1197 1204
1204 1199 1205
1204 1205 1206
1206 1205 1207
1203 1204 1208
1208 1204 1206
1203 1209 1200
1203 1208 1209
1206 1207 1210
1210 1207 1211
1208 1206 1212
1209 1208 1212
1212 1206 1210
1200 1213 1202
1200 1209 1213
1210 1211 1214
1214 1211 1215
1214 1215 1216
1217 1216 1215
1218 1210 1214
1216 1218 1214
1217 1219 1216
1219 1217 1220
1219 1220 1221
1219 1222 1216
1216 1222 1218
1221 1223 1219
1219 1223 1222
1221 1224 1223
1224 1225 1223
1225 1222 1223
1224 1226 1225
1227 1225 1226
1228 1210 1218
1212 1210 1228
1229 1218 1222
1228 1218 1229
1225 1230 1222
1229 1222 1230
1227 1231 1225
1231 1230 1225
1232 1212 1228
1229 1232 1228
1227 1233 1231
1227 1234 1233
1235 1229 1230
1229 1235 1232
1232 1236 1212
1209 1212 1236
1231 1237 1230
1233 1237 1231
1234 1238 1233
1234 1239 1238
1238 1239 1240
1241 1236 1232
1241 1232 1235
1242 1209 1236
1241 1242 1236
1242 1213 1209
1235 1230 1243
1243 1230 1237
1244 1237 1233
1244 1233 1238
1243 1237 1244
1243 1245 1235
1241 1235 1245
1246 1243 1244
1243 1246 1245
1247 1244 1238
1246 1244 1247
1248 1241 1245
1246 1248 1245
1249 1242 1241
1248 1249 1241
1213 1242 1250
1249 1250 1242
1247 1238 1251
1238 1240 1251
1240 1252 1251
1252 1247 1251
1240 1253 1252
1247 1254 1246
1246 1254 1248
1253 1255 1252
1253 1256 1255
1255 1256 1257
1252 1258 1247
1247 1258 1254
1258 1252 1255
1255 1257 1259
1260 1259 1257
1258 1255 1261
1261 1254 1258
1261 1255 1259
1262 1248 1254
1261 1262 1254
1260 1263 1259
1263 1260 1264
1261 1259 1265
1265 1262 1261
1263 1265 1259
1262 1266 1248
1266 1249 1248
1265 1267 1262
1266 1262 1267
1263 1268 1265
1267 1265 1268
1263 1264 1269
1263 1269 1268
1266 1270 1249
1270 1250 1249
1266 1267 1271
1270 1266 1271
1267 1268 1272
1268 1269 1272
1271 1267 1272
1264 1273 1269
1273 1272 1269
1264 1274 1273
1273 1275 1272
1275 1276 1272
1271 1272 1276
1275 1277 1276
1270 1271 1278
1278 1271 1276
1277 1279 1276
1278 1276 1279
1277 1280 1279
1278 1281 1270
1270 1281 1250
1280 1282 1279
1280 1283 1282
1279 1284 1278
1278 1284 1281
1279 1282 1284
1285 1284 1282
1285 1281 1284
1286 1282 1283
1285 1282 1286
1286 1283 1287
1288 1250 1281
1213 1250 1288
1202 1213 1288
1287 1289 1286
1287 1177 1289
1176 1289 1177
1285 1290 1281
1288 1281 1290
1202 1288 1291
1192 1202 1291
1194 1192 1291
1194 1291 1288
1194 1288 1290
1289 1292 1286
1285 1286 1292
1293 1289 1176
1201 1293 1176
1285 1294 1290
1194 1290 1294
1289 1295 1292
1293 1295 1289
1296 1292 1295
1296 1295 1293
1285 1292 1297
1285 1297 1294
1296 1297 1292
1294 1297 1296
1201 1298 1293
1296 1293 1298
1201 1299 1298
1299 1296 1298
1201 1193 1299
1194 1299 1193
1294 1296 1300
1194 1294 1300
1194 1300 1299
1299 1300 1296
1301 1302 1303
1301 1303 1304
1305 1304 1303
1304 1306 1301
1305 1307 1304
1308 1307 1305
1304 1309 1306
1309 1304 1307
1308 1310 1307
1311 1310 1308
1312 1306 1309
1312 1313 1306
1313 1312 1314
1313 1314 1315
1314 1316 1315
1312 1309 1317
1309 1307 1317
1310 1317 1307
1315 1316 1318
1316 1319 1318
1310 1320 1317
1318 1319 1321
1319 1322 1321
1323 1318 1321
1324 1321 1322
1323 1321 1324
1324 1322 1325
1324 1325 1326
1323 1324 1327
1324 1326 1327
1323 1327 1328
1329 1327 1326
1328 1327 1330
1329 1330 1327
1328 1330 1331
1332 1330 1329
1331 1330 1333
1332 1333 1330
1331 1333 1334
1335 1333 1332
1335 1334 1333
1335 1336 1334
1336 1335 1337
1337 1338 1336
1337 1339 1338
1339 1340 1338
1341 1340 1339
1341 1342 1340
1343 1344 1345
1343 1345 1346
1346 1347 1343
1348 1346 1345
1346 1349 1347
1348 1350 1346
1346 1351 1349
1346 1350 1351
1352 1353 1354
1352 1354 1355
1355 1356 1352
1357 1355 1354
1355 1358 1356
1357 1359 1355
1355 1360 1358
1355 1359 1360
1361 1362 1363
1361 1364 1362
1364 1361 1365
1364 1366 1362
1364 1365 1367
1364 1368 1366
1369 1364 1367
1369 1368 1364
1370 1371 1372
1370 1372 1373
1373 1374 1370
1375 1373 1372
1373 1376 1374
1375 1377 1373
1378 1376 1373
1378 1373 1377
1379 1380 1381
1379 1382 1380
1383 1382 1379
1384 1380 1382
1383 1385 1382
1384 1382 1386
1387 1382 1385
1387 1386 1382
1388 1389 1390
1388 1391 1389
1392 1389 1391
1391 1388 1393
1392 1391 1394
1394 1395 1392
1391 1393 1396
1394 1391 1396
1396 1393 1397
1398 1397 1393
1397 1398 1399
1397 1399 1400
1401 1400 1399
1396 1397 1402
1400 1402 1397
1394 1403 1395
1394 1396 1404
1404 1403 1394
1396 1402 1405
1404 1396 1405
1400 1406 1402
1406 1405 1402
1401 1407 1400
1407 1406 1400
1408 1395 1403
1408 1409 1395
1401 1410 1407
1401 1411 1410
1404 1412 1403
1408 1403 1412
1407 1413 1406
1413 1407 1410
1408 1414 1409
1414 1415 1409
1411 1416 1410
1411 1417 1416
1418 1406 1413
1413 1410 1419
1418 1413 1419
1410 1416 1420
1410 1420 1419
1418 1421 1406
1406 1421 1405
1421 1422 1405
1404 1405 1422
1423 1404 1422
1423 1412 1404
1421 1424 1422
1423 1422 1424
1417 1425 1416
1416 1426 1420
1416 1425 1426
1427 1425 1417
1427 1417 1428
1429 1426 1425
1429 1425 1427
1428 1430 1427
1428 1431 1430
1427 1432 1429
1427 1430 1432
1431 1433 1430
1433 1431 1434
1430 1433 1435
1430 1435 1432
1433 1434 1436
1437 1436 1434
1437 1434 1438
1437 1438 1439
1437 1439 1440
1439 1441 1440
1439 1442 1441
1441 1442 1443
1441 1443 1444
1445 1444 1443
1432 1435 1445
1445 1443 1446
1432 1445 1447
1447 1445 1446
1429 1432 1447
1447 1446 1448
1429 1447 1449
1447 1448 1449
1449 1426 1429
1449 1448 1450
1449 1451 1426
1449 1450 1451
1420 1426 1451
1452 1451 1450
1420 1451 1452
1452 1450 1453
1419 1420 1452
1452 1453 1454
1419 1452 1454
1455 1454 1453
1418 1419 1454
1455 1418 1454
1456 1418 1455
1456 1455 1457
1418 1456 1421
1456 1457 1458
1459 1421 1456
1456 1458 1459
1459 1424 1421
1458 1460 1459
1458 1461 1460
1462 1460 1461
1462 1461 1463
1462 1463 1464
1465 1464 1463
1459 1460 1466
1467 1460 1462
1467 1466 1460
1459 1468 1424
1459 1466 1468
1462 1464 1469
1462 1469 1467
1465 1470 1464
1471 1469 1464
1471 1464 1470
1472 1470 1465
1472 1465 1473
1474 1471 1470
1474 1470 1472
1472 1473 1475
1475 1473 1476
1477 1472 1475
1477 1474 1472
1475 1476 1478
1479 1478 1476
1480 1479 1476
1481 1479 1480
1481 1482 1479
1481 1483 1482
1481 1484 1483
1485 1483 1484
1485 1486 1483
1485 1487 1486
1487 1474 1477
1485 1488 1487
1487 1489 1474
1488 1489 1487
1489 1471 1474
1488 1490 1489
1489 1491 1471
1490 1491 1489
1491 1469 1471
1492 1491 1490
1491 1492 1469
1492 1490 1493
1492 1467 1469
1493 1494 1492
1492 1494 1467
1493 1495 1494
1494 1466 1467
1495 1496 1494
1494 1496 1466
1496 1468 1466
1497 1496 1495
1496 1498 1468
1497 1498 1496
1498 1424 1468
1497 1499 1498
1497 1500 1499
1499 1500 1501
1498 1502 1424
1502 1498 1499
1423 1424 1502
1499 1501 1503
1503 1502 1499
1504 1423 1502
1423 1504 1412
1504 1502 1505
1503 1505 1502
1506 1503 1501
1506 1501 1507
1504 1508 1412
1505 1508 1504
1506 1509 1503
1503 1509 1505
1510 1506 1507
1510 1507 1511
1508 1512 1412
1408 1412 1512
1506 1513 1509
1513 1506 1510
1510 1511 1514
1515 1514 1511
1516 1408 1512
1414 1408 1516
1513 1510 1517
1517 1510 1514
1505 1509 1518
1519 1509 1513
1519 1518 1509
1513 1517 1520
1513 1520 1519
1505 1518 1521
1505 1521 1508
1517 1514 1522
1517 1523 1520
1517 1522 1523
1524 1522 1514
1515 1524 1514
1525 1524 1515
1525 1515 1526
1525 1526 1527
1527 1526 1528
1527 1528 1529
1530 1529 1528
1531 1530 1528
1532 1530 1531
1532 1533 1530
1534 1533 1532
1534 1532 1535
1534 1535 1536
1534 1536 1537
1538 1537 1536
1525 1527 1539
1538 1536 1540
1525 1539 1541
1541 1539 1538
1524 1525 1541
1540 1542 1538
1541 1538 1542
1540 1543 1542
1524 1541 1544
1544 1541 1542
1524 1544 1522
1544 1542 1545
1545 1522 1544
1543 1545 1542
1545 1523 1522
1523 1545 1543
1523 1543 1546
1546 1520 1523
1546 1547 1520
1547 1519 1520
1519 1547 1548
1519 1548 1518
1548 1549 1518
1548 1550 1549
1518 1549 1521
1549 1550 1551
1552 1521 1549
1549 1551 1552
1553 1521 1552
1508 1521 1553
1554 1552 1551
1554 1551 1555
1508 1553 1556
1556 1512 1508
1553 1552 1557
1557 1552 1554
1558 1554 1555
1558 1555 1559
1556 1553 1560
1560 1553 1557
1512 1556 1561
1556 1560 1561
1557 1554 1562
1562 1554 1558
1560 1557 1563
1563 1557 1562
1512 1561 1564
1516 1512 1564
1565 1561 1560
1565 1560 1563
1565 1566 1561
1567 1561 1566
1567 1564 1561
1565 1563 1568
1569 1564 1567
1569 1516 1564
1569 1567 1570
1571 1568 1563
1563 1562 1571
1571 1572 1568
1571 1562 1573
1562 1558 1573
1572 1571 1574
1571 1573 1574
1575 1572 1574
1573 1558 1576
1558 1559 1576
1574 1573 1577
1573 1576 1577
1559 1578 1576
1577 1576 1578
1559 1579 1578
1575 1574 1580
1574 1577 1580
1579 1581 1578
1579 1582 1581
1577 1578 1583
1580 1577 1583
1583 1578 1581
1575 1580 1584
1580 1583 1584
1575 1584 1585
1582 1586 1581
1587 1586 1582
1583 1581 1588
1584 1583 1588
1588 1581 1586
1587 1589 1586
1590 1589 1587
1590 1587 1591
1592 1590 1591
1592 1593 1590
1594 1593 1592
1594 1592 1595
1594 1595 1596
1594 1596 1597
1596 1598 1597
1588 1586 1599
1596 1600 1598
1601 1588 1599
1601 1599 1598
1601 1598 1600
1584 1588 1601
1601 1600 1585
1601 1585 1584
1602 1603 1415
1602 1415 1604
1605 1602 1604
1414 1604 1415
1605 1604 1606
1607 1605 1606
1608 1604 1414
1608 1606 1604
1414 1516 1608
1569 1608 1516
1607 1606 1609
1609 1606 1608
1569 1610 1608
1609 1608 1610
1607 1609 1611
1612 1607 1611
1613 1610 1569
1613 1569 1570
1613 1570 1614
1615 1609 1610
1613 1615 1610
1615 1611 1609
1613 1614 1616
1616 1615 1613
1616 1614 1617
1612 1611 1618
1619 1612 1618
1620 1611 1615
1616 1620 1615
1620 1618 1611
1616 1617 1621
1621 1620 1616
1622 1618 1620
1621 1622 1620
1617 1623 1621
1622 1621 1623
1617 1624 1623
1619 1618 1625
1622 1625 1618
1624 1626 1623
1627 1626 1624
1622 1623 1628
1628 1625 1622
1628 1623 1626
1627 1629 1626
1630 1629 1627
1631 1630 1627
1632 1630 1631
1632 1633 1630
1632 1634 1633
1632 1635 1634
1635 1636 1634
1636 1637 1634
1636 1638 1637
1628 1626 1639
1636 1640 1638
1639 1641 1628
1639 1638 1641
1641 1638 1640
1628 1641 1625
1641 1640 1619
1641 1619 1625
1311 1642 1310
1643 1642 1311
1644 1310 1642
1644 1320 1310
1320 1644 1645
1644 1646 1645
1644 1647 1646
1643 1648 1642
1649 1648 1643
1644 1642 1650
1644 1650 1647
1650 1642 1648
1651 1647 1650
1650 1648 1651
1651 1652 1647
1649 1653 1648
1651 1648 1653
1654 1653 1649
1655 1652 1651
1651 1653 1655
1655 1656 1652
1654 1657 1653
1657 1655 1653
1658 1657 1654
1659 1657 1658
1656 1655 1660
1657 1660 1655
1660 1657 1659
1656 1660 1661
1660 1659 1662
1663 1661 1660
1663 1660 1662
1664 1665 1666
1667 1666 1665
1668 1664 1666
1668 1669 1664
1667 1670 1666
1668 1666 1670
1671 1670 1667
1672 1669 1668
1672 1673 1669
1671 1674 1670
1675 1674 1671
1668 1670 1676
1676 1672 1668
1674 1676 1670
1677 1673 1672
1677 1678 1673
1675 1679 1674
1679 1675 1680
1681 1679 1680
1682 1681 1680
1682 1683 1681
1684 1674 1679
1684 1679 1681
1685 1681 1683
1684 1681 1685
1685 1683 1686
1685 1686 1687
1685 1687 1688
1688 1687 1689
1690 1685 1688
1690 1684 1685
1691 1684 1690
1692 1691 1690
1684 1693 1674
1691 1693 1684
1674 1693 1676
1688 1689 1694
1694 1690 1688
1694 1689 1695
1693 1696 1676
1691 1696 1693
1694 1697 1690
1690 1697 1692
1694 1695 1698
1697 1694 1698
1699 1698 1695
1697 1698 1700
1700 1692 1697
1699 1701 1698
1701 1700 1698
1696 1702 1676
1676 1702 1672
1703 1701 1699
1703 1699 1704
1705 1672 1702
1705 1677 1672
1704 1706 1703
1704 1707 1706
1708 1706 1707
1708 1707 1709
1709 1710 1708
1709 1711 1710
1711 1712 1710
1711 1713 1712
1712 1713 1714
1712 1714 1715
1710 1712 1715
1715 1714 1716
1717 1708 1710
1710 1715 1717
1715 1716 1718
1717 1715 1718
1718 1716 1719
1718 1719 1720
1717 1718 1720
1720 1719 1721
1717 1722 1708
1722 1717 1720
1722 1706 1708
1720 1721 1723
1722 1720 1723
1722 1724 1706
1723 1724 1722
1703 1706 1724
1721 1725 1723
1723 1725 1724
1721 1726 1725
1703 1724 1727
1725 1727 1724
1727 1701 1703
1726 1728 1725
1725 1728 1727
1726 1729 1728
1727 1730 1701
1728 1730 1727
1701 1730 1700
1729 1731 1728
1728 1731 1730
1729 1732 1731
1733 1731 1732
1730 1734 1700
1730 1731 1734
1733 1734 1731
1700 1734 1692
1733 1735 1734
1692 1734 1735
1733 1736 1735
1736 1737 1735
1692 1735 1737
1736 1738 1737
1739 1692 1737
1739 1691 1692
1740 1737 1738
1740 1738 1741
1739 1737 1742
1742 1737 1740
1739 1743 1691
1742 1743 1739
1741 1744 1740
1741 1745 1744
1746 1744 1745
1746 1745 1747
1747 1748 1746
1747 1749 1748
1749 1750 1748
1749 1751 1750
1752 1750 1751
1752 1751 1753
1754 1752 1753
1748 1750 1755
1755 1750 1752
1754 1756 1752
1755 1752 1756
1757 1756 1754
1757 1758 1756
1758 1755 1756
1759 1758 1757
1759 1760 1758
1758 1760 1755
1761 1760 1759
1748 1755 1762
1762 1755 1760
1746 1748 1762
1761 1763 1760
1762 1760 1763
1763 1761 1764
1746 1762 1765
1765 1762 1763
1765 1744 1746
1763 1764 1766
1765 1763 1766
1767 1766 1764
1765 1768 1744
1768 1765 1766
1740 1744 1768
1767 1769 1766
1768 1766 1769
1769 1767 1770
1740 1768 1771
1771 1768 1769
1742 1740 1771
1771 1769 1772
1769 1770 1772
1772 1742 1771
1773 1772 1770
1772 1773 1742
1773 1770 1774
1742 1773 1743
1775 1773 1774
1743 1773 1775
1775 1774 1776
1775 1776 1777
1778 1743 1775
1775 1777 1778
1778 1779 1743
1743 1779 1691
1777 1780 1778
1777 1781 1780
1778 1782 1779
1782 1778 1780
1779 1783 1691
1691 1783 1696
1781 1784 1780
1781 1785 1784
1786 1696 1783
1696 1786 1702
1787 1784 1785
1787 1785 1788
1786 1789 1702
1789 1705 1702
1788 1790 1787
1788 1791 1790
1791 1792 1790
1791 1793 1792
1787 1790 1794
1792 1794 1790
1795 1784 1787
1787 1794 1795
1796 1792 1793
1796 1793 1797
1798 1792 1796
1792 1798 1794
1797 1799 1796
1798 1796 1799
1797 1800 1799
1799 1800 1801
1799 1801 1802
1798 1799 1802
1802 1801 1803
1798 1802 1804
1802 1803 1804
1804 1794 1798
1804 1803 1805
1804 1806 1794
1804 1805 1806
1795 1794 1806
1806 1805 1807
1806 1807 1808
1795 1806 1808
1809 1808 1807
1808 1810 1795
1795 1810 1784
1780 1784 1810
1809 1811 1808
1808 1811 1810
1811 1809 1812
1780 1810 1813
1813 1810 1811
1782 1780 1813
1811 1812 1814
1813 1811 1814
1814 1782 1813
1815 1814 1812
1814 1816 1782
1815 1816 1814
1779 1782 1816
1817 1816 1815
1817 1815 1818
1817 1818 1819
1779 1816 1820
1816 1817 1820
1779 1820 1783
1817 1819 1821
1817 1821 1820
1822 1783 1820
1821 1822 1820
1819 1823 1821
1819 1824 1823
1825 1823 1824
1822 1826 1783
1786 1783 1826
1823 1827 1821
1821 1827 1822
1825 1828 1823
1829 1828 1825
1823 1830 1827
1828 1830 1823
1786 1826 1831
1832 1826 1822
1832 1831 1826
1822 1827 1833
1822 1833 1832
1827 1830 1834
1827 1834 1833
1828 1835 1830
1835 1834 1830
1829 1836 1828
1836 1835 1828
1786 1831 1837
1786 1837 1789
1838 1836 1829
1838 1829 1839
1836 1840 1835
1840 1836 1838
1841 1838 1839
1841 1839 1842
1835 1843 1834
1843 1835 1840
1840 1838 1844
1841 1844 1838
1842 1845 1841
1842 1846 1845
1843 1840 1847
1847 1840 1844
1834 1843 1848
1848 1843 1847
1834 1848 1849
1849 1833 1834
1849 1850 1833
1850 1832 1833
1850 1851 1832
1852 1832 1851
1852 1831 1832
1852 1837 1831
1852 1853 1837
1837 1853 1854
1837 1854 1789
1848 1847 1855
1856 1789 1854
1855 1847 1857
1855 1857 1858
1847 1844 1857
1856 1859 1789
1789 1859 1705
1858 1857 1860
1858 1860 1861
1857 1844 1862
1857 1862 1860
1841 1862 1844
1862 1841 1845
1863 1861 1860
1862 1863 1860
1863 1864 1861
1865 1864 1863
1862 1845 1866
1862 1866 1863
1865 1863 1866
1866 1845 1846
1866 1846 1865
1859 1867 1705
1677 1705 1867
1859 1868 1867
1856 1868 1859
1856 1869 1868
1870 1868 1869
1867 1868 1870
1870 1869 1871
1677 1867 1872
1678 1677 1872
1678 1872 1873
1867 1870 1874
1872 1867 1874
1875 1870 1871
1875 1874 1870
1875 1871 1876
1873 1872 1877
1872 1874 1877
1873 1877 1878
1875 1879 1874
1879 1877 1874
1880 1875 1876
1879 1875 1880
1880 1876 1881
1878 1877 1882
1879 1882 1877
1878 1882 1883
1879 1880 1884
1881 1884 1880
1884 1882 1879
1881 1885 1884
1886 1884 1885
1887 1886 1883
1887 1883 1882
1884 1887 1882
1886 1887 1884
1888 1889 1890
1891 1890 1889
1892 1889 1888
1892 1888 1893
1891 1889 1894
1892 1894 1889
1895 1891 1894
1896 1892 1893
1896 1893 1897
1895 1894 1898
1899 1895 1898
1892 1900 1894
1900 1892 1896
1898 1894 1900
1901 1896 1897
1901 1897 1902
1899 1898 1903
1903 1904 1899
1905 1904 1903
1906 1904 1905
1906 1905 1907
1908 1903 1898
1905 1903 1908
1909 1907 1905
1905 1908 1909
1909 1910 1907
1909 1911 1910
1909 1912 1911
1912 1913 1911
1909 1914 1912
1909 1908 1914
1908 1915 1914
1916 1914 1915
1908 1898 1917
1908 1917 1915
1898 1900 1917
1912 1918 1913
1914 1918 1912
1919 1913 1918
1917 1900 1920
1915 1917 1920
1914 1921 1918
1914 1916 1921
1919 1918 1922
1921 1922 1918
1922 1923 1919
1921 1924 1922
1916 1924 1921
1922 1925 1923
1924 1925 1922
1920 1900 1926
1900 1896 1926
1923 1925 1927
1923 1927 1928
1929 1926 1896
1929 1896 1901
1928 1927 1930
1928 1930 1931
1931 1930 1932
1931 1932 1933
1933 1932 1934
1933 1934 1935
1935 1934 1936
1935 1936 1937
1938 1937 1936
1938 1936 1939
1939 1936 1934
1939 1940 1938
1941 1934 1932
1939 1934 1941
1939 1942 1940
1942 1939 1941
1943 1940 1942
1943 1942 1944
1942 1941 1944
1945 1943 1944
1941 1932 1946
1946 1944 1941
1930 1946 1932
1945 1944 1947
1946 1947 1944
1930 1948 1946
1948 1947 1946
1927 1948 1930
1949 1945 1947
1948 1949 1947
1949 1950 1945
1927 1951 1948
1951 1949 1948
1925 1951 1927
1950 1949 1952
1951 1952 1949
1950 1952 1953
1925 1954 1951
1954 1952 1951
1924 1954 1925
1955 1953 1952
1954 1955 1952
1955 1956 1953
1955 1957 1956
1954 1924 1958
1954 1958 1955
1955 1958 1957
1916 1958 1924
1957 1958 1959
1916 1959 1958
1957 1959 1960
1960 1959 1961
1916 1961 1959
1960 1961 1962
1963 1961 1916
1963 1916 1915
1964 1962 1961
1964 1965 1962
1963 1966 1961
1966 1964 1961
1963 1915 1967
1967 1966 1963
1968 1965 1964
1968 1969 1965
1970 1969 1968
1970 1971 1969
1972 1971 1970
1972 1973 1971
1973 1972 1974
1973 1974 1975
1976 1975 1974
1976 1977 1975
1976 1978 1977
1972 1979 1974
1979 1976 1974
1976 1980 1978
1979 1980 1976
1980 1981 1978
1980 1982 1981
1979 1982 1980
1982 1983 1981
1982 1984 1983
1979 1984 1982
1984 1985 1983
1972 1986 1979
1984 1979 1986
1986 1972 1970
1984 1987 1985
1984 1986 1987
1987 1988 1985
1986 1970 1989
1987 1986 1989
1968 1989 1970
1987 1990 1988
1987 1989 1990
1991 1988 1990
1968 1992 1989
1992 1990 1989
1992 1968 1964
1991 1990 1993
1992 1993 1990
1993 1994 1991
1992 1964 1995
1993 1992 1995
1966 1995 1964
1993 1995 1996
1993 1996 1994
1966 1996 1995
1997 1994 1996
1966 1997 1996
1997 1998 1994
1967 1997 1966
1998 1997 1999
1967 1999 1997
1998 1999 2000
2001 2000 1999
2002 1999 1967
2001 1999 2002
2002 1967 2003
1967 1915 2003
2004 2001 2002
2004 2005 2001
2003 1915 2006
1915 1920 2006
2007 2004 2002
2002 2003 2007
2008 2005 2004
2008 2009 2005
2006 1920 2010
1920 1926 2010
2011 2009 2008
2011 2012 2009
2013 2010 1926
1929 2013 1926
2014 2012 2011
2014 2015 2012
2015 2014 2016
2015 2016 2017
2018 2014 2011
2018 2016 2014
2008 2019 2011
2018 2011 2019
2020 2017 2016
2020 2021 2017
2020 2016 2022
2018 2022 2016
2021 2020 2023
2020 2022 2023
2021 2023 2024
2025 2024 2023
2025 2023 2026
2022 2026 2023
2027 2025 2026
2022 2028 2026
2027 2026 2028
2018 2028 2022
2029 2027 2028
2018 2030 2028
2029 2028 2030
2030 2018 2019
2030 2031 2029
2030 2032 2031
2030 2019 2032
2033 2031 2032
2034 2032 2019
2008 2034 2019
2034 2008 2004
2033 2032 2035
2034 2035 2032
2035 2036 2033
2034 2004 2037
2035 2034 2037
2007 2037 2004
2035 2038 2036
2035 2037 2038
2007 2038 2037
2039 2036 2038
2007 2040 2038
2039 2038 2040
2003 2040 2007
2039 2040 2041
2039 2041 2042
2043 2042 2041
2003 2044 2040
2040 2044 2041
2003 2006 2044
2043 2041 2045
2041 2044 2045
2046 2044 2006
2045 2044 2046
2047 2043 2045
2047 2048 2043
2049 2048 2047
2046 2006 2050
2006 2010 2050
2047 2045 2051
2045 2046 2051
2049 2047 2052
2052 2053 2049
2047 2051 2054
2052 2047 2054
2010 2055 2050
2050 2056 2046
2050 2055 2056
2057 2051 2046
2057 2046 2056
2058 2054 2051
2058 2051 2057
2052 2054 2059
2059 2054 2058
2052 2060 2053
2060 2052 2059
2010 2061 2055
2013 2061 2010
2053 2060 2062
2053 2062 2063
2060 2059 2064
2064 2062 2060
2065 2063 2062
2065 2066 2063
2059 2058 2067
2067 2064 2059
2064 2068 2062
2068 2065 2062
2066 2065 2069
2066 2069 2070
2067 2071 2064
2071 2068 2064
2072 2067 2058
2071 2067 2072
2072 2058 2073
2057 2073 2058
2057 2074 2073
2074 2057 2056
2074 2056 2075
2056 2076 2075
2056 2055 2076
2076 2055 2061
2076 2061 2077
2078 2077 2061
2078 2061 2013
2071 2072 2079
2080 2078 2013
2079 2081 2071
2079 2082 2081
2071 2081 2068
2080 2013 2083
1929 2083 2013
2084 2081 2082
2084 2082 2085
2081 2086 2068
2081 2084 2086
2068 2086 2065
2086 2069 2065
2085 2087 2084
2086 2084 2087
2085 2088 2087
2089 2087 2088
2086 2090 2069
2086 2087 2090
2089 2090 2087
2090 2070 2069
2090 2089 2070
2091 2083 1929
1901 2091 1929
2091 2092 2083
2092 2080 2083
2092 2093 2080
2093 2092 2094
2091 2094 2092
2093 2094 2095
1901 2096 2091
2096 1901 1902
2096 1902 2097
2091 2098 2094
2096 2098 2091
2099 2095 2094
2099 2094 2098
2099 2100 2095
2097 2101 2096
2096 2101 2098
2097 2102 2101
2099 2098 2103
2103 2098 2101
2104 2100 2099
2103 2104 2099
2104 2105 2100
2106 2101 2102
2103 2101 2106
2106 2102 2107
2103 2108 2104
2105 2104 2108
2108 2103 2106
2105 2108 2109
2108 2110 2109
2111 2106 2107
2108 2106 2111
2111 2107 2110
2108 2111 2110
