byte offset: 0
first index: 0
index count: 9885
topology: trianglelist
format: DXGI_FORMAT_R16_UINT

0 1 2
3 4 5
6 7 8
9 8 10
11 9 10
12 13 14
15 16 17
18 19 20
18 21 22
21 23 22
24 25 23
25 26 23
27 25 28
29 27 28
30 31 32
33 34 35
36 37 38
39 40 41
42 43 44
45 46 47
48 49 50
51 52 48
52 53 48
54 53 52
55 54 52
54 55 56
57 54 56
57 56 58
59 57 58
59 58 60
58 61 60
60 61 62
61 63 62
62 63 64
63 65 64
66 64 65
67 66 65
68 66 67
69 68 67
70 68 69
71 70 69
70 71 72
71 73 72
72 73 74
73 75 74
76 77 78
76 79 80
79 81 80
76 82 83
82 84 83
83 84 85
86 83 85
86 85 87
88 86 87
88 87 89
90 88 89
90 89 91
92 90 91
92 91 93
94 92 93
94 93 95
96 94 95
95 97 96
97 98 96
97 99 98
99 100 98
99 101 100
101 102 100
101 103 102
103 104 102
105 106 107
108 109 110
111 112 113
114 115 116
117 118 119
120 121 122
123 124 125
126 127 128
129 130 131
132 133 134
135 136 137
138 136 139
138 140 136
141 140 138
142 141 138
140 143 136
136 143 144
143 145 144
140 146 143
147 146 140
148 147 140
146 149 143
143 149 145
149 150 145
150 151 145
151 152 145
151 153 152
153 154 152
145 152 155
156 145 155
157 152 154
158 157 154
159 160 161
162 161 163
164 162 163
162 165 161
166 162 164
162 166 165
166 167 165
168 166 164
167 169 165
168 164 170
171 168 170
170 164 172
164 173 172
165 174 161
175 161 174
176 175 174
169 177 165
165 177 174
169 178 177
177 179 174
176 174 179
178 180 177
179 177 180
178 181 180
181 182 180
181 183 182
184 179 180
184 180 182
183 185 182
185 183 186
187 176 179
187 179 184
188 184 182
182 185 188
189 185 186
186 190 189
191 187 184
191 184 188
185 192 188
192 185 189
190 193 189
193 190 194
195 191 188
188 192 195
196 192 189
189 193 196
192 197 195
197 192 196
187 191 198
191 195 199
198 191 199
198 199 200
195 197 201
199 195 201
202 197 196
201 197 202
193 203 196
196 203 202
204 193 194
203 193 204
194 205 204
206 187 198
187 206 176
206 207 176
201 208 199
208 209 199
199 209 200
209 210 200
210 211 200
201 212 208
212 201 202
212 213 208
202 214 212
203 214 202
213 212 215
214 215 212
216 213 215
214 203 217
217 203 204
215 218 216
218 219 216
218 220 219
220 221 219
222 221 220
215 214 223
223 214 217
218 215 223
224 222 220
224 225 222
217 204 226
204 227 226
228 226 227
223 217 229
229 217 226
226 230 229
231 223 229
218 223 231
229 230 231
226 232 230
233 230 232
234 218 231
220 218 234
230 235 231
234 231 235
236 220 234
236 237 220
237 224 220
238 236 234
239 234 235
239 238 234
235 240 239
238 239 240
241 235 230
241 240 235
236 238 242
237 236 242
241 230 243
243 230 244
243 244 245
238 240 246
238 246 242
242 246 247
242 248 237
242 247 248
249 246 240
247 246 249
250 249 240
240 241 250
241 251 250
251 241 243
252 251 243
253 247 249
252 243 254
243 245 254
247 253 255
248 256 237
237 256 224
248 247 257
248 257 256
258 247 255
257 247 258
256 259 224
259 225 224
260 254 245
261 254 260
262 260 245
263 261 260
264 258 255
265 264 255
257 266 256
259 256 266
267 225 259
268 225 267
269 259 266
259 269 267
266 257 270
269 266 270
257 258 271
257 271 270
272 268 267
273 268 272
274 271 258
274 258 264
269 275 267
272 267 275
276 270 271
274 276 271
277 273 272
278 272 275
277 272 278
273 277 279
211 273 279
211 279 200
274 264 280
276 274 281
274 280 281
264 282 280
264 265 282
265 283 282
284 280 282
282 283 285
285 284 282
286 281 280
284 286 280
283 287 285
288 287 283
287 288 289
284 285 290
284 290 291
286 284 291
285 292 290
285 287 292
287 293 292
287 289 293
289 294 293
289 295 294
295 296 294
286 291 297
298 286 297
286 298 281
298 297 299
298 300 281
276 281 300
301 298 299
300 298 301
301 299 302
303 276 300
276 303 270
303 304 270
304 269 270
303 300 305
304 303 305
304 306 269
306 304 305
306 275 269
300 307 305
307 300 301
306 305 308
308 305 307
275 306 309
309 306 308
278 275 309
310 307 301
310 308 307
311 301 302
311 310 301
308 312 309
308 310 312
309 313 278
312 313 309
314 311 302
315 314 302
314 315 316
315 317 316
310 311 318
311 314 318
310 318 312
318 314 319
320 318 319
312 318 321
322 312 321
313 312 323
324 313 323
313 325 278
325 313 326
325 277 278
327 325 326
277 325 327
326 328 327
279 277 327
328 329 327
327 329 279
329 330 279
329 331 330
331 329 332
333 331 332
279 330 200
333 334 331
331 334 335
330 336 200
336 198 200
331 337 330
336 330 337
336 338 198
338 336 337
338 206 198
338 339 206
339 340 206
338 337 341
337 342 341
337 331 343
331 344 343
345 346 334
346 347 334
348 334 347
349 348 347
350 351 347
351 138 347
352 347 138
353 352 138
354 355 176
356 357 176
194 358 359
360 245 361
362 245 363
204 364 365
366 226 367
368 369 370
371 372 373
374 375 376
377 378 379
380 381 382
383 384 385
386 387 388
389 390 391
392 393 394
395 396 397
398 399 400
401 402 403
404 405 403
406 404 403
406 407 404
407 408 404
409 406 403
403 410 409
410 411 409
406 409 412
412 413 406
413 414 406
409 415 412
409 411 415
411 416 415
417 416 411
418 417 411
417 418 419
418 420 419
418 411 421
411 422 421
418 423 420
423 424 420
425 426 427
428 426 429
430 428 429
429 426 431
429 432 430
432 429 431
433 432 431
432 434 430
435 433 431
430 434 436
434 437 436
430 436 438
439 430 438
426 440 431
426 441 440
441 442 440
443 435 431
443 431 440
444 435 443
445 443 440
445 440 442
446 444 443
443 445 446
447 444 446
448 447 446
447 448 449
445 450 446
446 450 448
448 451 449
452 449 451
453 445 442
445 453 450
450 454 448
448 454 451
455 452 451
452 455 456
453 457 450
450 457 454
454 458 451
455 451 458
455 459 456
456 459 460
457 461 454
454 461 458
462 455 458
455 462 459
461 463 458
462 458 463
464 457 453
465 461 457
464 465 457
466 465 464
463 461 467
461 465 467
468 462 463
468 463 467
462 469 459
462 468 469
459 470 460
470 459 469
460 470 471
472 464 453
472 453 442
473 472 442
467 465 474
465 475 474
475 465 466
476 475 466
477 476 466
478 467 474
478 468 467
479 478 474
468 478 480
468 480 469
481 478 479
478 481 480
482 481 479
483 469 480
483 470 469
484 481 482
485 484 482
484 485 486
485 487 486
487 488 486
489 480 481
489 483 480
484 489 481
488 490 486
490 488 491
492 470 483
470 492 493
494 493 492
483 489 495
495 492 483
492 495 496
489 497 495
489 484 497
496 495 497
492 496 498
499 498 496
484 500 497
484 486 500
501 496 497
497 500 501
486 502 500
503 502 486
490 503 486
500 502 504
500 505 501
505 500 504
501 505 506
504 506 505
507 496 501
507 501 506
504 502 508
502 503 508
507 509 496
509 510 496
509 511 510
504 512 506
504 508 512
508 513 512
514 508 503
508 514 513
512 515 506
512 513 515
515 516 506
507 506 516
517 507 516
507 517 509
517 518 509
513 519 515
518 520 509
520 511 509
521 519 513
522 514 503
522 503 490
514 523 513
523 514 522
524 521 513
523 524 513
525 522 490
525 490 491
526 511 520
527 526 520
528 511 526
529 526 527
524 530 521
530 531 521
532 523 522
522 525 532
533 525 491
491 534 533
525 535 532
535 525 533
523 532 536
536 532 535
523 537 524
537 523 536
534 538 533
534 539 538
540 524 537
540 530 524
541 535 533
541 533 538
536 542 537
542 540 537
539 543 538
544 541 538
544 538 543
543 539 545
539 477 545
545 477 466
530 540 546
540 542 547
546 540 547
548 530 546
531 530 548
549 531 548
546 550 548
548 551 549
550 551 548
547 552 546
552 550 546
551 553 549
554 549 553
553 555 554
550 556 551
557 556 550
552 557 550
556 558 551
551 558 553
558 559 553
553 559 555
559 560 555
555 560 561
560 562 561
563 557 552
564 563 552
564 552 547
565 563 564
566 564 547
547 542 566
567 565 564
564 566 567
568 565 567
542 569 566
569 542 536
570 569 536
570 536 535
569 571 566
569 570 571
572 570 535
570 572 571
541 572 535
571 573 566
566 573 567
574 572 541
544 574 541
575 571 572
571 575 573
574 575 572
573 576 567
575 576 573
575 574 577
576 575 577
574 544 578
574 578 577
576 579 567
579 568 567
579 576 580
580 576 577
579 581 568
581 579 580
581 582 568
581 583 582
583 584 582
585 581 580
586 585 580
587 580 577
588 587 577
589 577 578
590 589 578
544 591 578
591 544 543
592 578 591
543 593 591
593 592 591
594 592 593
545 593 543
595 594 593
595 593 545
596 595 545
595 596 597
598 595 597
599 598 597
545 466 596
599 597 600
597 601 600
466 602 596
602 466 464
596 603 597
596 602 603
602 464 604
602 604 603
464 472 604
604 472 605
472 606 605
603 604 607
608 603 607
597 603 609
610 597 609
611 612 600
613 611 600
613 600 614
615 613 614
616 617 613
404 616 613
404 613 618
619 404 618
620 442 621
622 442 623
460 624 625
626 627 511
628 629 511
470 630 631
632 633 492
634 635 636
637 638 639
640 641 642
641 643 642
644 641 645
646 644 645
647 648 649
650 647 649
650 651 652
651 653 652
651 654 655
654 656 655
657 658 659
658 660 659
661 662 663
662 664 663
665 666 667
666 668 667
669 670 671
670 672 671
673 674 675
674 676 675
677 678 679
678 680 679
681 682 683
682 684 683
685 686 687
686 688 687
689 690 691
690 692 691
693 694 695
694 696 695
697 698 699
698 700 699
699 700 701
702 699 701
702 701 703
704 702 703
705 698 706
707 705 706
708 709 710
711 708 710
711 712 713
712 714 713
710 715 716
715 717 716
718 719 720
719 721 720
722 723 724
723 725 724
726 727 728
727 729 728
730 731 732
731 733 732
734 735 736
735 737 736
738 739 740
739 741 740
742 743 744
743 745 744
746 747 748
747 749 748
750 751 752
751 753 752
754 755 756
755 757 756
758 759 760
759 761 760
762 763 764
763 765 764
766 767 768
767 769 768
770 771 772
771 773 772
774 775 776
775 777 776
778 779 780
779 781 780
782 783 784
783 785 784
786 787 788
787 789 788
790 791 792
791 793 792
794 795 796
795 797 796
798 799 800
801 798 800
801 802 798
802 803 798
803 802 804
805 803 804
804 806 805
807 803 805
806 808 805
806 809 808
810 807 805
810 805 808
807 810 811
809 812 808
809 813 812
814 810 808
814 808 812
813 815 812
815 813 816
817 814 812
817 812 815
818 815 816
816 819 818
820 817 815
820 815 818
810 821 811
810 814 822
821 810 822
814 817 823
822 814 823
817 820 824
823 817 824
825 820 818
820 825 824
819 826 818
825 818 826
821 827 811
827 828 811
822 829 821
829 827 821
823 830 822
830 829 822
827 831 828
831 832 828
832 831 833
831 834 833
829 835 827
835 831 827
831 835 834
835 829 830
835 836 834
835 837 836
837 835 830
837 838 836
837 839 838
839 837 830
839 840 838
841 830 823
841 839 830
824 841 823
839 842 840
842 839 841
842 843 840
844 843 842
845 841 824
845 842 841
846 844 842
846 842 845
847 844 846
848 845 824
825 848 824
849 846 845
849 845 848
850 847 846
850 846 849
825 851 848
851 825 826
850 852 847
852 853 847
852 850 854
850 855 854
855 850 849
856 854 855
857 849 848
851 857 848
858 855 849
858 856 855
857 858 849
851 859 857
859 858 857
858 859 856
851 826 859
859 860 856
826 861 859
859 861 860
861 826 819
862 861 819
861 863 860
861 862 863
862 864 863
865 863 864
866 865 864
865 866 867
868 865 867
869 870 871
870 872 871
872 870 873
870 874 873
875 873 874
876 875 874
877 875 876
874 878 876
879 877 876
880 877 879
878 881 876
876 881 879
881 878 882
883 880 879
884 880 883
881 885 879
879 885 883
886 884 883
887 884 886
885 888 883
883 888 886
889 887 886
890 887 889
888 891 886
886 891 889
892 881 882
893 885 881
892 893 881
894 888 885
893 894 885
895 891 888
894 895 888
891 896 889
896 891 895
897 890 889
889 896 897
892 882 898
882 899 898
900 893 892
898 900 892
901 894 893
900 901 893
898 899 902
899 903 902
902 903 904
905 902 904
900 898 906
898 902 906
906 902 905
900 906 901
907 906 905
908 906 907
906 908 901
909 908 907
910 908 909
901 908 910
911 910 909
901 912 894
912 901 910
912 895 894
913 910 911
912 910 913
914 913 911
913 914 915
895 912 916
916 912 913
917 913 915
916 913 917
917 915 918
919 895 916
919 896 895
920 916 917
916 920 919
921 917 918
920 917 921
922 896 919
896 922 897
923 921 918
924 923 918
921 923 925
926 921 925
926 920 921
926 925 927
920 928 919
928 922 919
926 929 920
929 926 927
929 928 920
930 922 928
929 930 928
929 927 930
922 930 897
927 931 930
930 932 897
930 931 932
897 932 890
932 933 890
931 934 932
932 934 933
934 935 933
934 936 935
936 937 935
938 937 936
939 938 936
940 941 942
941 943 942
941 944 943
942 943 945
943 946 945
946 947 945
947 948 945
947 949 948
949 950 948
949 951 950
951 952 950
951 953 952
953 954 952
953 955 954
955 956 954
957 953 951
955 953 957
958 951 949
958 957 951
959 949 947
959 958 949
960 947 946
960 959 947
955 961 956
961 962 956
962 961 963
958 959 964
957 958 964
955 957 965
955 965 961
961 966 963
966 967 963
968 960 946
968 946 943
959 960 969
959 969 964
970 957 964
957 970 965
964 971 970
970 971 965
965 972 961
961 972 966
960 968 973
960 973 969
974 968 943
944 974 943
969 975 964
964 975 971
968 974 976
968 976 973
974 944 977
974 977 976
969 978 975
973 978 969
976 979 973
976 977 979
944 980 977
980 944 981
971 975 982
975 978 982
973 983 978
979 983 973
978 983 984
978 984 982
977 985 979
977 980 985
986 980 981
986 981 987
988 986 987
986 988 989
990 986 989
990 991 986
991 980 986
980 991 985
983 979 992
983 992 984
985 991 993
991 994 993
979 985 995
985 993 995
979 995 992
993 994 996
995 993 996
994 997 996
997 998 996
999 995 996
992 995 999
998 1000 996
996 1000 999
1000 998 1001
1002 1000 1001
1003 1000 1002
1000 1003 999
1004 1003 1002
1005 992 999
999 1003 1005
1006 1003 1004
1003 1006 1005
1007 1006 1004
992 1005 1008
1005 1006 1008
984 992 1008
1009 1006 1007
1006 1009 1008
1010 1009 1007
1009 1010 1011
1012 1009 1011
1008 1009 1012
1012 1011 1013
984 1008 1014
1014 1008 1012
982 984 1014
1015 1012 1013
1014 1012 1015
1013 1016 1015
982 1014 1017
1017 1014 1015
1016 1018 1015
1016 1019 1018
1020 982 1017
1020 971 982
1021 1017 1015
1018 1021 1015
1019 1022 1018
1019 1023 1022
1024 971 1020
971 1024 965
972 965 1024
1025 1020 1017
1025 1024 1020
1021 1025 1017
1026 1024 1025
1026 972 1024
1026 1025 1021
1027 1021 1018
1022 1027 1018
1027 1026 1021
972 1026 1028
1026 1027 1028
966 972 1028
1027 1022 1029
1023 1029 1022
1028 1027 1029
1029 1023 1030
1029 1030 1028
1023 1031 1030
1030 1032 1028
966 1028 1032
1033 966 1032
1034 1035 1036
1035 1037 1036
1036 1037 1038
1039 1036 1038
1039 1038 1040
1038 1041 1040
1042 1043 1044
1043 1045 1044
1046 1047 1048
1047 1049 1048
1050 1051 1052
1051 1053 1052
1054 1055 1056
1055 1057 1056
1058 1059 1060
1059 1061 1060
1060 1061 1062
1061 1063 1062
1062 1063 1064
1063 1065 1064
1066 1067 1068
1067 1069 1068
1070 1071 1072
1071 1073 1072
1074 1075 1076
1075 1077 1076
1078 1079 1080
1079 1081 1080
1082 1083 1084
1083 1085 1084
1086 1087 1088
1087 1089 1088
1090 1091 1092
1091 1093 1092
1094 1095 1096
1095 1097 1096
1098 1099 1100
1099 1101 1100
1102 1103 1104
1103 1105 1104
1104 1105 1106
1105 1107 1106
1106 1107 1108
1107 1109 1108
1108 1109 1110
1111 1108 1110
1111 1110 1112
1113 1111 1112
1114 1115 1116
1115 1117 1116
1115 1118 1117
1118 1119 1117
1120 1119 1118
1121 1120 1118
1122 1120 1121
1123 1122 1121
1124 1122 1123
1125 1124 1123
1126 1127 1128
1127 1129 1128
1130 1131 1132
1131 1133 1132
1134 1135 1136
1135 1137 1136
1138 1139 1140
1139 1141 1140
1142 1143 1144
1143 1145 1144
1146 1147 1148
1147 1149 1148
1150 1151 1152
1151 1153 1152
1154 1155 1156
1155 1157 1156
1158 1159 1160
1159 1161 1160
1162 1163 1164
1163 1165 1164
1166 1167 1168
1167 1169 1168
1170 1171 1172
1171 1173 1172
1174 1175 1176
1175 1177 1176
1178 1179 1180
1179 1181 1180
1182 1183 1184
1183 1185 1184
1186 1187 1188
1187 1189 1188
1190 1191 1192
1191 1193 1192
1194 1195 1196
1195 1197 1196
1198 1199 1200
1199 1201 1200
1202 1203 1204
1203 1205 1204
1206 1207 1208
1207 1209 1208
1210 1211 1212
1211 1213 1212
1214 1215 1216
1215 1217 1216
1218 1219 1220
1219 1221 1220
1222 1223 1224
1223 1225 1224
1226 1227 1228
1227 1229 1228
1230 1231 1232
1231 1233 1232
1234 1235 1236
1235 1237 1236
1238 1239 1240
1239 1241 1240
1242 1243 1244
1243 1245 1244
1246 1247 1248
1247 1249 1248
1250 1251 1252
1251 1253 1252
1254 1255 1256
1255 1257 1256
1258 1259 1260
1259 1261 1260
1262 1263 1264
1263 1265 1264
1266 1267 1268
1267 1269 1268
1270 1271 1272
1271 1273 1272
1274 1275 1276
48 1274 1276
1277 1278 1279
1278 1280 1279
1281 1282 1283
1282 1284 1283
1284 1285 1286
1287 1284 1286
1287 1286 1288
1289 1287 1288
1289 1288 1290
1288 1291 1290
1290 1291 1292
1291 1293 1292
1292 1293 1294
1293 1295 1294
1295 1296 1294
1296 1297 1294
1296 1298 1297
1298 1299 1297
1298 1300 1299
1300 1301 1299
1300 1302 1301
1302 1303 1301
1303 1304 1305
1304 1306 1305
1307 1308 1309
1308 1310 1309
1311 1312 1313
1312 1314 1313
1315 1316 1317
1316 1318 1317
1319 1320 1321
1320 1322 1321
1323 1324 1325
1326 1323 1325
1326 1327 1328
1327 1329 1328
1328 1329 1330
1329 1331 1330
1330 1331 1332
1331 1333 1332
1333 1334 1332
1334 1335 1332
1336 1335 1334
1337 1336 1334
1337 1338 1336
1338 1339 1336
1338 1340 1339
1340 1341 1339
1341 1340 1342
1343 1341 1342
1343 1342 1344
1345 1343 1344
1346 1345 1347
1348 1346 1347
1349 1350 1351
1350 1352 1351
1353 1354 1355
1354 1356 1355
1357 1358 1359
1358 1360 1359
1361 1362 1363
1361 1364 1362
1365 1366 1367
1367 1368 1365
1369 1370 1371
1370 1372 1371
1370 1373 1372
1371 1372 1374
1373 1375 1372
1373 1376 1375
1376 1377 1375
1372 1378 1374
1372 1375 1378
1374 1378 1379
1375 1380 1378
1375 1381 1380
1381 1382 1380
1378 1383 1379
1378 1380 1383
1379 1383 1384
1380 1385 1383
1380 1386 1385
1386 1387 1385
1383 1385 1388
1383 1388 1384
1385 1389 1388
1385 1390 1389
1390 1391 1389
1388 1389 1392
1384 1388 1392
1389 1393 1392
1389 1394 1393
1394 1395 1393
1396 1384 1392
1397 1384 1396
1398 1384 1397
1398 1397 1399
1398 1399 1400
1399 1401 1400
1402 1396 1392
1402 1397 1396
1403 1392 1393
1403 1402 1392
1404 1397 1402
1404 1399 1397
1399 1405 1401
1406 1401 1405
1403 1407 1402
1407 1404 1402
1408 1403 1393
1408 1393 1409
1393 1410 1409
1408 1411 1403
1411 1407 1403
1412 1411 1408
1413 1412 1408
1404 1414 1399
1404 1407 1415
1414 1404 1415
1407 1411 1416
1415 1407 1416
1416 1411 1417
1411 1418 1417
1399 1414 1419
1399 1419 1405
1414 1415 1420
1419 1414 1420
1415 1416 1421
1420 1415 1421
1421 1416 1422
1416 1423 1422
1424 1405 1419
1420 1425 1419
1425 1424 1419
1421 1426 1420
1426 1425 1420
1426 1421 1427
1421 1428 1427
1424 1429 1405
1406 1405 1429
1429 1424 1430
1429 1430 1406
1424 1425 1430
1430 1431 1406
1430 1425 1432
1430 1432 1431
1425 1426 1432
1432 1433 1431
1432 1426 1434
1426 1435 1434
1432 1436 1433
1436 1437 1433
1438 1439 1440
1439 1441 1440
1442 1443 1444
1443 1445 1444
1446 1447 1448
1447 1449 1448
1450 1451 1452
1451 1453 1452
1454 1455 1456
1455 1457 1456
1458 1459 1460
1459 1461 1460
1462 1463 1464
1463 1465 1464
1466 1467 1468
1467 1469 1468
1470 1471 1472
1471 1473 1472
1474 1475 1476
1475 1477 1476
1478 1479 1480
1479 263 1480
1480 263 1481
263 260 1481
1482 1481 260
1483 1482 260
1484 1485 1486
1485 1487 1486
1485 1488 1489
1488 1490 1489
1489 1491 1485
1491 1492 1485
1493 1485 1492
1494 1493 1492
1492 1491 1495
1496 1492 1495
1497 1496 1495
1491 1498 1495
1499 1495 1498
1500 1499 1498
1501 1491 1489
1498 1491 1501
1502 1501 1489
1502 1489 1503
1504 1502 1503
1505 1498 1501
1506 1498 1505
1507 1506 1505
1508 1501 1502
1501 1508 1505
1509 1508 1502
1509 1502 1510
1511 1509 1510
1508 1512 1505
1513 1505 1512
1514 1513 1512
1515 1516 1517
1516 1518 1517
1517 1518 1519
1518 1520 1519
1521 1519 1520
1522 1521 1520
1523 1521 1522
1524 1523 1522
1525 1523 1524
1526 1525 1524
1527 1528 1529
1528 1530 1529
1528 1531 1530
1529 1530 1532
1531 1533 1530
1531 1534 1533
1530 1535 1532
1530 1533 1535
1532 1535 1536
1535 1537 1536
1536 1537 1538
1533 1539 1535
1535 1539 1537
1537 1540 1538
1538 1540 1541
1539 1542 1537
1537 1542 1540
1543 1539 1533
1539 1543 1542
1534 1544 1533
1544 1543 1533
1544 1534 1545
1534 1546 1545
1547 1543 1544
1545 1547 1544
1543 1548 1542
1543 1547 1548
1542 1549 1540
1542 1548 1549
1540 1550 1541
1540 1549 1550
1545 1546 1551
1546 1552 1551
1550 1553 1541
1553 1554 1541
1554 1553 1555
1553 1556 1555
1549 1557 1550
1550 1557 1553
1553 1558 1556
1557 1558 1553
1558 1559 1556
1548 1560 1549
1557 1549 1560
1557 1561 1558
1561 1557 1560
1558 1562 1559
1561 1562 1558
1562 1563 1559
1548 1564 1560
1547 1564 1548
1561 1560 1565
1564 1565 1560
1563 1562 1566
1567 1563 1566
1561 1568 1562
1568 1561 1565
1568 1566 1562
1565 1564 1569
1568 1565 1569
1564 1547 1570
1564 1570 1569
1566 1571 1567
1571 1572 1567
1568 1573 1566
1573 1568 1569
1573 1571 1566
1571 1574 1572
1574 1575 1572
1569 1576 1573
1569 1570 1576
1573 1577 1571
1577 1574 1571
1576 1577 1573
1547 1578 1570
1578 1547 1545
1551 1578 1545
1575 1574 1579
1580 1575 1579
1574 1577 1581
1579 1574 1581
1570 1578 1582
1570 1582 1576
1578 1551 1583
1578 1583 1582
1580 1579 1584
1585 1580 1584
1586 1585 1584
1577 1576 1587
1581 1577 1587
1551 1588 1583
1551 1552 1588
1552 1589 1588
1582 1583 1590
1590 1583 1588
1582 1591 1576
1591 1587 1576
1591 1582 1590
1592 1586 1584
1593 1586 1592
1588 1589 1594
1594 1590 1588
1590 1595 1591
1595 1590 1594
1594 1589 1596
1596 1595 1594
1589 1597 1596
1591 1598 1587
1595 1598 1591
1596 1597 1599
1597 1600 1599
1601 1595 1596
1595 1601 1598
1599 1601 1596
1599 1600 1602
1600 1603 1602
1602 1604 1599
1604 1601 1599
1602 1603 1605
1604 1602 1605
1603 1606 1605
1605 1606 1607
1606 1608 1607
1608 1609 1607
1609 1610 1607
1611 1605 1607
1611 1604 1605
1612 1607 1610
1612 1611 1607
1613 1612 1610
1613 1614 1612
1614 1615 1612
1612 1615 1611
1614 1616 1615
1611 1617 1604
1615 1617 1611
1616 1618 1615
1615 1618 1617
1616 1619 1618
1617 1620 1604
1604 1620 1601
1619 1621 1618
1619 1622 1621
1618 1623 1617
1617 1623 1620
1618 1621 1623
1620 1624 1601
1601 1624 1598
1622 1625 1621
1622 1626 1625
1626 1627 1625
1621 1628 1623
1621 1625 1628
1623 1629 1620
1620 1629 1624
1623 1628 1629
1625 1627 1630
1625 1630 1628
1627 1631 1630
1632 1630 1631
1628 1630 1632
1633 1632 1631
1624 1634 1598
1629 1634 1624
1628 1635 1629
1632 1635 1628
1629 1635 1634
1632 1633 1636
1632 1636 1635
1633 1593 1636
1636 1593 1592
1635 1636 1637
1635 1637 1634
1636 1592 1637
1634 1638 1598
1634 1637 1638
1598 1638 1587
1587 1638 1581
1637 1592 1639
1637 1639 1638
1638 1639 1581
1592 1584 1639
1581 1639 1579
1639 1584 1579
1640 1641 1642
1641 1643 1642
1642 1643 1644
1645 1643 1641
1646 1645 1641
1643 1647 1644
1643 1645 1647
1644 1647 1648
1647 1649 1648
1648 1649 1650
1645 1651 1647
1647 1651 1649
1649 1652 1650
1650 1652 1653
1654 1645 1646
1651 1645 1654
1651 1655 1649
1652 1649 1655
1652 1656 1653
1657 1653 1656
1658 1651 1654
1655 1651 1658
1659 1652 1655
1652 1659 1656
1660 1657 1656
1661 1657 1660
1662 1655 1658
1659 1655 1662
1659 1663 1656
1660 1656 1663
1664 1661 1660
1661 1664 1665
1666 1659 1662
1659 1666 1663
1667 1660 1663
1664 1660 1667
1664 1668 1665
1665 1668 1669
1666 1670 1663
1667 1663 1670
1671 1664 1667
1664 1671 1668
1668 1672 1669
1669 1672 1673
1674 1667 1670
1667 1674 1671
1671 1675 1668
1668 1675 1672
1672 1676 1673
1673 1676 1677
1676 1678 1677
1672 1679 1676
1675 1679 1672
1678 1676 1680
1679 1680 1676
1681 1678 1680
1675 1671 1682
1674 1682 1671
1679 1675 1683
1683 1675 1682
1681 1680 1684
1685 1681 1684
1679 1686 1680
1686 1679 1683
1686 1684 1680
1684 1687 1685
1687 1688 1685
1687 1689 1688
1686 1690 1684
1690 1687 1684
1686 1683 1691
1690 1686 1691
1683 1682 1692
1691 1683 1692
1693 1692 1682
1674 1693 1682
1694 1693 1674
1670 1694 1674
1695 1694 1670
1666 1695 1670
1696 1695 1666
1662 1696 1666
1697 1696 1662
1658 1697 1662
1696 1698 1695
1698 1696 1697
1695 1699 1694
1698 1699 1695
1694 1700 1693
1699 1700 1694
1692 1693 1701
1700 1701 1693
1697 1658 1702
1658 1654 1702
1703 1698 1697
1703 1697 1702
1704 1692 1701
1691 1692 1704
1654 1705 1702
1705 1654 1646
1705 1646 1706
1706 1646 1707
1705 1708 1702
1708 1705 1706
1706 1707 1709
1707 1710 1709
1711 1703 1702
1702 1708 1711
1712 1708 1706
1712 1706 1709
1708 1713 1711
1708 1712 1713
1703 1711 1714
1711 1713 1714
1715 1713 1712
1713 1715 1714
1716 1709 1710
1717 1716 1710
1717 1718 1716
1719 1712 1709
1719 1715 1712
1709 1720 1719
1715 1719 1720
1716 1720 1709
1721 1715 1720
1715 1721 1714
1722 1703 1714
1703 1722 1698
1723 1720 1716
1721 1720 1723
1721 1724 1714
1722 1714 1724
1724 1721 1723
1722 1725 1698
1698 1725 1699
1726 1723 1716
1716 1718 1726
1727 1722 1724
1725 1722 1727
1728 1724 1723
1723 1726 1728
1727 1724 1728
1725 1729 1699
1700 1699 1729
1730 1725 1727
1729 1725 1730
1731 1700 1729
1700 1731 1701
1726 1718 1732
1726 1732 1728
1733 1727 1728
1727 1733 1730
1734 1729 1730
1729 1734 1731
1731 1735 1701
1704 1701 1735
1732 1736 1728
1736 1733 1728
1733 1737 1730
1734 1730 1737
1731 1738 1735
1734 1738 1731
1733 1736 1739
1737 1733 1739
1740 1736 1732
1739 1736 1741
1736 1740 1741
1742 1740 1732
1718 1742 1732
1742 1718 1743
1718 1744 1743
1743 1744 1745
1746 1743 1745
1742 1743 1747
1747 1743 1746
1740 1742 1747
1748 1747 1746
1747 1748 1749
1740 1747 1750
1750 1747 1749
1741 1740 1750
1749 1751 1750
1751 1752 1750
1750 1752 1741
1752 1751 1753
1752 1754 1741
1739 1741 1754
1755 1752 1753
1754 1752 1755
1755 1753 1756
1757 1739 1754
1737 1739 1757
1758 1754 1755
1757 1754 1758
1759 1755 1756
1758 1755 1759
1756 1760 1759
1761 1737 1757
1761 1734 1737
1762 1757 1758
1757 1762 1761
1734 1761 1763
1762 1763 1761
1738 1734 1763
1760 1764 1759
1760 1765 1764
1766 1758 1759
1762 1758 1766
1759 1764 1766
1762 1767 1763
1767 1762 1766
1738 1763 1768
1767 1768 1763
1765 1769 1764
1765 1770 1769
1764 1771 1766
1766 1771 1767
1764 1769 1771
1770 1772 1769
1772 1770 1773
1771 1774 1767
1768 1767 1774
1769 1775 1771
1769 1772 1775
1774 1771 1775
1776 1738 1768
1738 1776 1735
1777 1772 1773
1777 1773 1778
1779 1777 1778
1780 1768 1774
1776 1768 1780
1781 1774 1775
1780 1774 1781
1772 1782 1775
1782 1772 1777
1781 1775 1782
1777 1779 1783
1783 1782 1777
1779 1784 1783
1735 1776 1785
1785 1776 1780
1786 1780 1781
1785 1780 1786
1787 1781 1782
1782 1783 1787
1781 1787 1786
1783 1784 1788
1783 1788 1787
1784 1789 1788
1790 1735 1785
1790 1704 1735
1791 1785 1786
1790 1785 1791
1787 1792 1786
1787 1788 1792
1791 1786 1792
1788 1789 1793
1788 1793 1792
1789 1794 1793
1793 1794 1795
1704 1790 1796
1796 1691 1704
1690 1691 1796
1797 1790 1791
1790 1797 1796
1798 1791 1792
1798 1792 1793
1797 1791 1798
1799 1690 1796
1799 1796 1797
1687 1690 1799
1800 1793 1795
1800 1798 1793
1801 1797 1798
1801 1799 1797
1798 1800 1801
1802 1687 1799
1802 1799 1801
1689 1687 1802
1803 1800 1795
1800 1803 1801
1803 1802 1801
1803 1689 1802
1804 1803 1795
1803 1804 1689
1805 1806 1807
1805 1807 1808
1809 1810 1811
1810 1809 1812
1813 1814 1815
1816 1813 1815
1817 1813 1816
1815 1818 1816
1819 1817 1816
1817 1819 1820
1819 1821 1820
1818 1822 1816
1816 1822 1819
1818 1823 1822
1822 1824 1819
1819 1824 1825
1824 1826 1825
1823 1827 1822
1822 1827 1824
1827 1823 1828
1827 1829 1824
1824 1829 1830
1829 1831 1830
1829 1827 1832
1832 1827 1828
1833 1829 1832
1829 1833 1834
1833 1835 1834
1832 1836 1833
1832 1828 1836
1836 1837 1833
1833 1837 1838
1837 1839 1838
1828 1840 1836
1841 1840 1828
1842 1841 1828
1842 1843 1841
1842 1844 1843
1843 1844 1845
1840 1846 1836
1846 1840 1841
1836 1847 1837
1846 1847 1836
1848 1846 1841
1848 1841 1843
1843 1845 1849
1850 1849 1845
1851 1847 1846
1848 1851 1846
1847 1852 1837
1837 1852 1853
1854 1837 1853
1855 1852 1847
1851 1855 1847
1852 1855 1856
1857 1852 1856
1848 1843 1858
1859 1851 1848
1858 1859 1848
1860 1855 1851
1859 1860 1851
1855 1860 1861
1862 1855 1861
1843 1863 1858
1843 1849 1863
1864 1859 1858
1863 1864 1858
1865 1860 1859
1864 1865 1859
1860 1865 1866
1867 1860 1866
1868 1863 1849
1869 1864 1863
1868 1869 1863
1870 1865 1864
1869 1870 1864
1865 1870 1871
1872 1865 1871
1868 1849 1873
1850 1873 1849
1873 1874 1868
1873 1850 1874
1874 1869 1868
1850 1875 1874
1874 1876 1869
1874 1875 1876
1876 1870 1869
1875 1877 1876
1870 1876 1878
1879 1870 1878
1876 1877 1880
1877 1881 1880
1882 1883 1884
1883 1885 1884
1886 1887 1888
1887 1889 1888
1890 1891 1892
1891 1893 1892
1894 1895 1896
1895 1897 1896
1898 1899 1900
1899 1901 1900
1902 1903 1904
1903 1905 1904
1906 1907 1908
1907 1909 1908
1910 1911 1912
1911 1913 1912
1914 1915 1916
1915 1917 1916
1918 1919 1920
1919 1921 1920
1922 1923 1924
529 1922 1924
529 1924 1925
526 529 1925
1925 1926 526
1926 1927 526
1928 1929 1930
1929 1931 1930
1932 1929 1933
1934 1932 1933
1933 1929 1935
1929 1936 1935
1936 1929 1937
1938 1936 1937
1935 1936 1939
1939 1936 1940
1941 1939 1940
1942 1935 1939
1939 1943 1942
1943 1944 1942
1933 1935 1945
1935 1942 1945
1946 1933 1945
1933 1946 1947
1946 1948 1947
1942 1949 1945
1942 1950 1949
1950 1951 1949
1946 1945 1952
1952 1945 1949
1953 1946 1952
1954 1946 1953
1955 1954 1953
1956 1952 1949
1949 1957 1956
1957 1958 1956
1959 1960 1961
1962 1959 1961
1962 1961 1963
1964 1962 1963
1963 1965 1964
1965 1966 1964
1965 1967 1966
1967 1968 1966
1967 1969 1968
1969 1970 1968
1971 1972 1973
1972 1974 1973
1974 1972 1975
1973 1974 1976
1977 1974 1975
1977 1975 1978
1974 1979 1976
1979 1974 1977
1976 1979 1980
1981 1977 1978
1981 1978 1982
1983 1979 1977
1983 1977 1981
1984 1981 1982
1984 1982 1985
1986 1983 1981
1986 1981 1984
1979 1983 1987
1987 1983 1986
1979 1988 1980
1988 1979 1987
1980 1988 1989
1990 1980 1989
1988 1987 1991
1989 1988 1991
1992 1987 1986
1991 1987 1992
1993 1986 1984
1992 1986 1993
1994 1984 1985
1993 1984 1994
1990 1989 1995
1996 1990 1995
1997 1994 1985
1998 1997 1985
1997 1998 1999
2000 1997 1999
2001 1993 1994
2001 1994 1997
2002 1997 2000
2002 2001 1997
2003 2002 2000
1993 2001 2004
2004 1992 1993
2005 2002 2003
2006 2005 2003
2007 2001 2002
2001 2007 2004
2005 2007 2002
2008 1992 2004
2008 1991 1992
2009 2005 2006
2010 2009 2006
2011 2007 2005
2009 2011 2005
2004 2007 2012
2012 2008 2004
2007 2011 2012
2013 2009 2010
2014 2013 2010
2008 2012 2015
2012 2011 2015
2016 2011 2009
2013 2016 2009
2011 2016 2015
1991 2008 2017
2017 2008 2015
2018 2013 2014
2019 2018 2014
2020 2016 2013
2018 2020 2013
2015 2016 2021
2017 2015 2021
2016 2020 2021
2022 1991 2017
1989 1991 2022
1995 1989 2022
2023 2018 2019
2024 2023 2019
2020 2018 2025
2018 2023 2025
2022 2017 2026
2026 2017 2021
1995 2022 2027
2027 2022 2026
2023 2024 2028
2024 2029 2028
2029 2030 2028
2021 2020 2031
2020 2025 2031
2032 1995 2027
1996 1995 2032
2033 1996 2032
2034 2027 2026
2027 2034 2032
2035 2026 2021
2031 2035 2021
2035 2034 2026
2030 2036 2028
2030 2037 2036
2032 2038 2033
2034 2038 2032
2039 2034 2035
2034 2039 2038
2033 2038 2040
2039 2040 2038
2041 2033 2040
2042 2035 2031
2042 2039 2035
2041 2040 2043
2044 2041 2043
2039 2045 2040
2045 2039 2042
2045 2043 2040
2044 2043 2046
2047 2044 2046
2048 2046 2043
2045 2048 2043
2047 2046 2049
2049 2046 2048
2050 2047 2049
2050 2049 2051
2052 2050 2051
2052 2051 2053
2051 2054 2053
2051 2049 2055
2055 2049 2048
2054 2051 2056
2056 2051 2055
2057 2054 2056
2058 2057 2056
2059 2058 2056
2059 2056 2055
2060 2058 2059
2061 2055 2048
2061 2059 2055
2062 2060 2059
2062 2059 2061
2063 2060 2062
2064 2061 2048
2064 2048 2045
2065 2063 2062
2066 2063 2065
2067 2062 2061
2067 2061 2064
2065 2062 2067
2068 2064 2045
2068 2045 2042
2069 2066 2065
2070 2066 2069
2071 2070 2069
2072 2065 2067
2069 2065 2072
2073 2067 2064
2073 2064 2068
2072 2067 2073
2071 2069 2074
2074 2069 2072
2075 2071 2074
2074 2076 2075
2072 2076 2074
2076 2077 2075
2078 2068 2042
2078 2073 2068
2079 2072 2073
2076 2072 2079
2079 2073 2078
2077 2076 2080
2076 2079 2080
2037 2077 2080
2037 2080 2036
2080 2079 2081
2081 2079 2078
2036 2080 2081
2082 2078 2042
2081 2078 2082
2082 2042 2031
2082 2031 2025
2036 2081 2083
2083 2081 2082
2083 2082 2025
2028 2036 2083
2083 2025 2023
2028 2083 2023
2084 2085 2086
2087 2084 2086
2087 2086 2088
2084 2087 2089
2090 2084 2089
2091 2087 2088
2089 2087 2091
2088 2092 2091
2092 2093 2091
2093 2092 2094
2095 2089 2091
2091 2093 2095
2096 2093 2094
2096 2094 2097
2089 2098 2090
2089 2095 2098
2093 2099 2095
2099 2093 2096
2100 2096 2097
2097 2101 2100
2095 2102 2098
2102 2095 2099
2103 2099 2096
2103 2096 2100
2101 2104 2100
2101 2105 2104
2106 2102 2099
2106 2099 2103
2107 2103 2100
2100 2104 2107
2105 2108 2104
2108 2105 2109
2110 2106 2103
2110 2103 2107
2104 2111 2107
2104 2108 2111
2112 2108 2109
2112 2109 2113
2114 2110 2107
2114 2107 2111
2108 2115 2111
2115 2108 2112
2116 2112 2113
2116 2113 2117
2118 2114 2111
2118 2111 2115
2119 2115 2112
2119 2112 2116
2120 2116 2117
2117 2121 2120
2121 2122 2120
2123 2116 2120
2123 2119 2116
2120 2122 2124
2124 2123 2120
2122 2125 2124
2126 2115 2119
2126 2118 2115
2119 2123 2127
2127 2126 2119
2128 2124 2125
2129 2128 2125
2123 2124 2130
2123 2130 2127
2124 2128 2130
2131 2128 2129
2132 2131 2129
2131 2132 2133
2134 2130 2128
2131 2134 2128
2135 2127 2130
2134 2135 2130
2136 2126 2127
2135 2136 2127
2136 2137 2126
2137 2118 2126
2118 2137 2138
2114 2118 2138
2138 2139 2114
2139 2110 2114
2139 2140 2110
2140 2106 2110
2106 2140 2141
2102 2106 2141
2140 2139 2142
2141 2140 2142
2143 2139 2138
2139 2143 2142
2138 2137 2144
2144 2143 2138
2137 2136 2145
2137 2145 2144
2141 2146 2102
2146 2098 2102
2147 2141 2142
2146 2141 2147
2136 2148 2145
2136 2135 2148
2098 2146 2149
2098 2149 2090
2149 2150 2090
2150 2151 2090
2146 2152 2149
2150 2149 2152
2150 2153 2151
2153 2154 2151
2155 2146 2147
2146 2155 2152
2156 2150 2152
2156 2153 2150
2155 2157 2152
2152 2157 2156
2158 2155 2147
2157 2155 2158
2157 2159 2156
2159 2157 2158
2154 2153 2160
2161 2154 2160
2161 2160 2162
2163 2153 2156
2159 2163 2156
2153 2163 2164
2163 2159 2164
2160 2153 2164
2159 2165 2164
2165 2159 2158
2166 2158 2147
2147 2142 2166
2160 2164 2167
2165 2167 2164
2168 2165 2158
2168 2158 2166
2167 2165 2168
2142 2169 2166
2142 2143 2169
2170 2160 2167
2160 2170 2162
2171 2168 2166
2171 2166 2169
2172 2167 2168
2167 2172 2170
2168 2171 2172
2143 2173 2169
2143 2144 2173
2174 2171 2169
2169 2173 2174
2144 2175 2173
2144 2145 2175
2162 2170 2176
2172 2176 2170
2171 2177 2172
2177 2171 2174
2173 2178 2174
2178 2173 2175
2145 2179 2175
2179 2145 2148
2176 2172 2180
2172 2177 2180
2181 2177 2174
2174 2178 2181
2175 2179 2182
2182 2178 2175
2180 2177 2183
2177 2181 2183
2180 2184 2176
2183 2185 2180
2185 2184 2180
2184 2186 2176
2186 2162 2176
2162 2186 2187
2188 2162 2187
2188 2187 2189
2187 2190 2189
2191 2187 2186
2187 2191 2190
2184 2191 2186
2191 2192 2190
2193 2192 2191
2191 2184 2194
2194 2193 2191
2184 2185 2194
2195 2193 2194
2196 2195 2194
2196 2194 2185
2197 2195 2196
2198 2196 2185
2185 2183 2198
2199 2197 2196
2199 2196 2198
2200 2197 2199
2183 2201 2198
2201 2183 2181
2202 2200 2199
2200 2202 2203
2204 2199 2198
2204 2198 2201
2202 2199 2204
2205 2201 2181
2178 2205 2181
2202 2206 2203
2207 2203 2206
2208 2204 2201
2201 2205 2208
2209 2205 2178
2205 2209 2208
2182 2209 2178
2210 2202 2204
2210 2204 2208
2202 2210 2206
2211 2207 2206
2212 2207 2211
2208 2209 2213
2213 2210 2208
2210 2214 2206
2211 2206 2214
2214 2210 2213
2209 2182 2215
2209 2215 2213
2216 2212 2211
2217 2212 2216
2218 2211 2214
2216 2211 2218
2219 2214 2213
2213 2215 2219
2214 2219 2218
2182 2220 2215
2179 2220 2182
2221 2217 2216
2222 2217 2221
2223 2222 2221
2215 2224 2219
2224 2215 2220
2219 2225 2218
2225 2219 2224
2226 2216 2218
2216 2226 2221
2218 2225 2226
2223 2221 2227
2226 2227 2221
2228 2223 2227
2229 2220 2179
2229 2224 2220
2230 2225 2224
2224 2229 2230
2225 2231 2226
2227 2226 2231
2231 2225 2230
2227 2232 2228
2232 2227 2231
2232 2233 2228
2234 2229 2179
2234 2179 2148
2229 2235 2230
2235 2229 2234
2236 2231 2230
2232 2231 2236
2236 2230 2235
2233 2232 2237
2237 2232 2236
2238 2233 2237
2238 2237 2239
2148 2240 2234
2135 2240 2148
2135 2134 2240
2241 2235 2234
2240 2241 2234
2242 2236 2235
2237 2236 2242
2242 2235 2241
2134 2243 2240
2241 2240 2243
2243 2134 2131
2237 2244 2239
2244 2237 2242
2245 2242 2241
2245 2241 2243
2244 2242 2245
2246 2243 2131
2243 2246 2245
2133 2246 2131
2239 2244 2247
2247 2244 2245
2246 2247 2245
2247 2246 2133
2248 2239 2247
2247 2133 2248
2249 2250 2251
2252 2249 2251
2251 2253 2252
2249 2252 2254
2253 2255 2252
2253 2256 2255
2252 2257 2254
2252 2255 2257
2254 2257 2258
2257 2259 2258
2258 2259 2260
2256 2261 2255
2255 2262 2257
2255 2261 2262
2257 2263 2259
2257 2262 2263
2259 2264 2260
2264 2259 2263
2261 2256 2265
2256 2266 2265
2261 2267 2262
2262 2267 2263
2260 2264 2268
2268 2269 2260
2270 2269 2268
2271 2270 2268
2270 2271 2272
2264 2273 2268
2268 2273 2271
2274 2264 2263
2273 2264 2274
2265 2266 2275
2266 2276 2275
2275 2276 2277
2276 2278 2277
2277 2279 2275
2279 2280 2275
2275 2280 2265
2279 2281 2280
2280 2282 2265
2261 2265 2282
2267 2261 2282
2281 2283 2280
2280 2283 2282
2281 2284 2283
2267 2282 2285
2283 2285 2282
2284 2286 2283
2283 2286 2285
2287 2286 2284
2288 2267 2285
2267 2288 2263
2263 2288 2274
2287 2289 2286
2290 2289 2287
2286 2291 2285
2288 2285 2291
2286 2289 2291
2288 2292 2274
2292 2288 2291
2289 2293 2291
2292 2291 2293
2274 2292 2294
2294 2273 2274
2295 2292 2293
2292 2295 2294
2296 2293 2289
2295 2293 2296
2290 2297 2289
2297 2296 2289
2294 2295 2298
2298 2295 2296
2273 2294 2299
2299 2294 2298
2300 2297 2290
2301 2300 2290
2302 2296 2297
2298 2296 2302
2300 2302 2297
2300 2301 2303
2303 2301 2304
2305 2298 2302
2299 2298 2305
2306 2302 2300
2306 2300 2303
2305 2302 2306
2307 2273 2299
2273 2307 2271
2308 2303 2304
2304 2309 2308
2310 2299 2305
2307 2299 2310
2271 2307 2311
2271 2311 2272
2312 2305 2306
2310 2305 2312
2306 2303 2313
2303 2308 2313
2314 2307 2310
2307 2314 2311
2311 2315 2272
2315 2316 2272
2317 2306 2313
2312 2306 2317
2308 2318 2313
2313 2318 2317
2319 2310 2312
2310 2319 2314
2311 2314 2320
2311 2320 2315
2315 2321 2316
2321 2322 2316
2323 2314 2319
2314 2323 2320
2319 2312 2324
2324 2323 2319
2315 2320 2325
2315 2325 2321
2322 2321 2326
2327 2322 2326
2312 2328 2324
2328 2312 2317
2323 2324 2329
2324 2328 2329
2330 2320 2323
2330 2325 2320
2330 2323 2329
2327 2326 2331
2332 2327 2331
2333 2331 2326
2321 2334 2326
2334 2321 2325
2328 2317 2335
2328 2335 2329
2329 2336 2330
2330 2336 2325
2337 2333 2326
2334 2337 2326
2317 2338 2335
2318 2338 2317
2329 2335 2339
2329 2339 2336
2335 2338 2339
2340 2325 2336
2340 2334 2325
2336 2339 2340
2337 2341 2333
2341 2342 2333
2343 2342 2341
2337 2334 2344
2344 2334 2340
2341 2337 2344
2345 2338 2318
2338 2345 2339
2339 2346 2340
2340 2346 2344
2339 2345 2346
2347 2343 2341
2347 2341 2344
2348 2345 2318
2348 2318 2308
2346 2349 2344
2349 2347 2344
2347 2350 2343
2347 2349 2350
2350 2351 2343
2345 2352 2346
2346 2352 2349
2348 2352 2345
2353 2348 2308
2309 2353 2308
2353 2309 2354
2349 2355 2350
2352 2355 2349
2351 2350 2356
2350 2355 2356
2356 2353 2354
2357 2351 2356
2357 2356 2354
2358 2357 2354
2353 2359 2348
2359 2352 2348
2359 2355 2352
2355 2359 2356
2356 2359 2353
2360 2361 2362
2360 2363 2361
2363 2364 2361
2365 2366 2367
2366 2368 2367
2369 2370 2371
2370 2369 2372
2372 2369 2373
2374 2372 2373
2374 2373 2375
2373 2376 2375
2375 2376 2377
2376 2378 2377
2378 2379 2377
2379 2380 2377
2381 2380 2379
2382 2381 2379
2383 2381 2382
2384 2383 2382
2383 2384 2385
2384 2386 2385
2385 2386 2387
2388 2385 2387
2388 2387 2389
2387 2390 2389
2390 2391 2389
2391 2392 2389
2391 2393 2392
2393 2394 2392
2394 2393 2395
2393 2396 2395
2397 2395 2396
2398 2397 2396
2397 2398 2399
2398 2400 2399
2399 2400 2401
2402 2399 2401
2401 2403 2402
2403 2404 2402
2403 2405 2404
2405 2406 2404
2405 2407 2406
2407 2408 2406
2408 2407 2409
2407 2410 2409
2411 2409 2410
2412 2411 2410
2411 2412 2413
2412 2414 2413
2415 2416 2417
2418 2415 2417
2418 2419 2415
2419 2420 2415
2421 2420 2419
2418 2417 2422
2419 2418 2422
2417 2423 2422
2424 2419 2422
2425 2421 2419
2425 2419 2424
2426 2421 2425
2427 2425 2424
2428 2426 2425
2426 2428 2429
2430 2425 2427
2430 2428 2425
2427 2431 2430
2428 2432 2429
2432 2428 2430
2433 2429 2432
2431 2434 2430
2434 2432 2430
2435 2434 2431
2436 2433 2432
2432 2434 2436
2437 2433 2436
2434 2435 2438
2438 2435 2439
2440 2437 2436
2437 2440 2441
2434 2442 2436
2438 2442 2434
2440 2436 2442
2443 2438 2439
2443 2439 2444
2445 2443 2444
2438 2443 2445
2446 2438 2445
2446 2442 2438
2442 2446 2447
2447 2448 2442
2448 2440 2442
2449 2448 2447
2440 2450 2441
2450 2440 2448
2451 2448 2449
2451 2450 2448
2452 2451 2449
2453 2452 2449
2452 2453 2454
2455 2441 2450
2450 2451 2455
2455 2456 2441
2451 2457 2455
2451 2452 2457
2456 2455 2458
2458 2455 2457
2459 2458 2457
2460 2456 2458
2460 2458 2461
2459 2461 2458
2462 2460 2461
2461 2463 2462
2459 2463 2461
2463 2464 2462
2464 2463 2465
2463 2466 2465
2459 2466 2463
2467 2465 2466
2468 2467 2466
2459 2468 2466
2457 2469 2459
2452 2469 2457
2467 2468 2470
2471 2467 2470
2472 2471 2470
2473 2468 2459
2469 2473 2459
2474 2472 2470
2475 2472 2474
2476 2475 2474
2474 2477 2476
2478 2477 2474
2478 2474 2479
2479 2474 2470
2478 2479 2480
2480 2479 2481
2470 2468 2482
2479 2470 2482
2479 2482 2481
2473 2482 2468
2482 2483 2481
2473 2483 2482
2473 2484 2483
2473 2469 2484
2485 2484 2469
2485 2469 2452
2485 2452 2486
2487 2485 2486
2452 2454 2486
2488 2487 2486
2486 2454 2488
2489 2490 2491
2492 2489 2491
2492 2491 2493
2494 2492 2493
2494 2495 2492
2489 2492 2496
2495 2497 2492
2492 2497 2496
2495 2498 2497
2497 2499 2496
2498 2499 2497
2499 2500 2496
2499 2498 2501
2502 2500 2499
2502 2503 2500
2504 2499 2501
2502 2499 2504
2504 2501 2505
2506 2504 2505
2504 2506 2502
2506 2505 2507
2502 2508 2503
2506 2508 2502
2503 2508 2509
2510 2506 2507
2506 2510 2508
2507 2511 2510
2508 2512 2509
2509 2512 2513
2511 2514 2510
2511 2515 2514
2510 2516 2508
2516 2512 2508
2510 2514 2516
2512 2517 2513
2518 2513 2517
2519 2518 2517
2519 2517 2512
2520 2519 2512
2520 2512 2516
2521 2520 2516
2516 2522 2521
2514 2522 2516
2521 2522 2523
2515 2524 2514
2514 2524 2522
2522 2525 2523
2524 2525 2522
2526 2524 2515
2524 2526 2525
2526 2515 2527
2525 2528 2523
2523 2528 2529
2526 2527 2530
2527 2531 2530
2526 2532 2525
2528 2525 2532
2532 2526 2530
2533 2532 2530
2534 2530 2531
2530 2534 2533
2535 2534 2531
2534 2535 2536
2533 2534 2536
2535 2537 2536
2537 2538 2536
2538 2539 2536
2539 2533 2536
2538 2540 2539
2540 2541 2539
2539 2541 2533
2532 2533 2542
2542 2528 2532
2543 2541 2540
2544 2543 2540
2543 2544 2545
2533 2541 2546
2533 2546 2542
2547 2543 2545
2548 2547 2545
2549 2547 2548
2549 2550 2547
2550 2551 2547
2547 2551 2543
2550 2552 2551
2552 2553 2551
2541 2543 2554
2554 2543 2551
2553 2554 2551
2546 2541 2554
2555 2554 2553
2546 2554 2555
2546 2555 2556
2546 2556 2542
2556 2557 2542
2528 2542 2557
2528 2557 2558
2528 2558 2529
2557 2559 2558
2558 2560 2529
2559 2561 2558
2561 2560 2558
2562 2563 2564
2565 2562 2564
2566 2565 2564
2567 2568 2569
2568 2570 2569
2571 2572 2573
2573 2574 2571
2571 2574 2575
2574 2576 2575
2576 2577 2575
2577 2578 2575
2577 2579 2578
2579 2580 2578
2581 2580 2579
2582 2581 2579
2581 2582 2583
2584 2581 2583
2584 2583 2585
2586 2584 2585
2585 2587 2586
2587 2588 2586
2588 2587 2589
2587 2590 2589
2590 2591 2589
2591 2592 2589
2593 2592 2591
2594 2593 2591
2595 2593 2594
2596 2595 2594
2596 2597 2595
2597 2598 2595
2598 2597 2599
2600 2598 2599
2599 2601 2600
2601 2602 2600
2602 2601 2603
2601 2604 2603
2605 2603 2604
2606 2605 2604
2607 2605 2606
2608 2607 2606
2609 2607 2608
2610 2609 2608
2610 2611 2609
2611 2612 2609
2611 2613 2612
2613 2614 2612
2613 2615 2614
2615 2616 2614
2617 2618 2619
2620 2617 2619
2620 2619 2621
2619 2622 2621
2622 2623 2621
2620 2624 2617
2620 2621 2624
2624 2625 2617
2621 2626 2624
2623 2627 2621
2621 2627 2626
2627 2623 2628
2627 2629 2626
2630 2627 2628
2628 2631 2630
2632 2629 2627
2632 2627 2630
2629 2632 2633
2631 2634 2630
2630 2634 2632
2631 2635 2634
2633 2632 2636
2634 2636 2632
2637 2633 2636
2635 2638 2634
2634 2638 2636
2635 2639 2638
2636 2640 2637
2637 2640 2641
2639 2642 2638
2642 2639 2643
2638 2644 2636
2640 2636 2644
2638 2642 2644
2640 2645 2641
2645 2646 2641
2647 2646 2645
2647 2645 2640
2648 2647 2640
2648 2640 2644
2644 2649 2648
2649 2644 2650
2642 2650 2644
2651 2649 2650
2652 2642 2643
2642 2652 2650
2651 2650 2653
2652 2653 2650
2654 2651 2653
2655 2651 2654
2654 2656 2655
2657 2652 2643
2652 2657 2653
2657 2643 2658
2657 2659 2653
2654 2653 2659
2657 2658 2660
2659 2657 2660
2661 2659 2660
2658 2662 2660
2660 2662 2663
2661 2660 2663
2662 2664 2663
2665 2663 2664
2661 2663 2665
2666 2665 2664
2665 2666 2667
2668 2665 2667
2661 2665 2668
2668 2667 2669
2670 2668 2669
2661 2668 2670
2659 2661 2671
2671 2654 2659
2670 2669 2672
2669 2673 2672
2672 2673 2674
2675 2661 2670
2661 2675 2671
2676 2670 2672
2675 2670 2676
2677 2672 2674
2674 2678 2677
2678 2679 2677
2677 2679 2680
2681 2677 2680
2682 2672 2677
2681 2682 2677
2682 2676 2672
2681 2683 2682
2683 2684 2682
2684 2676 2682
2676 2684 2685
2675 2676 2685
2675 2685 2686
2675 2686 2671
2687 2671 2686
2687 2654 2671
2688 2654 2687
2689 2688 2687
2654 2688 2656
2690 2688 2689
2688 2690 2656
2691 2692 2693
2694 2691 2693
2695 2691 2694
2696 2695 2694
2696 2694 2697
2694 2693 2698
2694 2699 2697
2699 2694 2698
2700 2697 2699
2699 2698 2701
2701 2700 2699
2698 2702 2701
2703 2700 2701
2704 2701 2702
2704 2702 2705
2706 2703 2701
2704 2706 2701
2703 2706 2707
2706 2708 2707
2708 2706 2704
2709 2707 2708
2704 2705 2710
2710 2708 2704
2705 2711 2710
2712 2709 2708
2708 2710 2712
2713 2709 2712
2710 2711 2714
2711 2715 2714
2716 2713 2712
2717 2713 2716
2710 2718 2712
2718 2710 2714
2716 2712 2718
2715 2719 2714
2720 2719 2715
2721 2719 2720
2719 2721 2714
2721 2722 2714
2722 2718 2714
2723 2718 2722
2718 2723 2724
2724 2716 2718
2723 2725 2724
2726 2717 2716
2726 2716 2724
2724 2725 2727
2727 2726 2724
2728 2717 2726
2726 2727 2728
2728 2729 2717
2725 2730 2727
2725 2731 2730
2729 2728 2732
2733 2729 2732
2727 2734 2728
2727 2730 2734
2732 2728 2734
2735 2732 2734
2732 2736 2733
2732 2735 2736
2736 2737 2733
2737 2736 2738
2735 2738 2736
2739 2737 2738
2739 2738 2740
2738 2741 2740
2741 2738 2735
2742 2740 2741
2743 2742 2741
2741 2735 2743
2734 2744 2735
2730 2744 2734
2743 2745 2742
2745 2746 2742
2747 2746 2745
2735 2748 2743
2744 2748 2735
2749 2747 2745
2750 2747 2749
2751 2750 2749
2751 2749 2752
2752 2749 2753
2749 2745 2753
2752 2753 2754
2754 2753 2755
2743 2756 2745
2756 2753 2745
2753 2756 2755
2748 2756 2743
2757 2755 2756
2748 2757 2756
2748 2758 2757
2748 2744 2758
2758 2744 2759
2730 2759 2744
2730 2760 2759
2730 2731 2760
2760 2761 2759
2731 2762 2760
2761 2760 2763
2763 2760 2762
