byte offset: 0
first index: 0
index count: 4608
topology: trianglelist
format: DXGI_FORMAT_R16_UINT

0 1 2
3 2 1
3 1 4
1 5 4
1 6 5
6 1 7
7 8 6
8 9 6
8 10 9
8 11 10
8 12 11
8 13 12
8 14 13
8 15 14
8 16 15
8 17 16
8 18 17
8 19 18
8 20 19
21 7 1
8 7 22
8 22 23
8 23 24
8 24 25
8 25 26
27 21 1
28 27 1
28 1 29
30 29 1
8 26 31
8 31 32
8 32 33
8 33 34
8 34 35
8 35 36
8 36 37
38 39 40
40 41 38
42 41 40
43 42 40
43 44 42
44 45 42
44 46 45
44 47 46
47 48 46
47 49 48
47 50 49
50 51 49
51 52 49
51 53 52
51 54 53
54 55 53
54 56 55
54 57 56
56 57 58
58 59 56
60 59 58
61 60 58
61 62 60
63 62 61
64 63 61
63 64 65
65 66 63
66 65 67
65 68 67
68 69 67
68 70 69
68 71 70
70 71 72
72 73 70
74 73 72
75 76 77
76 75 78
79 76 78
80 76 79
80 79 81
81 79 82
81 82 83
81 83 84
84 83 85
84 85 86
84 86 87
87 86 88
88 86 89
88 89 90
88 90 91
91 90 92
91 92 93
91 93 94
93 95 94
95 93 96
97 95 96
98 95 97
98 97 99
100 98 99
101 98 100
100 102 101
102 100 103
103 104 102
102 104 105
105 104 106
105 106 107
105 107 108
107 109 108
109 107 110
111 109 110
112 113 114
112 114 115
112 115 116
112 116 117
117 116 118
117 118 119
120 119 118
120 121 119
122 121 120
122 123 121
124 123 122
124 122 125
126 127 128
129 128 127
129 127 130
127 131 130
127 132 131
132 127 133
133 134 132
134 135 132
134 136 135
134 137 136
134 138 137
134 139 138
134 140 139
134 141 140
134 142 141
134 143 142
134 144 143
134 145 144
134 146 145
147 133 127
134 133 148
134 148 149
134 149 150
134 150 151
134 151 152
153 147 127
154 153 127
154 127 155
156 155 127
134 152 157
134 157 158
134 158 159
134 159 160
134 160 161
134 161 162
134 162 163
164 165 166
166 167 164
168 167 166
169 168 166
169 170 168
170 171 168
170 172 171
170 173 172
173 174 172
173 175 174
173 176 175
176 177 175
177 178 175
177 179 178
177 180 179
180 181 179
180 182 181
180 183 182
182 183 184
184 185 182
186 185 184
187 186 184
187 188 186
189 188 187
190 189 187
189 190 191
191 192 189
192 191 193
191 194 193
194 195 193
194 196 195
194 197 196
196 197 198
198 199 196
200 199 198
201 202 203
202 201 204
205 202 204
206 202 205
206 205 207
207 205 208
207 208 209
207 209 210
210 209 211
210 211 212
210 212 213
213 212 214
214 212 215
214 215 216
214 216 217
217 216 218
217 218 219
217 219 220
219 221 220
221 219 222
223 221 222
224 221 223
224 223 225
226 224 225
227 224 226
226 228 227
228 226 229
229 230 228
228 230 231
231 230 232
231 232 233
231 233 234
233 235 234
235 233 236
237 235 236
238 239 240
238 240 241
238 241 242
238 242 243
243 242 244
243 244 245
246 245 244
246 247 245
248 247 246
248 249 247
250 249 248
250 248 251
252 253 254
255 254 253
255 256 254
254 256 257
254 257 258
258 259 254
259 258 260
260 258 261
260 261 262
260 262 263
260 263 264
260 264 265
260 265 266
260 266 267
260 267 268
260 268 269
260 269 270
260 270 271
260 271 272
273 254 259
260 274 259
260 275 274
260 276 275
260 277 276
260 278 277
279 254 273
280 254 279
280 281 254
282 254 281
260 283 278
260 284 283
260 285 284
260 286 285
260 287 286
260 288 287
260 289 288
290 291 292
291 290 293
294 291 293
295 291 294
295 294 296
296 294 297
296 297 298
296 298 299
299 298 300
299 300 301
299 301 302
302 301 303
303 301 304
303 304 305
303 305 306
306 305 307
306 307 308
306 308 309
308 310 309
310 308 311
312 310 311
313 310 312
313 312 314
315 313 314
316 313 315
315 317 316
317 315 318
318 319 317
317 319 320
320 319 321
320 321 322
320 322 323
322 324 323
324 322 325
326 324 325
327 328 329
329 330 327
331 330 329
332 331 329
332 333 331
333 334 331
333 335 334
333 336 335
336 337 335
336 338 337
336 339 338
339 340 338
340 341 338
340 342 341
340 343 342
343 344 342
343 345 344
343 346 345
345 346 347
347 348 345
349 348 347
350 349 347
350 351 349
352 351 350
353 352 350
352 353 354
354 355 352
355 354 356
354 357 356
357 358 356
357 359 358
357 360 359
359 360 361
361 362 359
363 362 361
364 365 366
364 367 365
364 368 367
364 369 368
369 370 368
369 371 370
372 370 371
372 371 373
374 372 373
374 373 375
376 374 375
376 377 374
378 379 380
381 380 379
381 379 382
379 383 382
379 384 383
384 379 385
385 386 384
386 387 384
386 388 387
386 389 388
386 390 389
386 391 390
386 392 391
386 393 392
386 394 393
386 395 394
386 396 395
386 397 396
386 398 397
399 385 379
386 385 400
386 400 401
386 401 402
386 402 403
386 403 404
405 399 379
406 405 379
406 379 407
408 407 379
386 404 409
386 409 410
386 410 411
386 411 412
386 412 413
386 413 414
386 414 415
416 417 418
418 419 416
420 419 418
421 420 418
421 422 420
422 423 420
422 424 423
422 425 424
425 426 424
425 427 426
425 428 427
428 429 427
429 430 427
429 431 430
429 432 431
432 433 431
432 434 433
432 435 434
434 435 436
436 437 434
438 437 436
439 438 436
439 440 438
441 440 439
442 441 439
441 442 443
443 444 441
444 443 445
443 446 445
446 447 445
446 448 447
446 449 448
448 449 450
450 451 448
452 451 450
453 454 455
454 453 456
457 454 456
458 454 457
458 457 459
459 457 460
459 460 461
459 461 462
462 461 463
462 463 464
462 464 465
465 464 466
466 464 467
466 467 468
466 468 469
469 468 470
469 470 471
469 471 472
471 473 472
473 471 474
475 473 474
476 473 475
476 475 477
478 476 477
479 476 478
478 480 479
480 478 481
481 482 480
480 482 483
483 482 484
483 484 485
483 485 486
485 487 486
487 485 488
489 487 488
490 491 492
490 492 493
490 493 494
490 494 495
495 494 496
495 496 497
498 497 496
498 499 497
500 499 498
500 501 499
502 501 500
502 500 503
504 505 506
506 505 507
504 506 508
509 504 508
508 510 509
510 511 509
512 509 511
511 513 512
512 513 514
508 506 515
513 516 514
515 506 517
518 514 516
519 506 507
520 519 507
520 507 521
520 521 522
506 523 517
519 523 506
524 517 523
524 525 517
526 525 524
522 527 520
527 522 528
527 528 529
528 530 529
529 530 531
524 532 526
532 533 526
534 529 531
535 534 531
532 536 533
536 537 533
538 537 536
535 539 534
535 540 539
541 538 536
542 538 541
540 543 539
543 540 544
542 541 545
542 545 546
543 544 547
547 544 518
545 548 546
548 549 546
518 550 547
516 550 518
549 551 516
548 551 549
516 551 550
539 543 552
553 539 552
553 534 539
554 534 553
529 534 554
529 554 555
529 555 556
527 529 556
527 556 557
558 527 557
520 527 558
558 559 520
520 559 560
520 560 561
520 561 519
562 519 561
519 562 563
563 523 519
563 564 523
564 565 523
524 523 565
524 565 566
524 566 567
524 567 568
568 532 524
568 569 532
570 532 569
570 536 532
536 570 571
541 536 571
541 571 572
572 573 541
573 545 541
573 574 545
574 548 545
575 548 574
574 576 575
576 577 575
578 575 577
551 548 575
578 579 575
551 575 579
579 578 580
581 551 579
551 581 550
579 580 582
579 582 581
583 582 580
582 583 584
585 582 584
582 585 581
584 586 585
550 581 587
581 585 587
586 588 585
588 587 585
589 588 586
589 590 588
590 591 588
588 591 587
591 590 592
550 587 593
593 587 591
547 550 593
592 594 591
594 593 591
594 592 595
595 596 594
593 594 597
597 594 596
597 547 593
597 596 598
547 597 599
598 599 597
547 599 543
598 600 599
552 543 599
601 599 600
599 601 552
602 603 604
605 603 602
602 604 606
607 606 604
605 602 608
609 605 608
609 608 610
608 611 610
608 612 611
608 613 612
608 602 613
613 602 606
613 606 614
607 615 606
614 606 615
614 615 616
617 615 607
615 618 616
617 619 615
615 619 618
619 617 620
621 618 619
619 620 621
621 622 618
623 621 620
621 624 622
621 623 625
621 625 624
626 627 628
629 626 628
630 628 627
628 631 629
630 632 628
628 633 631
628 632 633
634 631 633
635 633 632
634 633 635
636 637 638
636 638 639
636 640 637
640 641 637
636 639 642
643 642 639
643 644 642
642 644 645
642 645 646
647 642 646
647 636 642
647 640 636
647 648 640
640 649 641
648 649 640
648 650 649
651 641 649
649 650 652
651 649 653
649 652 653
653 654 651
655 653 652
653 655 654
655 652 656
657 654 655
655 656 658
655 659 657
655 658 659
660 661 662
663 661 660
664 662 661
661 663 665
664 661 666
661 665 667
661 667 666
668 667 665
667 669 666
668 669 667
670 671 672
672 671 673
670 672 674
675 670 674
674 676 675
676 677 675
678 675 677
677 679 678
678 679 680
674 672 681
679 682 680
681 672 683
684 680 682
685 672 673
686 685 673
686 673 687
686 687 688
672 689 683
685 689 672
690 683 689
690 691 683
692 691 690
688 693 686
693 688 694
693 694 695
694 696 695
695 696 697
690 698 692
698 699 692
700 695 697
701 700 697
698 702 699
702 703 699
704 703 702
701 705 700
701 706 705
707 704 702
708 704 707
706 709 705
709 706 710
708 707 711
708 711 712
709 710 713
713 710 684
711 714 712
714 715 712
684 716 713
682 716 684
715 717 682
714 717 715
682 717 716
705 709 718
719 705 718
719 700 705
720 700 719
695 700 720
695 720 721
695 721 722
693 695 722
693 722 723
724 693 723
686 693 724
724 725 686
686 725 726
686 726 727
686 727 685
728 685 727
685 728 729
729 689 685
729 730 689
730 731 689
690 689 731
690 731 732
690 732 733
690 733 734
734 698 690
734 735 698
736 698 735
736 702 698
702 736 737
707 702 737
707 737 738
738 739 707
739 711 707
739 740 711
740 714 711
741 714 740
740 742 741
742 743 741
744 741 743
717 714 741
744 745 741
717 741 745
745 744 746
747 717 745
717 747 716
745 746 748
745 748 747
749 748 746
748 749 750
751 748 750
748 751 747
750 752 751
716 747 753
747 751 753
752 754 751
754 753 751
755 754 752
755 756 754
756 757 754
754 757 753
757 756 758
716 753 759
759 753 757
713 716 759
758 760 757
760 759 757
760 758 761
761 762 760
759 760 763
763 760 762
763 713 759
763 762 764
713 763 765
764 765 763
713 765 709
764 766 765
718 709 765
767 765 766
765 767 718
768 769 770
771 769 768
768 770 772
773 772 770
771 768 774
775 771 774
775 774 776
774 777 776
774 778 777
774 779 778
774 768 779
779 768 772
779 772 780
773 781 772
780 772 781
780 781 782
783 781 773
781 784 782
783 785 781
781 785 784
785 783 786
787 784 785
785 786 787
787 788 784
789 787 786
787 790 788
787 789 791
787 791 790
792 793 794
795 792 794
796 794 793
794 797 795
796 798 794
794 799 797
794 798 799
800 797 799
801 799 798
800 799 801
802 803 804
802 804 805
802 806 803
806 807 803
802 805 808
809 808 805
809 810 808
808 810 811
808 811 812
813 808 812
813 802 808
813 806 802
813 814 806
806 815 807
814 815 806
814 816 815
817 807 815
815 816 818
817 815 819
815 818 819
819 820 817
821 819 818
819 821 820
821 818 822
823 820 821
821 822 824
821 825 823
821 824 825
826 827 828
829 827 826
830 828 827
827 829 831
830 827 832
827 831 833
827 833 832
834 833 831
833 835 832
834 835 833
836 837 838
837 839 838
840 837 836
840 836 841
841 842 840
842 841 843
842 843 844
845 839 837
846 839 845
846 845 847
846 847 848
848 847 849
849 850 848
849 851 850
851 852 850
853 847 845
854 853 845
837 854 845
837 855 854
837 856 855
853 857 847
847 857 849
840 856 837
840 858 856
859 858 840
842 859 840
859 842 860
842 861 860
842 862 861
857 863 849
863 857 864
864 865 863
866 863 865
851 849 863
842 867 862
868 862 867
842 844 867
867 844 869
869 844 870
867 871 868
872 869 870
866 873 863
851 863 873
873 866 874
871 867 875
867 869 875
871 875 876
876 875 877
878 877 875
878 879 877
878 880 879
878 881 880
873 874 882
883 882 874
882 883 884
885 873 882
873 885 851
884 886 882
882 886 885
886 884 887
851 885 888
852 851 888
887 889 886
890 889 887
890 891 889
885 886 892
889 892 886
888 885 892
891 893 889
889 893 892
894 893 891
895 892 893
888 892 895
893 894 896
896 895 893
896 894 897
897 898 896
899 896 898
899 895 896
899 898 900
901 888 895
895 899 901
900 902 899
901 899 902
900 903 902
904 902 903
905 902 904
902 905 906
901 902 906
907 888 901
907 852 888
852 907 908
909 907 901
906 909 901
910 908 907
911 908 910
912 911 910
911 912 913
914 913 912
915 913 914
913 915 872
872 915 869
915 916 869
916 917 869
869 917 875
878 875 917
878 917 918
919 878 918
878 919 920
881 878 920
881 920 921
920 919 922
923 921 920
920 922 924
923 920 924
924 922 925
924 926 923
927 924 925
928 926 924
928 924 927
928 929 926
930 928 927
929 928 931
930 932 928
931 928 932
931 932 905
930 933 932
905 932 906
932 933 906
906 933 909
934 935 936
934 936 937
934 938 935
938 939 935
934 937 940
941 940 937
941 942 940
940 942 943
940 943 944
945 940 944
945 934 940
945 938 934
945 946 938
938 947 939
946 947 938
946 948 947
949 939 947
947 948 950
949 947 951
947 950 951
951 952 949
953 951 950
951 953 952
953 950 954
955 952 953
953 954 956
953 957 955
953 956 957
958 959 960
961 959 958
962 960 959
959 961 963
962 959 964
959 963 965
959 965 964
966 965 963
967 964 965
966 967 965
968 969 970
971 969 968
968 970 972
973 972 970
971 968 974
975 971 974
975 974 976
974 977 976
974 978 977
974 979 978
974 968 979
979 968 972
979 972 980
973 981 972
980 972 981
980 981 982
983 981 973
981 984 982
983 985 981
981 985 984
985 983 986
987 984 985
985 986 987
987 988 984
989 987 986
987 990 988
987 989 991
987 991 990
992 993 994
995 992 994
996 994 993
994 997 995
996 998 994
994 999 997
994 998 999
1000 997 999
999 998 1001
1000 999 1001
1002 1003 1004
1004 1003 1005
1006 1002 1004
1006 1007 1002
1007 1006 1008
1008 1009 1007
1008 1010 1009
1011 1004 1005
1012 1011 1005
1012 1013 1011
1012 1014 1013
1014 1015 1013
1015 1014 1016
1015 1016 1017
1017 1016 1018
1019 1011 1013
1020 1011 1019
1004 1011 1020
1004 1020 1021
1004 1021 1022
1019 1013 1023
1013 1015 1023
1006 1004 1022
1006 1022 1024
1025 1006 1024
1008 1006 1025
1025 1026 1008
1008 1026 1027
1008 1027 1028
1023 1015 1029
1029 1030 1023
1030 1029 1031
1032 1031 1029
1017 1029 1015
1008 1028 1033
1034 1033 1028
1008 1033 1010
1033 1035 1010
1035 1036 1010
1033 1034 1037
1038 1036 1035
1032 1029 1039
1017 1039 1029
1039 1040 1032
1037 1041 1033
1033 1041 1035
1037 1042 1041
1042 1043 1041
1044 1041 1043
1044 1043 1045
1044 1045 1046
1044 1046 1047
1039 1048 1040
1049 1040 1048
1048 1050 1049
1051 1048 1039
1039 1017 1051
1050 1048 1052
1048 1051 1052
1052 1053 1050
1017 1054 1051
1018 1054 1017
1053 1052 1055
1056 1053 1055
1056 1055 1057
1051 1058 1052
1055 1052 1058
1054 1058 1051
1057 1055 1059
1055 1058 1059
1060 1057 1059
1061 1059 1058
1054 1061 1058
1059 1062 1060
1062 1059 1061
1062 1063 1060
1063 1062 1064
1065 1064 1062
1065 1062 1061
1065 1066 1064
1067 1061 1054
1061 1067 1065
1066 1065 1068
1067 1068 1065
1066 1068 1069
1070 1069 1068
1071 1070 1068
1068 1072 1071
1067 1072 1068
1073 1067 1054
1073 1054 1018
1018 1074 1073
1075 1067 1073
1072 1067 1075
1076 1073 1074
1077 1076 1074
1078 1076 1077
1077 1079 1078
1080 1078 1079
1081 1080 1079
1079 1038 1081
1038 1035 1081
1081 1035 1082
1082 1035 1083
1035 1041 1083
1044 1083 1041
1044 1084 1083
1085 1084 1044
1044 1086 1085
1047 1086 1044
1047 1087 1086
1086 1088 1085
1089 1086 1087
1086 1090 1088
1089 1090 1086
1090 1091 1088
1090 1089 1092
1093 1091 1090
1094 1090 1092
1094 1093 1090
1094 1092 1095
1096 1093 1094
1095 1097 1094
1096 1094 1098
1097 1098 1094
1097 1071 1098
1096 1098 1099
1071 1072 1098
1098 1072 1099
1072 1075 1099
1100 1101 1102
1103 1101 1100
1100 1102 1104
1105 1104 1102
1103 1100 1106
1107 1103 1106
1107 1106 1108
1106 1109 1108
1106 1110 1109
1106 1111 1110
1106 1100 1111
1111 1100 1104
1111 1104 1112
1105 1113 1104
1112 1104 1113
1112 1113 1114
1115 1113 1105
1113 1116 1114
1115 1117 1113
1113 1117 1116
1117 1115 1118
1119 1116 1117
1117 1118 1119
1119 1120 1116
1121 1119 1118
1119 1122 1120
1119 1121 1123
1119 1123 1122
1124 1125 1126
1127 1124 1126
1128 1126 1125
1126 1129 1127
1128 1130 1126
1126 1131 1129
1126 1130 1131
1132 1129 1131
1133 1131 1130
1132 1131 1133
1134 1135 1136
1134 1136 1137
1134 1138 1135
1138 1139 1135
1134 1137 1140
1141 1140 1137
1141 1142 1140
1140 1142 1143
1140 1143 1144
1145 1140 1144
1145 1134 1140
1145 1138 1134
1145 1146 1138
1138 1147 1139
1146 1147 1138
1146 1148 1147
1149 1139 1147
1147 1148 1150
1149 1147 1151
1147 1150 1151
1151 1152 1149
1153 1151 1150
1151 1153 1152
1153 1150 1154
1155 1152 1153
1153 1154 1156
1153 1157 1155
1153 1156 1157
1158 1159 1160
1161 1159 1158
1162 1160 1159
1159 1161 1163
1162 1159 1164
1159 1163 1165
1159 1165 1164
1166 1165 1163
1165 1167 1164
1166 1167 1165
1168 1169 1170
1168 1170 1171
1168 1172 1169
1171 1173 1168
1174 1172 1168
1168 1173 1175
1168 1176 1174
1177 1168 1175
1168 1178 1176
1179 1168 1177
1168 1180 1178
1179 1181 1168
1182 1180 1168
1168 1181 1183
1168 1184 1182
1185 1168 1183
1168 1186 1184
1187 1168 1185
1168 1188 1186
1187 1188 1168
1189 1190 1191
1189 1192 1190
1189 1191 1193
1192 1189 1194
1195 1189 1193
1189 1196 1194
1189 1195 1197
1198 1196 1189
1189 1197 1199
1200 1198 1189
1189 1199 1201
1200 1189 1202
1203 1189 1201
1189 1204 1202
1189 1203 1205
1206 1204 1189
1189 1205 1207
1208 1206 1189
1189 1207 1209
1208 1189 1209
1210 1211 1212
1210 1212 1213
1212 1211 1214
1212 1215 1213
1215 1212 1214
1215 1216 1213
1214 1217 1215
1218 1216 1215
1217 1219 1215
1219 1218 1215
1220 1221 1222
1220 1222 1223
1223 1222 1224
1225 1222 1221
1224 1222 1225
1225 1221 1226
1224 1225 1227
1228 1225 1226
1227 1225 1229
1229 1225 1228
1230 1231 1232
1230 1232 1233
1230 1234 1231
1233 1235 1230
1236 1234 1230
1230 1235 1237
1230 1238 1236
1239 1230 1237
1230 1240 1238
1241 1230 1239
1230 1242 1240
1241 1243 1230
1244 1242 1230
1230 1243 1245
1230 1246 1244
1247 1230 1245
1230 1248 1246
1249 1230 1247
1230 1250 1248
1249 1250 1230
1251 1252 1253
1251 1254 1252
1251 1253 1255
1254 1251 1256
1257 1251 1255
1251 1258 1256
1251 1257 1259
1260 1258 1251
1251 1259 1261
1262 1260 1251
1251 1261 1263
1262 1251 1264
1265 1251 1263
1251 1266 1264
1251 1265 1267
1268 1266 1251
1251 1267 1269
1270 1268 1251
1251 1269 1271
1270 1251 1271
1272 1273 1274
1272 1274 1275
1274 1273 1276
1274 1277 1275
1277 1274 1276
1277 1278 1275
1276 1279 1277
1280 1278 1277
1279 1281 1277
1281 1280 1277
1282 1283 1284
1282 1284 1285
1285 1284 1286
1287 1284 1283
1286 1284 1287
1287 1283 1288
1286 1287 1289
1290 1287 1288
1289 1287 1291
1291 1287 1290
1292 1293 1294
1292 1295 1293
1292 1294 1296
1295 1292 1297
1298 1292 1296
1292 1299 1297
1292 1298 1300
1301 1299 1292
1292 1300 1302
1303 1301 1292
1292 1302 1304
1303 1292 1305
1306 1292 1304
1292 1307 1305
1292 1306 1308
1309 1307 1292
1292 1308 1310
1311 1309 1292
1292 1310 1312
1311 1292 1312
1313 1314 1315
1313 1315 1316
1313 1317 1314
1316 1318 1313
1319 1317 1313
1313 1318 1320
1313 1321 1319
1322 1313 1320
1313 1323 1321
1324 1313 1322
1313 1325 1323
1324 1326 1313
1327 1325 1313
1313 1326 1328
1313 1329 1327
1330 1313 1328
1313 1331 1329
1332 1313 1330
1313 1333 1331
1332 1333 1313
1334 1335 1336
1334 1337 1335
1335 1338 1336
1335 1337 1339
1339 1338 1335
1339 1337 1340
1338 1339 1341
1342 1339 1340
1341 1339 1343
1343 1339 1342
1344 1345 1346
1344 1347 1345
1347 1348 1345
1349 1346 1345
1348 1349 1345
1349 1350 1346
1348 1351 1349
1352 1350 1349
1351 1353 1349
1353 1352 1349
1354 1355 1356
1354 1356 1357
1354 1358 1355
1357 1359 1354
1360 1358 1354
1354 1359 1361
1354 1362 1360
1363 1354 1361
1354 1364 1362
1365 1354 1363
1354 1366 1364
1365 1367 1354
1368 1366 1354
1354 1367 1369
1354 1370 1368
1371 1354 1369
1354 1372 1370
1373 1354 1371
1354 1374 1372
1373 1374 1354
1375 1376 1377
1375 1378 1376
1375 1377 1379
1378 1375 1380
1381 1375 1379
1375 1382 1380
1375 1381 1383
1384 1382 1375
1375 1383 1385
1386 1384 1375
1375 1385 1387
1386 1375 1388
1389 1375 1387
1375 1390 1388
1375 1389 1391
1392 1390 1375
1375 1391 1393
1394 1392 1375
1375 1393 1395
1394 1375 1395
1396 1397 1398
1396 1398 1399
1398 1397 1400
1398 1401 1399
1401 1398 1400
1401 1402 1399
1400 1403 1401
1404 1402 1401
1403 1405 1401
1405 1404 1401
1406 1407 1408
1406 1408 1409
1409 1408 1410
1411 1408 1407
1410 1408 1411
1411 1407 1412
1410 1411 1413
1414 1411 1412
1413 1411 1415
1415 1411 1414
