byte offset: 0
first index: 30948
index count: 636
topology: trianglelist
format: DXGI_FORMAT_R16_UINT

7914 7915 7916
7914 7916 7917
7918 7915 7914
7917 7916 7919
7917 7919 7920
7918 7921 7915
7922 7921 7918
7923 7916 7915
7923 7919 7916
7921 7923 7915
7920 7919 7924
7920 7924 7925
7922 7926 7921
7927 7926 7922
7928 7924 7919
7923 7928 7919
7925 7924 7929
7929 7924 7928
7925 7929 7930
7926 7931 7921
7921 7931 7923
7927 7932 7926
7932 7931 7926
7933 7932 7927
7928 7923 7934
7931 7934 7923
7933 7935 7932
7936 7935 7933
7932 7937 7931
7934 7931 7937
7937 7932 7935
7936 7938 7935
7939 7938 7936
7940 7937 7935
7940 7935 7938
7934 7937 7940
7939 7941 7938
7940 7938 7941
7942 7941 7939
7942 7943 7941
7943 7940 7941
7944 7943 7942
7928 7934 7945
7929 7928 7945
7946 7934 7940
7946 7945 7934
7943 7946 7940
7929 7945 7946
7944 7947 7943
7947 7946 7943
7929 7946 7947
7930 7947 7944
7930 7929 7947
7948 7949 7950
7948 7950 7951
7952 7949 7948
7951 7950 7953
7951 7953 7954
7952 7955 7949
7956 7955 7952
7957 7950 7949
7957 7953 7950
7955 7957 7949
7954 7953 7958
7954 7958 7959
7956 7960 7955
7961 7960 7956
7962 7958 7953
7957 7962 7953
7959 7958 7963
7963 7958 7962
7959 7963 7964
7960 7965 7955
7955 7965 7957
7961 7966 7960
7966 7965 7960
7967 7966 7961
7962 7957 7968
7965 7968 7957
7967 7969 7966
7970 7969 7967
7966 7971 7965
7968 7965 7971
7971 7966 7969
7970 7972 7969
7973 7972 7970
7974 7971 7969
7974 7969 7972
7968 7971 7974
7973 7975 7972
7974 7972 7975
7976 7975 7973
7976 7977 7975
7977 7974 7975
7978 7977 7976
7962 7968 7979
7963 7962 7979
7980 7968 7974
7980 7979 7968
7977 7980 7974
7963 7979 7980
7978 7981 7977
7981 7980 7977
7963 7980 7981
7964 7981 7978
7964 7963 7981
7982 7983 7984
7982 7984 7985
7986 7982 7985
7983 7987 7984
7983 7988 7987
7986 7985 7989
7990 7986 7989
7991 7985 7984
7991 7984 7987
7991 7989 7985
7988 7992 7987
7988 7993 7992
7990 7989 7994
7995 7990 7994
7996 7987 7992
7991 7987 7996
7993 7997 7992
7996 7992 7997
7993 7998 7997
7994 7989 7999
7991 7999 7989
7995 7994 8000
8000 7994 7999
8001 7995 8000
7996 8002 7991
7999 7991 8002
8001 8000 8003
8004 8001 8003
8000 7999 8005
8002 8005 7999
8005 8003 8000
8004 8003 8006
8007 8004 8006
8008 8003 8005
8008 8006 8003
8002 8008 8005
8007 8006 8009
8008 8009 8006
8010 8007 8009
8010 8009 8011
8008 8011 8009
8012 8010 8011
7996 8013 8002
7996 7997 8013
8002 8014 8008
8002 8013 8014
8008 8014 8011
7997 8014 8013
8012 8011 8015
8015 8011 8014
7997 8015 8014
7998 8012 8015
7998 8015 7997
8016 8017 8018
8016 8018 8019
8020 8016 8019
8017 8021 8018
8017 8022 8021
8020 8019 8023
8024 8020 8023
8025 8019 8018
8025 8018 8021
8025 8023 8019
8022 8026 8021
8022 8027 8026
8024 8023 8028
8029 8024 8028
8030 8021 8026
8025 8021 8030
8027 8031 8026
8030 8026 8031
8027 8032 8031
8028 8023 8033
8025 8033 8023
8029 8028 8034
8034 8028 8033
8035 8029 8034
8030 8036 8025
8033 8025 8036
8035 8034 8037
8038 8035 8037
8034 8033 8039
8036 8039 8033
8039 8037 8034
8038 8037 8040
8041 8038 8040
8042 8037 8039
8042 8040 8037
8036 8042 8039
8041 8040 8043
8042 8043 8040
8044 8041 8043
8044 8043 8045
8042 8045 8043
8046 8044 8045
8030 8047 8036
8030 8031 8047
8036 8048 8042
8036 8047 8048
8042 8048 8045
8031 8048 8047
8046 8045 8049
8049 8045 8048
8031 8049 8048
8032 8046 8049
8032 8049 8031
