byte offset: 0
first index: 0
index count: 6675
topology: trianglelist
format: DXGI_FORMAT_R16_UINT

0 1 2
0 2 3
4 5 6
2 7 8
2 8 3
9 10 11
12 13 6
12 6 14
6 13 15
6 15 4
16 9 11
16 11 17
18 19 20
21 22 16
23 24 25
26 27 28
26 28 29
30 31 32
30 32 33
34 35 36
37 38 39
37 39 40
41 42 43
44 45 46
19 18 47
48 19 49
50 51 52
50 52 53
54 55 56
57 58 50
57 50 53
59 51 60
59 60 61
62 56 55
62 55 63
64 63 55
64 55 54
65 66 61
65 61 60
67 68 69
67 69 70
35 71 72
35 72 36
73 74 75
76 30 33
76 33 77
22 78 10
22 10 9
79 80 81
79 81 82
83 84 85
83 85 86
87 88 89
87 89 90
91 92 93
91 93 46
94 95 96
97 98 99
100 101 102
100 102 103
104 105 106
104 106 107
49 23 108
49 108 48
23 25 108
19 109 49
110 111 45
110 45 44
46 45 71
46 71 35
91 46 35
91 35 34
60 54 56
112 113 114
112 114 41
16 17 115
16 115 116
117 66 65
117 65 118
119 120 121
119 121 122
123 124 125
123 125 126
127 128 129
127 129 130
130 122 121
130 121 127
131 132 133
131 133 134
135 131 134
135 134 136
137 138 135
137 135 136
139 140 141
139 141 142
143 144 145
143 145 146
147 144 143
147 143 148
149 150 151
149 151 152
146 145 153
146 153 154
155 156 157
155 157 158
159 160 161
159 161 162
163 164 160
163 160 159
165 164 163
165 163 166
167 168 169
167 169 170
171 172 168
171 168 167
173 174 175
173 175 176
170 169 177
170 177 178
179 180 181
179 181 182
183 184 185
183 185 186
187 188 184
187 184 183
189 190 188
189 188 187
191 192 193
191 193 194
195 196 197
195 197 198
199 200 201
199 201 202
202 201 203
202 203 204
205 206 207
205 207 208
199 209 210
199 210 200
197 211 212
213 214 215
214 213 216
214 216 217
218 219 220
218 220 221
222 223 224
222 224 225
226 227 228
229 230 231
232 229 233
232 233 234
226 231 235
236 215 237
238 239 240
238 240 241
242 243 244
242 244 245
246 247 248
246 248 249
238 250 251
238 251 239
243 251 250
243 250 244
248 247 252
253 242 245
253 245 254
221 241 240
221 240 218
196 255 256
226 228 231
257 258 259
257 259 260
196 195 261
261 260 259
261 259 255
262 263 264
262 264 265
263 266 267
263 267 264
266 268 269
266 269 267
268 270 271
268 271 269
272 273 274
272 274 275
273 276 277
273 277 274
276 278 279
276 279 277
278 262 265
278 265 279
280 281 282
283 284 285
285 284 286
286 284 287
288 281 289
289 281 280
290 291 292
292 291 293
293 291 294
295 296 297
297 296 298
298 296 299
300 301 302
300 302 303
303 302 304
303 304 305
305 304 306
305 306 307
307 306 308
307 308 309
310 311 312
310 312 313
313 312 314
313 314 315
315 314 316
315 316 317
317 316 301
317 301 300
318 319 320
321 322 323
320 319 324
325 322 321
324 319 326
327 322 325
328 329 330
331 332 333
330 329 334
335 332 331
334 329 336
337 332 335
2 1 338
4 15 7
4 7 2
54 60 51
54 51 50
58 64 54
58 54 50
339 52 51
339 51 59
95 94 340
338 98 4
341 342 343
341 343 344
73 345 346
73 346 347
75 348 345
75 345 73
31 349 350
31 350 32
351 352 353
351 353 354
85 355 356
85 356 86
14 5 357
19 47 109
60 56 118
41 43 358
41 358 112
44 46 93
253 254 359
253 359 227
228 227 359
237 219 236
360 361 196
237 220 219
223 362 363
249 363 246
223 363 249
248 252 364
364 252 365
364 365 366
364 366 367
364 367 368
223 369 362
223 222 369
196 261 255
235 231 230
213 215 236
360 196 256
197 212 198
300 303 370
300 370 371
317 300 371
317 371 372
315 317 372
315 372 373
313 315 373
313 373 374
310 313 374
310 374 375
307 309 376
307 376 377
305 307 377
305 377 378
305 378 370
305 370 303
306 304 379
306 379 380
308 306 380
308 380 381
312 311 382
312 382 383
314 312 383
314 383 384
316 314 384
316 384 385
301 316 385
301 385 386
302 301 386
302 386 387
302 387 379
302 379 304
388 389 390
391 392 393
391 393 388
394 395 396
394 396 397
398 394 397
399 400 401
399 401 402
403 404 405
403 405 406
407 408 409
407 409 410
411 412 413
411 413 414
415 416 417
415 417 418
419 420 411
419 411 421
422 423 424
422 424 415
393 425 426
427 428 429
427 429 430
399 431 432
399 432 400
433 434 435
433 435 436
437 438 439
437 440 438
434 428 427
434 427 435
441 406 442
441 442 443
444 440 437
393 426 389
393 389 388
445 446 447
445 447 448
446 449 450
446 450 447
394 437 451
451 437 439
394 451 395
426 437 394
426 394 389
452 453 454
452 454 455
456 457 458
456 458 459
460 461 457
460 457 456
462 463 461
462 461 460
464 465 466
464 466 467
468 469 465
468 465 464
459 458 469
459 469 468
470 471 472
470 472 473
471 474 475
471 475 472
474 476 477
474 477 475
476 478 479
476 479 477
480 481 482
480 482 483
481 470 473
481 473 482
452 484 485
452 485 453
424 486 487
424 487 416
416 415 424
411 420 412
488 489 412
488 412 420
21 116 14
490 491 492
490 492 493
491 192 191
491 191 492
494 194 193
494 193 495
496 497 498
496 498 499
500 501 498
500 498 497
500 490 493
500 493 501
495 496 499
495 499 494
229 231 233
502 503 504
502 504 505
506 507 508
506 508 509
507 510 511
507 511 508
510 512 513
510 513 511
514 515 516
514 516 517
515 518 519
515 519 516
518 506 509
518 509 519
520 521 522
520 522 523
521 524 525
521 525 522
524 526 527
524 527 525
526 528 529
526 529 527
530 531 532
530 532 533
531 520 523
531 523 532
502 534 535
502 535 503
536 537 538
539 540 541
539 541 542
543 544 545
543 545 546
547 548 549
547 549 550
551 552 553
551 553 554
555 556 557
555 557 558
559 560 561
562 536 563
564 559 565
566 567 568
560 569 570
560 570 571
572 573 574
572 574 568
575 576 567
575 567 566
576 577 578
576 578 567
566 579 580
566 580 575
572 568 578
572 578 577
536 538 581
571 570 580
571 580 579
559 582 569
559 569 560
583 584 585
586 553 552
586 552 583
587 588 542
587 542 541
540 539 545
540 545 544
540 583 552
540 552 541
551 587 541
551 541 552
584 583 574
589 557 556
589 556 590
591 592 550
591 550 549
548 590 556
548 556 549
555 591 549
555 549 556
554 593 594
554 594 551
558 595 596
558 596 555
597 598 588
597 588 587
551 594 597
551 597 587
599 600 592
599 592 591
555 596 599
555 599 591
543 590 548
543 548 601
602 603 561
602 561 601
548 547 602
548 602 601
546 589 590
546 590 543
574 573 604
574 604 584
603 605 561
605 606 565
605 565 561
565 606 564
559 564 582
607 608 585
607 585 609
566 543 601
536 581 610
536 610 611
610 581 612
566 601 579
571 579 601
571 601 561
561 560 571
559 561 565
612 581 613
585 584 604
583 608 586
544 583 540
583 585 608
536 611 563
568 567 578
614 615 616
617 618 619
617 619 620
621 622 623
621 623 624
625 626 627
625 627 628
629 630 631
629 631 632
633 634 635
633 635 636
637 638 639
640 641 614
642 643 637
644 621 645
639 646 647
639 647 648
649 645 650
649 650 651
652 644 653
652 653 654
654 653 655
654 655 656
644 652 657
644 657 658
649 656 655
649 655 645
614 659 615
646 658 657
646 657 647
637 639 648
637 648 660
661 662 663
664 661 632
664 632 631
665 619 618
665 618 666
620 624 623
620 623 617
620 619 632
620 632 661
629 632 619
629 619 665
663 650 661
667 668 636
667 636 635
669 627 626
669 626 670
628 627 636
628 636 668
633 636 627
633 627 669
630 629 671
630 671 672
634 633 673
634 673 674
675 665 666
675 666 676
629 665 675
629 675 671
677 669 670
677 670 678
633 669 677
633 677 673
621 679 628
621 628 668
680 679 638
680 638 681
628 679 680
628 680 625
622 621 668
622 668 667
650 663 682
650 682 651
681 638 683
683 638 643
683 643 684
643 642 684
637 660 642
685 686 662
685 662 687
644 679 621
614 688 659
614 689 688
688 690 659
644 658 679
646 638 679
646 679 658
638 646 639
637 643 638
690 691 659
662 682 663
661 664 687
624 620 661
661 687 662
614 641 689
645 655 653
215 214 232
215 232 234
692 693 694
692 694 695
696 697 698
696 698 699
700 701 702
700 702 703
704 705 706
704 706 707
708 709 710
708 710 711
712 713 714
712 714 715
716 717 718
716 718 719
720 721 722
720 722 723
566 568 543
644 645 653
645 621 624
543 568 544
645 624 650
544 568 574
442 405 724
442 724 725
406 405 442
5 4 98
338 4 2
99 98 338
96 95 726
6 5 14
574 583 544
661 650 624
60 118 65
16 22 9
21 16 116
21 14 357
727 728 729
727 729 730
731 732 733
731 733 734
731 735 736
731 736 732
737 727 730
737 730 738
739 740 741
739 741 742
737 743 727
744 737 738
744 738 745
739 744 745
739 745 740
744 739 746
744 746 743
727 743 746
747 748 749
747 749 750
750 751 747
739 742 746
737 744 743
752 751 750
753 754 755
753 755 756
757 758 754
757 754 753
757 759 760
757 760 758
759 761 762
759 762 760
761 763 764
761 764 762
763 765 766
763 766 764
767 768 766
767 766 765
769 770 771
769 771 772
773 774 775
773 775 776
777 778 742
777 742 741
772 771 779
772 779 780
781 778 777
781 777 782
775 774 734
775 734 733
734 774 735
780 779 783
780 783 784
784 783 781
784 781 782
785 781 783
785 783 786
778 781 785
779 786 783
787 788 789
787 789 790
791 792 787
791 787 790
793 794 792
793 792 791
795 796 794
795 794 793
797 798 796
797 796 795
799 798 797
799 797 800
768 767 799
768 799 800
801 802 803
801 803 804
735 805 806
735 806 736
804 803 807
804 807 808
809 810 811
809 811 812
813 814 815
813 815 816
807 803 817
818 751 752
818 752 816
808 807 819
808 819 820
820 819 809
820 809 812
821 809 819
821 819 817
748 747 822
748 822 823
822 815 814
822 814 823
815 822 818
810 809 821
807 817 819
747 751 818
747 818 822
824 825 756
824 756 755
826 825 824
826 824 827
828 826 827
828 827 829
830 831 828
830 828 829
832 833 831
832 831 830
834 835 833
834 833 832
836 837 835
836 835 834
838 837 836
838 836 839
773 776 840
773 840 841
842 843 844
842 844 845
843 846 847
843 847 844
846 848 849
846 849 847
848 850 851
848 851 849
852 853 854
852 854 855
853 856 857
853 857 854
856 858 859
856 859 857
858 842 845
858 845 859
860 861 862
863 864 865
866 861 860
865 864 867
868 861 866
867 864 869
870 871 872
873 874 875
876 871 870
875 874 877
878 871 876
877 874 879
880 881 882
880 882 883
881 884 885
881 885 882
884 886 887
884 887 885
886 888 889
886 889 887
890 891 892
890 892 893
891 894 895
891 895 892
894 896 897
894 897 895
896 880 883
896 883 897
898 899 900
901 902 903
904 899 898
903 902 905
906 899 904
905 902 907
908 909 910
911 912 913
914 909 908
913 912 915
916 909 914
915 912 917
742 778 785
742 785 746
771 785 786
825 837 763
825 763 756
763 761 753
763 753 756
826 833 835
826 835 825
753 759 757
753 761 759
831 826 828
833 826 831
796 788 794
794 788 792
792 788 787
798 799 767
798 767 765
918 811 810
918 810 919
920 806 805
920 805 921
922 919 810
923 838 839
923 839 924
925 837 838
925 838 923
926 927 928
926 928 929
837 825 835
798 788 796
750 749 930
750 930 752
779 771 786
816 815 818
817 803 922
817 922 821
922 810 821
931 932 933
931 933 934
932 935 936
932 936 933
937 938 939
937 939 940
935 941 942
935 942 936
943 944 945
943 945 946
944 947 948
944 948 945
947 949 950
947 950 948
949 951 952
949 952 950
953 954 955
953 955 956
954 957 958
954 958 955
957 959 960
957 960 958
959 943 946
959 946 960
961 962 963
964 965 966
967 962 961
966 965 968
969 962 967
968 965 970
971 972 973
974 975 976
977 972 971
976 975 978
979 972 977
978 975 980
981 982 983
981 983 984
981 984 985
986 987 988
986 988 989
986 989 990
991 992 993
993 992 994
994 992 995
996 997 998
998 997 999
999 997 1000
1001 1002 1003
1001 1003 1004
1004 1003 1005
1004 1005 1006
1006 1005 1007
1006 1007 1008
1008 1007 1009
1008 1009 1010
1011 1012 1013
1011 1013 1014
1014 1013 1015
1014 1015 1016
1016 1015 1017
1016 1017 1018
1018 1017 1002
1018 1002 1001
1019 1020 1021
1019 1021 1022
1020 1023 1024
1020 1024 1021
1023 1025 1026
1023 1026 1024
1025 1027 1028
1025 1028 1026
1027 1029 1030
1027 1030 1028
1029 1031 1032
1029 1032 1030
1033 1034 1035
1033 1035 1036
1034 1037 1038
1034 1038 1035
1037 1039 1040
1037 1040 1038
1039 1041 1042
1039 1042 1040
1041 1043 1044
1041 1044 1042
1043 1019 1022
1043 1022 1044
1045 1046 1047
1045 1047 1048
1049 1050 1051
1049 1051 1052
1053 1054 1055
1053 1055 1056
1057 1058 1059
1057 1059 1060
1049 1061 1062
1049 1062 1050
1054 1063 1064
1054 1064 1055
1062 1061 1065
1064 1063 1066
1045 1067 1068
1045 1068 1046
1058 1069 1070
1058 1070 1059
1068 1067 1071
1070 1069 1072
1073 1074 1075
1073 1075 1076
1074 1077 1078
1074 1078 1075
1077 1079 1080
1077 1080 1078
1079 1081 1082
1079 1082 1080
1081 1083 1084
1081 1084 1082
1083 1085 1086
1083 1086 1084
1087 1088 1089
1087 1089 1090
1088 1091 1092
1088 1092 1089
1091 1093 1094
1091 1094 1092
1093 1095 1096
1093 1096 1094
1095 1097 1098
1095 1098 1096
1097 1073 1076
1097 1076 1098
1099 1100 1101
1099 1101 1102
1103 1104 1105
1103 1105 1106
1107 1108 1109
1107 1109 1110
1111 1112 1113
1111 1113 1114
1103 1115 1116
1103 1116 1104
1108 1117 1118
1108 1118 1109
1116 1115 1119
1118 1117 1120
1099 1121 1122
1099 1122 1100
1112 1123 1124
1112 1124 1113
1122 1121 1125
1124 1123 1126
1127 1128 1129
1127 1129 1130
1131 1132 1133
1131 1133 1134
1135 1136 1137
1135 1137 1138
1139 1140 1128
1139 1128 1127
1141 1142 1143
1141 1143 1144
1145 1146 1147
1145 1147 1148
1148 1147 1136
1148 1136 1135
1149 1150 1140
1149 1140 1139
925 798 765
925 765 837
798 925 788
805 735 774
773 841 921
773 921 805
1151 1152 1153
1151 1153 1154
1152 1155 1156
1152 1156 1153
1155 1157 1158
1155 1158 1156
1157 1159 1160
1157 1160 1158
1161 1162 1163
1161 1163 1164
1162 1165 1166
1162 1166 1163
1165 1167 1168
1165 1168 1166
1167 1151 1154
1167 1154 1168
1169 1170 1171
1172 1173 1174
1175 1170 1169
1174 1173 1176
1177 1170 1175
1176 1173 1178
1179 1180 1181
1182 1183 1184
1185 1180 1179
1184 1183 1186
1187 1180 1185
1186 1183 1188
1189 1190 1191
1192 1193 1191
1194 1195 1192
1191 1193 1196
1189 1191 1196
1192 1195 1197
1192 1197 1193
1198 1199 1200
1201 1199 1202
1203 1201 1204
1199 1205 1202
1198 1205 1199
1201 1206 1204
1201 1202 1206
1207 1208 1209
1210 1211 1212
1212 1208 1207
1212 1211 1208
1213 1214 1215
1216 1217 1218
1217 1213 1215
1217 1215 1218
734 735 731
805 774 773
771 727 746
771 746 785
1219 1220 1221
1219 1221 1222
1223 1224 1225
1223 1225 1226
1227 1228 1229
1222 1230 1231
1222 1231 1219
1224 1232 1233
1224 1233 1234
1235 1236 1237
1235 1237 1238
1238 1237 1239
1240 1236 1235
1240 1235 1241
1227 1242 1243
1244 1245 1225
1244 1225 1246
1247 1248 1249
1247 1249 1250
1251 1252 1253
1251 1253 1254
1255 1256 1257
1258 1259 1260
1258 1260 1261
1262 1263 1264
1262 1264 1265
1264 1251 1254
1264 1254 1265
1223 1266 1232
1223 1232 1224
1245 1267 1226
1245 1226 1225
1224 1234 1246
1224 1246 1225
1268 1269 1270
1268 1270 1271
1269 1272 1273
1269 1273 1270
1272 1274 1275
1272 1275 1273
1274 1276 1277
1274 1277 1275
1278 1279 1280
1278 1280 1281
1279 1282 1283
1279 1283 1280
1282 1284 1285
1282 1285 1283
1284 1268 1271
1284 1271 1285
1286 1287 1288
1286 1288 1289
1289 1288 1290
1289 1290 1291
1291 1290 1292
1291 1292 1293
1293 1292 1294
1293 1294 1295
1295 1294 1296
1295 1296 1297
1297 1296 1298
1297 1298 1299
1299 1298 1300
1299 1300 1301
1301 1300 1302
1301 1302 1303
1304 1305 1306
1304 1306 1307
1308 1309 1305
1308 1305 1304
1310 1311 1309
1310 1309 1308
1312 1313 1311
1312 1311 1310
1314 1315 1316
1314 1316 1317
1315 1318 1319
1315 1319 1316
1318 1320 1321
1318 1321 1319
1320 1307 1306
1320 1306 1321
1322 1323 1324
1322 1324 1325
1323 1326 1327
1323 1327 1324
1326 1328 1329
1326 1329 1327
1328 1330 1331
1328 1331 1329
1332 1333 1334
1332 1334 1335
1335 1334 1336
1335 1336 1337
1337 1336 1338
1337 1338 1339
1339 1338 1322
1339 1322 1325
1340 1341 1329
1340 1329 1331
1342 1332 1335
1342 1335 1343
1343 1335 1337
1343 1337 1344
1344 1337 1339
1344 1339 1345
1345 1339 1325
1345 1325 1346
1347 1346 1325
1347 1325 1324
1348 1347 1324
1348 1324 1327
1349 1348 1341
1349 1341 1350
1351 1352 1308
1351 1308 1304
1353 1351 1304
1353 1304 1307
1354 1353 1307
1354 1307 1320
1355 1354 1320
1355 1320 1318
1355 1318 1315
1355 1315 1356
1356 1315 1314
1356 1314 1357
1358 1359 1312
1358 1312 1310
1358 1352 1360
1358 1360 1361
1362 1360 1352
1362 1352 1351
1363 1362 1351
1363 1351 1353
1354 1364 1363
1354 1363 1353
1355 1365 1364
1355 1364 1354
1356 1366 1365
1356 1365 1355
1357 1367 1366
1357 1366 1356
1361 1368 1359
1361 1359 1358
1310 1308 1352
1310 1352 1358
1340 1369 1350
1340 1350 1341
1370 1371 1342
1370 1342 1343
1372 1370 1343
1372 1343 1344
1373 1372 1344
1373 1344 1345
1374 1373 1345
1374 1345 1346
1347 1375 1374
1347 1374 1346
1348 1349 1375
1348 1375 1347
1327 1329 1341
1327 1341 1348
1376 1374 1375
1376 1375 1377
1377 1375 1349
1377 1349 1378
1378 1349 1350
1378 1350 1379
1379 1350 1369
1379 1369 1380
1381 1371 1370
1381 1370 1382
1382 1370 1372
1382 1372 1383
1383 1372 1373
1383 1373 1384
1384 1373 1374
1384 1374 1376
1385 1368 1361
1385 1361 1386
1386 1361 1360
1386 1360 1387
1387 1360 1362
1387 1362 1388
1388 1362 1363
1388 1363 1389
1363 1364 1390
1363 1390 1389
1364 1365 1391
1364 1391 1390
1365 1366 1392
1365 1392 1391
1366 1367 1393
1366 1393 1392
1394 1395 1388
1394 1388 1389
1394 1389 1390
1394 1390 1396
1396 1390 1391
1396 1391 1397
1397 1391 1392
1397 1392 1398
1398 1392 1393
1398 1393 1399
1400 1401 1385
1400 1385 1386
1402 1400 1386
1402 1386 1387
1378 1403 1404
1378 1404 1377
1405 1406 1395
1405 1395 1394
1396 1407 1405
1396 1405 1394
1397 1408 1407
1397 1407 1396
1398 1409 1410
1398 1410 1397
1399 1411 1409
1399 1409 1398
1412 1413 1401
1412 1401 1400
1414 1412 1400
1414 1400 1402
1387 1388 1395
1387 1395 1402
1403 1415 1416
1403 1416 1404
1417 1376 1377
1417 1377 1404
1384 1376 1417
1384 1417 1418
1383 1384 1418
1383 1418 1419
1382 1383 1419
1382 1419 1420
1381 1382 1420
1381 1420 1421
1422 1379 1380
1422 1380 1423
1403 1378 1379
1403 1379 1422
1420 1419 1424
1420 1424 1425
1421 1420 1425
1421 1425 1426
1427 1422 1423
1427 1423 1428
1429 1403 1422
1429 1422 1427
1409 1430 1431
1409 1431 1410
1411 1432 1430
1411 1430 1409
1433 1434 1413
1433 1413 1412
1435 1433 1412
1435 1412 1414
1425 1424 1431
1425 1431 1430
1426 1425 1430
1426 1430 1432
1433 1427 1428
1433 1428 1434
1435 1429 1427
1435 1427 1433
1436 1417 1404
1436 1404 1416
1418 1417 1436
1418 1436 1437
1419 1418 1437
1419 1437 1438
1429 1435 1439
1429 1439 1440
1402 1395 1406
1402 1406 1441
1410 1431 1442
1410 1442 1443
1439 1435 1414
1439 1414 1444
1442 1431 1424
1442 1424 1445
1429 1440 1415
1429 1415 1403
1438 1445 1424
1438 1424 1419
1410 1443 1408
1410 1408 1397
1441 1444 1414
1441 1414 1402
1446 1447 1448
1446 1448 1449
1450 1451 1452
1450 1452 1453
1439 1454 1455
1448 1456 1457
1448 1457 1449
1408 1458 1407
1459 1460 1450
1459 1450 1453
1452 1437 1436
1452 1436 1453
1415 1459 1416
1443 1447 1461
1462 1463 1446
1462 1446 1464
1439 1455 1440
1454 1449 1457
1454 1457 1455
1445 1451 1456
1460 1455 1457
1460 1457 1450
1461 1458 1408
1461 1408 1443
1465 1466 1463
1465 1463 1462
1440 1460 1459
1406 1465 1441
1447 1443 1442
1447 1442 1448
1464 1454 1439
1451 1445 1438
1451 1438 1452
1442 1445 1456
1442 1456 1448
1437 1452 1438
1462 1464 1444
1465 1462 1444
1459 1453 1436
1459 1436 1416
1406 1405 1466
1406 1466 1465
1446 1449 1454
1446 1454 1464
1458 1466 1405
1458 1405 1407
1446 1463 1461
1446 1461 1447
1451 1450 1457
1451 1457 1456
1463 1466 1458
1463 1458 1461
1467 1468 1469
1467 1469 1470
1468 1471 1472
1468 1472 1469
1473 1474 1475
1473 1475 1476
1467 1470 1474
1467 1474 1473
1477 1478 1470
1477 1470 1469
1479 1477 1469
1479 1469 1472
1480 1475 1474
1480 1474 1481
1481 1474 1470
1481 1470 1478
1482 1483 1478
1482 1478 1477
1484 1482 1477
1484 1477 1479
1485 1480 1481
1485 1481 1486
1486 1481 1478
1486 1478 1483
1487 1488 1483
1487 1483 1482
1489 1487 1482
1489 1482 1484
1490 1485 1486
1490 1486 1491
1491 1486 1483
1491 1483 1488
1492 1493 1488
1492 1488 1487
1494 1492 1487
1494 1487 1489
1491 1495 1496
1491 1496 1490
1488 1493 1495
1488 1495 1491
1497 1498 1468
1497 1468 1467
1498 1499 1471
1498 1471 1468
1476 1500 1501
1476 1501 1473
1473 1501 1497
1473 1497 1467
1497 1502 1503
1497 1503 1498
1498 1503 1504
1498 1504 1499
1500 1505 1506
1500 1506 1501
1501 1506 1502
1501 1502 1497
1255 1257 1507
1507 1257 1508
1465 1444 1441
1464 1439 1444
1440 1455 1460
1440 1459 1415
1239 1237 1509
1238 1239 1510
1227 1243 1511
1227 1229 1242
1239 1509 1512
1513 1514 1515
1513 1515 1516
1517 1518 1519
1517 1519 1520
1521 1522 1523
1521 1523 1524
1525 1526 1527
1525 1527 1528
1529 1530 1531
1529 1531 1532
1533 1534 1535
1533 1535 1536
1537 1538 1539
1537 1539 1540
1541 1542 1543
1541 1543 1544
1545 1546 1547
1545 1547 1548
1549 1550 1551
1552 1553 1554
1555 1556 1539
1555 1539 1538
1557 1558 1523
1557 1523 1522
1559 1560 1561
1559 1561 1562
1563 1564 1565
1566 1567 1548
1566 1548 1547
1568 1516 1515
1568 1515 1569
1570 1571 1541
1570 1541 1544
1572 1539 1556
1572 1556 1573
1574 1575 1576
1574 1576 1577
1578 1579 1562
1578 1562 1561
1580 1532 1531
1580 1531 1581
1582 1583 1525
1582 1525 1528
1584 1523 1558
1584 1558 1585
1586 1587 1588
1586 1588 1589
1590 1591 1592
1590 1592 1593
1594 1595 1596
1594 1596 1597
1598 1599 1600
1598 1600 1601
1602 1603 1604
1602 1604 1605
1578 1572 1573
1578 1573 1579
1585 1567 1566
1585 1566 1584
1547 1546 1518
1547 1518 1517
1524 1520 1519
1524 1519 1521
1561 1560 1534
1561 1534 1533
1540 1536 1535
1540 1535 1537
1606 1607 1549
1606 1549 1551
1565 1552 1554
1565 1554 1563
1607 1606 1608
1609 1610 1611
1609 1611 1612
1610 1613 1614
1610 1614 1611
1615 1616 1617
1615 1617 1618
1616 1609 1612
1616 1612 1617
1554 1619 1620
1554 1620 1563
1620 1619 1621
1607 1622 1623
1607 1623 1549
1623 1622 1624
1604 1625 1626
1604 1626 1605
1625 1627 1628
1625 1628 1626
1602 1629 1630
1602 1630 1603
1631 1632 1633
1631 1633 1634
1635 1636 1632
1635 1632 1631
1637 1638 1639
1637 1639 1640
1641 1642 1643
1641 1643 1644
1645 1646 1647
1645 1647 1648
1649 1650 1651
1649 1651 1652
1653 1654 1655
1653 1655 1656
1657 1658 1659
1657 1659 1660
1660 1659 1661
1660 1661 1662
1663 1664 1665
1663 1665 1666
1662 1661 1667
1662 1667 1668
1669 1670 1671
1669 1671 1672
1673 1674 1675
1673 1675 1676
1677 1678 1679
1677 1679 1680
1681 1682 1674
1681 1674 1673
1683 1684 1685
1683 1685 1686
1679 1687 1688
1679 1688 1680
1681 1689 1690
1681 1690 1682
1685 1691 1692
1685 1692 1686
1693 1694 1695
1693 1695 1696
1697 1698 1699
1697 1699 1700
1701 1702 1703
1701 1703 1704
1704 1703 1705
1704 1705 1706
1707 1708 1709
1707 1709 1710
1711 1712 1713
1711 1713 1714
1715 1716 1717
1715 1717 1718
1719 1720 1721
1719 1721 1722
1723 1724 1725
1723 1725 1726
1727 1728 1729
1727 1729 1730
1726 1725 1728
1726 1728 1727
1722 1721 1724
1722 1724 1723
1718 1717 1720
1718 1720 1719
1714 1713 1716
1714 1716 1715
1710 1709 1712
1710 1712 1711
1706 1705 1708
1706 1708 1707
1731 1732 1733
1731 1733 1734
1734 1733 1735
1734 1735 1736
1737 1738 1739
1737 1739 1740
1741 1742 1743
1741 1743 1744
1745 1746 1747
1745 1747 1748
1749 1750 1751
1749 1751 1752
1753 1754 1755
1753 1755 1756
1757 1758 1759
1757 1759 1760
1761 1762 1763
1761 1763 1764
1765 1766 1767
1765 1767 1768
1769 1770 1771
1769 1771 1772
1773 1774 1775
1773 1775 1776
1777 1778 1779
1777 1779 1780
1781 1782 1783
1781 1783 1784
1785 1786 1787
1785 1787 1788
1789 1790 1791
1789 1791 1792
1793 1794 1795
1793 1795 1796
1797 1798 1799
1797 1799 1800
1801 1802 1803
1801 1803 1804
1804 1803 1805
1804 1805 1806
1807 1808 1809
1807 1809 1810
1811 1812 1813
1811 1813 1814
1815 1816 1817
1815 1817 1818
1819 1820 1821
1819 1821 1822
1823 1824 1825
1823 1825 1826
1827 1828 1829
1827 1829 1830
1831 1832 1833
1831 1833 1834
1835 1836 1837
1835 1837 1838
1839 1840 1841
1839 1841 1842
1843 1844 1845
1846 1847 1848
1849 1850 1833
1849 1833 1832
1851 1852 1817
1851 1817 1816
1853 1854 1855
1853 1855 1856
1857 1858 1859
1860 1861 1842
1860 1842 1841
1862 1810 1809
1862 1809 1863
1864 1865 1835
1864 1835 1838
1866 1833 1850
1866 1850 1867
1868 1869 1870
1868 1870 1871
1872 1873 1856
1872 1856 1855
1874 1826 1825
1874 1825 1875
1876 1877 1819
1876 1819 1822
1878 1817 1852
1878 1852 1879
1880 1881 1882
1880 1882 1883
1884 1885 1886
1884 1886 1887
1888 1889 1890
1888 1890 1891
1892 1893 1894
1892 1894 1895
1896 1897 1898
1896 1898 1899
1872 1866 1867
1872 1867 1873
1879 1861 1860
1879 1860 1878
1841 1840 1812
1841 1812 1811
1818 1814 1813
1818 1813 1815
1855 1854 1828
1855 1828 1827
1834 1830 1829
1834 1829 1831
1900 1901 1843
1900 1843 1845
1859 1846 1848
1859 1848 1857
1901 1900 1902
1848 1903 1904
1848 1904 1857
1904 1903 1905
1901 1906 1907
1901 1907 1843
1907 1906 1908
1898 1909 1910
1898 1910 1899
1909 1911 1912
1909 1912 1910
1896 1913 1914
1896 1914 1897
1915 1916 1917
1916 1918 1919
1916 1919 1917
1920 1919 1918
1921 1922 1923
1921 1923 1924
1925 1926 1917
1925 1917 1919
1927 1925 1919
1927 1919 1920
1924 1917 1926
1924 1926 1921
1923 1922 1928
1929 1930 1915
1929 1915 1928
1930 1931 1916
1930 1916 1915
1916 1931 1918
1932 1933 1934
1935 1936 1937
1938 1939 1940
1941 1942 1943
1942 1944 1945
1944 1946 1947
1946 1948 1949
1948 1950 1951
1950 1939 1952
1953 1954 1955
1954 1956 1957
1956 1958 1959
1958 1960 1961
1960 1962 1963
1962 1964 1965
1964 1966 1967
1966 1968 1969
1968 1936 1970
1940 1939 1950
1940 1950 1948
1940 1948 1946
1944 1934 1940
1944 1940 1946
1934 1941 1932
1934 1942 1941
1934 1944 1942
1971 1953 1972
1971 1954 1953
1971 1956 1954
1971 1958 1956
1937 1968 1966
1937 1936 1968
1971 1937 1962
1971 1960 1958
1971 1962 1960
1964 1937 1966
1962 1937 1964
1973 1974 1975
1973 1975 1976
1977 1976 1978
1977 1978 1979
1980 1981 1979
1982 1975 1974
1982 1974 1983
1984 1978 1976
1984 1976 1985
1986 1980 1978
1986 1978 1984
1975 1982 1985
1975 1985 1976
1974 1973 1987
1988 1987 1973
1988 1973 1989
1989 1973 1977
1989 1977 1990
1977 1979 1990
1991 1992 1993
1994 1995 1996
1997 1998 1999
2000 2001 2002
2002 2003 2004
2004 2005 2006
2006 2007 2008
2008 2009 2010
2010 2011 1999
2012 2013 2014
2014 2015 2016
2016 2017 2018
2018 2019 2020
2020 2021 2022
2022 2023 2024
2024 2025 2026
2026 2027 2028
2028 2029 1996
1998 2010 1999
1998 2008 2010
1998 2006 2008
2004 2006 1998
2004 1998 1992
1992 1991 2000
1992 2000 2002
1992 2002 2004
2030 2031 2012
2030 2012 2014
2030 2014 2016
2030 2016 2018
1995 2026 2028
1995 2028 1996
2030 2022 1995
2030 2018 2020
2030 2020 2022
2024 2026 1995
2022 2024 1995
2032 2033 2034
2032 2034 2035
2033 2036 2037
2033 2037 2034
2036 2038 2039
2036 2039 2037
2038 2040 2041
2038 2041 2039
2042 2043 2044
2042 2044 2045
2043 2046 2047
2043 2047 2044
2046 2048 2049
2046 2049 2047
2048 2032 2035
2048 2035 2049
2050 2051 2052
2053 2051 2050
2054 2051 2053
2055 2051 2054
2056 2051 2055
2057 2051 2056
2058 2051 2057
2052 2051 2058
2059 2060 2061
2062 2060 2059
2063 2060 2062
2064 2060 2063
2065 2060 2064
2066 2060 2065
2067 2060 2066
2061 2060 2067
2068 2069 2070
2068 2070 2071
2071 2070 2072
2071 2072 2073
2073 2072 2074
2073 2074 2075
2075 2074 2076
2075 2076 2077
2078 2079 2080
2078 2080 2081
2081 2080 2082
2081 2082 2083
2083 2082 2084
2083 2084 2085
2085 2084 2069
2085 2069 2068
2069 2086 2087
2069 2087 2070
2070 2087 2088
2070 2088 2072
2072 2088 2089
2072 2089 2074
2074 2089 2090
2074 2090 2076
2079 2091 2092
2079 2092 2080
2080 2092 2093
2080 2093 2082
2082 2093 2094
2082 2094 2084
2084 2094 2086
2084 2086 2069
2086 2095 2096
2086 2096 2087
2087 2096 2097
2087 2097 2088
2088 2097 2098
2088 2098 2089
2089 2098 2099
2089 2099 2090
2091 2100 2101
2091 2101 2092
2092 2101 2102
2092 2102 2093
2093 2102 2103
2093 2103 2094
2094 2103 2095
2094 2095 2086
2095 2104 2105
2095 2105 2096
2096 2105 2106
2096 2106 2097
2097 2106 2107
2097 2107 2098
2098 2107 2108
2098 2108 2099
2100 2109 2110
2100 2110 2101
2101 2110 2111
2101 2111 2102
2102 2111 2112
2102 2112 2103
2103 2112 2104
2103 2104 2095
2104 2113 2114
2104 2114 2105
2105 2114 2115
2105 2115 2106
2106 2115 2116
2106 2116 2107
2107 2116 2117
2107 2117 2108
2109 2118 2119
2109 2119 2110
2110 2119 2120
2110 2120 2111
2111 2120 2121
2111 2121 2112
2112 2121 2113
2112 2113 2104
2113 2122 2123
2113 2123 2114
2114 2123 2124
2114 2124 2115
2115 2124 2125
2115 2125 2116
2116 2125 2126
2116 2126 2117
2118 2127 2128
2118 2128 2119
2119 2128 2129
2119 2129 2120
2120 2129 2130
2120 2130 2121
2121 2130 2122
2121 2122 2113
2122 2131 2132
2122 2132 2123
2123 2132 2133
2123 2133 2124
2124 2133 2134
2124 2134 2125
2125 2134 2135
2125 2135 2126
2127 2136 2137
2127 2137 2128
2128 2137 2138
2128 2138 2129
2129 2138 2139
2129 2139 2130
2130 2139 2131
2130 2131 2122
2131 2140 2141
2131 2141 2132
2132 2141 2142
2132 2142 2133
2133 2142 2143
2133 2143 2134
2134 2143 2144
2134 2144 2135
2136 2145 2146
2136 2146 2137
2137 2146 2147
2137 2147 2138
2138 2147 2148
2138 2148 2139
2139 2148 2140
2139 2140 2131
2140 2149 2150
2140 2150 2141
2141 2150 2151
2141 2151 2142
2142 2151 2152
2142 2152 2143
2143 2152 2153
2143 2153 2144
2145 2154 2155
2145 2155 2146
2146 2155 2156
2146 2156 2147
2147 2156 2157
2147 2157 2148
2148 2157 2149
2148 2149 2140
2158 2159 2085
2158 2085 2068
2160 2158 2068
2160 2068 2071
2161 2160 2071
2161 2071 2073
2162 2161 2073
2162 2073 2075
2163 2162 2075
2163 2075 2077
2164 2165 2078
2164 2078 2081
2166 2164 2081
2166 2081 2083
2166 2083 2085
2166 2085 2159
1920 1918 2167
1980 1979 1978
1918 1931 2168
1990 1979 2169
2170 2171 2172
2170 2172 2173
2171 2170 2174
2175 2174 2176
2175 2176 2177
2175 2178 2179
2180 2174 2181
2182 2176 2180
2183 2176 2182
2184 2177 2183
2170 2185 2181
2170 2181 2174
2186 2185 2170
2186 2170 2173
2187 2188 2189
2187 2189 2190
2191 2192 2193
2191 2193 2194
2195 2196 2171
2195 2171 2175
2177 2176 2183
2176 2174 2180
2171 2174 2175
2180 2181 2197
2182 2180 2197
2183 2182 2198
2184 2183 2198
2175 2177 2199
2175 2199 2178
2200 2201 2202
2200 2202 2203
2203 2204 2200
2205 2206 2204
2205 2207 2206
2205 2208 2209
2210 2211 2204
2212 2210 2206
2213 2212 2206
2214 2213 2207
2200 2204 2211
2200 2211 2215
2216 2201 2200
2216 2200 2215
2217 2218 2219
2217 2219 2220
2221 2222 2223
2221 2223 2224
2225 2205 2203
2225 2203 2226
2207 2213 2206
2206 2210 2204
2203 2205 2204
2210 2227 2211
2212 2227 2210
2213 2228 2212
2214 2228 2213
2205 2229 2207
2205 2209 2229
1915 1917 1924
1915 1924 1923
1973 1976 1977
1923 1928 1915
1974 1987 1983
1502 2230 2231
1502 2231 1503
1503 2231 2232
1503 2232 1504
1505 2233 2234
1505 2234 1506
1506 2234 2230
1506 2230 1502
2235 2236 2237
2235 2237 2238
2239 2240 2241
2239 2241 2242
2243 2244 2245
2243 2245 2246
2247 2248 2249
2247 2249 2250
2251 2252 2253
2251 2253 2254
2255 2256 2257
2255 2257 2258
2237 2236 2259
2237 2259 2260
2261 2262 2263
2261 2264 2262
2265 2266 2267
2265 2267 2268
2269 2270 2271
2269 2271 2272
2273 2274 2275
2273 2275 2276
2277 2278 2279
2277 2279 2280
2281 2282 2283
2281 2283 2284
2262 2285 2263
2262 2286 2285
2287 456 459
2287 459 2288
2289 460 456
2289 456 2287
2290 462 460
2290 460 2289
2291 464 467
2291 467 2292
2293 468 464
2293 464 2291
2288 459 468
2288 468 2293
763 837 765
2294 2295 2296
2294 2296 2297
