byte offset: 0
first index: 0
index count: 7242
topology: trianglelist
format: DXGI_FORMAT_R16_UINT

0 1 2
0 3 4
0 5 6
0 7 8
0 9 7
0 10 9
0 11 10
0 12 11
0 13 12
0 14 13
15 16 17
15 18 19
15 20 21
15 22 23
15 24 22
15 25 24
15 26 25
15 27 26
15 28 27
15 29 28
30 31 32
33 34 31
35 33 31
35 31 36
37 35 36
37 36 38
39 37 38
39 38 40
41 39 40
37 42 35
43 37 39
43 42 37
41 44 39
45 43 39
45 39 44
45 44 46
47 44 41
46 44 47
47 41 48
47 48 49
50 42 43
50 43 45
35 42 51
52 42 50
52 51 42
50 53 52
50 54 53
55 54 50
50 45 55
55 56 54
55 45 57
45 46 57
35 51 58
59 58 51
33 35 58
59 33 58
60 51 52
60 52 61
60 61 62
55 57 63
63 64 55
63 65 64
59 51 66
60 66 51
67 66 60
60 68 67
60 69 68
70 59 66
67 70 66
57 71 63
57 72 71
46 72 57
73 70 67
67 74 73
67 75 74
70 76 59
76 77 59
73 78 70
78 76 70
77 79 59
59 79 33
79 80 33
79 81 80
77 82 79
77 83 82
84 78 73
84 73 85
85 73 86
85 86 87
78 88 76
89 88 78
89 78 84
84 90 89
91 76 88
89 91 88
91 77 76
85 92 84
84 92 90
85 93 92
93 85 94
93 94 95
89 96 91
89 90 96
93 97 92
90 92 97
98 77 91
98 99 77
100 77 99
100 99 101
91 102 98
91 96 102
102 96 103
102 103 104
93 105 97
106 105 93
106 93 107
105 108 97
105 109 108
109 105 110
109 110 111
112 109 111
112 111 113
114 97 108
114 115 97
90 97 115
90 115 116
116 115 114
90 116 117
96 90 117
118 96 117
118 119 96
117 116 120
117 120 121
109 122 108
123 114 108
123 108 122
124 122 109
124 109 112
123 122 125
124 125 122
126 114 123
126 123 127
127 123 125
128 114 126
128 116 114
116 128 129
127 125 130
131 130 125
131 125 132
124 132 125
132 133 131
133 134 131
135 134 133
124 136 132
136 133 132
135 133 137
138 135 137
124 139 136
139 124 112
133 136 140
133 140 137
138 137 141
142 138 141
143 142 141
144 141 137
144 137 140
144 145 141
140 136 146
144 140 146
144 147 145
144 146 147
147 148 145
139 112 149
149 112 150
149 150 151
139 152 136
136 152 146
146 153 147
147 153 154
154 153 155
146 156 153
152 156 146
153 156 157
153 157 155
156 152 157
139 158 152
139 149 159
139 159 158
158 160 152
157 152 160
161 158 159
158 161 160
161 162 160
157 163 155
155 163 164
160 165 157
157 165 163
165 160 166
163 165 166
160 162 166
163 166 167
168 163 167
149 169 159
161 159 170
170 159 169
161 171 162
170 171 161
149 172 169
172 149 173
172 173 174
175 169 172
175 172 176
175 176 177
170 178 171
170 169 179
179 178 170
175 180 169
179 169 180
181 180 175
181 175 182
181 182 183
178 184 171
184 162 171
179 185 178
179 180 186
186 185 179
181 187 180
186 180 187
178 188 184
188 178 185
186 189 185
186 187 190
190 189 186
188 185 191
189 191 185
188 192 184
184 193 162
193 184 192
191 194 188
188 194 192
190 187 195
196 195 187
190 195 197
196 187 181
197 198 190
190 198 189
197 199 198
189 200 191
198 200 189
199 201 198
198 201 200
199 202 201
196 181 203
196 203 204
205 204 203
206 203 181
206 181 207
200 208 191
191 208 194
202 209 201
202 210 209
211 200 201
200 211 208
211 201 209
205 203 212
212 203 213
212 213 214
215 209 210
215 210 216
217 211 209
217 209 215
211 218 208
211 217 218
219 215 216
219 216 220
221 219 220
221 220 222
221 222 223
224 215 219
224 217 215
221 224 219
225 208 218
225 194 208
217 226 218
217 224 226
221 223 227
228 227 223
228 229 227
221 227 230
230 231 221
221 231 224
224 231 232
224 232 226
226 232 233
234 218 226
226 233 234
234 233 235
234 225 218
234 235 236
237 236 235
225 234 238
234 236 238
225 238 239
239 194 225
239 192 194
240 239 238
236 240 238
239 241 192
239 240 241
193 192 241
237 242 236
243 242 237
243 244 242
245 242 244
246 236 242
245 246 242
246 240 236
247 246 245
240 246 248
240 248 241
247 248 246
241 248 249
241 249 193
248 247 250
248 250 249
247 251 250
250 251 252
250 252 253
253 252 254
253 254 255
249 250 256
256 250 253
257 193 249
257 249 256
256 253 258
258 257 256
258 253 259
257 260 193
260 162 193
258 261 257
260 257 261
258 262 261
260 263 162
162 263 166
166 263 264
264 263 260
166 264 167
167 264 265
264 260 266
260 261 266
267 264 266
268 266 261
167 269 270
271 272 261
273 33 274
275 276 277
275 278 279
278 275 280
278 280 281
282 281 280
275 283 280
282 280 283
281 282 284
281 284 285
275 286 283
275 287 286
288 285 284
288 289 285
289 288 290
289 290 291
292 291 290
292 290 293
294 293 290
294 290 288
294 295 293
284 296 288
294 288 296
295 294 297
295 297 298
298 297 299
297 300 299
298 299 301
302 301 299
294 303 297
294 296 303
297 303 300
284 304 296
303 296 304
282 304 284
302 299 305
306 302 305
306 305 307
308 306 307
308 307 309
309 307 310
309 310 311
312 311 310
307 313 310
307 305 313
312 310 314
314 310 313
315 312 314
315 314 316
316 314 317
314 313 317
316 317 318
319 318 317
319 320 318
321 320 319
305 322 313
317 313 322
321 319 323
324 323 319
323 325 321
319 317 326
317 322 326
305 327 322
299 327 305
323 328 325
328 329 325
319 326 330
319 330 324
326 322 331
331 322 327
326 331 330
299 332 327
331 327 332
299 300 332
330 331 333
333 331 332
330 333 334
324 330 334
333 332 335
300 335 332
324 334 336
300 337 335
338 337 300
339 324 336
338 300 340
341 338 340
340 300 303
339 342 324
343 342 339
343 344 342
344 343 345
341 340 346
346 347 341
340 303 348
348 346 340
303 304 348
342 349 324
324 349 323
328 323 349
350 348 304
282 350 304
348 351 346
350 351 348
342 352 349
352 342 344
282 353 350
350 354 351
350 353 354
351 355 346
351 354 355
282 356 353
283 356 282
357 346 355
346 357 347
347 357 358
347 358 359
358 345 359
360 358 357
360 357 355
358 361 345
361 358 360
344 345 361
283 362 356
286 362 283
286 363 362
363 286 364
365 363 364
366 362 363
356 362 366
366 363 365
361 360 367
361 367 344
368 360 355
369 367 360
369 360 368
368 355 370
370 355 354
370 354 371
371 354 353
372 353 356
371 353 372
373 356 366
372 356 373
374 366 365
373 366 374
375 344 367
376 375 367
376 367 369
375 377 344
352 344 377
372 378 371
373 379 372
372 379 378
371 378 380
371 380 370
370 380 381
370 381 368
368 382 369
368 381 382
369 382 383
369 383 376
384 352 377
385 384 377
385 377 375
386 375 376
386 385 375
376 383 387
376 387 386
384 388 352
349 352 388
349 388 389
328 349 389
390 382 381
391 383 382
391 382 390
392 387 383
392 383 391
390 381 393
393 381 380
393 380 394
394 380 378
394 378 395
395 378 379
328 389 396
328 396 397
328 397 329
398 329 397
398 397 399
397 400 399
397 396 400
396 401 400
402 396 389
396 402 401
402 389 388
403 401 402
404 402 388
403 402 404
404 388 384
403 404 405
406 403 405
407 404 384
407 384 385
406 405 408
406 408 409
410 405 404
410 404 407
411 408 405
411 405 410
408 411 412
413 411 410
410 407 413
414 407 385
414 385 386
413 415 411
411 415 416
416 415 417
417 415 413
418 413 407
418 407 414
417 413 418
386 419 414
386 387 419
420 419 387
420 387 392
421 417 418
422 417 421
423 418 414
421 418 423
423 414 424
421 423 424
414 419 424
421 424 425
426 421 425
419 427 424
424 428 425
424 427 428
427 419 429
429 419 420
428 427 429
425 428 430
430 428 431
428 429 431
429 432 431
432 433 431
433 434 431
433 432 435
429 436 432
420 436 429
435 432 436
436 420 437
435 436 438
436 437 438
439 437 420
439 420 392
439 392 440
440 392 391
440 391 441
441 391 390
441 390 442
393 442 390
438 443 435
444 435 443
444 445 435
438 446 443
438 447 446
438 437 447
447 437 448
448 437 439
449 448 439
449 450 448
449 439 440
450 449 451
450 451 452
449 440 453
453 440 441
452 451 454
452 454 455
456 451 449
456 449 453
457 456 453
453 441 458
457 453 458
458 441 442
451 456 459
451 459 454
457 459 456
455 454 460
461 455 460
458 442 462
457 458 462
463 454 459
460 454 463
461 460 464
465 461 464
465 464 466
467 462 442
393 467 442
393 468 467
393 394 468
469 468 394
469 394 395
470 463 459
471 460 463
471 463 470
472 464 460
472 460 471
471 473 472
474 464 472
474 475 464
473 476 472
473 477 476
470 459 478
457 478 459
479 471 470
478 479 470
457 480 478
478 480 479
471 481 473
479 481 471
482 481 479
482 473 481
457 483 480
457 462 483
484 479 480
482 479 484
485 483 462
467 485 462
483 486 480
484 480 486
467 487 485
467 468 487
485 488 483
483 488 486
485 489 488
485 487 489
486 488 489
487 490 489
491 487 468
487 491 490
491 468 469
486 489 492
492 489 490
486 493 484
486 492 493
494 491 469
494 490 491
484 493 495
484 495 482
493 492 496
492 490 496
494 469 497
497 469 395
498 482 495
482 498 473
497 395 499
395 379 499
500 473 498
500 501 473
500 502 501
500 498 503
498 504 503
498 495 505
498 505 504
504 505 506
504 506 507
499 379 508
373 508 379
509 505 495
493 509 495
510 508 373
373 374 510
493 511 509
493 496 511
511 496 512
512 496 490
513 510 374
374 365 513
513 365 514
513 515 510
516 515 513
517 508 510
515 517 510
509 511 518
511 512 518
512 490 519
494 519 490
520 519 494
520 494 497
512 519 521
520 521 519
518 512 522
512 521 522
509 518 523
523 518 522
520 497 524
524 497 499
523 525 509
509 525 505
526 505 525
526 527 505
524 499 528
499 508 528
523 529 525
530 525 529
530 529 531
528 508 532
508 517 532
533 532 517
515 533 517
534 533 515
534 535 533
533 535 532
536 528 532
535 536 532
537 529 523
529 537 538
529 538 539
537 523 540
540 523 522
522 541 540
522 521 541
542 541 521
542 521 520
543 542 520
543 520 524
543 524 544
543 544 545
544 524 528
546 545 544
528 546 544
546 547 545
546 548 547
528 536 546
546 549 548
536 549 546
550 548 549
550 549 551
536 552 549
535 552 536
549 552 553
553 552 535
535 554 553
365 555 556
557 558 155
559 560 128
561 562 116
425 563 564
565 566 417
567 568 569
570 571 569
569 571 572
573 569 572
574 569 573
575 569 574
573 572 576
574 573 577
576 578 573
578 577 573
572 579 576
572 580 579
581 580 572
581 582 580
577 583 574
574 583 584
574 584 585
577 586 583
578 587 577
587 586 577
588 583 586
589 583 588
589 588 590
591 579 580
591 580 592
580 593 592
587 594 586
588 586 595
595 586 594
596 587 578
597 594 587
596 597 587
598 596 578
599 597 596
598 599 596
598 578 600
576 600 578
576 601 600
576 579 601
600 601 602
600 602 598
603 601 579
603 602 601
603 579 591
597 604 594
599 605 597
605 604 597
606 594 604
595 594 606
598 602 607
608 602 603
608 607 602
598 609 599
598 607 609
591 610 603
603 611 608
603 610 611
591 612 610
592 612 591
599 609 613
609 607 614
609 614 613
599 613 615
615 605 599
616 607 608
608 611 617
608 617 616
618 607 616
618 614 607
616 617 619
616 619 618
613 614 620
621 614 618
621 620 614
618 619 622
618 622 621
617 623 619
623 622 619
611 624 617
617 624 623
613 620 625
625 615 613
611 626 624
610 626 611
621 622 627
623 627 622
628 620 621
625 620 628
629 623 624
626 629 624
629 630 623
630 627 623
626 631 629
630 632 627
626 633 631
610 634 626
626 634 633
634 610 612
621 627 635
635 627 632
628 621 635
635 632 636
637 633 634
634 612 637
637 638 633
639 638 637
635 640 628
640 635 636
625 628 640
640 636 641
639 637 642
642 637 612
643 639 642
643 642 644
625 640 645
641 645 640
625 645 615
641 646 645
645 647 615
645 646 647
615 647 605
642 612 648
592 648 612
649 642 648
649 650 642
651 648 592
651 592 652
653 647 646
653 646 654
647 655 605
605 655 604
653 656 647
647 656 655
657 653 654
657 654 658
659 604 655
606 604 659
660 656 653
660 653 657
661 655 656
659 655 661
661 656 660
658 662 657
658 663 662
657 662 664
664 662 663
657 664 660
664 663 665
660 664 666
666 664 665
660 666 661
666 665 667
668 666 667
661 666 669
661 669 659
668 669 666
659 669 670
670 669 668
659 670 606
670 668 671
606 670 672
672 670 671
606 672 595
672 671 673
595 672 674
674 672 673
674 673 675
676 674 675
676 677 674
595 674 588
588 674 678
588 678 679
680 681 682
683 681 684
684 681 685
686 685 681
687 686 681
688 687 681
686 689 685
687 690 686
689 686 691
691 686 690
689 692 685
685 692 693
685 693 694
689 695 692
689 691 696
696 695 689
697 692 695
692 697 698
696 699 695
700 696 691
700 699 696
697 695 701
701 695 699
687 702 690
687 703 702
704 703 687
704 705 703
691 690 706
700 691 707
707 691 706
690 702 708
690 708 706
709 702 703
710 708 702
710 702 709
709 703 711
711 703 712
711 712 713
707 706 714
706 708 715
706 715 714
700 707 716
716 707 714
717 708 710
717 715 708
709 718 710
711 719 709
709 719 718
710 720 717
710 718 720
711 721 719
722 721 711
722 723 721
719 724 718
719 725 724
721 725 719
721 726 725
727 726 721
727 721 728
718 724 729
718 729 720
729 730 720
717 720 730
729 731 730
730 731 732
717 730 733
733 715 717
730 732 734
733 730 734
734 732 735
733 736 715
714 715 736
733 734 737
737 736 733
734 735 738
737 734 738
739 738 735
737 738 739
739 735 740
741 739 740
714 736 742
716 714 742
737 743 736
739 743 737
742 736 743
741 744 739
739 744 743
744 741 745
746 743 744
742 743 746
746 744 745
747 742 746
747 716 742
748 746 745
748 747 746
749 748 745
749 750 748
750 749 751
752 747 748
752 748 750
716 747 753
752 753 747
716 753 754
700 716 754
754 755 700
700 755 699
753 756 754
754 756 755
757 699 755
701 699 757
758 755 756
757 755 758
750 751 759
752 750 760
759 760 750
761 753 752
752 760 761
753 762 756
761 762 753
763 761 760
763 760 759
751 764 759
751 765 764
766 764 765
767 756 762
758 756 767
768 762 761
768 761 763
767 762 768
759 764 769
759 769 763
766 770 764
770 769 764
771 770 766
763 769 772
763 772 768
770 772 769
768 772 773
768 773 767
773 772 770
767 774 758
767 773 774
773 770 775
771 775 770
774 773 775
776 775 771
774 775 776
776 771 777
776 777 778
758 774 779
779 774 776
758 779 757
776 778 780
779 776 780
757 779 781
780 781 779
757 781 701
782 780 778
780 782 781
782 778 783
784 782 783
784 785 782
785 781 782
786 785 784
786 787 785
701 781 788
785 788 781
701 788 697
789 788 785
789 785 790
697 788 791
697 791 792
793 697 794
795 796 797
798 799 795
795 799 800
795 800 801
802 795 801
803 795 802
803 802 804
802 801 805
804 802 805
799 806 800
800 807 801
807 800 806
806 808 807
809 805 801
807 809 801
799 810 806
811 810 799
804 805 812
809 812 805
813 808 806
810 813 806
72 809 807
812 809 46
46 809 72
46 814 812
814 804 812
47 814 46
72 807 815
815 807 808
47 816 814
47 49 816
49 817 816
817 814 816
49 818 817
817 818 819
817 819 820
817 821 814
814 821 804
821 817 822
804 821 822
822 823 804
824 72 815
824 71 72
815 825 824
815 826 825
815 808 826
825 826 827
827 826 808
827 808 828
828 808 829
808 813 829
830 829 813
810 830 813
831 830 810
830 832 829
833 832 830
832 834 829
834 828 829
832 835 834
836 835 832
837 828 834
835 837 834
825 827 838
828 839 827
838 827 839
838 840 825
824 825 840
824 840 841
841 71 824
841 842 71
63 71 842
63 842 843
843 844 63
843 845 844
838 846 840
841 840 847
846 847 840
848 842 841
841 847 848
843 842 849
848 849 842
838 839 850
846 838 850
843 849 851
851 852 843
851 853 852
848 847 854
846 855 847
855 854 847
856 849 848
848 854 856
851 849 857
856 857 849
846 850 858
858 855 846
851 857 212
212 859 851
212 860 859
212 857 205
205 857 861
862 861 857
862 857 856
856 863 862
856 854 863
864 863 854
855 864 854
864 865 863
864 855 866
858 866 855
867 865 864
864 866 867
867 868 865
868 867 869
868 869 870
867 866 871
867 871 869
872 866 858
872 871 866
870 869 873
870 873 874
874 873 875
874 875 876
875 877 876
869 878 873
869 871 878
878 875 873
858 879 872
858 850 879
880 871 872
880 878 871
875 881 877
882 877 881
882 881 883
875 884 881
884 875 885
878 885 875
886 885 878
886 878 880
880 887 886
872 888 880
880 888 887
872 879 888
888 889 887
888 890 889
890 891 889
879 892 888
888 892 890
879 893 892
893 879 850
893 850 839
894 892 893
890 892 894
893 839 895
893 895 894
828 895 839
890 896 891
896 897 891
896 898 897
899 898 896
900 896 890
899 896 900
900 890 894
901 899 900
894 902 900
894 895 902
901 900 902
902 903 901
903 904 901
905 904 903
895 828 906
895 906 902
902 906 903
837 906 828
906 837 903
905 903 907
908 905 907
909 908 907
903 837 910
903 910 907
910 911 907
835 910 837
835 912 910
913 914 835
915 916 810
917 918 515
408 919 920
592 921 922
923 924 925
923 926 924
927 926 923
924 926 928
924 928 929
927 930 926
931 930 927
926 932 928
926 930 932
929 928 933
929 933 934
935 934 933
931 936 930
937 936 931
928 938 933
928 932 938
935 933 939
939 933 938
939 940 935
939 941 940
930 942 932
930 936 942
937 943 936
944 943 937
939 938 945
945 946 939
945 947 946
932 948 938
945 938 948
932 942 948
936 949 942
936 943 949
944 950 943
951 950 944
945 948 952
952 953 945
952 954 953
942 955 948
952 948 955
942 949 955
943 956 949
943 950 956
951 957 950
958 957 951
952 955 959
959 960 952
959 961 960
949 962 955
959 955 962
949 956 962
956 963 962
950 964 956
950 957 964
956 964 963
958 965 957
965 964 957
966 965 958
959 962 967
967 962 963
967 968 959
967 969 968
965 970 964
970 963 964
966 971 965
971 970 965
972 971 966
972 973 971
974 973 972
971 975 970
973 975 971
974 976 973
977 976 974
967 963 978
978 979 967
978 980 979
981 980 978
981 978 963
981 982 980
970 983 963
981 963 983
975 983 970
973 984 975
976 984 973
977 985 976
986 985 977
986 987 985
988 981 983
988 989 981
988 990 989
975 991 983
988 983 991
984 991 975
976 992 984
985 992 976
987 993 985
985 993 992
987 994 993
995 988 991
995 996 988
995 997 996
984 998 991
992 998 984
995 991 998
994 999 993
994 1000 999
1001 999 1000
993 1002 992
992 1002 998
993 999 1002
1003 995 998
1003 998 1002
1003 1004 995
1003 1005 1004
1006 1002 999
1006 1003 1002
1001 1006 999
1006 1007 1003
1006 1008 1007
1001 1009 1006
1001 1010 1009
1011 1012 1013
1011 1013 1014
1014 1013 1015
1014 1015 1016
1016 1015 1017
1016 1017 1018
1018 1017 1019
1018 1019 1020
1020 1019 1021
1020 1021 1022
1022 1021 1023
1022 1023 1024
1024 1023 1025
1024 1025 1026
1026 1025 1027
1026 1027 1028
1028 1027 1029
1028 1029 1030
1030 1029 1031
1030 1031 1032
1033 1034 1035
1033 1035 1036
1037 1038 1039
1037 1039 1040
1041 1042 1043
1041 1043 1044
1045 1046 1047
1045 1047 1048
1049 1050 1051
1049 1051 1052
1053 1054 1055
1053 1055 1056
1057 1058 1059
1057 1059 1060
1061 1062 1063
1061 1063 1064
1065 1066 1067
1065 1067 1068
1069 1070 1071
1069 1071 1072
1073 1074 1075
1073 1075 1076
1077 1078 1079
1077 1079 1080
1081 1082 1083
1081 1083 1084
1085 1086 1087
1085 1088 1086
1089 1086 1088
1089 1088 1090
1091 1089 1090
1091 1092 1089
1093 1092 1091
1093 1094 1092
1093 1095 1094
1096 1095 1093
1096 1093 1097
1098 1096 1097
1096 1098 1099
1096 1099 1100
1100 1101 1096
1096 1101 1102
1103 1095 1096
1102 1103 1096
1102 1104 1103
1104 1105 1103
1106 1105 1104
1106 1107 1105
1108 1107 1106
1108 1106 1109
1110 1108 1109
1110 1111 1108
1110 1112 1111
1110 1113 1112
1114 1115 1116
1114 1116 1117
1118 1119 1120
1118 1120 1121
1122 1123 1124
1122 1124 1125
1126 1127 1128
1126 1128 1129
1130 1131 1132
1130 1132 1133
1134 1135 1136
1134 1136 1137
1138 1139 1140
1138 1140 1141
1142 1143 1144
1142 1144 1145
1146 1147 1148
1146 1148 1149
1150 1151 1152
1150 1152 1153
1154 1155 1156
1154 1156 1157
1158 1159 1160
1158 1160 1161
1162 1163 1164
1162 1164 1165
1166 1167 1168
1166 1169 1167
1170 1169 1166
1170 1171 1169
1172 1171 1170
1172 1173 1171
1174 1173 1172
1174 1175 1173
1176 1175 1174
1176 1177 1175
1178 1177 1176
1178 1179 1177
1180 1179 1178
1180 1181 1179
1182 1181 1180
1182 1183 1181
1184 1183 1182
1184 1185 1183
1186 1185 1184
1186 1187 1185
1188 1189 1190
1188 1191 1189
1191 1192 1189
1189 1192 1193
1189 1193 1194
1195 1189 1194
1195 1194 1196
1194 1193 1197
1194 1197 1198
1199 1194 1198
1199 1198 1200
1193 1201 1197
1193 1202 1201
1192 1202 1193
1202 1203 1201
1202 1204 1203
1204 1205 1203
1192 1206 1202
1206 1204 1202
1204 1207 1205
1207 1208 1205
1209 1206 1192
1191 1209 1192
1206 1210 1204
1210 1207 1204
1207 1211 1208
1211 1212 1208
1209 1213 1206
1213 1210 1206
1211 1207 1214
1210 1214 1207
1211 1215 1212
1215 1216 1212
1215 1211 1217
1211 1214 1217
1215 1218 1216
1215 1217 1218
1218 1219 1216
1218 1220 1219
1220 1218 1217
1220 1221 1219
1220 1217 1222
1220 1222 1221
1222 1217 1214
1222 1223 1221
1222 1214 1224
1222 1224 1223
1224 1214 1210
1224 1225 1223
1224 1210 1226
1224 1226 1225
1226 1227 1225
1213 1226 1210
1226 1213 1227
1213 1228 1227
1213 1209 1228
1209 1229 1228
1209 1191 1229
1191 1230 1229
1191 1231 1230
1232 1233 1234
1232 1234 1235
1236 1232 1235
1236 1235 1237
1238 1236 1237
1238 1237 1239
1240 1238 1239
1240 1239 1241
1242 1240 1241
1242 1241 1243
1244 1242 1243
1244 1243 1245
1246 1244 1245
1246 1245 1247
1248 1246 1247
1248 1247 1249
1246 1250 1244
1248 1250 1246
1244 1251 1242
1244 1250 1251
1242 1252 1240
1242 1251 1252
1240 1253 1238
1240 1252 1253
1254 1248 1249
1254 1249 1255
1248 1256 1250
1254 1256 1248
1256 1251 1250
1257 1254 1255
1257 1256 1254
1257 1255 1258
1256 1259 1251
1257 1259 1256
1260 1257 1258
1257 1260 1259
1260 1258 1261
1251 1259 1262
1251 1262 1252
1260 1262 1259
1263 1260 1261
1260 1263 1262
1263 1261 1264
1265 1263 1264
1265 1262 1263
1265 1264 1266
1267 1252 1262
1265 1267 1262
1267 1253 1252
1268 1265 1266
1268 1267 1265
1268 1266 1269
1270 1253 1267
1268 1270 1267
1271 1268 1269
1271 1270 1268
1271 1269 1272
1273 1271 1272
1273 1272 1274
1270 1275 1253
1238 1253 1275
1238 1275 1236
1271 1276 1270
1276 1275 1270
1277 1276 1271
1277 1278 1276
1236 1275 1279
1276 1279 1275
1280 1279 1276
1280 1281 1279
1236 1279 1232
1282 1232 1279
1282 1283 1232
1284 1285 1286
1284 1287 1285
1288 1287 1284
1288 1284 1289
1290 1289 1284
1291 1290 1284
1291 1292 1290
1290 1293 1289
1294 1293 1290
1294 1290 1295
1294 1295 1296
1293 1297 1289
1298 1289 1297
1298 1299 1289
1293 1300 1297
1301 1297 1300
1301 1300 1302
1300 1293 1303
1294 1303 1293
1300 1303 1304
1305 1300 1304
1305 1304 1306
1307 1303 1294
1308 1307 1294
1308 1294 1309
1310 1304 1303
1307 1310 1303
1310 1311 1304
1312 1304 1311
1312 1311 1313
1314 1310 1307
1315 1311 1310
1315 1310 1314
1316 1311 1315
1316 1317 1311
1314 1307 1318
1318 1307 1319
1318 1319 1320
1321 1315 1314
1322 1315 1321
1322 1323 1315
1318 1324 1314
1321 1314 1324
1318 1325 1324
1326 1325 1318
1326 1318 1327
1324 1328 1321
1329 1321 1328
1329 1330 1321
1324 1331 1328
1325 1331 1324
1331 1332 1328
1331 1333 1332
1325 1334 1331
1334 1335 1331
1334 1336 1335
1337 1336 1334
1337 1334 1338
1325 1339 1334
1325 1340 1339
1341 1342 1343
1341 1343 1344
1341 1344 1345
1341 1345 1346
1341 1346 1347
1341 1347 1348
1341 1348 1349
1341 1349 1350
1341 1350 1351
1341 1351 1352
1353 1354 1355
1353 1356 1354
1357 1356 1353
1357 1358 1356
1359 1358 1357
1359 1360 1358
1361 1360 1359
1361 1362 1360
1363 1362 1361
1363 1364 1362
1365 1364 1363
1365 1366 1364
1367 1368 1369
1367 1370 1368
1370 1371 1368
1370 1372 1371
1373 1371 1372
1373 1372 1374
1375 1373 1374
1375 1374 1376
1377 1375 1376
1377 1376 1378
1379 1380 1381
1379 1381 1382
1383 1379 1382
1384 1382 1381
1383 1382 1385
1386 1383 1385
1384 1387 1382
1387 1385 1382
1388 1387 1384
1386 1385 1389
1390 1386 1389
1388 1391 1387
1392 1391 1388
1387 1393 1385
1393 1389 1385
1391 1393 1387
1390 1389 1394
1395 1390 1394
1392 1396 1391
1397 1396 1392
1393 1398 1389
1398 1394 1389
1391 1399 1393
1396 1399 1391
1399 1398 1393
1395 1394 1400
1401 1395 1400
1397 1402 1396
1403 1402 1397
1396 1404 1399
1402 1404 1396
1398 1405 1394
1405 1400 1394
1399 1406 1398
1404 1406 1399
1406 1405 1398
1403 1407 1402
1408 1407 1403
1408 1409 1407
1402 1410 1404
1407 1410 1402
1409 1411 1407
1407 1411 1410
1409 1412 1411
1413 1411 1412
1410 1411 1413
1413 1412 1414
1404 1415 1406
1410 1415 1404
1414 1416 1413
1414 1417 1416
1413 1418 1410
1410 1418 1415
1413 1416 1418
1415 1419 1406
1406 1419 1405
1417 1420 1416
1417 1421 1420
1418 1422 1415
1415 1422 1419
1416 1423 1418
1416 1420 1423
1418 1423 1422
1405 1419 1424
1422 1424 1419
1421 1425 1420
1421 1426 1425
1425 1426 1427
1423 1428 1422
1422 1428 1424
1420 1429 1423
1420 1425 1429
1423 1429 1428
1425 1427 1430
1429 1425 1430
1431 1430 1427
1428 1429 1432
1429 1430 1432
1430 1431 1433
1433 1432 1430
1431 1434 1433
1433 1434 1435
1428 1432 1436
1424 1428 1436
1433 1435 1437
1437 1435 1438
1433 1439 1432
1439 1436 1432
1439 1433 1437
1424 1436 1440
1439 1441 1436
1440 1436 1441
1442 1424 1440
1405 1424 1442
1405 1442 1400
1442 1443 1400
1401 1400 1443
1442 1444 1443
1442 1440 1444
1445 1401 1443
1444 1445 1443
1446 1401 1445
1440 1447 1444
1444 1447 1445
1446 1445 1448
1448 1445 1447
1449 1446 1448
1440 1450 1447
1440 1441 1450
1451 1447 1450
1448 1447 1451
1449 1448 1452
1453 1449 1452
1454 1450 1441
1451 1450 1454
1448 1451 1455
1448 1455 1452
1455 1451 1454
1453 1452 1456
1457 1453 1456
1454 1441 1458
1458 1441 1439
1452 1455 1459
1452 1459 1456
1457 1456 1460
1461 1457 1460
1455 1454 1462
1462 1454 1458
1458 1439 1463
1439 1437 1463
1463 1437 1464
1437 1438 1464
1465 1458 1463
1463 1464 1465
1438 1466 1464
1465 1464 1466
1438 1467 1466
1466 1467 1468
1465 1469 1458
1462 1458 1469
1455 1462 1470
1455 1470 1459
1466 1468 1471
1471 1468 1472
1465 1466 1473
1473 1469 1465
1473 1466 1471
1462 1469 1474
1473 1474 1469
1462 1474 1470
1471 1472 1475
1475 1472 1476
1475 1476 1477
1475 1477 1478
1473 1471 1479
1479 1474 1473
1479 1471 1475
1470 1474 1480
1479 1480 1474
1479 1475 1481
1475 1478 1481
1480 1479 1481
1482 1481 1478
1480 1481 1482
1482 1478 1483
1470 1480 1484
1484 1480 1482
1459 1470 1484
1485 1482 1483
1484 1482 1485
1485 1483 1486
1459 1484 1487
1487 1484 1485
1456 1459 1487
1456 1487 1460
1488 1485 1486
1487 1485 1488
1460 1487 1488
1488 1486 1489
1460 1488 1490
1490 1488 1489
1461 1460 1490
1490 1489 1491
1492 1461 1490
1492 1490 1491
1493 1494 1495
1493 1495 1496
1496 1497 1493
1496 1495 1498
1496 1499 1497
1496 1498 1500
1500 1499 1496
1500 1498 1501
1500 1502 1499
1500 1501 1503
1503 1502 1500
1503 1501 1504
1503 1505 1502
1503 1504 1506
1506 1505 1503
1506 1504 1507
1506 1508 1505
1506 1507 1509
1509 1508 1506
1509 1507 1510
1509 1511 1508
1509 1510 1512
1512 1511 1509
1512 1513 1511
1512 1510 1514
1515 1513 1512
1512 1514 1515
1515 1516 1513
1517 1516 1515
1518 1515 1514
1517 1515 1518
1518 1514 1519
1518 1520 1517
1519 1521 1518
1518 1521 1520
1522 1520 1521
1519 1523 1521
1522 1521 1524
1524 1521 1523
1524 1523 1525
1526 1527 1528
1526 1529 1527
1530 1529 1526
1526 1531 1530
1526 1532 1531
1533 1532 1526
1533 1534 1532
1532 1535 1531
1532 1536 1535
1537 1536 1532
1537 1538 1536
1531 1535 1539
1531 1539 1540
1530 1531 1540
1540 1539 1541
1540 1541 1542
1542 1541 1543
1530 1540 1544
1544 1540 1542
1542 1543 1545
1545 1543 1546
1544 1547 1530
1530 1547 1529
1544 1542 1548
1548 1542 1545
1545 1546 1549
1549 1546 1550
1544 1551 1547
1548 1551 1544
1552 1545 1549
1548 1545 1552
1549 1550 1553
1553 1550 1554
1555 1549 1553
1552 1549 1555
1553 1554 1556
1555 1553 1556
1556 1554 1557
1556 1557 1558
1555 1556 1558
1558 1557 1559
1555 1558 1560
1558 1559 1560
1552 1555 1560
1560 1559 1561
1552 1560 1562
1560 1561 1562
1562 1548 1552
1562 1561 1563
1562 1564 1548
1562 1563 1564
1564 1563 1565
1548 1564 1551
1564 1565 1551
1551 1565 1566
1551 1566 1547
1547 1566 1567
1547 1567 1529
1529 1567 1568
1529 1568 1569
1570 1571 1572
1570 1573 1571
1574 1573 1570
1574 1575 1573
1576 1575 1574
1576 1577 1575
1578 1577 1576
1578 1579 1577
1580 1579 1578
1580 1581 1579
1582 1581 1580
1582 1583 1581
1584 1583 1582
1584 1585 1583
1586 1585 1584
1586 1587 1585
1584 1582 1588
1586 1584 1588
1589 1582 1580
1589 1588 1582
1590 1580 1578
1590 1589 1580
1578 1576 1591
1578 1591 1590
1592 1587 1586
1592 1593 1587
1586 1588 1594
1592 1586 1594
1594 1588 1589
1595 1593 1592
1595 1592 1594
1595 1596 1593
1594 1589 1597
1597 1595 1594
1598 1596 1595
1597 1598 1595
1598 1599 1596
1600 1597 1589
1600 1589 1590
1600 1598 1597
1601 1599 1598
1600 1601 1598
1601 1602 1599
1603 1602 1601
1600 1603 1601
1603 1604 1602
1590 1605 1600
1600 1605 1603
1590 1591 1605
1606 1604 1603
1605 1606 1603
1606 1607 1604
1591 1608 1605
1605 1608 1606
1609 1607 1606
1608 1609 1606
1609 1610 1607
1611 1610 1609
1611 1612 1610
1591 1613 1608
1576 1613 1591
1576 1574 1613
1608 1614 1609
1613 1614 1608
1614 1615 1609
1614 1616 1615
1574 1617 1613
1613 1617 1614
1617 1618 1614
1617 1619 1618
1574 1570 1617
1620 1617 1570
1620 1570 1621
1622 1623 1624
1622 1624 1625
1626 1622 1625
1626 1625 1627
1628 1626 1627
1628 1627 1629
1630 1628 1629
1630 1629 1631
1632 1630 1631
1632 1631 1633
1634 1632 1633
1634 1633 1635
1636 1637 1638
1636 1638 1639
1639 1638 1640
1639 1640 1641
1641 1640 1642
1641 1642 1643
1643 1642 1644
1643 1644 1645
1646 1645 1644
1646 1647 1645
1648 1649 1650
1648 1651 1649
1652 1651 1648
1653 1649 1651
1652 1654 1651
1655 1654 1652
1653 1651 1656
1656 1651 1654
1657 1653 1656
1655 1658 1654
1659 1658 1655
1657 1656 1660
1661 1657 1660
1656 1654 1662
1662 1654 1658
1660 1656 1662
1659 1663 1658
1664 1663 1659
1661 1660 1665
1666 1661 1665
1662 1658 1667
1667 1658 1663
1660 1662 1668
1665 1660 1668
1668 1662 1667
1664 1669 1663
1670 1669 1664
1666 1665 1671
1672 1666 1671
1665 1668 1673
1671 1665 1673
1667 1663 1674
1674 1663 1669
1668 1667 1675
1673 1668 1675
1675 1667 1674
1672 1671 1676
1677 1672 1676
1677 1676 1678
1671 1673 1679
1679 1676 1671
1680 1678 1676
1679 1680 1676
1680 1681 1678
1681 1680 1682
1679 1682 1680
1681 1682 1683
1673 1675 1684
1679 1673 1684
1683 1682 1685
1683 1685 1686
1682 1679 1687
1679 1684 1687
1682 1687 1685
1684 1675 1688
1675 1674 1688
1686 1685 1689
1686 1689 1690
1687 1684 1691
1684 1688 1691
1685 1687 1692
1685 1692 1689
1687 1691 1692
1693 1688 1674
1691 1688 1693
1690 1689 1694
1690 1694 1695
1696 1695 1694
1692 1691 1697
1691 1693 1697
1689 1692 1698
1689 1698 1694
1692 1697 1698
1696 1694 1699
1699 1694 1698
1700 1696 1699
1701 1698 1697
1699 1698 1701
1699 1702 1700
1702 1699 1701
1702 1703 1700
1704 1703 1702
1701 1697 1705
1705 1697 1693
1704 1702 1706
1706 1707 1704
1702 1701 1708
1708 1701 1705
1708 1706 1702
1705 1693 1709
1708 1705 1710
1710 1705 1709
1709 1693 1711
1693 1674 1711
1674 1669 1711
1711 1669 1712
1670 1712 1669
1711 1712 1713
1709 1711 1713
1714 1712 1670
1714 1713 1712
1715 1714 1670
1716 1709 1713
1714 1716 1713
1715 1717 1714
1716 1714 1717
1718 1717 1715
1716 1719 1709
1710 1709 1719
1719 1716 1720
1716 1717 1720
1718 1721 1717
1722 1721 1718
1710 1719 1723
1719 1720 1723
1724 1720 1717
1724 1717 1721
1723 1720 1724
1722 1725 1721
1726 1725 1722
1710 1723 1727
1727 1708 1710
1728 1724 1721
1728 1721 1725
1726 1729 1725
1730 1729 1726
1723 1724 1731
1727 1723 1731
1727 1732 1708
1708 1732 1706
1732 1733 1706
1706 1733 1707
1727 1734 1732
1732 1734 1733
1707 1733 1735
1734 1735 1733
1707 1735 1736
1735 1737 1736
1727 1738 1734
1727 1731 1738
1724 1739 1731
1724 1728 1739
1735 1740 1737
1741 1737 1740
1734 1742 1735
1738 1742 1734
1742 1740 1735
1731 1743 1738
1738 1743 1742
1731 1739 1743
1741 1740 1744
1745 1741 1744
1745 1744 1746
1744 1747 1746
1742 1748 1740
1743 1748 1742
1744 1740 1748
1739 1749 1743
1743 1749 1748
1744 1748 1750
1744 1750 1747
1750 1748 1749
1747 1750 1751
1750 1749 1751
1747 1751 1752
1739 1753 1749
1751 1749 1753
1753 1739 1728
1752 1751 1754
1751 1753 1754
1752 1754 1755
1753 1728 1756
1754 1753 1756
1756 1728 1725
1756 1725 1729
1755 1754 1757
1754 1756 1757
1757 1756 1729
1755 1757 1758
1757 1729 1759
1758 1757 1759
1730 1759 1729
1758 1759 1760
1761 1759 1730
1761 1760 1759
1762 1763 1764
1762 1764 1765
1762 1766 1763
1762 1765 1767
1762 1768 1766
1762 1767 1769
1762 1770 1768
1762 1769 1771
1762 1772 1770
1762 1771 1773
1762 1774 1772
1762 1773 1774
1775 1776 1777
1778 1776 1775
1777 1776 1779
1780 1776 1778
1779 1776 1781
1782 1776 1780
1781 1776 1783
1784 1776 1782
1783 1776 1785
1786 1776 1784
1785 1776 1787
1787 1776 1786
1788 1789 1790
1791 1788 1790
1791 1792 1788
1788 1793 1789
1792 1794 1788
1793 1795 1789
1793 1796 1795
1792 1797 1794
1795 1796 1798
1795 1798 1799
1798 1800 1799
1798 1801 1800
1801 1802 1800
1801 1803 1802
1797 1804 1794
1804 1805 1794
1805 1806 1794
1794 1806 1807
1803 1808 1802
1803 1809 1808
1807 1806 1810
1807 1810 1811
1808 1809 1812
1812 1811 1810
1808 1812 1813
1812 1810 1813
