byte offset: 0
first index: 0
index count: 19887
topology: trianglelist
format: DXGI_FORMAT_R16_UINT

0 1 2
3 2 4
2 5 4
2 6 5
7 6 2
7 8 6
9 6 8
5 6 9
9 8 10
11 4 5
12 4 11
5 9 13
11 5 14
13 14 5
15 11 14
15 14 16
17 13 9
17 9 18
17 18 19
13 20 14
20 21 14
20 22 21
23 20 13
17 23 13
23 24 20
24 25 20
24 26 25
27 23 17
24 23 28
27 28 23
29 27 17
29 17 30
24 28 31
32 24 31
32 33 24
28 27 34
35 27 29
35 34 27
31 28 36
28 34 36
37 34 35
38 35 29
37 35 38
36 34 39
37 39 34
31 36 40
41 31 40
41 42 31
40 36 43
36 39 43
40 43 44
45 40 44
45 44 46
47 43 39
44 43 47
37 48 39
48 47 39
44 47 49
50 44 49
50 49 51
37 52 48
37 53 52
53 37 38
54 52 53
54 53 55
53 38 56
57 53 56
57 56 58
59 56 38
38 29 59
60 59 29
60 29 61
59 62 56
62 59 60
62 63 56
62 64 63
62 60 65
62 65 66
62 66 67
68 65 60
65 68 69
65 69 70
68 60 71
72 71 60
72 60 73
68 71 74
74 75 68
74 71 76
74 76 77
78 79 68
74 80 81
74 82 83
84 85 86
85 87 88
89 85 88
90 89 88
90 91 89
89 92 85
92 93 85
92 94 93
95 94 92
95 92 96
89 96 92
89 97 96
97 89 98
97 98 99
97 100 96
100 101 96
102 101 100
97 103 100
103 97 104
103 104 105
103 106 100
102 100 106
103 107 106
107 103 108
107 108 109
107 110 106
111 102 106
111 106 110
107 112 110
112 107 113
112 113 114
110 115 111
112 116 110
110 116 115
102 111 117
111 115 117
112 118 116
118 112 119
118 119 120
121 117 115
121 122 117
102 117 123
102 123 124
102 124 125
126 123 117
126 127 123
124 123 128
124 128 129
130 124 129
130 131 124
132 124 131
132 133 124
134 135 115
134 115 136
136 115 116
136 116 137
118 137 116
118 138 137
138 118 139
138 139 140
137 141 136
142 136 141
142 143 136
138 144 137
137 144 141
138 145 144
146 145 138
146 147 145
144 148 141
141 148 149
141 149 150
151 144 145
144 151 148
151 145 152
153 152 145
153 154 152
151 155 148
148 155 156
148 156 157
151 158 155
158 151 152
158 152 159
160 159 152
160 161 159
162 163 164
165 166 162
167 131 162
167 168 131
169 162 131
169 131 170
171 172 11
173 174 88
175 176 96
177 178 179
180 181 182
183 184 185
186 185 187
188 189 185
188 185 190
190 185 191
190 192 193
194 185 195
185 196 195
197 185 198
197 198 199
200 201 190
200 190 202
203 190 204
205 204 206
207 208 209
207 210 211
207 212 213
214 212 215
214 215 216
217 207 218
217 218 219
220 221 207
220 222 221
223 207 221
223 221 224
225 224 221
225 221 226
227 228 229
230 231 232
233 234 235
236 237 235
236 238 237
239 240 241
242 243 244
245 246 247
248 249 250
251 252 253
254 255 251
254 256 255
257 258 256
257 259 258
260 261 262
263 264 265
266 267 268
269 270 271
272 273 269
274 275 276
277 278 275
277 275 279
280 281 282
283 284 285
286 287 288
289 290 291
292 289 293
294 292 293
294 295 292
294 296 295
294 297 296
298 296 297
298 297 299
300 301 302
303 301 304
303 304 305
306 305 307
306 307 308
309 310 311
312 313 314
315 316 314
315 317 316
318 319 317
318 320 319
321 322 323
324 325 326
327 328 329
330 331 332
333 334 335
336 337 338
339 340 341
342 343 344
345 346 347
348 347 349
348 349 350
351 352 353
354 355 356
357 358 359
360 361 362
363 364 365
366 367 368
369 370 371
372 373 374
375 376 377
378 379 380
381 382 383
384 385 386
387 388 389
390 391 392
393 394 391
391 394 395
391 395 396
397 391 396
397 396 398
399 398 396
395 399 396
399 400 398
401 395 394
402 401 394
395 403 399
401 404 395
403 395 404
405 404 401
405 406 404
407 399 403
407 408 399
407 409 408
403 404 410
410 404 411
410 411 412
413 403 410
407 403 413
413 410 414
414 410 415
414 415 416
417 407 413
414 418 413
417 413 418
419 407 417
419 420 407
414 421 418
422 421 414
422 414 423
418 424 417
425 419 417
425 417 424
421 426 418
418 426 424
427 425 424
428 419 425
427 428 425
426 429 424
427 424 429
421 430 426
431 430 421
431 421 432
430 433 426
426 433 429
430 434 433
435 434 430
435 436 434
437 429 433
434 437 433
427 429 438
438 429 437
434 439 437
440 439 434
440 441 439
427 438 442
427 442 443
443 428 427
444 443 442
444 445 443
443 446 428
447 446 443
447 448 446
449 428 446
428 449 419
450 419 449
450 451 419
449 446 452
452 450 449
452 446 453
452 453 454
452 455 450
452 456 455
452 457 456
458 450 455
455 459 458
455 460 459
458 461 450
462 450 461
462 463 450
458 464 461
464 458 465
464 466 461
464 467 466
468 458 469
464 470 471
464 472 473
474 475 476
476 477 478
479 477 476
480 477 479
480 479 481
479 476 482
482 476 483
482 483 484
485 482 484
485 486 482
479 482 486
479 486 487
487 488 479
487 489 488
487 486 490
490 486 491
492 490 491
487 490 493
493 494 487
493 495 494
493 490 496
492 496 490
493 496 497
497 498 493
497 499 498
497 496 500
501 496 492
501 500 496
497 500 502
502 503 497
502 504 503
500 501 505
502 500 506
500 505 506
492 507 501
501 507 505
502 506 508
508 509 502
508 510 509
511 505 507
511 507 512
492 513 507
492 514 513
492 515 514
516 507 513
516 513 517
514 518 513
514 519 518
520 519 514
520 514 521
522 521 514
522 514 523
524 505 525
524 526 505
526 506 505
526 527 506
508 506 527
508 527 528
528 529 508
528 530 529
527 526 531
532 531 526
532 526 533
528 527 534
527 531 534
528 534 535
536 528 535
536 535 537
534 531 538
531 539 538
531 540 539
541 535 534
534 538 541
541 542 535
543 535 542
543 542 544
541 538 545
538 546 545
538 547 546
541 545 548
548 542 541
548 549 542
550 542 549
550 549 551
552 553 554
555 552 556
557 552 521
557 521 558
559 521 552
559 560 521
561 401 562
563 477 564
565 486 566
567 568 569
570 571 568
572 568 573
572 574 568
575 568 574
575 574 576
577 574 578
577 578 579
578 574 580
578 580 581
582 583 578
582 584 583
585 586 578
585 587 586
588 589 590
591 592 589
591 589 593
594 593 589
594 589 595
594 596 593
594 597 596
594 598 597
599 598 594
598 600 597
598 601 600
602 593 596
593 602 603
593 603 604
596 597 605
606 605 597
606 597 607
602 596 608
596 605 608
608 609 602
610 602 609
610 611 602
608 605 612
605 613 612
605 614 613
608 612 615
608 615 609
615 612 616
617 615 616
618 609 615
617 618 615
619 609 618
619 620 609
619 621 620
617 622 618
617 623 622
624 622 623
624 625 622
618 622 626
625 626 622
618 626 619
625 627 626
627 625 628
627 628 629
630 619 626
627 630 626
630 631 619
632 619 631
632 631 633
627 634 630
634 627 635
634 635 636
630 637 631
637 638 631
637 639 638
634 640 630
630 640 637
634 641 640
642 641 634
642 643 641
641 644 640
645 644 641
645 646 644
640 647 637
644 647 640
648 647 644
637 647 649
637 649 650
651 644 652
653 654 647
655 656 657
658 656 659
656 658 660
658 661 660
658 662 661
656 660 663
664 656 663
664 663 665
663 660 666
667 666 660
667 668 666
663 666 669
670 663 669
670 669 671
672 669 666
673 672 666
673 666 674
672 675 669
676 669 675
676 675 677
675 672 678
679 678 672
679 672 680
675 678 681
682 675 681
682 683 675
684 681 678
685 684 678
686 685 678
684 687 681
688 681 687
688 689 681
685 690 684
691 687 684
691 684 690
692 690 685
685 693 692
694 693 685
690 692 695
695 691 690
692 696 695
695 696 697
697 696 698
695 699 691
699 695 697
687 691 700
699 700 691
687 700 701
687 701 702
699 703 700
699 697 704
704 703 699
700 703 705
700 705 701
704 706 703
706 705 703
707 704 697
707 706 704
707 708 706
697 698 709
707 697 709
710 709 698
710 698 711
712 707 709
712 709 710
713 710 711
713 712 710
713 711 714
715 707 712
715 716 707
712 717 715
712 713 717
714 718 713
718 717 713
714 719 718
718 720 717
721 722 706
706 723 724
706 724 705
705 724 725
726 725 724
705 725 727
701 705 727
727 728 701
729 701 728
730 724 731
725 732 733
734 735 736
737 735 738
739 735 737
740 735 739
740 739 741
739 737 742
743 739 742
744 739 743
744 743 745
742 737 746
747 746 737
742 746 748
749 748 746
749 750 748
751 742 748
743 742 751
752 743 751
752 753 743
751 748 754
754 755 751
754 756 755
754 748 757
754 757 758
759 754 758
759 758 760
761 746 762
763 743 764
763 764 765
766 767 768
769 770 768
769 771 770
771 772 770
773 774 775
776 777 773
778 773 777
778 777 779
780 779 777
781 777 776
780 777 781
776 773 782
783 782 773
773 784 783
785 782 783
786 785 783
784 787 783
786 783 787
784 788 787
789 786 787
789 787 790
791 790 787
791 792 790
793 789 790
794 790 792
790 795 793
794 795 790
796 793 795
795 794 797
796 795 798
797 798 795
797 799 798
796 798 800
798 801 800
801 798 802
803 800 801
803 804 800
804 803 805
804 805 806
807 808 809
810 811 809
812 809 811
813 809 812
813 812 814
812 811 815
816 815 811
816 817 815
818 812 815
819 812 818
819 820 812
818 815 821
821 815 822
821 822 823
824 818 821
825 818 824
825 826 818
824 821 827
827 821 828
827 828 829
827 829 830
827 830 831
831 824 827
831 832 824
824 832 833
824 833 834
835 832 831
831 836 835
831 837 836
835 838 832
839 832 838
840 838 835
841 840 835
840 842 838
843 838 842
844 838 843
845 842 840
840 846 845
847 846 840
845 846 848
849 845 848
849 850 845
851 850 849
845 852 842
850 852 845
843 842 853
853 842 852
851 854 850
855 854 851
855 856 854
857 854 856
850 854 857
857 856 858
850 859 852
850 857 859
858 860 857
861 860 858
860 862 857
862 859 857
862 863 859
864 852 859
853 852 864
863 865 859
859 865 864
863 866 865
865 866 867
868 864 865
865 867 868
868 853 864
868 867 869
870 853 868
868 869 870
870 869 871
870 843 853
872 843 870
872 873 843
874 872 870
875 872 874
875 876 872
877 872 876
877 876 878
879 880 876
879 876 881
879 881 882
883 884 879
883 885 884
885 886 884
885 887 886
888 886 887
780 887 885
885 889 780
885 890 889
780 891 887
891 888 887
891 780 781
891 892 888
893 888 892
891 781 894
894 892 891
893 892 895
894 895 892
896 894 781
781 776 896
895 897 893
893 897 898
899 898 897
900 895 894
900 897 895
899 897 900
896 900 894
899 900 896
899 896 901
901 896 776
901 776 902
776 903 902
776 782 903
782 904 903
905 906 782
907 908 909
910 911 908
908 911 912
913 912 911
913 911 914
908 912 915
915 916 908
915 917 916
912 918 915
918 919 915
919 920 915
921 918 912
922 921 912
922 912 923
924 918 921
924 921 925
924 925 926
919 918 927
924 927 918
924 928 927
924 929 928
919 927 930
930 927 931
930 931 932
933 919 930
933 930 934
919 935 936
937 924 938
937 938 939
940 930 941
940 941 942
943 944 811
945 946 947
948 949 946
948 950 949
951 952 949
953 951 949
953 949 954
955 954 949
955 956 954
957 953 954
956 958 954
957 954 958
951 953 959
953 957 960
953 960 959
961 960 957
961 957 962
958 962 957
963 959 960
963 964 959
965 959 964
951 959 965
965 964 966
967 965 966
965 968 951
968 965 967
951 968 969
970 968 967
970 967 971
972 968 970
972 973 968
971 974 970
971 975 974
976 970 974
976 977 970
970 977 978
979 956 980
981 956 982
981 983 956
956 983 958
984 958 983
958 984 962
984 983 985
981 986 983
985 983 986
962 984 987
987 984 985
962 987 988
988 989 962
981 990 986
985 986 991
992 986 990
992 991 986
993 992 990
993 990 994
981 995 990
996 990 995
996 995 997
997 995 998
981 999 995
998 995 999
1000 999 981
1000 981 1001
1002 998 999
1002 1003 998
999 1004 1002
999 1005 1004
1006 1003 1002
1006 1007 1003
1008 1006 1002
1008 1002 1009
1010 1006 1008
1011 1006 1010
1011 1012 1006
1007 1006 1012
1007 1012 1013
1014 1015 1016
1016 1017 1018
1017 1016 1019
1019 1016 1020
1019 1020 1021
1017 1019 1022
1022 1023 1017
1022 1024 1023
1022 1019 1025
1025 1019 1026
1025 1026 1027
1022 1025 1028
1028 1029 1022
1028 1030 1029
1028 1025 1031
1028 1031 1032
1033 1017 1034
1035 1025 1036
1035 1036 1037
1038 1028 1039
1038 1039 1040
1041 1042 1043
1043 1044 1045
1046 1047 1043
1046 1043 1048
1043 1049 1048
1043 1050 1049
1051 1052 1048
1051 1048 1053
1054 1053 1048
1054 1048 1055
1053 1056 1057
1053 1057 1058
1059 1053 1058
1059 1060 1053
1061 1062 1058
1063 1058 1062
1058 1063 1064
1063 1062 1065
1063 1065 1066
1067 1066 1065
1067 1065 1068
1069 1070 1071
1070 1072 1073
1070 1073 1074
1075 1070 1074
1070 1075 1076
1075 1074 1077
1077 1074 1078
1078 1074 1079
1078 1079 1080
1081 1075 1077
1081 1077 1082
1077 1078 1083
1084 1077 1083
1084 1083 1085
1078 1086 1083
1078 1087 1086
1075 1088 1089
1090 1091 1078
1092 1093 1078
1094 1095 1093
1096 1097 1083
1096 1098 1097
1099 1100 1101
1102 1100 1103
1100 1104 1103
1105 1103 1104
1105 1104 1106
1100 1107 1104
1108 1107 1100
1108 1109 1107
1107 1110 1104
1111 1104 1110
1111 1112 1104
1107 1113 1110
1114 1113 1107
1114 1115 1113
1113 1116 1110
1110 1116 1117
1110 1117 1118
1113 1119 1116
1119 1113 1120
1119 1120 1121
1122 1116 1119
1123 1116 1122
1123 1124 1116
1122 1119 1125
1125 1119 1126
1125 1126 1127
1128 1125 1127
1128 1127 1129
1125 1130 1122
1125 1128 1130
1131 1128 1129
1131 1129 1132
1132 1133 1131
1134 1122 1130
1134 1135 1122
1136 1134 1130
1128 1137 1130
1136 1130 1137
1128 1131 1137
1138 1136 1137
1131 1133 1139
1139 1137 1131
1138 1137 1139
1140 1139 1133
1141 1138 1139
1142 1139 1140
1141 1139 1142
1143 1141 1142
1144 1142 1140
1143 1142 1145
1144 1145 1142
1146 1145 1144
1103 1147 1148
1149 1150 658
1151 1152 1153
1154 1155 1156
1157 1158 1156
1157 1156 1159
1159 1160 1157
1157 1160 991
1157 991 992
1161 1157 992
1161 992 1162
1160 985 991
1160 1163 985
987 985 1163
1163 1160 1164
1159 1164 1160
1165 987 1163
1163 1164 1165
1165 1166 987
1166 988 987
1167 1165 1164
1167 1166 1165
1159 1168 1164
1164 1168 1167
1169 1168 1159
1169 1159 1156
1166 1170 988
1167 1171 1166
1171 1170 1166
1170 1172 988
988 1172 1173
1170 1174 1172
1175 1174 1170
1171 1175 1170
1175 1176 1174
1167 1177 1171
1177 1175 1171
1178 1176 1175
1177 1178 1175
1178 1179 1176
1178 1180 1179
1181 1180 1178
1181 1178 1177
1180 1181 1182
1167 1183 1177
1181 1177 1183
1168 1183 1167
1181 1184 1182
1181 1183 1184
1185 1183 1168
1185 1184 1183
1185 1168 1169
1182 1184 1186
1185 1186 1184
1182 1186 1187
1187 1186 1185
1187 1185 1188
1188 1185 1169
1188 1169 1189
1189 1169 1156
1189 1156 1190
1190 1156 1191
1190 1191 1192
1193 1194 1195
1196 1197 1193
1198 1199 1200
1199 1201 1202
1201 1199 1203
1204 1203 1199
1204 1205 1203
1201 1203 1206
1207 1201 1206
1201 1207 1208
1209 1206 1203
1207 1206 1210
1209 1210 1206
1211 1207 1210
1211 1210 1212
1209 1203 1213
1213 1203 1214
1213 1214 1215
1216 1209 1213
1216 1213 1217
1209 1218 1210
1219 1218 1209
1219 1220 1218
1218 1221 1210
1218 1222 1221
1207 1223 1224
1225 1213 1226
1225 1226 1227
1228 1229 1218
1228 1230 1229
1231 598 1232
1233 1234 911
960 1235 1236
1237 1238 1239
1240 1241 1242
1243 1240 1244
962 1245 1246
1247 1172 1248
1249 1250 1251
1252 1253 1249
1249 1254 1252
1255 1252 1254
1255 1256 1252
1254 1257 1255
1256 1258 1252
1256 1259 1258
1255 1260 1256
1261 1256 1260
1261 1262 1256
1263 1254 1249
1264 1263 1249
1264 1249 1265
1265 1249 1266
1265 1266 1267
1264 1265 1268
1268 1260 1269
1264 1268 1269
1265 1270 1268
1265 1271 1270
1272 1260 1268
1272 1273 1260
1269 1260 1274
1255 1274 1260
1254 1263 1275
1264 1276 1263
1277 1275 1263
1263 1276 1278
1278 1277 1263
1277 1278 1279
1276 1279 1278
1277 1280 1275
1277 1279 1280
1276 1281 1279
1281 1280 1279
1254 1275 1282
1282 1275 1280
1283 1276 1264
1276 1283 1281
1284 1283 1264
1284 1281 1283
1285 1284 1264
1285 1281 1284
1285 1264 1269
1280 1281 1286
1285 1286 1281
1282 1280 1287
1280 1286 1287
1282 1288 1254
1282 1287 1288
1254 1288 1289
1289 1288 1287
1254 1289 1257
1289 1287 1290
1290 1287 1286
1289 1290 1257
1291 1286 1285
1285 1269 1291
1291 1292 1286
1290 1286 1292
1269 1293 1291
1291 1293 1292
1269 1294 1293
1294 1292 1293
1274 1294 1269
1295 1292 1294
1274 1295 1294
1296 1290 1292
1295 1296 1292
1257 1290 1297
1296 1297 1290
1298 1295 1274
1298 1296 1295
1274 1299 1298
1299 1296 1298
1255 1299 1274
1299 1300 1296
1297 1296 1300
1301 1300 1299
1255 1301 1299
1301 1297 1300
1257 1297 1302
1255 1257 1302
1303 1301 1255
1301 1303 1297
1302 1297 1303
1255 1302 1303
1304 1305 1306
1307 1308 1309
1310 1309 1311
1312 1311 1309
1313 1311 1312
1313 1314 1311
1312 1309 1315
1315 1309 1316
1315 1316 1317
1318 1312 1315
1319 1312 1318
1319 1320 1312
1318 1315 1321
1321 1322 1318
1322 1323 1318
1324 1321 1315
1324 1325 1321
1321 1326 1322
1327 1326 1321
1327 1328 1326
1322 1326 1329
1326 1330 1329
1326 1331 1330
1322 1329 1332
1332 1333 1322
1322 1333 1334
1322 1334 1335
1332 1329 1336
1337 1336 1329
1337 1329 1338
1333 1332 1339
1333 1340 1334
1333 1339 1340
1332 1336 1341
1341 1339 1332
1340 1339 1342
1340 1342 1343
1334 1340 1344
1345 1344 1340
1345 1346 1344
1341 1347 1339
1348 1339 1347
1348 1347 1349
1334 1344 1350
1351 1334 1350
1351 1350 1352
1347 1341 1353
1347 1353 1354
1354 1355 1347
1354 1356 1355
1357 1353 1341
1357 1341 1336
1358 1357 1336
1358 1336 1359
1344 1360 1350
1361 1350 1360
1361 1362 1350
1344 1363 1360
1364 1363 1344
1364 1365 1363
1366 1360 1363
1367 1353 1357
1368 1367 1357
1368 1357 1369
1367 1370 1353
1354 1353 1370
1354 1370 1371
1371 1356 1354
1367 1372 1370
1371 1370 1372
1367 1373 1372
1373 1367 1374
1375 1372 1373
1376 1372 1375
1377 1376 1375
1371 1372 1378
1376 1378 1372
1379 1371 1378
1371 1379 1356
1378 1376 1380
1379 1378 1380
1377 1381 1376
1380 1376 1382
1382 1376 1381
1377 1383 1381
1377 1384 1383
1385 1383 1384
1386 1381 1383
1386 1383 1385
1386 1387 1381
1382 1381 1387
1386 1385 1388
1388 1387 1386
1388 1385 1389
1388 1390 1387
1390 1388 1389
1387 1390 1382
1390 1389 1391
1380 1382 1392
1390 1392 1382
1390 1391 1393
1393 1392 1390
1391 1394 1393
1393 1394 1395
1392 1393 1396
1392 1396 1397
1380 1392 1397
1380 1397 1379
1398 1379 1397
1398 1356 1379
1397 1399 1398
1397 1400 1399
1401 1356 1398
1402 1401 1398
1402 1398 1403
1401 1404 1356
1356 1404 1405
1406 1404 1401
1407 1406 1401
1407 1401 1408
1406 1409 1404
1404 1409 1410
1411 1409 1406
1406 1412 1411
1406 1413 1412
1411 1414 1409
1415 1409 1414
1415 1414 1416
1417 1414 1411
1418 1417 1411
1418 1411 1419
1417 1420 1414
1420 1421 1414
1420 1422 1421
1420 1423 1422
1420 1424 1423
1417 1424 1420
1417 1425 1424
1426 1424 1425
1417 1427 1425
1417 1428 1427
1429 1430 1424
1425 1431 1432
1433 1434 1435
1436 1434 1437
1438 1434 1436
1438 1439 1434
1438 1440 1439
1438 1436 1441
1441 1436 1442
1441 1442 1443
1444 1438 1441
1445 1438 1444
1445 1444 1446
1444 1441 1447
1448 1447 1441
1448 1449 1447
1444 1447 1450
1444 1450 1451
1452 1436 1453
1454 1444 1455
1456 1457 1447
1456 1458 1457
1457 1459 1447
1457 1460 1459
1461 1462 1457
1463 1464 1457
1463 1465 1464
1466 1467 1464
1466 1468 1467
1469 1467 1468
1470 1471 1472
1473 1474 1475
1476 1475 1477
1478 1479 1475
1475 1479 1480
1475 1480 1481
1481 1482 1475
1483 1475 1482
1479 1484 1480
1479 1485 1484
1486 1485 1479
1486 1487 1485
1488 1481 1480
1489 1480 1484
1489 1488 1480
1490 1488 1489
1490 1491 1488
1488 1492 1481
1493 1492 1488
1493 1494 1492
1492 1495 1481
1481 1495 1482
1492 1496 1495
1497 1496 1492
1497 1498 1496
1499 1482 1495
1499 1495 1496
1499 1500 1482
1501 1482 1500
1501 1500 1502
1499 1496 1503
1503 1496 1504
1503 1504 1505
1499 1503 1506
1506 1503 1507
1499 1506 1508
1500 1499 1508
1506 1509 1508
1500 1508 1510
1511 1500 1510
1512 1510 1508
1508 1509 1512
1512 1509 1513
1514 1512 1513
1515 1514 1513
1516 1517 1518
1519 1520 1516
1521 1522 1523
1524 1525 1526
1525 1527 1528
1529 1527 1525
1530 1529 1525
1530 1525 1531
1532 1531 1525
1533 1531 1532
1530 1531 1534
1534 1531 1535
1534 1535 1536
1537 1530 1534
1530 1537 1529
1538 1529 1537
1537 1534 1539
1539 1534 1540
1539 1540 1541
1539 1541 1542
1539 1542 1543
1539 1544 1537
1543 1544 1539
1544 1545 1537
1543 1546 1544
1544 1546 1547
1548 1546 1543
1543 1549 1548
1543 1550 1549
1548 1551 1546
1552 1551 1548
1546 1551 1553
1546 1553 1554
1544 1555 1556
1548 1557 1558
1559 1551 1560
1561 1363 1562
1563 1564 1565
1566 1567 1563
1566 1563 1568
1563 1569 1568
1563 1570 1569
1571 1568 1569
1571 1569 1572
1566 1568 1573
1573 1568 1571
1573 1574 1566
1573 1575 1574
1573 1576 1575
1573 1529 1576
1573 1571 1529
1529 1571 1527
1577 1527 1571
1577 1578 1527
1579 1566 1580
1581 1527 1582
1583 1527 1584
1583 1584 1585
1586 1583 1587
1588 1589 1590
1588 1591 1592
1593 1594 1588
1593 1595 1594
1596 1597 1593
1598 1599 1596
1598 1600 1601
1602 1603 1598
1604 1605 1602
1604 1606 1605
1607 1608 1604
1607 1609 1608
1607 1610 1609
1607 1611 1610
1612 1613 1611
1614 1615 1612
1616 1617 1618
1619 1620 1616
1619 1621 1620
1622 1620 1621
1622 1621 1623
1624 1622 1623
1624 1625 1622
1626 1625 1624
1626 1627 1625
1623 1628 1624
1626 1624 1628
1623 1629 1628
1630 1629 1623
1630 1623 1621
1630 1621 1631
1626 1628 1632
1633 1627 1626
1633 1634 1627
1626 1635 1633
1626 1632 1635
1634 1633 1636
1636 1633 1635
1634 1636 1637
1637 1636 1638
1637 1638 1639
1636 1640 1638
1636 1635 1640
1640 1641 1638
1640 1635 1642
1642 1635 1632
1643 1640 1642
1642 1632 1644
1645 1642 1646
1647 1642 1648
1647 1648 1649
1650 1632 1651
1651 1652 1650
1651 1632 1653
1653 1654 1651
1651 1654 1655
1655 1656 1651
1654 1657 1655
1655 1657 1658
1658 1657 1659
1659 1660 1658
1659 1661 1660
1655 1658 1662
1660 1662 1658
1655 1662 1663
1655 1663 1664
1660 1665 1662
1662 1665 1666
1662 1666 1667
1668 1665 1660
1668 1669 1665
1668 1670 1669
1668 1660 1671
1671 1660 1672
1671 1672 1673
1674 1668 1671
1674 1675 1668
1674 1676 1675
1674 1671 1677
1678 1677 1671
1678 1679 1677
1677 1680 1674
1680 1681 1674
1680 1682 1681
1683 1682 1680
1677 1684 1680
1680 1684 1685
1677 1686 1684
1677 1687 1686
1688 1684 1689
1690 1691 1692
1693 1694 1692
1695 1696 1692
1695 1692 1697
1692 1698 1697
1692 1699 1698
1700 1695 1697
1701 1697 1698
1700 1697 1701
1702 1700 1701
1702 1701 1703
1701 1698 1704
1705 1701 1704
1705 1704 1706
1707 1704 1698
1708 1704 1707
1708 1707 1709
1707 1698 1710
1711 1707 1710
1710 1698 1712
1713 1707 1711
1713 1711 1714
1711 1710 1715
1716 1715 1710
1716 1710 1717
1711 1715 1718
1719 1718 1715
1719 1715 1720
1711 1718 1721
1722 1711 1721
1721 1718 1723
1718 1724 1723
1718 1725 1724
1721 1723 1726
1727 1721 1726
1727 1726 1728
1726 1723 1729
1730 1726 1729
1730 1729 1731
1723 1724 1732
1729 1723 1732
1732 1724 1733
1729 1732 1734
1733 1734 1732
1729 1734 1735
1735 1736 1729
1735 1737 1736
1738 1735 1734
1738 1739 1735
1734 1733 1740
1741 1740 1733
1741 1733 1742
1733 1724 1743
1724 1744 1743
1733 1745 1742
1733 1743 1745
1745 1746 1742
1743 1747 1745
1743 1748 1747
1734 1749 1750
1751 1752 1724
1753 1742 1754
1753 1754 1755
1756 1757 1758
1759 1760 1756
1759 1761 1760
1759 1762 1763
1759 1764 1762
1765 1764 1759
1759 1766 1765
1765 1767 1764
1767 1768 1764
1769 1764 1768
1767 1770 1768
1767 1765 1771
1765 1772 1771
1767 1771 1773
1773 1774 1767
1773 1775 1774
1776 1773 1771
1777 1776 1771
1777 1771 1778
1776 1779 1773
1779 1780 1773
1779 1781 1780
1782 1779 1776
1776 1783 1782
1776 1784 1783
1782 1785 1779
1786 1779 1785
1786 1787 1779
1788 1785 1782
1789 1786 1785
1789 1785 1788
1786 1789 1790
1786 1790 1791
1788 1782 1792
1793 1792 1782
1793 1782 1794
1795 1789 1788
1789 1795 1796
1789 1796 1797
1798 1788 1792
1795 1788 1798
1798 1792 1799
1800 1799 1792
1800 1792 1801
1802 1795 1798
1803 1795 1802
1803 1804 1795
1802 1798 1805
1799 1805 1798
1806 1802 1805
1805 1807 1806
1799 1807 1805
1799 1808 1807
1799 1809 1808
1810 1811 1802
1807 1812 1813
1814 1815 1816
1817 1815 1818
1819 1815 1817
1820 1815 1819
1815 1821 1822
1823 1821 1815
1823 1824 1821
1821 1824 1825
1821 1825 1826
1826 1827 1821
1828 1821 1827
1829 1830 1826
1826 1831 1832
1833 1834 1826
1833 1826 1835
1826 1836 1835
1837 1835 1838
1835 1839 1840
1835 1841 1839
1842 1843 1835
1842 1844 1843
1845 1846 1835
1847 1846 1845
1848 1849 1850
1851 1852 1711
1394 1853 1854
1855 1856 1857
1858 1859 1857
1858 1860 1859
1360 1861 1862
1863 1864 1865
1864 1866 1867
1864 1485 1866
1485 1864 1868
1868 1864 1869
1485 1868 1484
1484 1868 1870
1871 1870 1868
1484 1870 1489
1872 1489 1870
1872 1873 1489
1874 1875 1870
1876 1877 1878
1879 1880 1876
1876 1880 1695
1876 1695 1700
1700 1881 1876
1700 1882 1881
1880 1883 1695
1880 1884 1883
1885 1880 1886
1887 1888 1889
1889 1890 1891
1889 1891 1892
1893 1889 1892
1894 1889 1893
1894 1895 1889
1896 1892 1891
1893 1892 1897
1898 1892 1896
1898 1897 1892
1899 1893 1897
1893 1899 1900
1893 1900 1901
1902 1897 1898
1899 1897 1902
1902 1898 1903
1904 1899 1902
1904 1902 1903
1896 1905 1898
1905 1903 1898
1904 1906 1899
1906 1907 1899
1906 1908 1907
1896 1891 1909
1896 1910 1905
1909 1910 1896
1910 1911 1905
1910 1912 1911
1905 1913 1903
1914 1913 1905
1914 1915 1913
1909 1916 1910
1917 1910 1916
1917 1916 1918
1919 1903 1913
1904 1903 1919
1919 1913 1920
1920 1913 1921
1920 1921 1922
1923 1904 1919
1923 1919 1920
1916 1909 1924
1916 1924 1925
1924 1909 1891
1926 1920 1922
1923 1920 1926
1922 1927 1926
1923 1928 1904
1906 1904 1928
1926 1929 1923
1923 1929 1928
1906 1928 1930
1930 1931 1906
1930 1932 1931
1928 1933 1930
1928 1929 1933
1933 1934 1930
1933 1935 1934
1933 1929 1936
1926 1937 1929
1938 1929 1937
1939 1937 1926
1939 1940 1937
1941 1933 1942
1937 1943 1944
1945 1946 1947
1948 1945 1949
1950 1951 1945
1950 1952 1951
1953 1950 1945
1953 1954 1950
1955 1956 1950
1955 1957 1956
1958 1955 1950
1958 1959 1955
1960 1955 1959
1960 1961 1955
1961 1962 1955
1961 1963 1962
1964 1961 1965
1964 1966 1961
1967 1961 1966
1967 1966 1968
1966 1964 1969
1969 1970 1966
1969 1971 1970
1969 1964 1972
1973 1972 1964
1974 1973 1964
1973 1975 1972
1973 1976 1975
1977 1969 1972
1969 1977 1978
1969 1978 1979
1977 1972 1819
1977 1819 1980
1981 1819 1972
1981 1972 1982
1977 1983 1984
1985 1973 1986
1985 1987 1973
1988 1973 1987
1988 1989 1973
1987 1990 1991
1987 1992 1990
1993 1992 1987
1993 1987 1994
1992 1995 1996
1992 1997 1995
1998 1997 1992
1998 1992 1999
1997 2000 2001
1997 2002 2000
2003 2002 1997
2003 1997 2004
2005 2002 2006
2007 2002 2008
2009 2010 2011
2010 2012 2013
2010 2013 1924
1924 1891 2010
1891 2014 2010
1891 2015 2014
2016 2017 1924
1916 2017 2018
1916 2018 2019
2020 2021 2022
2023 2020 2024
2025 2026 2020
2025 2027 2026
2028 2025 2020
2028 2029 2025
2030 2025 2031
2030 2031 2032
2033 2031 2025
2033 2034 2031
2035 2036 2031
2035 2037 2036
2037 2035 2038
2039 2035 2031
2039 2040 2035
2041 2042 2035
2043 2044 2035
2045 2035 2046
2047 1721 2048
1765 2049 2050
2051 2052 1922
2053 2054 1922
2053 1922 2055
2056 2057 2058
2059 2060 2057
2059 2061 2060
2062 1311 2063
2064 2065 2066
2066 2067 2068
2066 2069 2067
2069 2066 2070
2069 2070 2071
2071 2072 2069
2073 2074 2066
2073 2075 2074
2069 2076 2077
2069 2077 2078
2079 1621 2080
1710 2081 2082
2083 1409 2084
2085 2086 2087
2088 2089 2090
2090 2091 2092
2090 2092 2093
2094 2090 2093
2095 2090 2094
2094 2093 2096
2097 2094 2096
2097 2096 2098
2099 2096 2093
2093 2100 2099
2093 2101 2100
2099 2102 2096
2102 2103 2096
2102 2104 2103
2102 2105 2104
2102 2106 2105
2107 2102 2099
2106 2102 2107
2099 2108 2107
2109 2108 2099
2110 2107 2108
2110 2111 2107
2107 2112 2106
2107 2111 2112
2113 2106 2112
2113 2114 2106
2115 2112 2111
2116 2112 2115
2116 2117 2112
2115 2111 2118
2119 2115 2118
2119 2118 2120
2121 2119 2120
2122 2115 2119
2122 2123 2115
2111 2124 2125
2126 2119 2127
2119 2128 2129
2121 2130 2131
2121 2132 2130
2133 2134 2132
2135 2136 2137
2138 2135 2139
2138 2139 2140
2141 2139 2135
2135 2142 2141
2135 2143 2142
2142 2143 2144
2145 2141 2142
2146 2145 2142
2141 2147 2139
2147 2141 2148
2147 2148 2149
2147 2150 2139
2151 2139 2150
2151 2150 2152
2147 2153 2150
2154 2153 2147
2154 2155 2153
2153 2156 2150
2157 2150 2156
2153 2158 2156
2158 2153 2159
2158 2159 2160
2161 2156 2158
2162 2161 2158
2162 2163 2161
2156 2161 2164
2165 2164 2161
2165 2161 2166
2167 2166 2161
2167 2168 2166
2169 2170 2156
2171 2172 2156
2166 2173 2174
2166 2175 2173
2175 2166 2176
2175 2176 2177
2177 2178 2175
2179 2175 2180
2181 2182 2183
2184 2182 2185
2186 2185 2182
2186 2182 2187
2182 2188 2187
2186 2189 2185
2186 2187 2190
2186 2191 2189
2186 2190 2192
2192 2191 2186
2185 2189 2193
2191 2194 2189
2189 2194 2193
2187 2195 2190
2187 2196 2195
2197 2196 2187
2197 2198 2196
2199 2192 2190
2200 2190 2195
2199 2190 2200
2201 2199 2200
2201 2200 2202
2200 2195 2203
2203 2204 2200
2203 2205 2204
2195 2196 2206
2203 2195 2207
2195 2206 2207
2196 2208 2206
2208 2209 2206
2207 2206 2209
2208 2210 2209
2203 2207 2211
2212 2203 2211
2212 2211 2213
2214 2211 2207
2207 2209 2214
2214 2215 2211
2215 2216 2211
2215 2217 2216
2215 2218 2217
2215 2219 2218
2219 2215 2214
2209 2220 2214
2219 2214 2220
2209 2221 2220
2221 2209 2210
2222 2219 2220
2222 2220 2221
2222 2223 2219
2222 2221 2224
2221 2210 2225
2224 2221 2225
2226 2222 2224
2226 2227 2222
2210 2228 2225
2229 2225 2228
2224 2225 2230
2230 2225 2229
2210 2231 2228
2210 2232 2231
2226 2224 2233
2233 2224 2230
2229 2228 2234
2234 2228 2231
2235 2226 2233
2236 2226 2235
2237 2226 2236
2233 2230 2238
2235 2233 2239
2239 2233 2238
2230 2229 2240
2240 2238 2230
2241 2236 2235
2241 2235 2239
2234 2231 2242
2243 2242 2231
2244 2243 2231
2243 2245 2242
2244 2246 2243
2234 2242 2247
2234 2248 2229
2234 2247 2248
2249 2247 2242
2249 2242 2250
2229 2248 2251
2248 2247 2252
2248 2252 2251
2253 2247 2249
2253 2252 2247
2251 2252 2254
2251 2254 2255
2229 2251 2256
2256 2251 2257
2256 2257 2258
2256 2258 2259
2240 2229 2256
2256 2259 2260
2240 2256 2260
2261 2252 2253
2261 2262 2252
2253 2249 2263
2264 2263 2249
2264 2249 2265
2253 2263 2266
2267 2253 2266
2267 2266 2268
2240 2260 2269
2260 2270 2269
2260 2271 2270
2240 2269 2272
2240 2272 2238
2272 2273 2238
2239 2238 2273
2269 2274 2272
2272 2274 2273
2274 2269 2275
2266 2263 2276
2263 2277 2276
2263 2278 2277
2266 2276 2279
2279 2280 2266
2279 2281 2280
2282 2239 2273
2283 2273 2274
2283 2282 2273
2274 2284 2283
2274 2285 2284
2282 2286 2239
2241 2239 2286
2282 2283 2287
2287 2283 2288
2287 2288 2289
2286 2282 2290
2282 2287 2290
2290 2287 2291
2287 2292 2291
2286 2290 2293
2293 2241 2286
2291 2293 2290
2293 2294 2241
2291 2295 2293
2295 2294 2293
2294 2296 2241
2236 2241 2296
2296 2297 2236
2298 2236 2297
2295 2299 2294
2299 2296 2294
2295 2291 2300
2300 2299 2295
2299 2301 2296
2302 2296 2301
2302 2301 2303
2304 2301 2299
2300 2304 2299
2305 2301 2304
2305 2304 2306
2300 2307 2304
2308 2307 2300
2291 2309 2300
2310 2300 2309
2310 2309 2311
2312 2309 2291
2312 2291 2313
2314 2315 2304
2316 2317 2318
2319 2320 2321
2322 2321 2323
2322 2323 2324
2325 2326 2196
2327 2328 2329
2330 2328 2331
2332 2328 2330
2332 2333 2328
2332 2334 2333
2332 2330 2335
2336 2332 2335
2336 2337 2332
2336 2338 2337
2339 2335 2330
2340 2339 2330
2336 2335 2341
2339 2342 2335
2342 2341 2335
2343 2342 2339
2343 2344 2342
2345 2336 2341
2345 2346 2336
2345 2347 2346
2342 2348 2341
2349 2348 2342
2349 2350 2348
2348 2351 2341
2345 2341 2351
2348 2352 2351
2353 2352 2348
2353 2354 2352
2345 2351 2355
2351 2352 2356
2351 2356 2355
2345 2355 2357
2357 2358 2345
2357 2359 2358
2357 2355 2360
2355 2356 2360
2361 2356 2352
2361 2352 2362
2357 2360 2363
2363 2364 2357
2363 2365 2364
2366 2356 2361
2360 2356 2366
2363 2360 2367
2366 2368 2360
2368 2367 2360
2361 2369 2366
2368 2366 2369
2369 2370 2368
2369 2371 2370
2361 2372 2369
2373 2372 2361
2374 2369 2372
2374 2372 2375
2363 2367 2376
2377 2363 2376
2377 2376 2378
2368 2379 2367
2380 2379 2368
2380 2381 2379
2379 2382 2367
2376 2367 2382
2382 2379 2383
2384 2383 2379
2384 2385 2383
2376 2382 2386
2387 2376 2386
2382 2383 2388
2388 2386 2382
2383 2389 2388
2388 2390 2386
2391 2390 2388
2391 2392 2390
2390 2393 2386
2390 2394 2393
2376 2395 2396
2386 2397 2398
2399 2390 2400
2401 2390 2402
2403 2404 2405
2406 2404 2407
2406 2279 2404
2408 2404 2279
2409 2404 2408
2408 2279 2276
2276 2410 2408
2276 2411 2410
2408 2412 2413
2414 2339 2415
2416 2417 2418
2419 2418 2420
2421 2420 2418
2421 2418 2422
2422 2418 2423
2422 2423 2424
2421 2425 2420
2426 2420 2425
2422 2427 2421
2421 2428 2425
2427 2428 2421
2429 2425 2428
2429 2428 2430
2422 2431 2427
2431 2422 2432
2431 2432 2433
2427 2434 2428
2435 2428 2434
2435 2434 2436
2437 2427 2431
2437 2434 2427
2437 2431 2438
2438 2431 2439
2438 2439 2440
2437 2438 2441
2437 2441 2442
2437 2443 2434
2442 2443 2437
2444 2434 2443
2444 2443 2445
2442 2446 2443
2447 2443 2446
2447 2446 2448
2449 2446 2442
2449 2372 2446
2450 2446 2372
2450 2372 2451
2452 2442 2453
2454 2455 2456
2457 2455 2458
2457 2185 2455
2185 2459 2455
2185 2193 2459
2460 2455 2459
2460 2461 2455
2193 2462 2459
2463 2459 2462
2463 2464 2459
2193 2465 2462
2465 2193 2466
2193 2194 2466
2467 2462 2465
2462 2467 2468
2462 2468 2469
2470 2465 2466
2467 2465 2470
2470 2466 2471
2466 2194 2472
2466 2472 2473
2472 2194 2474
2191 2474 2194
2474 2191 2475
2192 2475 2191
2476 2475 2192
2476 2192 2199
2199 2477 2476
2199 2478 2477
2470 2479 2467
2480 2467 2479
2480 2481 2467
2470 2482 2479
2482 2470 2483
2482 2483 2484
2482 2485 2479
2485 2486 2479
2485 2487 2486
2487 2485 2488
2482 2489 2485
2490 2485 2489
2489 2482 2491
2489 2491 2492
2489 2493 2494
2495 2496 2497
2498 2495 2499
2495 2498 2500
2495 2500 2501
2502 2495 2501
2502 2501 2503
2498 2504 2500
2498 2505 2504
2505 2498 2506
2507 2500 2504
2507 2508 2500
2508 2501 2500
2508 2509 2501
2510 2501 2509
2510 2509 2511
2512 2509 2508
2513 2512 2508
2513 2508 2514
2512 2515 2509
2515 2516 2509
2515 2517 2516
2515 2518 2517
2515 2519 2518
2512 2519 2515
2512 2520 2519
2521 2520 2512
2521 2522 2520
2246 2519 2520
2519 2246 2523
2519 2523 2524
2246 2520 2243
2243 2520 2525
2243 2525 2526
2527 2528 2246
2529 2530 2531
2530 2532 2533
2530 2534 2532
2535 2532 2534
2535 2534 2536
2530 2537 2534
2537 2538 2534
2539 2537 2530
2539 2540 2537
2538 2541 2534
2538 2542 2541
2543 2542 2538
2543 2538 2544
2537 2545 2538
2546 2545 2537
2546 2537 2547
2538 2548 2544
2538 2545 2548
2544 2548 2549
2549 2550 2544
2549 2551 2550
2552 2548 2545
2553 2549 2548
2553 2548 2552
2552 2545 2554
2545 2555 2554
2555 2545 2556
2557 2549 2553
2557 2558 2549
2559 2549 2558
2559 2558 2560
2561 2560 2558
2557 2562 2558
2561 2558 2562
2563 2553 2552
2564 2552 2554
2564 2563 2552
2565 2557 2553
2563 2565 2553
2563 2564 2566
2563 2566 2567
2568 2565 2563
2568 2569 2565
2565 2570 2557
2571 2570 2565
2571 2572 2570
2573 2557 2570
2557 2573 2562
2573 2570 2574
2575 2574 2570
2575 2576 2574
2577 2574 2576
2577 2578 2574
2579 2573 2574
2579 2574 2580
2581 2562 2573
2581 2573 2579
2562 2581 2582
2581 2583 2582
2562 2582 2561
2584 2581 2579
2584 2579 2585
2586 2585 2579
2586 2587 2585
2588 2577 2589
2590 2561 2591
2592 2593 2561
2594 2595 2585
2594 2585 2596
2597 2596 2585
2596 2598 2599
2596 2600 2601
2596 2602 2603
2604 2602 2596
2604 2605 2602
2602 2606 2607
2602 2608 2609
2602 2609 2610
2532 2611 2612
2613 2614 2615
2616 2614 2617
2618 2617 2614
2619 2617 2618
2617 2619 2620
2618 2614 2621
2622 2621 2614
2622 2623 2621
2619 2618 2624
2625 2619 2624
2625 2624 2626
2618 2621 2472
2627 2472 2621
2627 2621 2628
2618 2472 2629
2629 2624 2618
2472 2474 2629
2629 2630 2624
2630 2631 2624
2630 2632 2631
2629 2474 2633
2630 2629 2633
2474 2475 2633
2630 2633 2634
2475 2634 2633
2635 2630 2634
2635 2634 2636
2475 2476 2634
2476 2637 2634
2476 2638 2637
2619 2639 2640
2641 2642 2643
2644 2645 2643
2644 2646 2645
2647 2648 2649
2649 2650 2651
2652 2650 2649
2653 2652 2649
2653 2649 2654
2653 2654 2655
2653 2554 2652
2653 2564 2554
2656 2564 2653
2656 2657 2564
2652 2554 2555
2652 2555 2658
2652 2658 2659
2660 2555 2661
2094 2662 2663
2664 2665 2141
2666 2667 2668
2669 2670 2671
2672 2673 2669
2672 2674 2673
2675 2676 2677
2675 2678 2679
2680 2681 2675
2675 2682 2683
2675 2683 2684
2685 2683 2686
2687 2688 2675
2687 2689 2688
2683 2690 2691
2683 2691 2692
2693 2694 2695
2696 2697 2698
2219 2699 2700
2701 2702 2703
2702 2704 2705
2702 2706 2707
2708 2709 2702
2708 2702 2710
2711 2710 2702
2711 2712 2710
2710 2713 2714
2710 2714 2715
2710 2716 2717
2716 2718 2719
2716 2719 2720
2721 2287 2722
2269 2723 2724
2725 2425 2726
2727 2728 2296
2729 2730 2731
2732 2733 2734
2735 2736 2737
2738 2739 2735
2740 2735 2741
2740 2741 2742
2743 2744 2745
2746 2745 2747
2746 2747 2748
2749 2750 2748
2749 2751 2750
2752 2753 2754
2755 2754 2756
2755 2757 2754
2757 2758 2754
2759 2754 2758
2757 2760 2758
2760 2761 2758
2760 2762 2761
2763 2760 2757
2764 2763 2757
2764 2765 2763
2763 2766 2760
2766 2767 2760
2766 2768 2767
2769 2766 2763
2766 2769 2770
2770 2771 2766
2770 2772 2771
2769 2763 2773
2774 2773 2763
2774 2775 2773
2776 2770 2769
2773 2776 2769
2776 2777 2770
2777 2778 2770
2777 2779 2778
2773 2780 2776
2781 2780 2773
2781 2782 2780
2780 2783 2776
2783 2777 2776
2780 2784 2783
2785 2784 2780
2785 2786 2784
2783 2787 2777
2777 2787 2788
2777 2788 2789
2784 2790 2783
2790 2787 2783
2790 2791 2787
2784 2792 2790
2792 2784 2793
2792 2793 2794
2792 2795 2790
2796 2790 2795
2796 2797 2790
2792 2798 2795
2798 2792 2799
2798 2799 2800
2795 2798 2801
2798 2802 2801
2798 2803 2802
2802 2804 2801
2795 2801 2805
2805 2801 2806
2805 2806 2807
2808 2795 2805
2808 2805 2807
2808 2809 2795
2808 2807 2810
2811 2812 2802
2813 2814 2815
2816 2817 2814
2817 2818 2814
2818 2819 2814
2818 2820 2819
2817 2821 2818
2821 2817 2822
2821 2822 2823
2821 2824 2818
2825 2818 2824
2825 2824 2826
2821 2827 2824
2828 2827 2821
2828 2829 2827
2830 2824 2827
2831 2830 2827
2831 2827 2832
2830 2833 2824
2833 2834 2824
2833 2835 2834
2833 2830 2836
2833 2836 2837
2838 2839 2830
2838 2830 2840
2841 2842 2833
2841 2843 2842
2844 2845 2846
2844 2847 2848
2849 2848 2850
2849 2851 2848
2852 2853 2851
2848 2854 2855
2848 2856 2854
2856 2848 2857
2856 2857 2858
2854 2856 2859
2859 2856 2858
2854 2859 2860
2859 2858 2861
2860 2859 2862
2862 2859 2861
2860 2863 2854
2863 2864 2854
2863 2860 2865
2860 2862 2866
2866 2867 2860
2860 2867 2868
2858 2869 2861
2869 2858 2870
2871 2870 2858
2869 2870 2872
2873 2872 2870
2873 2870 2874
2875 2861 2869
2872 2875 2869
2862 2861 2876
2875 2877 2861
2877 2876 2861
2875 2878 2877
2878 2879 2877
2878 2880 2879
2877 2881 2876
2882 2881 2877
2882 2883 2881
2884 2862 2876
2881 2885 2876
2884 2876 2885
2862 2884 2886
2862 2886 2866
2881 2887 2885
2887 2881 2888
2887 2888 2889
2885 2890 2884
2891 2885 2887
2885 2891 2890
2891 2887 2892
2892 2887 2893
2892 2893 2894
2884 2895 2886
2884 2890 2895
2891 2896 2890
2896 2891 2892
2897 2895 2890
2897 2890 2896
2898 2897 2896
2886 2895 2899
2897 2899 2895
2900 2899 2897
2901 2900 2897
2896 2892 2902
2896 2902 2903
2892 2904 2902
2892 2905 2904
2886 2899 2906
2906 2866 2886
2907 2906 2899
2907 2908 2906
2906 2909 2866
2866 2909 2867
2910 2909 2906
2910 2906 2911
2909 2912 2867
2909 2913 2912
2914 2902 2915
2899 2916 2917
2867 2918 2919
2867 2919 2920
2921 2922 2923
2924 2925 2921
2924 2926 2925
2921 2925 2927
2921 2927 2928
2929 2921 2928
2921 2929 2930
2930 2929 2931
2930 2931 2932
2933 2929 2928
2927 2934 2928
2934 2933 2928
2929 2933 2935
2935 2936 2929
2935 2937 2936
2925 2938 2927
2927 2939 2934
2927 2938 2939
2940 2934 2939
2940 2939 2941
2933 2934 2942
2934 2943 2942
2935 2933 2944
2933 2942 2944
2925 2945 2938
2945 2925 2946
2945 2946 2947
2948 2939 2938
2948 2949 2939
2948 2950 2949
2945 2951 2938
2948 2938 2951
2945 2952 2951
2952 2945 2953
2952 2953 2954
2944 2942 2955
2944 2955 2956
2956 2935 2944
2957 2955 2942
2957 2942 2958
2956 2959 2935
2960 2935 2959
2960 2959 2961
2962 2956 2955
2962 2955 2957
2962 2963 2956
2963 2964 2956
2962 2957 2965
2966 2962 2965
2966 2965 2967
2965 2957 2968
2965 2968 2969
2970 2965 2969
2970 2969 2971
2972 2968 2957
2972 2957 2973
2969 2968 2974
2975 2968 2972
2975 2974 2968
2976 2975 2972
2976 2972 2977
2969 2974 2978
2969 2978 2979
2969 2979 2980
2974 2975 2981
2975 2982 2981
2975 2983 2982
2978 2974 2984
2974 2981 2984
2978 2984 2985
2978 2985 2986
2978 2986 2987
2984 2981 2988
2981 2989 2988
2981 2990 2989
2985 2984 2991
2984 2988 2991
2985 2991 2992
2985 2992 2993
2985 2993 2994
2991 2988 2995
2988 2996 2995
2988 2997 2996
2991 2995 2998
2992 2991 2998
2998 2995 2999
2992 2998 3000
3001 3000 2998
3002 2992 3000
3002 3003 2992
2995 3004 3005
3006 3007 3000
3008 3009 3010
3011 3009 3012
3009 3011 3013
3013 3014 3009
3015 3009 3014
3016 3013 3011
3016 3011 3017
3016 3017 3018
3013 3019 3014
3016 3020 3013
3019 3013 3020
3019 3021 3014
3014 3021 3022
3019 3023 3021
3024 3023 3019
3019 3020 3024
3024 3025 3023
3026 3020 3016
3026 3016 3027
3026 3027 3028
3024 3020 3029
3026 3029 3020
3024 3029 3030
3030 3031 3024
3030 3032 3031
3026 3033 3029
3030 3029 3033
3026 3034 3033
3034 3026 3035
3034 3035 3036
3030 3033 3037
3037 3038 3030
3037 3039 3038
3033 3040 3037
3041 3037 3040
3041 3040 3042
3034 3043 3033
3033 3043 3040
3042 3040 3044
3042 3044 3045
3034 3046 3043
3047 3046 3034
3047 3048 3046
3049 3040 3043
3049 3043 3046
3049 3044 3040
3045 3044 3050
3045 3050 3051
3049 3046 3052
3053 3052 3046
3053 3054 3052
3054 3055 3052
3044 3049 3056
3056 3049 3052
3044 3056 3050
3057 3051 3050
3058 3051 3057
3059 3057 3050
3059 3050 3056
3056 3052 3060
3055 3060 3052
3060 3061 3056
3060 3062 3061
3055 3063 3060
3064 3055 3065
3055 3066 3067
3066 3068 3067
3055 3069 3066
3069 3055 3070
3071 3069 3070
3071 3072 3069
3073 3066 3069
3072 3073 3069
3073 3074 3066
3075 3066 3074
3072 3076 3073
3076 3077 3073
3076 3078 3077
3079 3078 3076
3079 3076 3080
3076 3072 3081
3076 3081 3080
3072 3082 3081
3072 3083 3082
3081 3084 3080
3085 3080 3084
3085 3086 3080
3081 3087 3084
3081 3088 3087
3081 3089 3088
3087 3090 3084
3091 3084 3090
3091 3092 3084
3087 3093 3090
3087 3094 3093
3087 3095 3094
3096 3090 3093
3097 3090 3096
3097 3098 3090
3096 3093 3099
3093 3100 3099
3093 3101 3100
3096 3099 3102
3099 3103 3102
3099 3104 3103
3096 3102 3105
3106 3105 3102
3107 3096 3105
3107 3108 3096
3102 3109 3110
3111 3112 3105
3113 3114 3115
3116 3117 3114
3118 3116 3114
3118 3114 3119
3120 3119 3114
3120 3121 3119
3116 3118 3122
3123 3122 3118
3124 3118 3119
3123 3118 3124
3116 3122 3125
3125 3126 3116
3125 3122 3127
3125 3127 3128
3123 3129 3122
3123 3130 3129
3123 3131 3130
3123 3132 3131
3133 3123 3124
3133 3134 3123
3124 3119 3135
3136 3124 3135
3136 3135 3137
3135 3119 3138
3135 3138 3139
3140 3135 3141
3140 3141 3142
3143 3125 3144
3145 3146 3147
3148 3149 3150
3151 3152 3153
3152 3154 3155
3152 3156 3154
3157 3156 3152
3157 3152 3158
3157 3159 3156
3159 3157 3160
3159 3160 3161
3159 3162 3156
3159 3163 3162
3164 3163 3159
3156 3162 3165
3165 3166 3156
3165 3167 3166
3168 3165 3162
3169 3165 3168
3169 3170 3165
3162 3163 3171
3163 3172 3171
3163 3173 3172
3168 3162 3174
3162 3171 3174
3168 3174 3175
3176 3174 3171
3176 3175 3174
3177 3176 3171
3177 3171 3178
3168 3175 3179
3168 3179 3180
3175 3176 3181
3176 3182 3181
3176 3183 3182
3184 3179 3175
3175 3181 3184
3185 3184 3181
3181 3186 3185
3181 3187 3186
3184 3188 3179
3185 3189 3184
3188 3184 3190
3189 3190 3184
3191 3179 3188
3192 3179 3191
3192 3193 3179
3189 3185 3194
3195 3194 3185
3188 3190 3196
3197 3196 3190
3189 3198 3190
3197 3190 3198
3199 3188 3196
3199 3191 3188
3198 3189 3200
3200 3189 3194
3197 3201 3196
3201 3199 3196
3200 3202 3198
3197 3198 3202
3191 3199 3203
3191 3203 3204
3205 3191 3204
3205 3204 3206
3201 3207 3199
3201 3197 3208
3208 3207 3201
3209 3199 3207
3209 3203 3199
3208 3210 3207
3209 3207 3210
3209 3210 3211
3197 3212 3208
3208 3213 3210
3208 3212 3213
3214 3213 3212
3210 3213 3215
3210 3215 3216
3197 3217 3212
3202 3217 3197
3218 3213 3214
3218 3215 3213
3219 3203 3209
3220 3219 3209
3220 3209 3221
3219 3222 3203
3204 3203 3222
3212 3217 3223
3202 3224 3217
3223 3217 3224
3214 3212 3225
3212 3223 3225
3214 3225 3226
3225 3223 3227
3225 3227 3228
3223 3224 3229
3223 3229 3230
3231 3229 3224
3232 3224 3202
3231 3224 3232
3200 3232 3202
3233 3232 3200
3234 3231 3232
3233 3234 3232
3235 3233 3200
3235 3200 3194
3236 3235 3194
3236 3194 3237
3238 3233 3235
3235 3239 3238
3235 3240 3239
3238 3239 3241
3238 3241 3242
3238 3243 3233
3234 3233 3243
3242 3243 3238
3234 3243 3244
3242 3244 3243
3234 3245 3231
3245 3234 3244
3244 3242 3246
3245 3244 3247
3246 3247 3244
3247 3246 3248
3249 3247 3248
3247 3249 3245
3231 3245 3249
3231 3249 3250
3250 3251 3231
3252 3246 3242
3253 3252 3242
3252 3254 3246
3253 3255 3252
3254 3252 3256
3255 3256 3252
3255 3257 3256
3254 3256 3258
3258 3256 3259
3258 3259 3260
3261 3259 3256
3261 3256 3262
3263 3259 3261
3263 3264 3259
3260 3259 3264
3260 3264 3265
3266 3267 3163
3268 3269 3270
3269 3271 3272
3269 3273 3271
3274 3273 3269
3274 3269 3275
3275 3269 3276
3273 3274 3277
3273 3277 3278
3278 3279 3273
3278 3280 3279
3281 3274 3275
3282 3277 3274
3282 3274 3281
3281 3275 3283
3284 3283 3275
3281 3283 3285
3286 3285 3283
3281 3285 3287
3288 3282 3281
3288 3289 3282
3277 3282 3290
3291 3290 3282
3291 3292 3290
3277 3290 3293
3293 3278 3277
3290 3294 3293
3290 3295 3294
3293 3296 3278
3297 3296 3293
3297 3298 3296
3299 3278 3296
3299 3296 3300
3301 3290 3302
3301 3302 3303
3304 3296 3305
3304 3305 3306
3307 3308 3309
3310 3311 3312
3313 3311 3314
3313 3314 3315
3316 3317 3318
3319 3318 3320
3321 3320 3318
3321 3322 3320
3321 3323 3322
3321 3318 3324
3324 3318 3325
3324 3325 3326
3327 3321 3324
3327 3328 3321
3327 3329 3328
3327 3324 3330
3330 3324 3331
3330 3331 3332
3330 3333 3327
3333 3334 3327
3333 3335 3334
3330 3336 3333
3336 3330 3337
3336 3337 3338
3339 3333 3336
3333 3339 3340
3333 3340 3341
3339 3336 3342
3343 3342 3336
3343 3336 3344
3339 3342 3345
3342 3343 3346
3342 3346 3345
3339 3345 3347
3348 3339 3347
3348 3349 3339
3345 3350 3347
3345 3346 3351
3350 3345 3351
3347 3352 3348
3352 3347 3350
3346 3343 3353
3354 3351 3346
3346 3353 3354
3355 3353 3343
3356 3355 3343
3350 3351 3357
3358 3352 3350
3350 3357 3358
3359 3358 3357
3360 3357 3351
3354 3360 3351
3361 3358 3359
3362 3361 3359
3352 3358 3363
3364 3363 3358
3360 3365 3357
3365 3359 3357
3360 3366 3365
3360 3367 3366
3368 3360 3354
3368 3367 3360
3365 3369 3359
3369 3370 3359
3369 3371 3370
3359 3370 3372
3373 3372 3370
3373 3370 3374
3374 3370 3371
3374 3371 3375
3376 3374 3375
3354 3377 3368
3354 3353 3377
3367 3368 3378
3367 3378 3379
3368 3377 3380
3368 3380 3381
3382 3377 3353
3377 3382 3383
3377 3383 3384
3382 3353 3385
3355 3385 3353
3386 3382 3385
3382 3386 3387
3382 3387 3388
3389 3385 3355
3386 3385 3389
3389 3355 3390
3391 3386 3389
3386 3391 3392
3386 3392 3393
3391 3389 3394
3394 3389 3395
3394 3395 3396
3397 3391 3394
3398 3391 3397
3398 3399 3391
3400 3398 3397
3397 3394 3401
3401 3402 3397
3401 3394 3403
3401 3403 3404
3405 3406 3401
3407 3320 3408
3409 3410 3411
3412 3413 3410
3414 3410 3413
3414 3415 3410
3415 3416 3410
3415 3417 3416
3418 3414 3413
3418 3413 3419
3420 3419 3413
3421 3418 3419
3421 3422 3418
3423 3414 3418
3423 3418 3424
3423 3424 3425
3415 3414 3222
3423 3222 3414
3415 3222 3219
3219 3426 3415
3219 3427 3426
3204 3222 3423
3204 3423 3428
3204 3428 3429
3430 3419 3431
3432 3433 3434
3433 3435 3436
3433 3437 3435
3438 3437 3433
3438 3433 3439
3438 3440 3437
3438 3441 3440
3442 3441 3438
3442 3443 3441
3440 3444 3437
3437 3444 3445
3437 3445 3446
3441 3447 3440
3440 3447 3444
3441 3448 3447
3449 3448 3441
3449 3450 3448
3447 2952 3444
3451 3444 2952
3451 3452 3444
3447 2951 2952
3448 2951 3447
3448 2948 2951
2948 3448 3453
2948 3453 3454
3455 3456 3457
3456 3458 3459
3456 3459 3460
3461 3456 3460
3462 3456 3461
3462 3463 3456
3461 3460 3464
3461 3465 3462
3464 3466 3461
3461 3466 3465
2873 3462 3465
2873 3467 3462
3466 2872 3465
2873 3465 2872
3466 3468 2872
2872 3468 2875
3468 3466 3469
3464 3469 3466
3470 2875 3468
3468 3469 3470
3470 2878 2875
3471 3464 3460
3460 3472 3471
3460 3473 3472
3474 3469 3464
3471 3474 3464
3470 3469 3475
3474 3475 3469
3476 2878 3470
3470 3475 3476
3477 3474 3471
3471 3478 3477
3471 3479 3478
3477 3478 3480
3474 3477 3481
3481 3477 3482
3481 3482 3483
3484 3475 3474
3474 3481 3484
3476 3475 3485
3484 3485 3475
3486 3484 3481
3481 3487 3486
3481 3488 3487
3485 3484 3489
3484 3486 3489
3476 3485 3490
3490 3485 3489
3491 3489 3486
3492 3491 3486
3492 3486 3493
3491 3494 3489
3495 3494 3491
3496 3489 3494
3490 3489 3496
3496 3494 3497
3494 3498 3497
3499 3490 3496
3497 3499 3496
3500 3476 3490
3499 3500 3490
3497 3501 3499
3497 3502 3501
3499 3501 3503
3499 3503 3504
3505 3500 3499
3505 3506 3500
3500 3507 3476
3508 3507 3500
3508 3509 3507
3476 3507 2878
2878 3507 3510
2878 3510 3511
3512 3513 3501
3514 3515 3516
3517 3518 3514
3517 3519 3518
3517 3520 3519
3517 3521 3520
3517 3514 3522
3523 3521 3517
3517 3522 3524
3523 3517 3524
3525 3522 3514
3525 3514 3526
3525 3526 3527
3525 3527 3528
3529 3525 3528
3530 3529 3528
3531 3522 3525
3529 3531 3525
3532 3524 3522
3531 3532 3522
3533 3531 3529
3533 3529 3534
3531 3535 3532
3531 3536 3535
3532 3537 3524
3537 3523 3524
3537 3532 3538
3537 3538 3539
3537 3540 3523
3540 3537 3539
3540 3541 3523
3542 3523 3541
3542 3521 3523
3521 3542 3543
3521 3543 3544
3540 3539 3545
3539 3546 3545
3539 3547 3546
3540 3548 3541
3548 3540 3545
3549 3542 3541
3542 3549 3550
3542 3550 3551
3548 3552 3541
3549 3541 3552
3548 3545 3553
3545 3554 3553
3545 3555 3554
3556 3548 3553
3553 3557 3556
3553 3558 3557
3548 3559 3552
3556 3559 3548
3560 3549 3552
3549 3560 3561
3549 3561 3562
3559 3563 3552
3560 3552 3563
3564 3559 3556
3556 3565 3564
3556 3566 3565
3559 3567 3563
3564 3567 3559
3568 3560 3563
3569 3560 3568
3569 3570 3560
3571 3563 3567
3568 3563 3571
3572 3568 3571
3567 3573 3571
3567 3564 3573
3573 3574 3571
3564 3575 3573
3564 3576 3575
3577 3578 3568
3579 3580 3573
3581 3582 3583
3583 3584 3585
3583 3586 3584
3586 3583 3587
3583 3588 3587
3586 3587 3589
3590 3589 3587
3590 3587 3591
3592 3586 3589
3593 3586 3592
3593 3594 3586
3590 3595 3589
3592 3589 3596
3596 3589 3595
3597 3595 3590
3590 3598 3597
3597 3599 3595
3600 3599 3597
3600 3601 3599
3602 3595 3599
3596 3595 3602
3602 3599 3603
3603 3599 3604
3603 3604 3605
3596 3606 3592
3607 3592 3606
3607 3608 3592
3602 3609 3596
3596 3609 3606
3603 3610 3602
3602 3610 3609
3611 3606 3609
3611 3609 3612
3612 3609 3610
3603 3613 3610
3614 3613 3603
3614 3615 3613
3616 3610 3613
3612 3610 3616
3616 3613 3617
3617 3613 3618
3617 3618 3619
3616 3620 3612
3620 3621 3612
3620 3622 3621
3616 3623 3620
3617 3623 3616
3623 3624 3620
3617 3625 3623
3626 3625 3617
3626 3627 3625
3627 3628 3625
3627 3629 3628
3625 3630 3623
3623 3630 3624
3625 3631 3630
3632 3630 3631
3632 3633 3630
3633 3624 3630
3633 3634 3624
3635 3634 3633
3635 3633 3636
3637 3635 3636
3633 3638 3639
3491 3640 3641
3642 3643 3644
3645 3643 3646
3647 3646 3643
3647 3643 3648
3648 3643 3649
3648 3649 3650
3651 3646 3647
3651 3652 3646
3646 3652 3653
3654 3652 3651
3654 3655 3652
3656 3652 3655
3648 3657 3647
3647 3658 3651
3647 3657 3658
3648 3659 3657
3660 3659 3648
3660 3661 3659
3662 3658 3657
3659 3662 3657
3651 3658 3663
3651 3663 3664
3651 3664 3665
3666 3663 3658
3663 3666 3667
3663 3667 3668
3658 3662 3669
3666 3658 3669
3659 3670 3662
3669 3662 3671
3670 3671 3662
3659 3672 3670
3659 3673 3672
3670 3672 3674
3670 3674 3675
3670 3676 3671
3671 3676 3677
3671 3677 3678
3679 3669 3671
3679 3671 3678
3680 3666 3669
3680 3669 3679
3679 3681 3680
3682 3680 3681
3682 3683 3680
3684 3666 3680
3684 3685 3666
3686 3679 3678
3681 3679 3686
3686 3678 3687
3681 3686 3688
3689 3688 3686
3689 3686 3690
3681 3688 3691
3692 3691 3688
3692 3688 3693
3694 3681 3691
3691 3692 3695
3691 3695 3694
3694 3696 3681
3695 3697 3694
3696 3694 3697
3695 3698 3697
3699 3681 3696
3699 3700 3681
3699 3701 3700
3692 3702 3695
3703 3695 3702
3703 3704 3695
3696 3697 3705
3697 3706 3705
3697 3707 3706
3699 3696 3708
3705 3708 3696
3692 3709 3702
3709 3692 3710
3709 3710 3711
3711 3712 3709
3713 3712 3711
3714 3702 3709
3714 3709 3712
3715 3712 3713
3715 3714 3712
3715 3713 3716
3717 3715 3716
3718 3702 3714
3718 3719 3702
3720 3718 3714
3715 3721 3714
3717 3722 3715
3721 3715 3722
3721 3722 3723
3724 3722 3717
3722 3725 3723
3724 3726 3722
3722 3726 3725
3726 3724 3727
3726 3728 3725
3726 3727 3729
3726 3729 3728
3730 3692 3731
3732 3733 3514
3734 3735 3736
3737 3738 3734
3739 3737 3734
3739 3740 3737
3734 3741 3739
3742 3739 3741
3742 3741 3743
3734 3744 3741
3744 3734 3745
3744 3745 3746
3741 3744 3747
3744 3748 3747
3744 3749 3748
3743 3741 3750
3741 3747 3750
3750 3747 3751
3747 3752 3751
3747 3753 3752
3743 3750 3754
3750 3751 3755
3754 3750 3755
3743 3754 3756
3743 3756 3757
3754 3755 3758
3758 3756 3754
3758 3759 3756
3756 3759 3760
3755 3751 3761
3751 3762 3761
3751 3763 3762
3764 3758 3755
3755 3761 3764
3765 3759 3758
3764 3765 3758
3764 3761 3766
3761 3767 3766
3761 3768 3767
3764 3766 3769
3765 3764 3769
3769 3766 3770
3765 3769 3771
3772 3771 3769
3773 3765 3771
3765 3773 3759
3773 3771 3774
3774 3771 3775
3776 3773 3774
3776 3777 3773
3759 3773 3778
3759 3778 3779
3766 3780 3781
3782 3783 3774
3759 3784 3785
3759 3785 3786
3787 3788 3789
3790 3791 3788
3790 3788 3792
3792 3788 3793
3793 3788 3794
3792 3793 3795
3795 3793 3796
3795 3796 3797
3798 3792 3795
3798 3799 3792
3798 3800 3799
3798 3795 3801
3802 3801 3795
3802 3803 3801
3804 3798 3801
3805 3804 3801
3805 3801 3806
3804 3807 3798
3808 3798 3807
3808 3807 3809
3807 3804 3810
3807 3810 3811
3804 3812 3813
3804 3813 3814
3815 3816 3807
3815 3807 3817
3817 3818 3819
3820 3821 3822
3823 3824 3821
3825 3821 3824
3821 3825 3826
3826 3827 3821
3826 3828 3827
3825 3824 3829
3830 3825 3829
3831 3829 3824
3831 3832 3829
3833 3830 3829
3833 3834 3830
3826 3825 3835
3830 3835 3825
3826 3835 3836
3836 3837 3826
3836 3838 3837
3839 3836 3835
3830 3840 3835
3840 3839 3835
3836 3839 3841
3842 3836 3841
3842 3841 3843
3841 3839 3844
3840 3844 3839
3841 3844 3845
3846 3841 3845
3846 3845 3847
3844 3848 3845
3830 3849 3840
3850 3849 3830
3850 3830 3851
3840 3852 3844
3849 3852 3840
3853 3844 3852
3849 3854 3852
3855 3854 3849
3855 3856 3854
3852 3854 3857
3852 3857 3858
3844 3859 3860
3854 3861 3862
3863 3864 3073
3865 3824 3866
3867 3868 3869
3870 3868 3871
3872 3868 3870
3872 3873 3868
3874 3868 3873
3874 3873 3875
3870 3876 3872
3876 3870 3877
3877 3870 3878
3879 3873 3872
3880 3872 3876
3880 3879 3872
3881 3880 3876
3881 3882 3880
3879 3883 3873
3883 3884 3873
3883 3885 3884
3879 3880 3886
3887 3886 3880
3887 3888 3886
3889 3883 3879
3879 3886 3889
3889 3890 3883
3890 3891 3883
3890 3892 3891
3889 3886 3893
3894 3893 3886
3894 3886 3895
3896 3890 3889
3889 3893 3896
3896 3897 3890
3897 3898 3890
3897 3899 3898
3896 3893 3900
3893 3901 3900
3896 3900 3902
3897 3896 3902
3903 3902 3900
3903 3904 3902
3897 3902 3905
3905 3902 3904
3897 3905 3906
3897 3906 3907
3908 3905 3904
3909 3908 3904
3910 3911 3893
3912 3900 3913
3905 3914 3915
3904 3916 3917
3904 3917 3918
3919 3904 3918
3920 3919 3918
3917 3921 3918
3917 3922 3921
3923 3924 3918
3925 3926 3927
3928 3929 3926
3928 3926 3930
3930 3926 3931
3931 3926 3932
3930 3931 3933
3933 3931 3934
3935 3934 3931
3936 3930 3933
3937 3930 3936
3937 3938 3930
3933 3934 3939
3940 3939 3934
3940 3934 3941
3936 3933 3942
3942 3933 3939
3942 3943 3936
3942 3939 3944
3945 3942 3944
3939 3946 3944
3939 3947 3946
3948 3949 3934
3950 3951 3936
3952 3944 3953
3944 3954 3955
3944 3955 3956
3957 3958 3936
3957 3959 3958
3960 3957 3936
3960 3961 3957
3962 3957 3963
3962 3964 3957
3965 3964 3962
3964 3966 3957
3964 3967 3966
3965 3968 3964
3968 3969 3970
3964 3971 3972
3973 3974 3975
3976 3977 3978
3979 3977 3980
3981 3977 3979
3981 3982 3977
3982 3983 3977
3982 3984 3983
3982 3981 3985
3982 3985 3986
3987 3981 3979
3988 3981 3987
3988 3987 3989
3987 3979 3990
3990 3979 3991
3990 3992 3987
3990 3993 3992
3994 3995 3990
3996 3997 3982
3996 3998 3997
3999 4000 3998
3987 4001 4002
3987 4002 4003
4004 4005 4006
4007 4004 4008
4009 4010 4004
4009 4004 4011
4012 4011 4004
4012 4013 4011
4011 4014 4015
4011 4016 4014
4016 4011 4017
4016 4017 4018
4019 4020 4016
4019 4016 4021
4021 4016 4022
4021 4022 4023
4021 4024 4025
4021 4026 4024
4027 4026 4021
4027 4028 4026
4028 4029 4026
4028 4030 4029
4026 4029 4031
4026 4031 4032
4030 4033 4029
4034 4029 4033
4034 4035 4029
4036 4034 4033
4036 4033 4037
4038 4036 4037
4038 4037 4039
4037 4033 4040
4030 4040 4033
4039 4037 4041
4037 4040 4041
4039 4041 4042
4040 4030 4043
4041 4040 4044
4040 4043 4044
4030 4045 4043
4030 4046 4045
4041 4044 4047
4047 4048 4041
4049 4043 4045
4044 4043 4050
4049 4050 4043
4051 4047 4044
4052 4047 4051
4051 4053 4052
4044 4050 4054
4051 4044 4054
4051 4055 4053
4055 4056 4053
4055 4057 4056
4051 4058 4055
4057 4055 4058
4051 4054 4058
4057 4058 4059
4058 4060 4059
4061 4058 4054
4058 4061 4060
4061 4054 4050
4061 4062 4060
4050 4063 4061
4061 4063 4062
4063 4064 4062
4050 4049 4063
4063 4065 4064
4065 4063 4049
4065 4049 4066
4045 4066 4049
4066 4067 4065
4068 4065 4067
4068 4067 4069
4045 4070 4066
4071 4070 4045
4071 4072 4070
4073 4070 4072
4073 4074 4070
4070 4075 4066
4066 4075 4067
4070 4074 4075
4076 4067 4075
4076 4077 4067
4076 4078 4077
4079 4075 4074
4076 4075 4079
4079 4074 4080
4074 4081 4080
4074 4082 4081
4083 4076 4079
4076 4083 4084
4076 4084 4085
4086 4079 4080
4083 4079 4086
4086 4080 4087
4088 4087 4080
4088 4080 4089
4086 4090 4083
4083 4090 4091
4083 4091 4092
4086 4087 4093
4087 4094 4093
4087 4095 4094
4086 4096 4090
4086 4093 4096
4090 4096 4097
4096 4093 4098
4099 4090 4100
4093 4101 4102
4103 4104 4105
4106 4107 4108
4109 4108 4110
4109 4110 4111
4112 2817 4113
2758 4114 4115
4116 4117 4118
4117 4119 4120
4117 4121 4119
4122 4119 4121
4122 4123 4119
4119 4123 4124
4117 4125 4121
4125 4117 4126
4125 4126 4127
4125 4128 4121
4129 4121 4128
4129 4130 4121
4125 4131 4128
4132 4131 4125
4132 4133 4131
4134 4128 4131
4135 4128 4134
4135 4136 4128
4134 4131 4137
4138 4137 4131
4138 4131 4139
4137 4140 4134
4137 4141 4140
4137 4142 4143
4137 4143 4144
4145 4146 4134
4145 4134 4147
4147 4148 4145
4148 4149 4150
4151 3438 4152
4153 4154 4155
4153 4156 4157
4153 4158 4156
4159 4158 4153
4159 4153 4160
4161 4160 4153
4162 4158 4159
4162 4163 4158
4164 4158 4163
4164 4163 4165
4159 4160 4166
4167 4162 4159
4167 4159 4166
4160 4168 4166
4168 4160 4169
4170 4168 4169
4166 4168 4171
4172 4171 4168
4172 4168 4173
4174 4166 4171
4174 4167 4166
4175 4174 4171
4175 4171 4176
4162 4167 4177
4167 4174 4178
4167 4178 4177
4174 4179 4178
4174 4180 4179
4162 4177 4181
4181 4163 4162
4178 4182 4177
4181 4177 4182
4181 4183 4163
4184 4163 4183
4184 4185 4163
4186 4183 4181
4181 4182 4186
4186 4187 4183
4188 4183 4187
4188 4187 4189
4190 4187 4186
4190 4191 4187
4186 4182 4192
4186 4192 4193
4182 4194 4192
4182 4195 4194
4178 4195 4182
4178 4196 4195
4197 4196 4178
4196 4197 4198
4196 4199 4195
4196 4200 4199
4186 4201 4202
4203 4204 4187
4205 4206 4187
4207 4208 4196
4207 4209 4208
4210 4211 4212
4213 4212 4214
4215 4214 4212
4216 4215 4212
4216 4217 4215
4215 4218 4214
4218 4215 4219
4219 4215 4220
4219 4220 4221
4218 4222 4214
4223 4214 4222
4218 4219 4224
4218 4225 4222
4224 4225 4218
4226 4224 4219
4226 4219 4227
4226 4227 4228
4229 4222 4225
4230 4222 4229
4229 4225 4231
4231 4232 4229
4231 4233 4232
4224 4234 4225
4231 4225 4234
4226 4235 4224
4224 4236 4234
4224 4235 4236
4231 4234 4237
4238 4231 4237
4238 4239 4231
4240 4237 4234
4240 4234 4236
4241 4237 4240
4241 4242 4237
4243 4240 4236
4243 4236 4244
4244 4236 4235
4245 4235 4226
4244 4235 4245
4245 4226 4246
4246 4226 4247
4246 4247 4248
4249 4246 4248
4249 4248 4250
4246 4251 4245
4246 4249 4251
4252 4244 4245
4252 4245 4251
4244 4252 4253
4244 4253 4254
4255 4252 4251
4255 4251 4256
4249 4256 4251
4249 4257 4256
4257 4249 4258
4257 4258 4259
4260 4257 4259
4260 4261 4257
4262 4256 4257
4262 4257 4261
4256 4262 4263
4256 4263 4264
4261 4265 4262
4266 4262 4265
4266 4267 4262
4268 4266 4265
4268 4269 4266
4261 4270 4265
4265 4270 4268
4271 4269 4268
4271 4272 4269
4268 4273 4271
4268 4270 4273
4274 4270 4261
4274 4273 4270
4274 4261 4275
4274 4276 4273
4229 4277 4278
4279 4280 3793
4281 4282 4283
4284 4283 4285
4284 4286 4283
4286 4287 4283
4288 4283 4287
4286 4289 4287
4289 4290 4287
4289 4291 4290
4289 4286 4292
4289 4292 4293
4293 4294 4289
4293 4295 4294
4296 4292 4286
4296 4286 4297
4293 4292 3708
3708 4292 4296
4293 3708 4298
4298 4299 4293
4298 4300 4299
3705 4298 3708
3705 4301 4298
3705 4302 4301
3708 4296 3699
3699 4296 4303
3699 4303 4304
4296 4305 4306
4307 4308 3672
4309 3672 4310
4309 4310 4311
4312 4313 4314
4315 4316 4314
4314 4316 4317
4318 4317 4316
4318 4316 4319
4320 4319 4316
4314 4317 4321
4322 4314 4321
4322 4321 4323
4321 4317 4324
4325 4324 4317
4325 4317 4326
4321 4324 4327
4328 4321 4327
4328 4327 4329
4330 4327 4324
4331 4330 4324
4331 4324 4332
4330 4333 4327
4334 4327 4333
4334 4333 4335
4333 4330 4336
4333 4336 4337
4338 4333 4337
4338 4337 4339
4340 4341 4330
4340 4330 4342
4343 4337 4344
4343 4345 4337
4345 4346 4337
4345 4347 4346
4345 4348 4347
4345 4349 4348
4350 4349 4345
4350 4345 4351
4349 4352 4353
4353 4354 4349
3597 4355 4356
4357 4358 4359
4360 4361 4357
4360 4362 4361
4363 4362 4360
4360 4357 4364
4363 4360 4364
4363 4365 4362
4365 4366 4362
4365 4367 4366
4368 4367 4365
4367 4369 4366
4367 4370 4369
4371 4369 4370
4371 4372 4369
4372 4371 4373
4372 4373 4374
4375 4374 4373
4375 4376 4374
4363 4377 4365
4378 4365 4377
4378 4377 4379
4380 4377 4363
4363 4364 4380
4380 4381 4377
4382 4377 4381
4382 4381 4383
4384 4380 4364
4357 4384 4364
4385 4381 4380
4384 4385 4380
4357 4386 4384
4387 4386 4357
4387 4388 4386
4389 4384 4386
4385 4384 4389
4385 4390 4381
4390 4391 4381
4390 4392 4391
4393 4390 4385
4393 4385 4389
4389 4386 4394
4394 4386 4395
4394 4395 4396
4393 4397 4390
4397 4398 4390
4397 4399 4398
4393 4389 4400
4394 4400 4389
4397 4393 4401
4393 4400 4402
4393 4402 4401
4394 4403 4400
4402 4400 4403
4394 4404 4403
4394 4405 4404
4397 4401 4406
4407 4397 4406
4407 4406 4408
4409 4406 4401
4402 4409 4401
4402 4403 4410
4404 4410 4403
4409 4411 4406
4412 4406 4411
4412 4411 4413
4402 4414 4409
4414 4402 4410
4411 4409 4415
4415 4409 4414
4411 4415 4416
4417 4411 4416
4417 4416 4418
4419 4416 4415
4420 4416 4419
4420 4419 4421
4415 4414 4422
4419 4415 4423
4422 4423 4415
4423 4424 4419
4425 4419 4424
4425 4424 4426
4414 4410 4427
4414 4427 4422
4422 4428 4423
4428 4424 4423
4427 4429 4422
4428 4422 4429
4410 4430 4427
4427 4430 4429
4429 4431 4428
4429 4432 4431
4430 4433 4429
4430 4434 4433
4410 4435 4430
4435 4436 4430
4435 4437 4436
4404 4435 4410
4438 4435 4404
4438 4404 4439
4440 4441 4404
4440 4404 4442
4443 4444 3539
4445 4446 4447
4448 4449 4445
4448 4450 4449
4445 4449 4451
4445 4451 4452
4453 4445 4452
4454 4453 4452
4454 4452 4455
4456 4452 4451
4456 4457 4452
4452 4457 4455
4449 4458 4451
4459 4451 4458
4459 4460 4451
4449 4461 4458
4462 4461 4449
4462 4463 4461
4458 4461 4464
4465 4464 4461
4465 4461 4466
4458 4464 4467
4467 4468 4458
4467 4469 4468
4467 4464 4470
4464 4471 4470
4464 4472 4471
4469 4467 4473
4467 4470 4473
4474 4473 4470
4470 4475 4474
4470 4476 4475
4473 4474 4477
4477 4474 4478
4469 4473 4479
4477 4479 4473
4479 4480 4469
4479 4481 4480
4477 4482 4479
4477 4483 4482
4483 4477 4484
4474 4485 4486
4469 4487 4488
4469 4488 4489
4490 4491 4492
4492 4493 4494
4493 4492 4495
4496 4495 4492
4496 4497 4495
4493 4495 4498
4498 4499 4493
4500 4493 4499
4498 4495 4501
4501 4495 4502
4501 4502 4503
4498 4504 4499
4504 4505 4499
4499 4505 4506
4504 4507 4505
4508 4504 4498
4498 4501 4508
4508 4509 4504
4509 4510 4504
4509 4511 4510
4512 4508 4501
4512 4509 4508
4512 4501 4513
4513 4501 4514
4513 4514 4515
4512 4516 4509
4516 4517 4509
4516 4518 4517
4519 4512 4513
4520 4516 4512
4512 4519 4520
4520 4521 4516
4521 4522 4516
4521 4523 4522
4524 4521 4520
4519 4524 4520
4519 4513 4525
4526 4525 4513
4526 4527 4525
4524 4528 4521
4524 4529 4528
4528 4530 4521
4528 4531 4530
4529 4532 4528
4529 4533 4532
4519 4534 4524
4525 4534 4519
4524 4535 4529
4535 4524 4534
4525 4536 4534
3348 4536 4525
3348 4525 4537
3352 4536 3348
4538 4534 4536
4538 4536 3352
4535 4534 4538
3352 3363 4538
4538 4539 4535
4538 3363 4539
4540 4529 4535
4540 4535 4539
4541 4529 4540
3363 4542 4539
4539 4543 4540
4539 4542 4543
4543 4544 4540
4543 4545 4544
4546 4543 4542
4546 4547 4543
3363 4548 4542
3363 4549 4548
4542 4548 4550
4551 4552 4540
4553 4548 4554
4542 4555 4556
4557 4558 4543
4557 4559 4558
4560 4561 4542
4560 4562 4561
4563 3157 4564
4565 4566 4567
4568 4566 4569
4570 4569 4566
4569 4570 4571
4569 4571 4572
4570 4566 4573
4573 4566 4574
4573 4574 4575
4573 4576 4570
4570 4576 4577
4570 4577 4578
4573 4579 4576
4580 4579 4573
4580 4581 4579
4579 4582 4576
4579 4583 4582
4583 4579 4584
4583 4584 4585
4576 4586 4587
4576 4587 4588
4589 4590 4583
4591 4583 4590
4592 4583 4593
4592 4593 4594
4569 4595 4596
4597 4598 4599
4600 4598 4601
4600 4602 4603
4598 4604 4605
4598 4605 4606
3214 4598 4606
4607 4598 3214
3214 4606 3218
3218 4606 4608
4606 4609 4608
4606 4610 4609
3218 4608 4611
3215 3218 4611
4611 4608 4612
4608 4613 4612
4608 4614 4613
3215 4611 4615
4616 3215 4615
4616 4617 3215
4615 4611 4618
4611 4612 4618
4615 4618 4619
4619 4620 4615
4619 4621 4620
4618 4612 4622
4623 4622 4612
4623 4612 4624
4618 4622 4625
4619 4618 4625
4626 4625 4622
4619 4625 4627
4627 4625 4628
4619 4627 4629
4619 4629 4630
4631 4622 4632
4633 4627 4634
4635 3697 4636
4637 3214 4638
4639 2873 4640
2873 4641 4642
4643 4644 2873
4643 2873 4645
4646 4647 4648
4649 4650 4651
3845 4652 4653
4654 3845 4655
4654 4655 4656
4657 4658 4659
4660 4661 4662
4663 4664 4661
4665 4664 4666
4667 4664 4668
4667 4669 4664
4670 4664 4669
4670 4671 4664
4672 4664 4673
4674 4672 4675
4676 4677 4664
4676 4678 4677
4679 4669 4680
4681 4680 4669
4681 4669 4682
4683 4681 4682
4682 4669 4684
4682 4684 4685
4683 4682 4685
4683 4685 4686
4680 4681 4687
4683 4688 4681
4681 4689 4687
4681 4688 4689
4690 4687 4689
4690 4689 4691
4680 4687 4692
4693 4680 4692
4694 4692 4687
4694 4687 4695
4696 4689 4688
4697 4689 4696
4697 4698 4689
4699 4688 4683
4696 4688 4699
4699 4683 4700
4683 4701 4700
4683 4702 4701
4703 4696 4699
4699 4700 4704
4699 4704 4703
4700 4705 4704
4700 4706 4705
4703 4707 4696
4708 4696 4707
4708 4707 4709
4710 4703 4704
4711 4710 4704
4711 4704 4712
4710 4713 4703
4707 4703 4713
4714 4713 4710
4707 4713 4715
4713 4716 4715
4707 4715 4717
4707 4717 4718
4719 4710 4720
4715 4721 4722
4723 4724 4725
4726 4724 4727
4726 4727 4728
4729 4730 4728
4731 4732 4733
4734 4735 4732
4734 4732 4736
4737 4736 4732
4738 4737 4732
4738 4732 4739
4740 4739 4732
4737 4741 4736
4737 4738 4742
4741 4737 4743
4737 4742 4743
4738 4744 4742
4745 4738 4739
4738 4745 4744
4743 4742 4746
4746 4742 4744
4747 4736 4741
4747 4748 4736
4749 4736 4748
4749 4748 4750
4745 4739 4751
4752 4751 4739
4753 4744 4745
4746 4744 4754
4753 4754 4744
4755 4745 4751
4753 4745 4755
4756 4747 4741
4756 4741 4757
4741 4743 4757
4758 4748 4747
4747 4756 4759
4747 4759 4758
4758 4760 4748
4760 4761 4748
4760 4762 4761
4763 4757 4743
4757 4764 4756
4757 4763 4764
4756 4765 4759
4756 4764 4765
4758 4759 4766
4766 4759 4765
4767 4760 4758
4758 4766 4767
4763 4743 4768
4743 4746 4768
4764 4763 4769
4769 4763 4768
4764 4769 4770
4771 4764 4770
4771 4765 4764
4767 4772 4760
4773 4760 4772
4773 4772 4774
4775 4770 4769
4775 4771 4770
4767 4766 4776
4766 4765 4777
4776 4766 4777
4772 4767 4778
4767 4776 4778
4779 4765 4771
4779 4777 4765
4772 4778 4780
4780 4781 4772
4780 4782 4781
4776 4777 4783
4778 4776 4784
4783 4784 4776
4777 4779 4785
4777 4785 4783
4780 4778 4786
4778 4784 4786
4771 4787 4779
4779 4788 4785
4779 4787 4788
4789 4783 4785
4789 4785 4788
4783 4790 4784
4789 4790 4783
4790 4791 4784
4786 4784 4791
4771 4792 4787
4775 4792 4771
4789 4793 4790
4790 4793 4791
4787 4794 4788
4795 4787 4792
4787 4795 4794
4796 4792 4775
4795 4792 4796
4789 4788 4797
4797 4788 4794
4798 4796 4775
4798 4775 4769
4798 4799 4796
4795 4796 4799
4789 4800 4793
4797 4800 4789
4798 4769 4801
4799 4798 4801
4802 4794 4795
4797 4794 4803
4803 4794 4802
4797 4804 4800
4803 4804 4797
4795 4799 4805
4802 4795 4805
4806 4793 4800
4804 4807 4800
4806 4800 4807
4808 4793 4806
4808 4791 4793
4809 4806 4807
4808 4806 4809
4803 4810 4804
4803 4802 4811
4811 4810 4803
4812 4811 4802
4813 4802 4805
4812 4802 4813
4804 4814 4807
4814 4804 4810
4811 4815 4810
4812 4815 4811
4814 4810 4816
4816 4810 4815
4817 4807 4814
4816 4817 4814
4809 4807 4818
4817 4818 4807
4813 4805 4819
4799 4819 4805
4799 4820 4819
4799 4801 4820
4821 4819 4820
4801 4821 4820
4822 4813 4819
4821 4822 4819
4822 4823 4813
4823 4812 4813
4801 4824 4821
4769 4824 4801
4825 4822 4821
4823 4822 4825
4826 4821 4824
4825 4821 4826
4827 4824 4769
4826 4824 4827
4828 4825 4826
4827 4828 4826
4829 4827 4769
4769 4768 4829
4827 4829 4830
4768 4830 4829
4827 4830 4828
4768 4746 4830
4828 4831 4825
4831 4828 4830
4832 4830 4746
4831 4830 4832
4832 4746 4754
4833 4825 4831
4823 4825 4833
4834 4831 4832
4833 4831 4834
4835 4832 4754
4834 4832 4835
4835 4754 4836
4753 4836 4754
4837 4834 4835
4837 4835 4836
4833 4834 4838
4837 4838 4834
4823 4833 4839
4833 4838 4839
4840 4836 4753
4840 4753 4755
4837 4836 4841
4840 4841 4836
4823 4839 4842
4823 4842 4812
4843 4839 4838
4838 4837 4844
4838 4844 4843
4845 4837 4841
4845 4844 4837
4846 4842 4839
4843 4846 4839
4847 4812 4842
4846 4847 4842
4848 4841 4840
4848 4845 4841
4847 4849 4812
4812 4849 4815
4850 4815 4849
4816 4815 4850
4850 4851 4816
4816 4851 4817
4851 4852 4817
4818 4817 4852
4847 4846 4853
4849 4847 4854
4847 4853 4854
4850 4849 4855
4849 4854 4855
4850 4856 4851
4856 4850 4855
4851 4857 4852
4856 4857 4851
4846 4858 4853
4846 4843 4858
4859 4858 4843
4859 4843 4844
4860 4853 4858
4859 4860 4858
4861 4854 4853
4860 4861 4853
4855 4854 4862
4861 4862 4854
4856 4855 4863
4855 4862 4863
4856 4864 4857
4863 4864 4856
4844 4865 4859
4844 4845 4865
4845 4866 4865
4845 4848 4866
4859 4865 4867
4867 4865 4866
4859 4867 4868
4868 4860 4859
4860 4868 4869
4869 4861 4860
4870 4862 4861
4869 4870 4861
4871 4863 4862
4870 4871 4862
4871 4872 4863
4863 4872 4864
4848 4873 4866
4867 4866 4874
4874 4866 4873
4848 4875 4873
4840 4875 4848
4840 4876 4875
4840 4755 4876
4876 4755 4877
4755 4751 4877
4878 4877 4751
4878 4879 4877
4875 4876 4880
4876 4877 4880
4877 4881 4880
4882 4873 4875
4875 4880 4882
4883 4882 4880
4883 4884 4882
4882 4885 4873
4886 4885 4882
4887 4873 4885
4874 4873 4887
4874 4887 4888
4874 4888 4889
4889 4867 4874
4890 4867 4889
4890 4868 4867
4891 4889 4888
4892 4889 4891
4890 4889 4892
4890 4892 4893
4894 4890 4893
4891 4888 4895
4896 4890 4894
4868 4890 4896
4896 4894 4897
4898 4896 4897
4868 4896 4898
4868 4898 4869
4888 4899 4895
4899 4900 4895
4869 4898 4901
4901 4898 4902
4869 4901 4903
4901 4902 4903
4869 4903 4870
4903 4902 4904
4870 4903 4905
4903 4904 4905
4871 4870 4905
4905 4904 4906
4871 4905 4907
4906 4907 4905
4906 4908 4907
4907 4872 4871
4908 4909 4907
4907 4909 4872
4908 4910 4909
4909 4910 4911
4872 4909 4912
4909 4911 4912
4872 4912 4864
4912 4911 4913
4914 4864 4912
4912 4913 4914
4914 4857 4864
4913 4915 4914
4916 4857 4914
4914 4915 4916
4916 4915 4917
4916 4852 4857
4917 4918 4916
4916 4918 4852
4919 4918 4917
4919 4852 4918
4919 4818 4852
4920 4818 4919
4920 4919 4921
4922 4920 4921
4923 4818 4920
4920 4922 4923
4923 4922 4924
4925 4923 4924
4818 4923 4809
4923 4925 4926
4809 4923 4926
4926 4925 4927
4809 4926 4928
4808 4809 4928
4927 4929 4926
4929 4928 4926
4927 4930 4929
4808 4928 4931
4928 4929 4931
4929 4930 4932
4929 4932 4931
4932 4930 4933
4934 4932 4933
4932 4934 4935
4935 4934 4936
4808 4931 4937
4937 4791 4808
4931 4932 4938
4938 4932 4935
4937 4939 4791
4786 4791 4939
4931 4940 4937
4939 4937 4940
4931 4938 4940
4941 4786 4939
4939 4940 4941
4942 4941 4940
4942 4940 4943
4938 4943 4940
4938 4944 4943
4944 4938 4935
4944 4935 4945
4935 4936 4946
4935 4946 4945
4946 4936 4947
4948 4945 4946
4946 4947 4949
4948 4946 4949
4950 4949 4947
4948 4949 4950
4941 4951 4786
4941 4952 4951
4780 4786 4951
4953 4780 4951
4780 4954 4955
4951 4956 4957
4941 4958 4959
4941 4960 4961
4962 2962 4963
4964 4965 4966
4967 4968 3529
4969 4970 3529
4971 3529 4972
4973 4974 3528
4975 3528 4976
4976 4977 4978
4977 4979 4980
4981 4982 4983
4984 4985 4986
4987 4988 4989
4990 4739 4991
4751 4992 4993
3374 4994 4995
3374 4996 4997
4997 4996 4998
4999 3359 5000
5001 5002 3367
3367 5003 5004
5005 3367 5006
5007 3876 5008
5009 5010 5011
5012 3739 5013
5014 3756 5015
3756 5016 5017
5018 5019 5020
5021 5022 5018
5018 5023 5021
5021 5023 5024
5021 5024 5025
5018 5026 5023
5027 5026 5018
5027 5028 5026
5029 5023 5026
5023 5029 5030
5023 5030 5031
5029 5026 5032
5033 5032 5026
5033 5034 5032
5032 5035 5029
5032 5036 5035
5036 5032 5037
5036 5037 5038
3381 5039 5036
5029 5040 5041
5029 5041 5042
5043 5036 5044
5043 5045 5036
5036 5045 5046
5045 5047 5048
5045 5048 5049
5050 5049 5048
5045 5049 5051
5049 5052 5051
5049 5053 5052
5054 5052 5053
5055 5056 3355
5021 5057 5058
5059 5060 4424
4424 5061 5062
4428 5061 4424
5063 5061 4428
5063 5064 5061
5061 5065 5066
3612 5067 5068
5069 3678 5070
5071 5072 3678
5073 5074 2854
5075 5076 5077
5076 5078 2863
5079 2863 5080
5081 5082 4252
4287 5083 5084
5085 5086 5087
5088 5089 5090
5091 5092 5093
5094 5092 5095
5094 5095 5096
5097 5098 4882
5099 4880 5100
4880 5101 5102
4047 5103 5104
5105 5106 4877
5107 2858 5108
5109 5110 5111
5112 5113 5109
5112 5109 5114
5114 5109 5115
5114 5115 5116
5112 5114 5117
5117 5118 5112
5119 5112 5118
5117 5114 5120
5120 5114 5121
5120 5121 5122
5117 5123 5118
5124 5118 5123
5124 5123 5125
5126 5123 5117
5117 5120 5126
5126 5127 5123
5128 5123 5127
5128 5127 5129
5126 5120 5130
5120 5131 5130
5120 5132 5131
5133 5127 5126
5126 5130 5133
5133 5134 5127
5135 5127 5134
5135 5134 5136
5137 5134 5133
5137 5138 5134
5139 5133 5130
5139 5130 5140
5141 5142 5134
5130 5143 5144
5130 5144 5145
5146 5147 5144
5148 5118 5149
5150 5151 5152
5153 4680 5154
3011 5155 5156
5157 4692 5158
5159 4692 5160
5161 5162 3365
5163 5164 5165
5163 5166 5164
5167 5166 5163
5167 5168 5166
5169 5168 5167
5169 5170 5168
5171 5170 5169
5171 5172 5170
5173 5172 5171
5173 5174 5172
5175 5174 5173
5175 5176 5174
5177 5176 5175
5177 5175 5178
5179 5177 5178
5179 5180 5177
5181 5180 5179
5181 5182 5180
5183 5182 5181
5183 5184 5182
5185 5184 5183
5185 5186 5184
5187 5186 5185
5187 5188 5186
5189 5188 5187
5189 5190 5188
5191 5190 5189
5191 5192 5190
5193 5192 5191
5193 5194 5192
5195 5194 5193
5195 5196 5194
5197 5198 5199
5200 5197 5199
5200 5201 5197
5202 5201 5200
5202 5203 5201
5204 5203 5202
5204 5205 5203
5206 5205 5204
5206 5207 5205
5208 5207 5206
5208 5209 5207
5210 5209 5208
5210 5211 5209
5211 5210 5212
5213 5214 5215
5214 5213 5216
5214 5216 5217
5218 5217 5216
5218 5216 5219
5220 5218 5219
5220 5221 5218
5222 5221 5220
5222 5223 5221
5224 5223 5222
5224 5225 5223
5226 5225 5224
5226 5227 5225
5227 5226 5228
49 5229 5230
49 5231 5229
49 5232 5231
49 47 5232
5233 5232 47
5233 47 48
5234 5233 48
5234 48 52
52 5235 5234
52 5236 5235
5231 5232 5237
5232 5233 5238
5232 5238 5237
5233 5234 5239
5233 5239 5238
5240 5239 5234
5240 5234 5241
5231 5237 5242
5242 5243 5231
5242 5244 5243
5245 5244 5242
5245 5242 5246
5247 5246 5242
5247 5242 5237
5248 5247 5237
5248 5237 5238
5249 5248 5238
5249 5238 5239
5250 5249 5239
5250 5239 5251
5252 5253 5254
5252 5254 5255
5256 5255 5257
5256 5257 5258
5259 5260 5261
5259 5261 5262
5263 5264 5265
5263 5265 5266
5267 5268 5269
5267 5269 5270
5271 5272 5273
5271 5273 5274
5275 5276 5277
5275 5277 5278
5279 5280 5281
5282 5280 5279
5283 5284 5285
5283 5286 5284
5287 5286 5288
5287 5288 5289
5290 5291 5292
5290 5292 5293
5294 5295 5296
5294 5296 5297
5298 5297 5299
5298 5299 5300
5301 5302 5303
5301 5303 5304
5305 5306 5307
5305 5307 5308
5309 5310 5311
5309 5311 5312
5313 5314 5315
5313 5315 5316
5317 5318 5319
5317 5320 5318
5320 5317 5321
5320 5321 5322
5323 5322 5324
5323 5325 5322
5325 5326 5327
5325 5327 5328
5328 5329 5330
5328 5330 5331
5332 5331 5333
5332 5334 5331
5334 5335 5336
5334 5336 5337
5337 5338 5339
5337 5339 5340
5340 5341 5342
5340 5342 5343
5344 5343 5345
5344 5345 5346
5347 5348 5344
5347 5349 5348
5350 5351 5348
5350 5352 5351
5353 5354 5355
5353 5355 5356
5357 5353 5358
5357 5358 5359
5360 5361 5356
5360 5362 5361
5363 5364 5361
5363 5365 5364
5366 5367 5358
5366 5368 5367
5369 5368 5366
5369 5366 5370
5371 5372 5370
5371 5370 5373
5373 5374 5375
5373 5376 5374
5376 5377 5378
5376 5379 5377
5380 5381 5379
5380 5382 5381
5382 5380 5383
5382 5383 5384
5385 5383 5386
5385 5386 5387
5388 5389 5390
5388 5390 5391
5392 5393 5394
5392 5394 5395
5396 5397 5398
5396 5398 5399
5400 5401 5402
5400 5402 5403
5403 5404 5405
5403 5405 5406
5406 5407 5408
5406 5408 5409
5409 5408 5410
5409 5410 5411
5412 5413 5410
5412 5410 5414
5415 5416 5412
5415 5412 5417
5418 5419 5420
5418 5420 5421
5422 5423 5421
5422 5424 5423
5425 5426 5427
5425 5427 5428
5429 5430 5431
5429 5431 5432
5433 5434 5435
5433 5435 5436
5437 5438 5439
5437 5439 5440
5441 5442 5443
5441 5443 5444
5445 5446 5447
5445 5447 5448
5449 5450 5451
5449 5451 5452
5453 5454 5455
5453 5455 5456
5457 5458 5459
5457 5459 5460
5461 5462 5463
5461 5463 5464
5465 5466 5467
5465 5467 5468
5468 5469 5470
5468 5470 5471
5471 5472 5473
5471 5473 5474
5474 5475 5476
5474 5476 5477
5477 5478 5479
5477 5479 5480
5481 5482 5483
5481 5484 5482
5484 5485 5486
5484 5487 5485
5487 5488 5489
5487 5490 5488
5490 5491 5492
5490 5493 5491
5493 5494 5495
5493 5495 5496
5497 5498 5499
5497 5499 5500
5501 5502 5503
5501 5504 5502
5505 5506 5507
5505 5507 5508
5509 5510 5511
5509 5511 5512
5513 5514 5515
5513 5515 5516
5517 5518 5519
5517 5519 5520
5521 5522 5523
5523 5522 5524
5525 5526 5527
5525 5528 5526
5529 5530 5531
5529 5531 5532
5533 5534 5535
5533 5535 5536
5537 5538 5535
5537 5539 5538
5540 5541 5542
5540 5543 5541
5544 5545 5543
5544 5546 5545
5547 5548 5549
5547 5549 5550
5551 5552 5553
5551 5553 5554
5555 5554 5556
5555 5557 5554
5558 5557 5559
5558 5560 5557
5561 5560 5562
5561 5563 5560
5564 5563 5561
5564 5565 5563
5566 5565 5567
5566 5568 5565
5569 5568 5570
5569 5571 5568
5572 5571 5573
5572 5574 5571
5575 5574 5576
5575 5577 5574
5578 5577 5579
5578 5580 5577
5581 5580 5582
5581 5583 5580
5584 5583 5585
5584 5586 5583
5586 5587 5588
5586 5588 5589
5589 5590 5591
5589 5591 5592
5593 5594 5595
5593 5595 5596
5597 5598 5595
5597 5599 5598
5600 5601 5596
5600 5596 5602
5603 5604 5602
5603 5602 5605
5606 5605 5607
5606 5607 5608
5609 5607 5610
5609 5610 5611
5612 5613 5610
5612 5614 5613
5615 5612 5616
5615 5616 5617
5618 5619 5616
5618 5620 5619
5621 5622 5618
5621 5618 5623
5624 5621 5623
5624 5623 5625
5626 5627 5625
5626 5625 5628
5628 5629 5630
5628 5631 5629
5631 5632 5633
5631 5633 5634
5635 5636 5637
5635 5637 5638
5639 5640 5641
5639 5641 5642
5643 5644 5645
5643 5645 5646
5647 5646 5648
5647 5648 5649
5650 5651 5652
5650 5652 5653
5654 5655 5656
5654 5656 5657
5658 5659 5660
5658 5660 5661
5662 5663 5664
5662 5664 5665
5666 5667 5668
5666 5668 5669
5670 5671 5672
5670 5672 5673
5674 5675 5676
5674 5676 5677
5678 5679 5680
5678 5680 5681
5682 5683 5684
5682 5684 5685
5686 5687 5688
5686 5688 5689
5690 5691 5692
5690 5693 5691
5694 5693 5695
5694 5695 5696
5697 5698 5699
5697 5699 5700
5701 5702 5703
5701 5703 5704
5705 5706 5707
5705 5707 5708
5709 5710 5711
5709 5711 5712
5713 5714 5715
5713 5715 5716
5717 5718 5719
5717 5719 5720
5721 5722 5723
5721 5723 5724
5725 5726 5727
5725 5728 5726
5729 5730 5728
5729 5731 5730
5732 5731 5729
5732 5729 5733
5734 5735 5733
5734 5733 5736
5737 5738 5739
5737 5739 5740
5741 5740 5742
5741 5743 5740
5743 5744 5745
5743 5745 5746
5747 5748 5746
5747 5746 5749
5750 5751 5752
5750 5753 5751
5754 5753 5755
5754 5755 5756
5757 5758 5759
5757 5759 5760
5761 5762 5760
5761 5763 5762
5764 5765 5766
5764 5766 5767
5768 5769 5770
5768 5770 5771
5772 5773 5774
5772 5774 5775
5776 5777 5778
5776 5778 5779
5780 5781 5782
5780 5782 5783
5784 5785 5786
5784 5786 5787
5788 5789 5790
5788 5790 5791
5792 5793 5794
5792 5794 5795
5796 5797 5798
5796 5798 5799
5800 5801 5802
5800 5802 5803
5804 5805 5806
5804 5806 5807
5808 5809 5810
5808 5810 5811
5812 5813 5814
5812 5814 5815
5816 5817 5818
5816 5818 5819
5820 5821 5822
5820 5822 5823
5824 5825 5826
5824 5826 5827
5828 5824 5829
5828 5829 5830
5831 5832 5833
5831 5834 5832
5834 5835 5836
5834 5836 5837
5838 5839 5840
5838 5840 5841
5842 5843 5844
5842 5844 5845
5846 5847 5848
5846 5848 5849
5850 5851 5852
5850 5852 5853
5854 5855 5856
5856 5855 5857
5858 5859 5860
5858 5860 5861
5860 5862 5861
5860 5863 5862
5863 5864 5862
5863 5865 5864
5865 5866 5864
5865 5867 5866
5866 5867 5868
5866 5868 5869
5870 5871 5872
5870 5873 5871
5873 5874 5871
5873 5875 5874
5876 5874 5875
5876 5877 5874
5878 5879 5880
5878 5880 5881
5882 5883 5884
5882 5884 5885
5886 5887 5888
5887 5889 5888
5890 5891 5892
5890 5892 5893
5894 5893 5892
5894 5895 5893
5894 5896 5895
5894 5897 5896
5896 5897 5898
5898 5897 5899
5900 5901 5902
5900 5903 5901
5901 5903 5904
5901 5904 5905
5905 5904 5906
5905 5906 5907
5907 5906 5908
5907 5908 5909
5908 5910 5909
5908 5911 5910
5912 5913 5914
5912 5914 5915
5915 5914 5916
5915 5916 5917
5918 5917 5916
5918 5916 5919
5920 5921 5922
5920 5922 5923
5924 5925 5926
5924 5926 5927
5928 5929 5930
5928 5930 5931
5932 5933 5934
5932 5934 5935
5936 5937 5938
5936 5938 5939
5940 5941 5942
5940 5942 5943
5944 5945 5946
5944 5946 5947
5948 5949 5950
5948 5950 5951
5952 5953 5954
5952 5954 5955
5956 5957 5958
5956 5958 5959
5960 5961 5962
5960 5962 5963
5964 5965 5966
5966 5965 5967
5968 5969 5970
5968 5970 5971
5972 5973 5974
5972 5974 5975
5976 5977 5978
5976 5978 5979
5980 5981 5982
5980 5982 5983
5984 5985 5986
5984 5986 5987
5988 5989 5990
5988 5990 5991
5992 5993 5994
5992 5994 5995
5996 5997 5998
5996 5998 5999
6000 6001 6002
6002 6001 6003
6004 6005 6006
6004 6006 6007
6008 6009 6010
6008 6010 6011
6008 6011 6012
6013 6008 6012
6014 6013 6012
6014 6015 6013
6016 6015 6014
6016 6017 6015
6018 6017 6016
6018 6016 6019
6018 6019 6020
6020 6019 6021
6020 6021 6022
6020 6022 6023
6024 6025 6026
6024 6026 6027
6028 6029 6030
6028 6030 6031
6032 6033 6034
6032 6034 6035
6036 6037 6035
6036 6038 6037
6039 6040 6036
6039 6041 6040
6042 6043 6044
6042 6044 6045
6046 6047 6045
6046 6045 6048
6049 6048 6050
6049 6050 6051
6052 6053 6054
6052 6054 6055
6056 6057 6058
6056 6058 6059
6060 6061 6062
6060 6062 6063
6064 6065 6066
6064 6066 6067
6068 6069 6070
6068 6070 6071
6072 6073 6074
6072 6074 6075
6076 6077 6078
6076 6079 6077
6080 6081 6079
6080 6082 6081
6083 6080 6084
6083 6084 6085
6086 6085 6084
6086 6084 6087
6088 6089 6087
6088 6087 6090
6091 6092 6093
6091 6093 6094
6095 6091 6096
6095 6096 6097
6098 6095 6099
6098 6099 6100
6101 6098 6100
6101 6102 6098
6102 6103 6104
6102 6104 6105
6106 6107 6108
6106 6108 6109
6110 6111 6112
6110 6112 6113
6114 6115 6116
6114 6116 6117
6118 6119 6120
6118 6120 6121
6122 6123 6124
6122 6124 6125
6126 6127 6128
6126 6128 6129
6130 6131 6132
6130 6132 6133
6134 6135 6136
6134 6136 6137
6138 6139 6140
6138 6140 6141
6142 6143 6144
6142 6144 6145
6146 6147 6148
6146 6148 6149
6150 6151 6152
6150 6153 6151
6153 6150 6154
6154 6150 6155
6153 6154 6156
6153 6156 6157
6156 6154 6158
6158 6154 6159
6160 6161 6162
6160 6162 6163
6160 6163 6164
6165 6166 6167
6165 6167 6168
6169 6170 6171
6169 6172 6170
6172 6169 6173
6174 6173 6169
6174 6169 6175
6176 6177 6178
6176 6178 6179
6180 6181 6182
6180 6182 6183
6184 6185 6186
6184 6186 6187
6188 6189 6190
6188 6190 6191
6192 6193 6194
6194 6193 6195
6195 6193 6196
6195 6196 6197
6198 6197 6196
6198 6199 6197
6200 6199 6198
6200 6201 6199
6196 6193 6202
6202 6193 6203
6204 6202 6203
6204 6205 6202
6206 6205 6204
6206 6207 6205
6208 6209 6210
6208 6210 6211
6210 6212 6211
6210 6213 6212
6214 6212 6213
6212 6214 6215
6214 6216 6215
6214 6217 6216
6218 6216 6217
6218 6217 6219
6220 6218 6219
6220 6219 6221
6220 6221 6222
6220 6222 6223
6224 6223 6222
6224 6222 6225
6226 6224 6225
6226 6225 6227
6227 6228 6226
6227 6229 6228
6230 6228 6229
6230 6229 6231
6232 6230 6231
6232 6231 6233
6232 6233 6234
6232 6234 6235
6236 6235 6234
6236 6234 6237
6238 6236 6237
6238 6237 6239
6238 6239 6240
6238 6240 6241
6242 6243 6244
6242 6244 6245
6245 6244 6246
6245 6246 6247
6248 6247 6246
6248 6246 6249
6248 6249 6250
6250 6249 6251
6249 6246 6252
6249 6252 6253
6254 6253 6252
6254 6255 6253
6256 6255 6254
6256 6257 6255
6258 6259 6260
6258 6260 6261
6262 6263 6264
6262 6265 6263
6266 6267 6265
6266 6268 6267
6269 6270 6271
6269 6271 6272
6273 6274 6275
6273 6276 6274
6277 6278 6276
6277 6279 6278
6280 6281 6279
6280 6279 6282
6283 6284 6285
6283 6286 6284
6287 6288 6286
6287 6289 6288
6289 6290 6291
6289 6291 6292
6293 6294 6291
6293 6295 6294
6296 6297 6295
6296 6295 6298
6299 6300 6301
6299 6301 6302
6303 6304 6305
6303 6305 6306
6307 6308 6309
6307 6309 6310
6311 6312 6313
6311 6313 6314
6315 6316 6317
6315 6317 6318
6319 6320 6321
6319 6322 6320
6322 6319 6323
6324 6325 6323
6324 6323 6326
6324 6326 6327
6328 6329 6330
6328 6330 6331
6332 6333 6334
6332 6334 6335
6336 6337 6338
6336 6338 6339
6340 6341 6342
6340 6342 6343
6344 6345 6346
6344 6347 6345
6348 6349 6347
6348 6347 6350
6351 6352 6353
6351 6353 6354
6355 6356 6357
6355 6357 6358
6359 6360 6361
6359 6361 6362
6363 6362 6364
6363 6364 6365
6366 6365 6364
6367 6368 6369
6367 6369 6370
6370 6371 6372
6370 6372 6373
6374 6375 6372
6374 6376 6375
6377 6378 6379
6377 6379 6380
6380 6381 6382
6380 6382 6383
6384 6382 6385
6384 6385 6386
6387 6385 6388
6387 6388 6389
6390 6391 6392
6390 6392 6393
6393 6392 6394
6395 6396 6397
6395 6397 6398
6399 6400 6395
6399 6401 6400
6402 6403 6404
6402 6404 6405
6405 6406 6407
6405 6407 6408
6409 6410 6411
6409 6411 6412
6413 6414 6412
6413 6412 6415
6416 6417 6418
6416 6418 6419
6420 6421 6422
6420 6423 6421
6420 6424 6423
6425 6423 6424
6425 6426 6423
6426 6425 6427
6426 6427 6428
6427 6429 6428
6427 6430 6429
6430 6431 6429
6432 6433 6430
6432 6434 6433
6435 6436 6437
6435 6437 6438
6439 6440 6441
6439 6441 6442
6443 6444 6445
6443 6445 6446
6446 6445 6447
6446 6447 6448
6449 6450 6451
6449 6451 6452
6452 6451 6453
6452 6453 6454
6455 6456 6457
6455 6458 6456
6458 6459 6456
6458 6460 6459
6461 6462 6463
6461 6464 6462
6464 6465 6462
6464 6466 6465
6467 6468 6469
6467 6469 6470
6471 6467 6470
6471 6470 6472
6473 6471 6472
6473 6472 6474
6475 6473 6474
6475 6474 6476
6477 6475 6476
6477 6476 6478
6479 6477 6478
6479 6478 6480
6481 6479 6480
6481 6480 6482
6483 6481 6482
6483 6482 6484
6485 6483 6484
6485 6484 6486
6487 6485 6486
6487 6486 6488
6489 6487 6488
6489 6488 6490
6491 6489 6490
6491 6490 6492
6493 6494 6495
6493 6495 6496
6497 6496 6495
6497 6495 6498
6497 6498 6499
6497 6499 6500
6501 6497 6500
6502 6493 6496
6502 6496 6497
6502 6503 6493
6504 6503 6502
6504 6505 6503
6506 6505 6504
6506 6504 6507
6508 6507 6504
6501 6509 6497
6502 6497 6509
6504 6502 6509
6510 6509 6501
6508 6510 6511
6508 6504 6512
6504 6509 6512
6508 6512 6510
6510 6512 6509
6513 6514 6515
6513 6515 6516
6517 6516 6518
6517 6518 6519
6520 6521 6522
6520 6522 6523
6524 6525 6526
6524 6526 6527
6528 6527 6529
6528 6529 6530
6531 6532 6530
6531 6530 6533
6534 6535 6536
6534 6536 6537
6538 6537 6539
6538 6539 6540
6540 6541 6542
6540 6542 6543
6544 6542 6545
6544 6545 6546
6547 6548 6546
6547 6546 6549
6550 6551 6552
6550 6552 6553
6554 6555 6556
6554 6556 6557
6558 6559 6560
6558 6560 6561
6562 6563 6564
6562 6564 6565
6566 6567 6568
6566 6568 6569
6570 6571 6572
6570 6572 6573
6573 6574 6570
6574 6575 6576
6574 6576 6577
6576 6578 6577
6579 6580 6581
6579 6581 6582
6583 6584 6585
6583 6585 6586
6587 6588 6589
6587 6589 6590
6591 6592 6593
6591 6593 6594
6595 6596 6597
6595 6597 6598
6599 6600 6598
6599 6598 6601
6602 6603 6604
6602 6604 6605
6606 6607 6608
6606 6608 6609
6610 6611 6612
6610 6613 6611
6614 6615 6613
6614 6616 6615
6617 6615 6616
6618 6619 6620
6618 6621 6619
6621 6622 6623
6621 6623 6624
6625 6623 6626
6625 6626 6627
6628 6629 6630
6628 6631 6629
6631 6632 6633
6631 6633 6634
6635 6636 6633
6635 6637 6636
6638 6639 6636
6638 6640 6639
6641 6642 6643
6641 6644 6642
6644 6645 6642
6646 6647 6648
6646 6648 6649
6650 6646 6651
6650 6651 6652
6653 6654 6655
6653 6656 6654
6656 6657 6658
6656 6658 6659
6660 6661 6662
6660 6663 6661
6664 6665 6663
6664 6663 6666
6667 6668 6669
6667 6669 6670
6671 6672 6673
6671 6673 6674
6671 6674 6675
6676 6675 6674
6676 6674 6677
6677 6678 6676
6677 6679 6678
6678 6679 6680
6678 6680 6681
6681 6680 6682
6683 6681 6684
6683 6684 6685
6686 6687 6688
6686 6688 6689
6690 6691 6692
6690 6692 6693
6694 6695 6696
6694 6697 6695
6697 6698 6695
6697 6699 6698
6700 6701 6702
6700 6703 6701
6703 6704 6701
6703 6705 6704
6706 6707 6708
6706 6708 6709
6709 6708 6710
6709 6710 6711
6712 6713 6714
6712 6714 6715
6715 6714 6716
6715 6716 6717
6718 6719 6720
6718 6721 6719
6722 6721 6718
6722 6723 6721
6724 6723 6722
6724 6725 6723
6726 6725 6724
6726 6727 6725
6728 6727 6726
6728 6729 6727
6730 6729 6728
6730 6731 6729
6732 6731 6730
6732 6733 6731
6734 6733 6732
6734 6735 6733
6736 6735 6734
6736 6737 6735
6738 6737 6736
6738 6739 6737
6740 6739 6738
6740 6741 6739
6742 6741 6740
6742 6743 6741
6744 6745 6746
6744 6747 6745
6748 6745 6747
6748 6749 6745
6748 6750 6749
6748 6751 6750
6752 6751 6748
6753 6747 6744
6753 6748 6747
6753 6744 6754
6755 6753 6754
6755 6754 6756
6757 6755 6756
6757 6758 6755
6759 6755 6758
6752 6748 6760
6753 6760 6748
6755 6760 6753
6761 6752 6760
6759 6762 6761
6759 6763 6755
6755 6763 6760
6759 6761 6763
6761 6760 6763
6764 6765 6766
6764 6767 6765
6768 6765 6767
6768 6767 6769
6770 6768 6769
6770 6771 6768
6772 6771 6773
6772 6773 6774
6775 6772 6774
6775 6774 6776
6775 6776 6777
6775 6777 6778
6779 6778 6777
6779 6780 6778
6781 6782 6780
6781 6783 6782
6784 6782 6783
6784 6785 6782
6785 6784 6786
6785 6786 6787
6788 6789 6790
6788 6791 6789
6791 6788 6792
6791 6792 6793
6794 6793 6792
6794 6795 6793
6795 6794 6796
6795 6796 6797
6798 6797 6796
6798 6799 6797
6800 6799 6798
6800 6798 6801
6802 6800 6801
6802 6801 6803
6803 6804 6802
6803 6805 6804
6806 6804 6805
6806 6805 6807
6807 6808 6806
6807 6809 6808
6810 6811 6812
6810 6813 6811
6813 6810 6814
6813 6814 6815
6816 6817 6815
6816 6818 6817
6819 6820 6818
6819 6818 6821
6822 6819 6821
6822 6823 6819
6824 6823 6822
6824 6822 6825
6826 6824 6825
6826 6827 6824
6828 6826 6829
6828 6829 6830
6831 6830 6832
6831 6832 6833
6833 6834 6831
6833 6835 6834
6836 6837 6838
6836 6839 6837
6840 6837 6839
6840 6839 6841
6841 6842 6840
6841 6843 6842
6844 6842 6843
6844 6843 6845
6846 6844 6845
6846 6845 6847
6846 6847 6848
6846 6848 6849
6850 6849 6848
6850 6851 6849
6851 6850 6852
6851 6852 6853
6854 6853 6852
6854 6855 6853
6855 6854 6856
6855 6856 6857
6858 6859 6860
6858 6860 6861
6861 6862 6858
6861 6863 6862
6863 6864 6862
6863 6865 6864
6865 6866 6864
6865 6867 6866
6868 6866 6867
6868 6867 6869
6870 6868 6869
6870 6869 6871
6872 6870 6871
6872 6871 6873
6874 6872 6873
6874 6873 6875
6876 6874 6875
6876 6875 6877
6878 6876 6877
6878 6877 6879
6880 6878 6879
6880 6879 6881
6882 6880 6881
6882 6881 6883
6884 6882 6883
6884 6883 6885
6886 6884 6885
6886 6885 6887
6888 6886 6887
6888 6887 6889
6890 6888 6889
6890 6889 6891
6892 6893 6894
6892 6894 6895
6895 6894 6896
6895 6896 6897
6897 6896 6898
6897 6898 6899
6899 6898 6900
6899 6900 6901
6901 6900 6902
6901 6902 6903
6904 6903 6902
6904 6902 6905
6906 6904 6905
6906 6907 6904
6908 6909 6910
6908 6910 6911
6911 6910 6912
6911 6912 6913
6913 6912 6914
6913 6914 6915
6915 6914 6916
6915 6916 6917
6917 6916 6918
6917 6918 6919
6918 6920 6919
6918 6921 6920
6922 6920 6921
6922 6923 6920
6924 6925 6926
6924 6926 6927
6928 6929 6930
6928 6930 6931
6932 6933 6934
6932 6934 6935
6936 6937 6938
6936 6938 6939
6940 6941 6942
6940 6942 6943
6944 6945 6946
6944 6946 6947
6948 6949 6950
6948 6950 6951
6952 6953 6954
6952 6954 6955
6956 6957 6958
6956 6958 6959
6960 6961 6962
6960 6962 6963
6964 6965 6966
6964 6966 6967
6968 6969 6970
6968 6970 6971
6972 6973 6974
6972 6974 6975
6976 6977 6978
6976 6978 6979
6980 6981 6982
6980 6982 6983
6984 6985 6986
6984 6986 6987
6988 6989 6990
6988 6990 6991
6992 6993 6994
6992 6994 6995
6996 6997 6998
6996 6998 6999
7000 7001 7002
7000 7002 7003
7004 7005 7006
7004 7006 7007
7008 7009 7010
7008 7010 7011
7012 7013 7014
7012 7014 7015
7016 7017 7018
7016 7018 7019
7020 7021 7022
7020 7022 7023
7024 7025 7026
7024 7026 7027
7028 7029 7030
7028 7030 7031
7032 7033 7034
7032 7034 7035
7036 7037 7038
7036 7038 7039
7040 7041 7042
7040 7042 7043
7044 7045 7046
7044 7046 7047
7048 7049 7050
7048 7050 7051
7052 7053 7054
7052 7054 7055
7056 7057 7058
7056 7058 7059
7060 7056 7059
7060 7061 7056
7062 7061 7060
7062 7063 7061
7064 7065 7066
7064 7067 7065
7064 7068 7067
7067 7068 7069
7070 7071 7072
7070 7072 7073
7074 7070 7073
7074 7075 7070
7076 7077 7078
7076 7078 7079
7080 7076 7079
7080 7081 7076
7082 7083 7084
7082 7085 7083
7086 7085 7082
7086 7087 7085
7088 7087 7086
7088 7086 7089
7090 7088 7089
7090 7091 7088
7092 7091 7090
7092 7093 7091
7094 7095 7096
7094 7097 7095
7098 7097 7094
7098 7099 7097
7100 7099 7098
7100 7101 7099
7102 7103 7104
7102 7104 7105
7105 7104 7106
7105 7106 7107
7107 7106 7108
7107 7108 7109
7109 7108 7110
7109 7110 7111
7112 7111 7110
7112 7113 7111
7114 7113 7112
7114 7112 7115
7116 7114 7115
7116 7117 7114
7118 7117 7116
7118 7119 7117
7120 7121 7122
7120 7123 7121
7124 7123 7120
7124 7125 7123
7126 7125 7124
7126 7127 7125
439 7128 7129
439 7129 7130
439 7130 7131
439 7131 437
7132 437 7131
7132 438 437
7133 438 7132
7133 442 438
442 7133 7134
442 7134 7135
7130 7136 7131
7131 7137 7132
7131 7136 7137
7132 7138 7133
7132 7137 7138
7139 7133 7138
7139 7140 7133
7130 7141 7136
7141 7130 7142
7141 7142 7143
7144 7141 7143
7144 7145 7141
7146 7141 7145
7146 7136 7141
7147 7136 7146
7147 7137 7136
7148 7137 7147
7148 7138 7137
7149 7138 7148
7149 7150 7138
7151 7152 7153
7151 7153 7154
7155 7156 7157
7155 7157 7158
7159 7160 7161
7159 7161 7162
7163 7164 7165
7163 7165 7166
7167 7168 7169
7167 7169 7170
7171 7172 7173
7171 7173 7174
7175 7176 7177
7175 7177 7178
7179 7180 7181
7179 7181 7182
7183 7184 7185
7183 7185 7186
7187 7188 7189
7187 7189 7190
7191 7192 7193
7191 7193 7194
7195 7196 7197
7195 7197 7198
7199 7200 7197
7199 7197 7201
7202 7203 7204
7202 7204 7205
7206 7207 7208
7206 7208 7209
7210 7211 7212
7210 7212 7213
7214 7215 7216
7214 7216 7217
7218 7219 7220
7218 7221 7219
7222 7221 7223
7222 7224 7221
7225 7224 7226
7225 7227 7224
7228 7227 7229
7228 7230 7227
7231 7230 7232
7231 7233 7230
7234 7233 7235
7234 7236 7233
7237 7238 7236
7238 7237 7239
7238 7239 7240
7240 7239 7241
7238 7240 7242
7238 7242 7243
7244 7219 7241
7244 7241 7245
7246 7247 7248
7246 7248 7249
7250 7251 7252
7250 7252 7253
7254 7255 7256
7254 7256 7257
7258 7259 7260
7258 7260 7261
7262 7263 7264
7262 1531 7263
7265 7266 7267
7265 7267 7268
7269 7270 7271
7272 7270 7269
7270 7273 7274
7270 7274 1616
7275 7276 7277
7275 7277 7278
7279 7280 7281
7279 7281 7282
7283 7284 7285
7283 7285 7286
7287 7288 7289
7287 7289 7290
7291 7292 7293
7291 7293 7294
7295 7296 7297
7295 1735 7296
1786 7298 7299
1786 7299 7300
7301 7302 7303
7303 7302 7304
7305 7306 7307
7305 7307 7308
7309 7310 7311
7309 2383 7310
7312 2383 7309
7313 7314 2438
7313 2438 7315
7316 2108 7317
7316 7318 2108
7319 7320 7321
7319 7321 7322
7323 7324 7325
7323 7325 7326
7326 7325 7327
7326 7327 7328
7329 7330 7331
7329 7331 7332
7333 7334 7335
7333 7335 7336
7337 7338 7339
7337 7339 7340
7341 7342 7343
7341 7343 7344
7345 7346 7347
7345 3462 7346
7348 7349 7350
7351 7349 7348
7352 7353 7354
7352 7354 7355
7356 7357 3606
7356 3606 7358
7359 7360 7361
7359 7361 7362
7363 7364 7365
7363 3185 7364
7366 7367 2972
7366 2972 7368
7369 7370 7371
7369 7371 7372
7373 7374 7375
7373 7375 7376
7377 7378 7379
7377 7379 7380
7381 7382 3737
7382 7383 3737
7382 7384 7383
7385 7384 7382
7385 7382 7386
7386 7382 7387
7388 7385 7386
7389 7384 7385
7389 7385 7388
7389 7390 7384
7389 7388 7391
7392 7393 7394
7392 7394 7395
7396 7397 4529
7396 4529 7398
7399 7400 3743
7399 3743 7401
4455 7402 7403
4455 7404 7402
7404 7405 7402
7406 7404 4455
7407 7406 4455
7408 7409 4240
7408 4240 7410
7411 7412 7413
7411 7413 7414
4885 7415 7416
4885 7416 7417
4885 7417 7418
4887 4885 7418
7419 4887 7418
4887 7419 4888
7419 4899 4888
7418 7417 7420
7419 7418 7421
7421 7418 7420
7417 7422 7420
7421 7420 7422
7417 7423 7422
7424 4899 7419
7419 7421 7424
7423 7425 7422
7423 7426 7425
7421 7422 7427
7424 7421 7427
7425 7427 7422
7424 7427 7428
7429 4899 7424
7428 7429 7424
4899 7429 4900
7430 4900 7429
7428 7430 7429
7430 7431 4900
7432 7425 7426
7432 7426 7433
7432 7433 7434
7425 7435 7427
7428 7427 7435
7432 7435 7425
7431 7430 7436
7431 7436 7437
7432 7434 7438
7439 7438 7434
7432 7440 7435
7438 7440 7432
7439 7441 7438
7442 7441 7439
7441 7443 7438
7438 7443 7440
7440 7444 7435
7428 7435 7444
7430 7428 7445
7430 7445 7436
7437 7436 7446
7437 7446 7447
7442 7448 7441
7441 7448 7443
7443 7449 7440
7440 7449 7444
7428 7444 7450
7450 7445 7428
7450 7444 7449
7451 7436 7445
7451 7446 7436
7450 7451 7445
7452 7447 7446
7452 7446 7451
7452 7453 7447
7452 7454 7453
7454 7452 7455
7452 7451 7455
7454 7455 7456
7455 7457 7456
7455 7451 7457
7450 7457 7451
7450 7449 7457
7457 7449 7458
7443 7458 7449
7457 7458 7459
7448 7458 7443
7460 7459 7458
7448 7460 7458
7460 7461 7459
7448 7442 7460
7460 7442 7461
7462 7463 2787
7462 2787 7464
3532 7465 7466
3532 7466 7467
