byte offset: 0
first index: 0
index count: 5625
topology: trianglelist
format: DXGI_FORMAT_R16_UINT

0 1 2
3 2 4
5 2 6
5 7 2
8 2 7
8 7 9
10 11 7
12 10 7
12 13 10
10 14 11
15 14 10
15 16 14
15 10 17
15 17 18
18 19 15
18 20 19
19 21 15
19 22 21
19 23 24
19 25 26
25 19 27
28 25 29
30 25 31
30 32 25
25 32 33
25 33 34
32 35 33
32 36 35
36 32 37
36 37 38
36 39 35
39 40 35
41 35 40
41 40 42
36 43 39
44 43 36
44 36 45
44 46 43
44 47 46
43 46 48
43 48 39
39 48 49
47 50 46
48 46 50
47 51 50
39 52 40
39 49 52
53 42 40
53 40 54
52 54 40
42 53 55
56 42 55
56 57 42
49 58 52
52 58 54
48 50 59
59 50 60
61 60 50
61 62 60
63 48 59
63 49 48
64 63 59
64 59 60
49 63 65
65 63 64
66 58 49
58 67 54
58 66 67
65 68 49
68 66 49
54 67 69
54 69 70
65 64 71
72 64 60
71 64 72
65 73 68
71 73 65
74 67 66
75 69 67
75 67 74
68 76 66
74 66 76
72 60 77
60 78 77
60 79 78
71 72 80
71 81 73
80 81 71
68 73 82
73 81 83
73 83 82
68 82 84
76 68 84
85 84 82
83 85 82
80 86 81
86 83 81
76 84 87
85 87 84
80 72 88
89 86 80
80 88 89
90 88 72
90 72 77
77 91 90
77 92 91
91 93 90
91 94 93
90 95 88
90 93 95
96 89 88
96 88 95
89 97 86
89 96 97
95 98 96
97 96 98
99 86 97
99 83 86
97 98 100
99 97 100
99 101 83
83 101 85
101 102 85
102 87 85
95 93 103
93 104 103
93 105 104
95 106 98
95 103 106
106 103 107
106 108 98
100 98 108
106 107 109
106 109 108
109 110 108
100 108 111
111 108 110
100 111 112
111 110 113
112 111 113
114 100 112
100 114 99
114 115 99
115 101 99
116 101 115
101 116 102
115 117 116
116 117 102
114 118 115
115 118 117
117 119 102
102 119 87
114 112 120
114 120 118
112 121 120
121 118 120
122 117 118
117 122 119
112 113 123
112 123 121
124 87 119
76 87 124
122 118 125
121 125 118
126 76 124
126 74 76
127 74 126
127 75 74
128 126 124
127 126 128
124 119 129
128 124 129
119 130 129
119 122 130
130 128 129
131 122 125
131 130 122
132 125 121
132 131 125
130 133 128
131 133 130
121 134 132
121 123 134
135 131 132
134 135 132
123 136 134
123 113 136
134 136 137
134 137 135
136 113 138
137 136 138
113 110 138
133 139 128
127 128 139
131 140 133
135 140 131
133 140 141
142 140 135
142 141 140
135 137 143
135 143 142
133 144 139
133 141 144
137 138 145
137 146 143
146 137 145
142 143 147
143 146 147
148 141 142
142 147 148
144 141 149
148 149 141
139 144 150
144 149 150
151 145 138
110 151 138
148 152 149
150 149 152
150 152 153
139 150 154
154 150 155
127 139 154
154 155 156
127 154 157
157 154 156
157 75 127
157 156 158
157 159 75
159 69 75
160 159 157
161 160 157
159 162 69
69 162 163
162 164 163
165 69 163
166 163 164
166 164 167
159 168 162
162 168 164
159 160 169
159 169 168
168 169 170
168 170 171
172 169 160
172 173 169
174 172 160
168 175 164
175 168 171
175 176 164
175 171 177
177 178 175
177 179 178
177 171 180
171 181 180
171 182 181
177 180 183
183 184 177
183 185 184
186 183 180
187 188 160
189 190 183
191 192 180
193 194 195
196 197 195
196 195 198
199 200 196
199 201 200
202 203 199
202 204 203
205 204 206
207 208 209
210 211 212
212 213 214
212 214 215
215 216 217
215 217 218
218 219 220
218 220 221
222 221 223
222 224 221
225 226 224
227 226 228
227 229 226
230 231 224
230 232 231
233 229 234
233 235 229
236 235 233
236 237 235
238 239 237
240 241 242
243 244 241
245 246 241
245 241 247
248 247 241
248 241 249
250 247 251
250 252 247
253 252 250
252 254 247
252 255 254
253 256 252
256 257 252
256 258 257
259 258 256
259 260 258
261 259 256
261 256 262
263 259 261
263 261 264
263 265 259
263 266 265
263 267 268
263 269 267
269 263 270
271 272 269
271 269 273
274 273 269
274 269 275
269 276 275
277 275 270
278 279 277
278 277 280
281 273 282
281 283 273
284 273 283
284 285 273
286 283 287
286 288 283
288 289 283
288 290 289
291 288 292
291 293 288
288 293 294
288 294 295
296 293 297
296 298 293
299 300 298
301 300 299
301 299 302
299 298 303
302 299 304
304 299 303
302 304 305
306 305 304
306 307 305
307 306 308
307 308 309
310 306 304
310 308 306
304 303 311
310 304 311
303 312 311
303 313 312
309 308 314
309 314 315
310 316 308
314 308 316
317 310 311
317 316 310
315 314 318
315 318 319
314 316 320
318 314 320
319 318 321
319 321 322
321 318 323
318 320 323
321 323 324
324 323 325
324 325 326
317 311 327
327 311 328
329 317 327
329 330 317
317 330 316
320 316 330
320 330 331
329 332 330
331 330 332
320 331 333
334 320 333
334 333 335
333 331 336
331 332 336
336 332 337
333 336 338
339 332 329
332 339 337
337 339 340
329 327 341
327 342 341
327 343 342
336 337 344
336 344 345
336 345 346
337 347 344
337 348 347
339 329 349
350 339 349
351 339 350
350 349 352
329 353 349
349 353 354
349 354 355
349 355 356
357 353 329
357 329 341
358 353 357
358 359 353
360 357 341
361 360 341
361 362 360
363 357 360
364 358 357
364 357 365
366 358 364
366 367 358
368 367 366
358 367 369
358 369 370
367 371 372
373 360 374
373 374 375
376 377 375
376 378 377
379 380 381
382 383 384
385 386 387
388 389 390
391 392 393
394 395 396
397 398 399
400 401 398
398 402 403
398 404 402
405 404 398
405 406 404
407 404 408
407 408 409
410 408 404
410 411 408
408 412 413
408 413 414
415 408 414
415 414 416
414 417 418
414 418 419
420 414 419
420 419 421
419 418 146
146 418 147
147 418 422
147 422 423
148 147 423
419 146 424
146 145 424
419 424 425
426 419 425
424 145 427
424 427 425
151 427 145
148 423 428
148 428 152
429 428 423
430 152 428
430 431 152
432 425 427
433 425 432
427 151 434
110 434 151
432 427 435
435 427 434
110 436 434
109 436 110
435 437 432
435 438 437
435 434 439
439 434 436
439 440 435
441 436 109
439 436 441
107 441 109
441 442 439
439 442 440
107 443 441
441 443 442
444 440 442
445 442 443
444 442 445
107 446 443
445 443 446
447 440 444
447 448 440
107 449 446
450 445 446
450 446 449
451 444 445
451 445 450
452 450 449
452 449 453
454 451 450
454 455 451
107 456 449
103 456 107
457 449 456
457 458 449
103 459 456
103 460 459
461 444 451
461 447 444
451 462 461
451 463 462
464 447 461
465 464 461
465 466 464
464 467 447
467 468 447
469 467 464
464 470 469
469 471 467
464 472 473
474 469 473
474 475 469
476 469 475
476 477 469
467 478 479
480 481 467
475 482 483
475 484 482
475 485 484
475 486 485
484 487 488
484 489 487
490 489 484
490 484 491
492 493 489
492 489 494
495 494 489
495 496 494
494 497 498
494 499 500
501 163 502
503 504 505
506 152 507
508 509 510
510 511 512
513 514 510
513 515 514
513 510 516
513 516 517
518 513 519
518 520 513
521 520 518
520 522 513
521 156 520
520 523 522
523 520 156
524 523 156
525 526 523
527 528 523
527 529 528
530 531 532
533 534 532
532 535 536
532 536 537
538 539 532
538 540 539
541 542 543
544 545 543
546 544 543
546 543 547
547 543 548
547 548 549
550 547 551
550 164 547
552 547 164
553 554 555
556 557 558
559 560 561
562 563 564
565 566 567
567 568 569
567 569 570
570 571 572
570 572 573
573 572 574
573 574 575
576 577 578
578 579 580
578 580 581
582 583 581
582 584 583
585 586 587
587 588 589
587 590 591
587 591 592
593 594 587
593 595 594
596 597 598
599 597 600
597 599 601
597 601 602
597 603 604
597 604 605
606 607 608
609 608 610
609 610 611
612 613 614
615 616 617
618 619 620
621 622 620
621 620 623
624 625 626
624 627 628
624 628 629
629 630 624
629 631 630
632 629 633
634 629 632
624 635 636
636 637 624
636 638 637
639 640 636
432 641 636
636 642 432
643 644 645
646 647 644
646 648 647
649 650 648
649 648 651
652 653 649
652 649 654
655 652 656
657 658 659
660 661 659
660 659 662
663 664 665
666 664 667
667 664 668
667 668 669
668 664 670
668 670 671
672 669 668
672 668 673
673 668 674
673 674 675
676 672 673
676 673 677
677 673 678
677 678 679
676 677 680
680 677 681
680 681 682
676 680 683
683 680 684
684 680 685
684 685 686
683 684 687
688 687 684
688 689 687
684 690 691
692 689 693
694 692 695
696 692 697
698 699 692
700 699 701
702 703 704
705 706 707
708 706 709
708 709 710
710 711 712
710 712 713
714 715 716
717 718 715
717 719 718
720 721 722
723 722 724
723 724 725
726 727 724
726 724 728
729 730 728
729 728 731
732 731 733
732 733 734
735 733 736
737 733 738
737 738 739
740 741 736
740 742 741
743 744 740
743 745 744
746 747 743
746 748 747
748 746 749
750 751 752
753 750 754
755 750 756
755 757 750
757 758 750
757 759 758
760 757 761
760 761 762
763 757 760
763 760 764
765 760 766
767 760 765
765 766 768
767 765 769
770 765 768
770 769 765
770 768 771
770 772 769
773 774 770
773 775 774
773 770 776
773 776 777
773 778 779
773 779 780
780 781 773
782 780 783
782 784 780
785 780 784
785 786 780
780 787 788
789 790 787
791 792 789
791 793 792
794 784 795
794 796 784
797 796 794
797 794 798
796 799 784
796 800 799
797 801 796
797 802 801
803 804 797
803 797 326
797 805 326
797 806 805
807 808 809
810 811 812
813 812 814
813 814 815
816 817 818
819 820 821
822 823 824
825 826 827
828 829 827
830 831 827
830 827 832
833 827 834
833 834 835
836 837 838
839 840 841
842 843 844
845 846 847
848 849 850
851 852 849
851 853 852
854 855 856
857 855 858
857 858 859
860 861 862
863 864 865
866 867 868
869 870 871
872 873 874
875 876 877
878 879 880
881 882 883
884 885 886
887 888 889
890 891 892
892 893 894
892 894 895
895 896 897
895 897 898
899 900 901
902 903 904
905 903 906
905 906 907
908 909 910
911 912 913
914 915 911
916 917 911
916 918 917
917 919 911
917 920 919
921 922 917
923 55 917
55 924 917
55 925 924
926 927 55
928 929 930
931 932 933
934 935 936
937 938 939
940 941 942
943 944 945
946 947 948
949 950 951
952 953 954
955 956 957
958 959 960
961 962 963
964 965 966
967 968 969
970 971 972
973 974 972
972 975 976
972 976 977
978 972 977
978 977 979
977 980 981
977 982 983
984 977 983
984 983 985
983 986 987
983 987 988
983 988 989
990 983 989
988 987 991
988 992 989
988 991 993
988 993 992
989 992 994
995 992 993
992 995 994
993 991 996
995 993 997
993 996 997
991 987 998
996 991 999
991 998 999
989 994 1000
994 1001 1000
1002 989 1000
1002 1003 989
1000 1004 1002
1000 1005 1004
995 1006 994
994 1006 1007
994 1007 1008
1006 995 1009
997 1009 995
997 1010 1009
1011 1010 997
996 1011 997
1011 996 1012
996 999 1012
1011 1013 1010
1010 1014 1009
1013 1014 1010
1011 1012 1015
1013 1011 1015
1016 1012 999
1017 1015 1012
1017 1012 1016
1016 999 1018
1018 999 998
1018 998 1019
1018 1020 1016
1019 1020 1018
1016 1021 1017
1020 1021 1016
1019 998 1022
987 1022 998
987 1023 1022
987 1024 1023
1024 1025 1023
1024 1026 1025
1023 1027 1022
1023 1028 1027
1028 1029 1027
1028 1030 1029
1031 1022 1027
1031 1027 1029
1031 1029 1032
1031 1033 1022
1019 1022 1033
1019 1033 1034
1035 1034 1033
1035 1033 1036
1037 1029 1038
1039 1040 1029
1041 1019 1042
1041 1043 1019
1019 1043 1020
1043 1044 1020
1041 1045 1043
1043 1045 1044
1041 1046 1045
1047 1020 1044
1047 1021 1020
1045 1048 1044
1044 1048 1047
1021 1047 1049
1048 1050 1047
1047 1050 1049
1021 1049 1051
1021 1051 1017
1052 1017 1051
1052 1015 1017
1048 1053 1050
1054 1053 1048
1045 1055 1048
1056 1048 1055
1045 1057 1055
1057 1056 1055
1045 1058 1057
1057 1059 1056
1051 1049 1060
1052 1051 1060
1052 1061 1015
1013 1015 1061
1062 1061 1052
1063 1013 1061
1063 1061 1062
1013 1063 1064
1013 1064 1014
1065 1052 1060
1062 1052 1065
1066 1063 1062
1066 1064 1063
1067 1014 1064
1066 1068 1064
1068 1067 1064
1067 1069 1014
1014 1069 1009
1069 1070 1009
1070 1006 1009
1071 1069 1067
1069 1071 1070
1072 1062 1065
1065 1060 1073
1072 1065 1073
1066 1062 1074
1072 1074 1062
1006 1070 1075
1071 1076 1070
1070 1076 1075
1077 1075 1076
1006 1075 1078
1006 1078 1079
1078 1080 1079
1081 1078 1075
1078 1082 1080
1083 1082 1078
1083 1084 1082
1085 1074 1072
1085 1072 1086
1072 1073 1086
1085 1087 1074
1088 1074 1087
1088 1066 1074
1066 1088 1089
1066 1089 1068
1090 1088 1087
1089 1088 1090
1091 1086 1073
1091 1073 1092
1092 1073 1060
1092 1060 1093
1049 1093 1060
1093 1049 1094
1050 1094 1049
1095 1092 1093
1095 1093 1094
1096 1091 1092
1095 1096 1092
1094 1050 1097
1095 1094 1098
1094 1097 1098
1096 1095 1099
1095 1098 1099
1100 1098 1097
1100 1097 1101
1101 1097 1102
1050 1103 1097
1097 1103 1104
1050 1105 1103
1103 1105 1106
1103 1106 1107
1108 1103 1107
1108 1107 1109
1110 1099 1098
1110 1098 1111
1112 1107 1113
1112 1114 1107
1115 1107 1114
1115 1114 1116
1099 1117 1118
1099 1118 1119
1096 1099 1119
1120 1096 1119
1096 1120 1091
1120 1119 1121
1119 1122 1121
1119 1123 1122
1124 1091 1120
1120 1121 1125
1120 1125 1124
1126 1124 1125
1121 1127 1125
1121 1128 1127
1124 1129 1091
1129 1086 1091
1129 1124 1130
1124 1131 1130
1129 1132 1086
1085 1086 1132
1129 1133 1132
1133 1085 1132
1129 1130 1134
1129 1134 1133
1133 1135 1085
1135 1087 1085
1135 1136 1087
1090 1087 1136
1137 1135 1133
1137 1136 1135
1134 1138 1133
1137 1133 1138
1139 1090 1136
1137 1140 1136
1139 1136 1140
1141 1137 1138
1141 1140 1137
1139 1142 1090
1089 1090 1142
1134 1143 1138
1141 1138 1144
1143 1144 1138
1134 1145 1143
1134 1130 1145
1143 1146 1144
1145 1146 1143
1147 1139 1140
1139 1148 1142
1147 1148 1139
1149 1089 1142
1148 1149 1142
1141 1150 1140
1147 1140 1150
1151 1141 1144
1151 1150 1141
1146 1152 1144
1151 1144 1152
1149 1153 1089
1153 1068 1089
1153 1154 1068
1068 1154 1067
1149 1155 1153
1155 1154 1153
1154 1156 1067
1071 1067 1156
1154 1157 1156
1155 1157 1154
1158 1071 1156
1157 1158 1156
1158 1159 1071
1071 1159 1076
1160 1076 1159
1160 1161 1076
1162 1159 1158
1162 1163 1159
1157 1164 1158
1158 1164 1165
1158 1165 1166
1157 1167 1164
1157 1155 1167
1168 1167 1155
1164 1167 1169
1164 1169 1170
1167 1171 1172
1173 1174 1155
1149 1173 1155
1175 1173 1149
1148 1175 1149
1175 1176 1173
1177 1175 1148
1177 1176 1175
1176 1178 1173
1173 1178 1179
1177 1148 1180
1147 1180 1148
1180 1147 1181
1181 1147 1150
1181 1150 1182
1151 1182 1150
1151 1183 1182
1183 1181 1182
1151 1184 1183
1184 1151 1152
1185 1177 1180
1180 1181 1186
1185 1180 1186
1183 1187 1181
1186 1181 1187
1184 1188 1183
1187 1183 1188
1186 1187 1189
1185 1186 1189
1185 1190 1177
1177 1190 1176
1176 1190 1191
1185 1192 1190
1192 1191 1190
1187 1188 1193
1193 1189 1187
1194 1193 1188
1184 1195 1188
1195 1194 1188
1185 1189 1196
1196 1192 1185
1193 1197 1189
1197 1196 1189
1176 1191 1198
1176 1198 1178
1195 1184 1199
1184 1152 1199
1194 1200 1193
1200 1197 1193
1191 1201 1198
1178 1198 1201
1178 1201 1202
1191 1203 1201
1178 1202 1204
1178 1204 1205
1206 1203 1191
1206 1191 1207
1192 1207 1191
1208 1206 1207
1208 1207 1192
1208 1209 1206
1208 1192 1210
1196 1210 1192
1210 1196 1211
1197 1211 1196
1212 1208 1210
1212 1210 1211
1213 1208 1212
1213 1214 1208
1215 1211 1197
1212 1211 1215
1215 1197 1216
1200 1216 1197
1217 1216 1200
1200 1194 1217
1212 1215 1218
1219 1212 1218
1219 1220 1212
1216 1221 1215
1221 1218 1215
1217 1222 1216
1216 1222 1221
1217 1194 1223
1223 1222 1217
1223 1224 1222
1225 1222 1224
1225 1221 1222
1221 1226 1218
1226 1221 1225
1226 1227 1218
1226 1225 1228
1226 1229 1227
1228 1229 1226
1228 1230 1229
1231 1232 1194
1194 1233 1231
1195 1233 1194
1232 1231 1234
1234 1231 1233
1232 1234 1235
1236 1235 1234
1236 1237 1235
1238 1237 1236
1234 1233 1239
1239 1233 1195
1239 1236 1234
1239 1195 1240
1195 1199 1240
1238 1236 1241
1241 1242 1238
1241 1243 1242
1244 1243 1241
1236 1244 1241
1244 1245 1243
1239 1246 1236
1246 1239 1240
1236 1246 1244
1240 1199 1247
1246 1240 1248
1240 1247 1248
1249 1244 1246
1249 1246 1248
1244 1249 1250
1244 1250 1251
1252 1247 1199
1252 1199 1152
1146 1252 1152
1247 1253 1248
1253 1249 1248
1252 1253 1247
1252 1146 1254
1145 1254 1146
1252 1254 1255
1252 1255 1253
1253 1256 1249
1257 1249 1256
1257 1256 1258
1259 1254 1145
1255 1254 1259
1260 1253 1255
1260 1256 1253
1255 1259 1260
1256 1260 1261
1261 1260 1259
1256 1261 1262
1261 1259 1263
1259 1145 1264
1264 1263 1259
1130 1264 1145
1264 1265 1263
1130 1266 1264
1266 1265 1264
1267 1266 1130
1266 1268 1265
1266 1269 1268
1266 1270 1269
1269 1271 1272
1269 1272 1273
1274 1275 1273
1274 1276 1275
1276 1277 1275
1276 1278 1277
1279 1280 1277
1279 1281 1280
1282 1280 1283
1282 1284 1280
1285 1284 1286
1287 1288 1289
1290 1291 1288
1290 1292 1291
1293 1294 1295
1296 1297 1298
1299 1300 1297
1299 1301 1300
1302 1303 1304
1305 1303 1306
1305 1306 1307
1308 1309 1310
1308 1311 1312
1308 1312 1057
1308 1057 1313
1314 1308 1315
1315 1308 1316
1317 1318 1319
1320 1319 1321
1322 1323 1319
1322 1324 1323
1325 1319 1323
1325 1323 1326
1327 1323 1328
1323 1041 1329
1330 1041 1323
1330 1331 1041
1332 1333 1334
1335 1333 1336
1335 1336 1337
1338 1339 1340
1341 1342 1338
1341 1343 1342
1341 1344 1345
1341 1346 1344
1346 1347 1348
1346 1349 1347
1350 1351 1349
1350 1352 1351
1353 1354 1350
1353 1355 1354
1356 1357 1353
1356 1358 1357
1359 1358 1356
1359 1356 1360
1359 1360 1361
1359 1361 1362
1359 1363 1364
1365 1366 1361
1365 1367 1366
1368 1369 1365
1370 1371 1372
1373 1372 1374
1372 1375 1376
1372 1377 1375
1377 1372 1378
1377 1378 1379
1380 1377 1381
1380 1114 1377
1382 1377 1114
1382 1383 1377
1384 1385 1386
1387 1385 1388
1387 1388 1389
1390 1391 1392
1393 1392 1394
1393 1394 1395
1396 1397 1398
1398 1399 1400
1398 1400 1401
1402 1403 1404
1404 1405 1406
1404 1406 1407
1408 1409 1410
1411 1412 1413
1413 1414 1415
1413 1415 1416
1416 1415 1417
1416 1417 1418
1417 1419 1418
1417 1420 1419
1420 1421 1419
1421 1422 1419
1419 1422 1423
1419 1423 1424
1421 1425 1422
1426 1425 1421
1426 1427 1425
1420 1428 1421
1429 1426 1421
1429 1421 1428
1427 1426 1430
1430 1431 1427
1430 1432 1431
1433 1426 1429
1433 1430 1426
1434 1429 1428
1435 1433 1429
1435 1429 1434
1436 1430 1433
1435 1436 1433
1437 1428 1420
1434 1428 1437
1436 1438 1430
1438 1439 1430
1438 1440 1439
1438 1436 1441
1435 1442 1436
1441 1436 1442
1443 1438 1441
1444 1438 1443
1441 1445 1443
1441 1446 1445
1441 1442 1447
1448 1447 1442
1448 1442 1435
1448 1449 1447
1448 1435 1450
1450 1435 1434
1449 1448 1451
1450 1451 1448
1450 1452 1451
1450 1434 1453
1452 1450 1453
1453 1434 1437
1454 1451 1452
1454 1452 1455
1449 1451 1456
1456 1451 1457
1449 1456 1458
1449 1458 1459
1452 1453 1460
1453 1437 1461
1460 1453 1461
1452 1460 1462
1452 1462 1463
1452 1463 1464
1460 1461 1465
1462 1460 1465
1437 1466 1461
1466 1465 1461
1462 1465 1467
1465 1468 1467
1465 1469 1468
1466 1469 1465
1468 1469 1470
1468 1470 1471
1472 1469 1466
1472 1473 1469
1474 1473 1472
1474 1475 1473
1476 1475 1474
1476 1477 1475
1478 1477 1476
1479 1470 1480
1479 1480 1481
1481 1482 1483
1437 1484 1466
1437 1420 1484
1485 1466 1484
1485 1486 1466
1486 1485 1487
1486 1487 1488
1489 1484 1420
1420 1490 1489
1491 1489 1490
1491 1492 1489
1484 1493 1485
1489 1493 1484
1494 1485 1493
1489 1495 1493
1494 1493 1495
1489 1496 1495
1495 1497 1494
1495 1498 1497
1498 1499 1497
1498 1500 1499
1495 1500 1498
1495 1501 1500
1502 1503 1492
1502 1504 1503
1503 1504 1505
1506 1507 1508
1423 1507 1509
1423 1509 1510
1511 1512 1513
1514 1515 1516
1517 1518 1514
1517 1519 1518
1520 1521 1517
1520 1522 1521
1523 1524 1520
1523 1525 1524
1125 1526 1527
1528 1529 1530
1529 1531 1532
1529 1002 1531
1533 1002 1529
1534 1535 1529
1529 1536 1534
1537 1538 1539
1540 1541 1537
1540 1542 1541
1543 1544 1545
1546 1547 1544
1544 1548 1549
1544 1549 1550
1550 1551 1544
1550 1552 1551
1553 1554 1550
1553 1550 1555
1556 1555 1550
1556 1550 1557
1558 1559 1555
1558 1555 1082
1560 1082 1555
1560 1561 1082
1562 1563 1564
1564 1565 1566
1564 1566 1567
1568 1567 1569
1568 1570 1567
1571 1570 1572
1571 1573 1570
1574 1573 1571
1574 1575 1573
1204 1575 1576
1204 1576 1577
1578 1579 1580
1581 1579 1582
1581 1583 1579
1584 1583 1585
1584 1586 1583
1587 1586 1588
1587 1588 1589
1590 1591 1592
1593 1594 1591
1593 1595 1594
1596 1597 1593
1596 1593 1598
1599 1596 1598
1599 1598 1600
1599 1600 1601
1599 1601 1602
1596 1603 1604
1605 1601 1606
1605 1606 1607
1606 1608 1609
1606 1610 1608
1611 1612 1610
1611 1613 1612
1614 1615 1611
1614 1616 1615
1614 1617 1618
1614 1619 1617
1619 1620 1617
1621 1622 1443
1623 1624 1443
1623 1625 1624
1626 1627 1628
1629 1630 1631
1632 1633 1634
1635 1636 1637
1638 1639 1640
1641 1642 1643
1644 1456 1645
1646 1456 1647
1646 1647 1648
1649 1650 1651
1652 1653 1654
1652 1654 1655
1652 1655 1656
1656 1655 1657
1657 1655 1658
1657 1658 1659
1652 1656 1660
1656 1657 1661
1662 1652 1660
1662 1663 1652
1662 1664 1663
1662 1665 1664
1662 1660 1666
1667 1662 1666
1667 1666 1668
1661 1657 1669
1661 1669 1670
1657 1671 1669
1657 1672 1671
1670 1669 1673
1670 1673 1674
1675 1674 1673
1669 1676 1673
1669 1677 1676
1678 1673 1676
1679 1668 1680
1681 1682 1680
1683 1681 1680
1684 1680 1685
1684 1685 1686
1687 1688 1689
1687 1689 1690
1691 1692 1687
1691 1693 1692
1694 1693 1691
1694 1695 1693
1695 1694 1696
1695 1696 1697
1696 1698 1697
1696 1699 1698
1700 1701 1702
1701 1703 1702
1703 1701 1704
1703 1704 1705
1704 1706 1705
1704 1707 1706
1706 1707 1708
1706 1708 1709
1709 1710 1711
1709 1711 1712
1712 1711 1713
1714 1715 1716
1714 1716 1717
1718 1714 1717
1719 1720 1721
1719 1722 1720
1723 1722 1719
1724 1725 1726
1724 1726 1727
1728 1729 1730
1728 1730 1731
1732 1733 1734
1732 1734 1735
1736 1737 1738
1736 1738 1739
1740 1741 1742
1740 1743 1741
1744 1741 1743
1744 1745 1741
1746 1747 1743
1748 1743 1747
1741 1749 1750
1741 1750 423
1751 1741 423
1751 423 1752
1753 172 1754
1753 1755 172
1755 1756 172
1755 1757 1756
1758 1755 1759
1758 1760 1755
1761 1762 1763
1761 1763 1764
1765 1766 1767
1765 1767 1768
1769 1770 1771
1769 1771 1772
1773 1774 1775
1776 1775 1774
1776 1777 1775
1778 1779 1780
1781 1780 1779
1781 1782 1780
1783 1784 1785
1783 1785 1786
355 1787 1788
355 1788 1789
355 1789 1790
355 1790 1791
1792 1793 1794
1794 1793 1795
1794 1795 1796
1797 1798 1799
1797 1799 1800
1799 1801 350
1799 350 1802
1803 1804 350
1803 350 1805
1806 1807 1808
1806 1808 1809
1810 1811 1808
1810 1808 1812
1813 1814 1815
1813 344 1814
1816 1817 1818
1816 1819 1817
1820 1819 1816
1820 1816 1821
1822 1820 1821
1822 1823 1820
1824 1825 1822
1824 1826 1825
1827 1828 1829
1827 1829 1830
1827 1830 1831
1832 1833 1834
1832 1834 1835
1836 1837 1838
1836 333 1837
1839 1840 1841
1839 1841 1842
1843 1844 1845
1843 1845 1846
337 1847 1848
337 1848 1849
1850 1851 1852
1850 1852 1853
1854 1855 1856
1854 1856 1857
1858 1859 1860
1858 1860 1861
1862 1863 1864
1864 1863 1865
1864 1865 1866
1867 1868 1869
1867 1870 1868
1868 1870 1871
1868 1871 1872
1872 1871 1873
1872 1873 1874
1874 1875 1876
1874 1876 1877
1878 1879 1880
1878 1880 1881
1882 1883 1884
1882 1884 1885
1886 1887 1888
1886 1888 1889
1890 1891 1892
1890 1892 1893
1894 1895 1896
1894 1896 1897
1898 1899 1900
1898 1900 1901
1902 1898 1903
1902 1903 1904
1905 1906 1907
1905 1907 1908
1909 1910 1911
1909 1911 1912
1913 1914 1915
1913 1915 1916
1917 1918 1919
1917 1919 1920
1921 1922 1923
1921 1923 1924
1925 1926 1927
1925 1927 1928
1929 1930 1931
1929 1931 1932
1933 1934 1935
1933 1935 1936
1937 1938 1939
1937 1939 1940
1941 1942 1943
1941 1943 1944
1945 1946 1947
1945 1947 1948
1949 1950 1951
1949 1951 1952
1953 1954 1955
1953 1955 1956
1957 1958 1959
1957 1959 1960
1961 1962 1963
1961 1963 1964
1965 1966 1967
1965 1967 1968
1969 1970 1971
1969 1971 1972
1973 1974 1975
1974 1976 1975
1977 1978 1979
1980 1977 1979
1981 1982 1983
1981 1983 1984
1984 1983 1985
1984 1985 1986
1987 1986 1985
1988 1989 1990
1988 1990 1991
1992 1990 1993
1992 1993 1994
1993 1995 1994
1996 1997 1998
1996 1998 1999
2000 2001 2002
2003 2000 2002
2003 1487 2000
2004 2005 2006
2004 2006 2007
2008 2009 2010
2008 2010 2011
2012 2013 2010
2012 2010 2014
2015 2016 2017
2017 2016 2018
2017 2018 2019
2020 2021 2022
2020 2022 2023
2023 2024 2025
2023 2025 2026
2025 2027 2026
2028 2029 2030
2031 2030 2029
2031 2032 2030
2033 2032 2031
2033 2034 2032
2035 2036 2037
2035 2037 2038
2037 2039 2040
2037 2040 2041
2042 2040 2043
2042 2043 2044
2044 2043 2045
2044 2045 2046
2047 2048 2049
2047 1427 2048
2050 2051 2047
2050 2052 2051
2053 2051 2052
2053 2054 2051
2055 2056 2057
2055 2058 2056
2058 2059 2056
2058 2060 2059
2061 2059 2060
2062 2063 2064
2062 2064 2065
2066 2067 2068
2066 2069 2067
2070 2069 2066
2070 2071 2069
2072 2071 2070
2072 2073 2071
2074 2073 2072
2074 2072 2075
2076 2077 2078
2076 2078 2079
2080 2081 2082
2080 2082 2083
2084 2085 2086
2084 2086 2087
2088 2089 2087
2088 2087 2090
2091 2092 2090
2091 2090 2093
2094 2095 2093
2094 2093 2096
2097 2098 2099
2100 2099 2098
2100 2098 2101
2102 2100 2101
2103 2104 2105
2103 2105 2106
2107 2108 1075
2109 2107 1075
2110 2111 2112
2110 2112 2113
2114 2115 2116
2114 2116 2117
2118 2119 2116
2118 2120 2119
2120 2121 2119
2120 2122 2121
2123 2121 2122
2124 2125 2126
2124 2127 2125
2124 2128 2129
2124 2129 2130
2130 2129 2131
2130 2131 2132
2133 2132 2131
2134 2135 2127
2134 2136 2135
1462 2136 2134
1462 2134 2137
2138 2139 2140
2138 2141 2139
2142 2141 2138
2143 2144 2145
2143 2145 2146
2147 2148 2149
2147 2149 2150
2151 2152 2153
2151 2154 2152
2154 2155 2152
2154 2156 2155
2156 2157 2155
2156 2158 2157
2158 2159 2157
2158 2160 2159
2161 2162 2163
2164 2163 2162
2164 2165 2163
2166 2165 2164
2166 2164 2167
2168 2166 2167
2168 2169 2166
2170 2171 2172
2170 2173 2171
2174 2173 2175
2174 2176 2173
2177 2176 2178
2177 2179 2176
2180 2179 2181
2180 2181 2182
2183 2184 2185
2185 2184 2186
2185 2186 2187
2188 2187 2186
2189 2190 2191
2189 2191 2192
2193 2194 2195
2193 2195 2196
2197 2198 2199
2197 2199 2200
2201 2202 2203
2201 2204 2202
2205 2206 2204
2205 2204 2207
2208 2209 2210
2208 2210 2211
2212 2213 2214
2212 2214 2215
2216 2217 2218
2216 2218 2219
2220 2221 2216
2220 2222 2221
2223 2224 2220
2223 2225 2224
2226 2227 2228
2226 2228 2229
2230 2231 2232
2230 2232 2233
