byte offset: 0
first index: 0
index count: 2943
topology: trianglelist
format: DXGI_FORMAT_R16_UINT

0 1 2
0 3 1
4 1 3
4 5 1
6 5 4
6 7 5
6 8 7
9 10 11
9 11 12
11 13 12
13 11 14
13 14 15
16 15 14
16 17 15
18 17 16
18 19 17
18 20 19
21 20 18
21 22 20
23 22 21
23 24 22
25 26 27
25 28 26
29 26 28
29 30 26
31 32 33
33 32 34
32 35 34
36 33 34
37 34 35
37 36 34
33 36 38
38 39 33
40 33 39
40 39 41
38 42 39
42 41 39
38 36 43
44 36 37
36 44 43
45 42 38
38 43 45
35 46 37
37 47 44
37 46 47
48 43 44
47 48 44
48 49 43
49 45 43
50 48 47
49 51 45
42 45 51
49 52 51
50 47 53
46 53 47
54 50 53
46 55 53
46 35 56
56 55 46
55 56 57
58 56 35
58 59 56
60 59 58
52 61 51
52 62 61
62 63 61
62 64 63
65 63 64
63 65 66
66 61 63
66 65 67
68 51 61
66 68 61
66 67 69
69 68 66
70 69 67
70 67 71
51 68 72
72 42 51
41 42 72
72 68 73
68 69 73
72 73 41
69 74 73
74 41 73
75 74 69
76 41 74
75 76 74
77 78 79
77 80 78
80 77 81
82 81 77
81 83 80
82 84 81
81 85 83
86 83 85
84 82 87
83 86 88
84 87 89
88 86 90
91 89 87
91 92 89
91 87 93
94 92 91
94 95 92
96 94 91
93 96 91
93 97 96
88 90 98
98 90 99
98 99 100
101 88 98
101 98 100
88 101 102
101 100 103
104 105 106
104 107 105
108 107 104
107 109 105
108 109 107
108 104 110
111 109 108
112 108 110
108 113 111
113 114 111
112 115 108
108 115 113
116 115 112
113 117 114
117 113 115
114 117 118
118 117 119
119 117 120
117 121 120
121 117 115
121 122 120
123 121 115
122 121 123
116 123 115
122 123 124
116 124 123
116 125 124
126 127 128
126 129 127
130 127 129
131 129 126
130 129 132
131 132 129
133 130 132
131 134 132
135 134 131
135 136 134
137 132 134
134 136 137
138 137 136
138 136 139
133 132 140
137 140 132
133 140 141
140 137 141
137 138 141
133 141 142
141 143 142
138 143 141
143 138 144
144 138 145
138 139 146
138 146 145
146 139 147
146 148 145
146 147 149
146 149 148
150 151 152
150 153 151
154 151 153
154 153 155
156 157 158
156 159 157
159 160 157
159 161 160
162 163 164
162 165 163
166 163 165
166 165 167
168 169 170
168 170 171
171 170 172
171 172 173
174 168 171
174 171 173
174 175 168
176 175 174
174 173 177
176 174 177
176 178 175
176 177 179
180 178 176
181 176 179
180 176 182
181 182 176
183 180 182
183 182 181
183 184 180
183 181 185
186 184 183
186 183 185
186 187 184
186 185 188
189 190 191
189 191 192
192 191 193
192 193 194
195 196 197
195 197 198
195 198 199
199 200 195
201 202 203
201 204 202
205 204 201
205 206 204
206 205 207
204 208 202
204 206 208
208 206 209
209 206 210
211 210 206
206 212 211
206 207 213
212 206 213
213 207 214
212 213 215
213 214 215
216 217 218
216 218 219
218 220 219
218 221 220
219 222 216
220 222 219
223 216 222
224 216 223
223 222 225
223 225 226
227 222 220
225 222 227
221 228 220
227 220 228
226 225 229
225 227 230
229 225 230
226 229 231
226 231 232
221 233 228
233 221 234
235 234 221
236 234 235
236 237 234
236 238 237
233 234 239
237 239 234
240 228 233
240 233 239
240 241 228
240 239 242
241 243 228
241 244 243
243 227 228
242 239 245
244 245 243
242 245 246
244 246 245
243 247 227
227 247 230
248 230 247
243 249 247
245 249 243
249 248 247
250 245 239
251 245 250
237 250 239
252 251 250
252 253 251
250 254 252
237 254 250
237 255 254
255 237 238
256 254 255
255 238 257
256 255 258
255 257 258
248 249 259
259 249 260
260 261 259
262 261 260
262 260 263
264 261 262
264 265 261
264 266 265
265 266 267
268 259 261
261 265 268
269 248 259
269 259 268
265 267 270
270 268 265
271 268 270
270 267 271
268 272 269
271 272 268
272 273 269
269 273 274
269 274 248
248 274 275
274 273 275
276 248 275
248 276 230
229 230 276
276 275 277
275 273 277
276 278 229
276 277 278
231 229 278
279 278 277
273 279 277
278 280 231
280 278 279
231 280 281
281 232 231
281 282 232
282 283 232
281 280 284
282 281 284
285 283 282
283 285 286
285 282 287
284 287 282
288 286 285
285 287 288
288 289 286
280 279 290
280 290 284
284 291 287
284 290 292
284 292 291
279 293 290
293 292 290
287 294 288
287 291 294
295 293 279
273 295 279
296 293 295
295 297 296
273 297 295
298 297 273
273 272 298
299 297 298
298 272 300
300 299 298
271 300 272
301 299 300
271 302 300
271 267 302
303 301 300
302 303 300
302 267 304
304 267 305
306 301 303
307 301 306
308 306 303
308 304 309
304 310 302
302 310 303
308 303 310
310 304 308
311 293 312
293 311 292
311 313 292
311 314 313
315 313 314
316 292 313
315 316 313
316 291 292
317 291 316
317 294 291
315 314 318
314 319 318
318 319 320
318 320 315
315 320 321
315 321 322
315 323 316
315 322 323
316 323 317
323 322 324
325 294 317
288 294 325
326 317 323
325 317 326
324 327 323
326 323 327
328 327 324
326 327 329
325 326 329
329 327 328
325 330 288
325 329 330
330 289 288
331 289 330
332 289 331
332 331 333
334 332 333
335 334 333
336 331 330
336 333 331
330 329 337
336 330 337
329 328 338
329 338 337
339 335 333
336 339 333
340 335 339
336 340 339
341 335 340
342 340 336
342 336 337
343 342 337
343 337 338
344 343 338
338 328 345
328 346 345
347 338 345
344 338 347
344 347 348
349 350 351
351 352 349
351 353 352
354 355 356
357 355 354
358 359 360
358 360 361
360 362 361
358 361 363
364 358 363
364 363 365
363 366 365
361 367 363
361 362 367
363 367 366
362 368 367
369 368 362
368 369 370
371 368 370
366 367 372
367 368 372
371 373 368
373 372 368
371 374 373
374 375 373
366 372 376
376 377 366
376 378 377
376 372 379
379 378 376
380 379 372
379 380 378
380 372 373
381 378 380
375 382 381
373 375 383
380 373 383
381 380 383
375 381 383
384 385 386
387 384 386
386 388 387
389 388 386
389 390 388
390 389 391
390 391 392
392 391 393
392 393 394
395 394 393
393 396 395
393 397 396
398 395 396
399 396 397
400 398 396
399 400 396
400 401 398
400 399 402
403 401 400
400 402 403
404 403 402
403 405 401
404 406 403
406 405 403
406 404 407
406 408 405
409 405 408
410 409 408
406 410 408
406 407 411
411 410 406
412 411 407
411 412 410
412 407 413
410 412 414
415 410 414
415 414 416
413 417 412
414 412 417
414 417 416
413 418 417
417 419 416
419 417 418
416 419 420
419 418 421
422 420 419
422 419 421
422 423 420
422 421 424
425 426 427
425 427 428
428 427 429
428 429 430
428 430 431
432 433 434
432 435 433
436 433 435
436 435 437
436 437 438
438 437 439
439 437 440
439 440 441
441 440 442
443 442 440
443 440 444
445 443 444
445 444 446
447 445 446
447 446 448
449 450 451
449 451 452
452 451 453
453 451 454
452 453 455
452 455 456
457 458 459
457 459 460
461 462 463
461 464 462
465 464 461
465 461 466
467 465 466
467 466 468
469 470 471
469 471 472
473 474 475
473 476 474
473 477 476
473 478 477
473 479 478
480 479 473
480 481 479
482 481 480
483 481 482
484 481 483
485 481 484
485 484 486
487 488 489
487 490 488
487 491 490
492 490 491
492 493 490
494 493 492
494 492 495
494 495 496
497 498 499
497 499 500
501 502 503
501 504 502
505 502 504
505 506 502
507 506 505
507 508 506
509 508 507
509 510 508
511 512 513
511 513 514
515 516 517
515 517 518
519 520 521
519 522 520
523 522 519
523 524 522
525 524 523
525 526 524
527 526 525
527 528 526
527 529 528
530 529 527
530 531 529
532 531 530
532 533 531
534 535 536
534 536 537
538 539 540
538 541 539
542 541 538
542 543 541
544 543 542
544 545 543
546 545 544
546 547 545
548 547 546
548 549 547
550 549 548
550 551 549
552 553 554
552 554 555
556 557 558
556 558 559
560 561 562
560 562 563
564 565 566
564 566 567
568 569 570
568 570 571
572 573 574
572 574 575
576 577 578
576 578 579
580 581 582
580 582 583
584 585 586
584 586 587
588 589 590
588 590 591
592 593 594
592 594 595
596 597 598
596 598 599
600 601 602
600 602 603
604 605 606
604 606 607
608 609 610
608 610 611
612 613 614
612 614 615
616 617 618
616 618 619
620 621 622
620 622 623
624 625 626
624 626 627
628 629 630
628 630 631
632 633 634
632 634 635
636 637 638
636 638 639
640 641 642
640 642 643
644 645 646
644 646 647
648 649 650
648 650 651
652 653 654
652 654 655
656 657 658
656 658 659
660 661 662
660 663 661
664 663 660
664 665 663
666 665 664
666 667 665
668 669 670
668 670 671
672 673 674
672 674 675
676 677 678
676 678 679
680 681 682
680 682 683
684 685 686
684 686 687
688 689 690
688 690 691
692 693 694
692 694 695
696 697 698
696 698 699
700 701 702
700 703 701
704 703 700
704 705 703
706 705 704
706 707 705
708 709 710
708 710 711
712 713 714
712 714 715
716 717 718
716 718 719
720 721 722
720 722 723
724 725 726
724 726 727
727 726 728
727 728 729
729 728 730
729 730 731
732 733 734
732 734 735
736 737 738
736 738 739
739 738 740
739 740 741
741 740 742
741 742 743
743 742 744
743 744 745
745 744 746
745 746 747
747 746 748
747 748 749
749 748 750
749 750 751
751 750 752
751 752 753
753 752 754
753 754 755
755 754 756
755 756 757
758 759 760
758 760 761
762 758 761
762 761 763
764 765 766
764 766 767
764 767 768
764 768 769
770 771 772
770 772 773
774 775 776
774 776 777
776 778 777
778 779 777
778 780 779
780 781 779
781 782 779
781 783 782
783 784 782
784 785 782
784 786 785
785 786 787
785 787 788
788 787 789
788 789 790
791 792 793
791 793 794
794 795 791
791 795 796
794 797 795
794 798 797
799 800 801
799 801 802
803 804 805
803 805 806
807 808 809
810 807 809
807 810 811
807 811 812
807 812 813
814 807 813
814 813 815
815 816 814
815 817 816
815 818 817
818 815 819
819 815 820
819 820 821
822 823 824
825 822 824
825 826 822
827 826 825
827 828 826
828 827 829
828 829 830
829 831 830
832 833 834
832 834 835
836 837 838
836 839 837
839 836 840
840 836 841
840 841 842
843 844 845
843 845 846
847 848 849
847 849 850
851 852 853
851 854 852
855 854 851
855 851 856
857 855 856
857 856 858
859 860 861
859 862 860
863 862 859
863 864 862
865 864 863
865 866 864
867 868 869
867 869 870
870 869 871
870 871 872
872 871 873
872 873 874
875 876 877
875 878 876
879 878 875
879 875 880
881 879 880
881 880 882
883 884 885
883 886 884
887 886 883
887 888 886
889 888 887
889 890 888
891 892 893
891 893 894
894 893 895
894 895 896
896 895 897
896 897 898
899 900 901
899 901 902
903 904 905
903 906 904
907 904 906
907 908 904
909 908 907
909 907 910
911 912 913
911 914 912
915 912 914
915 916 912
917 916 915
917 915 918
919 920 921
919 922 920
923 922 919
923 919 924
924 919 925
926 927 928
929 927 926
929 926 930
930 926 931
931 926 932
933 934 935
933 936 934
937 934 936
937 938 934
939 938 937
939 937 940
941 942 943
944 942 941
944 945 942
944 941 946
945 944 946
942 945 947
945 948 947
945 946 949
945 950 948
948 950 951
945 949 952
950 945 952
950 953 951
953 950 952
951 953 954
955 954 953
956 952 949
949 957 956
955 953 958
959 955 958
959 958 960
953 952 961
961 952 956
961 958 953
957 960 962
962 956 957
962 961 956
961 962 958
962 960 958
963 964 965
966 964 963
964 967 965
965 967 968
968 967 969
964 966 970
964 970 967
971 970 966
972 970 971
973 970 972
967 970 973
974 973 972
975 973 974
967 976 969
967 973 976
976 973 975
977 969 976
977 976 975
978 979 980
981 979 978
980 979 982
980 982 983
983 982 984
982 985 984
982 979 985
984 985 986
986 985 987
988 979 981
985 979 988
989 988 981
990 988 989
985 991 987
985 988 991
991 988 990
987 991 992
992 991 990
993 994 995
993 996 994
994 997 995
995 997 998
998 997 999
1000 994 996
1001 1000 996
1001 1002 1000
1003 994 1000
1003 1000 1002
1003 997 994
1004 1003 1002
1004 1005 1003
1006 999 997
1006 997 1003
1006 1003 1005
1007 999 1006
1007 1006 1005
1008 1009 1010
1008 1011 1009
1012 1009 1011
1009 1012 1013
1013 1014 1009
1009 1014 1010
1010 1014 1015
1010 1015 1016
1015 1014 1017
1016 1015 1018
1019 1015 1017
1019 1018 1015
1020 1021 1022
1020 1022 1023
1021 1024 1022
1025 1024 1021
1025 1026 1024
1022 1027 1023
1022 1024 1027
1028 1023 1027
1028 1027 1029
1030 1024 1026
1027 1024 1030
1031 1030 1026
1031 1032 1030
1027 1033 1029
1027 1030 1033
1033 1030 1032
1034 1029 1033
1034 1033 1032
