byte offset: 0
first index: 0
index count: 9606
topology: trianglelist
format: DXGI_FORMAT_R16_UINT

0 1 2
3 4 5
3 5 6
7 8 9
7 9 10
11 12 13
11 13 14
15 16 17
15 17 18
19 20 21
19 21 22
18 17 23
18 23 24
24 23 20
24 20 19
25 26 27
25 27 28
29 30 31
29 31 32
33 34 35
33 35 36
37 38 39
37 39 40
2 1 41
2 41 42
43 44 45
43 45 46
42 47 48
42 48 2
38 49 50
38 50 39
47 35 34
47 34 48
49 43 46
49 46 50
51 52 53
51 53 54
52 55 56
52 56 53
55 57 58
55 58 56
57 59 60
57 60 58
59 61 62
59 62 60
61 63 64
61 64 62
65 66 67
65 67 68
66 69 70
66 70 67
69 71 72
69 72 70
71 73 74
71 74 72
73 75 76
73 76 74
75 51 54
75 54 76
45 77 46
25 48 34
50 32 39
11 14 78
11 78 79
13 12 80
13 80 81
82 83 84
6 85 82
86 87 6
88 89 5
90 83 82
91 92 93
93 92 94
94 92 95
95 92 96
96 92 97
98 92 99
99 92 100
100 92 101
101 92 102
102 92 91
84 103 104
84 104 5
84 105 103
5 89 106
88 5 104
6 87 85
86 6 106
82 107 90
84 83 105
82 85 107
5 106 6
25 2 48
46 32 50
25 34 26
39 32 31
26 34 33
39 31 40
0 2 25
46 77 32
108 109 110
111 112 113
111 113 114
115 116 117
115 117 118
119 120 121
119 121 122
123 124 125
123 125 126
127 128 129
127 129 130
124 131 132
124 132 125
131 127 130
131 130 132
133 134 135
133 135 136
137 138 139
137 139 140
141 142 143
141 143 144
145 146 147
145 147 148
109 149 150
109 150 110
151 152 153
151 153 154
149 109 155
149 155 156
148 147 157
148 157 158
156 155 144
156 144 143
158 157 152
158 152 151
159 160 161
159 161 162
162 161 163
162 163 164
164 163 165
164 165 166
166 165 167
166 167 168
168 167 169
168 169 170
170 169 171
170 171 172
173 174 175
173 175 176
176 175 177
176 177 178
178 177 179
178 179 180
180 179 181
180 181 182
182 181 183
182 183 184
184 183 160
184 160 159
153 152 185
133 144 155
157 147 138
119 186 187
119 187 120
121 188 189
121 189 122
190 191 192
112 190 193
194 112 195
196 113 197
198 190 192
199 200 201
200 202 201
202 203 201
203 204 201
204 205 201
206 207 201
207 208 201
208 209 201
209 210 201
210 199 201
191 113 211
191 211 212
191 212 213
113 214 197
196 211 113
112 193 195
194 214 112
190 198 215
191 213 192
190 215 193
113 112 214
133 155 109
152 157 138
133 136 144
147 139 138
136 141 144
147 146 139
108 133 109
152 138 185
216 217 218
216 218 219
220 221 222
220 222 223
221 224 225
221 225 222
225 226 227
225 227 222
221 228 229
221 229 224
217 230 220
231 232 233
231 233 234
234 233 235
234 235 236
235 233 237
235 237 238
234 236 239
234 239 240
241 231 242
243 244 245
243 245 246
247 248 249
247 249 250
250 249 251
250 251 252
251 249 253
251 253 254
250 252 255
250 255 256
218 217 220
218 220 247
218 247 257
258 259 241
258 241 260
261 262 263
261 263 264
262 265 266
262 266 263
266 267 268
266 268 263
262 269 270
262 270 265
259 261 231
259 231 241
259 271 261
220 223 248
220 248 247
261 264 232
261 232 231
223 272 273
223 273 248
264 274 275
264 275 232
276 277 278
276 278 279
279 280 281
279 281 276
282 283 284
282 284 285
286 287 288
286 288 289
286 289 283
286 283 282
290 291 292
290 292 293
293 292 294
293 294 295
290 296 297
290 297 291
277 298 299
277 299 278
300 301 302
300 302 303
304 305 306
304 306 307
308 309 310
308 310 311
312 313 314
312 314 315
316 317 318
316 318 319
317 316 320
317 320 321
322 323 324
322 324 325
326 327 328
326 328 329
326 322 325
326 325 327
330 331 332
330 332 333
331 334 335
331 335 332
330 333 336
330 336 337
319 318 338
319 338 339
340 341 342
340 342 343
344 345 346
344 346 347
348 349 350
348 350 351
352 353 354
352 354 355
356 357 358
356 358 359
360 361 362
360 362 363
363 362 364
363 364 365
365 364 366
365 366 367
367 366 368
367 368 369
369 368 370
369 370 371
371 370 372
371 372 373
373 372 374
373 374 375
375 374 376
375 376 377
377 376 378
377 378 379
379 378 380
379 380 381
381 380 382
381 382 383
383 382 384
383 384 385
386 387 388
389 387 386
390 387 389
391 387 390
392 387 391
393 387 392
394 387 393
395 387 394
396 387 395
397 387 396
398 387 397
388 387 398
399 400 401
401 400 402
402 400 403
403 400 404
404 400 405
405 400 406
406 400 407
407 400 408
408 400 409
409 400 410
410 400 411
411 400 399
412 413 414
412 414 415
412 416 417
412 417 413
414 418 419
414 419 415
418 420 421
418 421 419
416 422 423
416 423 417
424 425 426
424 426 427
424 427 428
424 428 429
426 425 430
426 430 431
431 430 432
431 432 433
429 428 434
429 434 435
436 437 438
439 436 440
440 436 441
441 436 442
436 443 442
436 444 443
444 436 445
445 436 446
446 436 447
436 438 447
448 449 450
448 450 451
451 450 452
451 452 453
453 452 454
453 454 455
455 454 456
455 456 457
457 456 458
457 458 459
459 458 460
459 460 461
462 463 461
462 461 460
464 465 466
464 466 467
465 464 468
465 468 469
469 468 470
469 470 471
472 473 471
472 471 470
449 448 473
449 473 472
474 475 476
476 475 477
477 475 478
478 475 479
480 475 481
481 475 482
482 475 483
483 475 484
484 475 485
485 475 474
486 487 488
489 486 490
490 486 491
491 486 492
486 493 492
486 494 493
494 486 495
495 486 496
496 486 497
486 488 497
498 499 500
498 500 501
501 500 502
501 502 503
503 502 504
503 504 505
505 504 506
505 506 507
507 506 508
507 508 509
509 508 510
509 510 511
512 513 511
512 511 510
514 515 516
514 516 517
515 514 518
515 518 519
519 518 520
519 520 521
522 523 521
522 521 520
499 498 523
499 523 522
524 525 526
526 525 527
527 525 528
528 525 529
530 525 531
531 525 532
532 525 533
533 525 534
534 525 535
535 525 524
536 537 538
539 536 540
540 536 541
541 536 542
536 543 542
536 544 543
544 536 545
545 536 546
546 536 547
536 538 547
548 549 550
548 550 551
551 550 552
551 552 553
553 552 554
553 554 555
555 554 556
555 556 557
557 556 558
557 558 559
559 558 560
559 560 561
562 563 561
562 561 560
564 565 566
564 566 567
565 564 568
565 568 569
569 568 570
569 570 571
572 573 571
572 571 570
549 548 573
549 573 572
574 575 576
576 575 577
577 575 578
578 575 579
580 575 581
581 575 582
582 575 583
583 575 584
584 575 585
585 575 574
586 587 588
589 586 590
590 586 591
591 586 592
586 593 592
586 594 593
594 586 595
595 586 596
596 586 597
586 588 597
598 599 600
598 600 601
601 600 602
601 602 603
603 602 604
603 604 605
605 604 606
605 606 607
607 606 608
607 608 609
609 608 610
609 610 611
612 613 611
612 611 610
614 615 616
614 616 617
615 614 618
615 618 619
619 618 620
619 620 621
622 623 621
622 621 620
599 598 623
599 623 622
624 625 626
626 625 627
627 625 628
628 625 629
630 625 631
631 625 632
632 625 633
633 625 634
634 625 635
635 625 624
636 637 638
639 636 640
640 636 641
641 636 642
636 643 642
636 644 643
644 636 645
645 636 646
646 636 647
636 638 647
648 649 650
648 650 651
651 650 652
651 652 653
653 652 654
653 654 655
655 654 656
655 656 657
657 656 658
657 658 659
659 658 660
659 660 661
662 663 661
662 661 660
664 665 666
664 666 667
665 664 668
665 668 669
669 668 670
669 670 671
672 673 671
672 671 670
649 648 673
649 673 672
674 675 676
676 675 677
677 675 678
678 675 679
680 675 681
681 675 682
682 675 683
683 675 684
684 675 685
685 675 674
686 687 688
686 688 689
689 688 690
689 690 691
691 690 692
691 692 693
693 692 694
693 694 695
695 694 696
695 696 697
697 696 698
697 698 699
699 698 700
699 700 701
701 700 702
701 702 703
688 687 704
688 704 705
690 688 705
690 705 706
692 690 706
692 706 707
694 692 707
694 707 708
696 694 708
696 708 709
698 696 709
698 709 710
700 698 710
700 710 711
702 700 711
702 711 712
713 714 715
716 714 713
717 714 716
718 714 717
719 714 718
720 714 719
721 714 720
722 723 724
724 723 725
725 723 726
726 723 727
727 723 728
728 723 729
729 723 730
730 731 732
730 732 729
733 728 729
733 729 732
734 727 728
734 728 733
735 726 727
735 727 734
736 725 726
736 726 735
737 724 725
737 725 736
738 722 724
738 724 737
739 723 722
739 722 738
740 741 742
740 742 743
741 744 745
741 745 742
744 746 747
744 747 745
746 748 749
746 749 747
748 750 751
748 751 749
750 752 753
750 753 751
752 754 755
752 755 753
754 756 757
754 757 755
742 758 759
742 759 743
745 760 758
745 758 742
747 761 760
747 760 745
749 762 761
749 761 747
751 763 762
751 762 749
753 764 763
753 763 751
755 765 764
755 764 753
757 766 765
757 765 755
767 768 714
769 767 714
770 769 714
771 770 714
772 771 714
773 772 714
721 773 714
774 775 723
775 776 723
776 777 723
777 778 723
778 779 723
779 780 723
780 730 723
730 780 781
730 781 731
782 781 780
782 780 779
783 782 779
783 779 778
784 783 778
784 778 777
785 784 777
785 777 776
786 785 776
786 776 775
787 786 775
787 775 774
739 787 774
739 774 723
788 789 790
788 790 791
789 792 793
789 793 790
792 794 795
792 795 793
794 796 797
794 797 795
796 798 799
796 799 797
798 800 801
798 801 799
800 802 803
800 803 801
802 804 805
802 805 803
790 806 807
790 807 791
793 808 806
793 806 790
795 809 808
795 808 793
797 810 809
797 809 795
799 811 810
799 810 797
801 812 811
801 811 799
803 813 812
803 812 801
805 814 813
805 813 803
815 816 817
818 815 817
819 818 817
820 819 817
821 820 817
822 821 817
823 822 817
824 825 826
825 827 826
827 828 826
828 829 826
829 830 826
830 831 826
831 832 826
832 831 833
832 833 834
835 833 831
835 831 830
836 835 830
836 830 829
837 836 829
837 829 828
838 837 828
838 828 827
839 838 827
839 827 825
840 839 825
840 825 824
841 840 824
841 824 826
842 843 844
842 844 845
845 844 846
845 846 847
847 846 848
847 848 849
849 848 850
849 850 851
851 850 852
851 852 853
853 852 854
853 854 855
855 854 856
855 856 857
857 856 858
857 858 859
844 843 860
844 860 861
846 844 861
846 861 862
848 846 862
848 862 863
850 848 863
850 863 864
852 850 864
852 864 865
854 852 865
854 865 866
856 854 866
856 866 867
858 856 867
858 867 868
869 817 870
871 817 869
872 817 871
873 817 872
874 817 873
875 817 874
823 817 875
876 826 877
877 826 878
878 826 879
879 826 880
880 826 881
881 826 882
882 826 832
832 834 883
832 883 882
884 881 882
884 882 883
885 880 881
885 881 884
886 879 880
886 880 885
887 878 879
887 879 886
888 877 878
888 878 887
889 876 877
889 877 888
841 826 876
841 876 889
890 891 892
890 892 893
894 895 891
894 891 890
896 897 898
896 898 899
899 898 900
899 900 901
901 900 902
901 902 903
904 905 906
904 906 907
908 909 910
908 910 911
912 913 914
912 914 915
916 917 918
916 918 919
920 921 922
920 922 923
919 918 924
919 924 925
923 922 917
923 917 916
926 927 928
926 928 929
930 931 932
930 932 933
934 935 936
934 936 937
938 939 940
938 940 941
942 934 937
942 937 943
944 945 946
944 946 947
945 895 894
945 894 946
927 944 947
927 947 928
902 909 908
902 908 903
893 892 942
893 942 943
948 949 950
951 952 953
948 954 955
948 955 956
948 956 957
949 948 958
958 948 959
959 948 960
960 948 961
961 948 962
963 964 965
966 967 957
966 957 968
953 967 966
968 957 956
963 965 952
963 952 969
969 952 951
948 950 954
953 952 967
970 971 972
973 974 975
970 976 977
970 978 979
970 979 976
972 980 970
980 981 970
981 982 970
982 983 970
983 984 970
985 986 987
988 989 978
988 978 990
974 988 990
989 979 978
985 991 975
985 975 986
991 973 975
970 977 971
974 990 975
992 993 994
992 994 995
996 997 998
996 998 999
1000 1001 1002
1000 1002 1003
1004 1005 1006
1004 1006 1007
1008 1009 1010
1008 1010 1011
1011 1010 1012
1011 1012 1013
1013 1012 1005
1013 1005 1004
1014 1015 1016
1014 1016 1017
1018 1019 1009
1018 1009 1008
1002 999 998
1002 998 1020
1002 1001 1021
1002 1021 999
999 1021 1022
1023 1024 1020
1023 1020 1025
1020 998 1026
1020 1026 1025
998 1027 1026
1028 1029 1030
1028 1030 1031
1032 1033 1034
1032 1034 1035
1036 993 992
1036 992 1037
1038 1039 1040
1038 1040 1041
1042 1043 1044
1042 1044 1045
1046 1047 1048
1046 1048 1049
1050 1051 1052
1050 1052 1022
1053 1054 1055
1053 1055 1056
1057 1042 1045
1057 1045 1058
1059 1060 1054
1059 1054 1053
1061 1062 1060
1061 1060 1059
1056 1055 1033
1056 1033 1032
1063 1064 1065
1066 1067 1068
1069 1070 1071
1072 1073 1067
1074 1069 1071
1075 1076 1077
1075 1077 1078
1079 1080 1081
1079 1081 1082
1083 1073 1072
1083 1072 1084
1085 1086 1087
1085 1087 1088
1088 1087 1063
1088 1063 1089
1090 1091 1092
1090 1092 1093
1063 1065 1089
1065 1064 1094
1094 1064 1095
1095 1064 1096
1096 1064 1097
1097 1064 1098
1072 1067 1099
1076 1071 1077
1100 1071 1076
1099 1067 1101
1102 1071 1100
1101 1067 1103
1104 1071 1102
1103 1067 1105
1074 1071 1104
1105 1067 1066
1050 1022 1021
1106 1107 1108
1106 1108 1109
1110 1111 1112
1110 1112 1113
1114 1115 1116
1114 1116 1117
1118 1119 1120
1118 1120 1121
1122 1123 1124
1122 1124 1125
1126 1127 1128
1126 1128 1129
1130 1131 1132
1130 1132 1133
1134 1135 1136
1134 1136 1137
1138 1139 1123
1138 1123 1122
1140 1134 1137
1140 1137 1141
1142 1140 1141
1142 1141 1143
1135 1110 1113
1135 1113 1136
1144 1145 1146
1147 1148 1149
1150 1151 1152
1153 1149 1154
1155 1151 1150
1156 1157 1158
1156 1158 1159
1160 1161 1162
1160 1162 1163
1164 1165 1153
1164 1153 1154
1166 1167 1168
1166 1168 1169
1167 1170 1144
1167 1144 1168
1171 1172 1173
1171 1173 1174
1144 1170 1145
1145 1175 1146
1175 1176 1146
1176 1177 1146
1177 1178 1146
1178 1179 1146
1153 1180 1149
1159 1158 1151
1181 1159 1151
1180 1182 1149
1183 1181 1151
1182 1184 1149
1185 1183 1151
1184 1186 1149
1155 1185 1151
1186 1147 1149
1130 1187 1131
1188 1189 1190
1188 1190 1191
1192 1193 1194
1192 1194 1195
1196 1197 1198
1196 1198 1199
1200 1201 1202
1200 1202 1203
1196 1199 1188
1196 1188 1191
1204 1205 1206
1204 1206 1207
1207 1206 1208
1207 1208 1209
1210 1211 1212
1210 1212 1213
1211 1214 1215
1211 1215 1212
1216 1217 1218
1216 1218 1219
1220 1221 1222
1220 1222 1223
1221 1224 1225
1221 1225 1222
1226 1227 1228
1226 1228 1229
1230 1231 1232
1233 1232 1231
1233 1234 1235
1236 1237 1238
1236 1238 1239
1240 1241 1242
1242 1243 1244
1244 1243 1245
1227 1246 1247
1227 1247 1228
1230 1248 1231
1248 1249 1231
1250 1251 1252
1250 1253 1251
1233 1231 1234
1241 1243 1242
1254 1255 1256
1254 1256 1257
1258 1259 1260
1258 1260 1261
1262 1263 1264
1262 1264 1265
1266 1267 1268
1266 1268 1269
1262 1255 1254
1262 1254 1263
1270 1271 1272
1270 1272 1273
1271 1274 1275
1271 1275 1272
1276 1277 1278
1276 1278 1279
1279 1278 1280
1279 1280 1281
1282 1283 1284
1282 1284 1285
1286 1287 1288
1286 1288 1289
1290 1291 1292
1290 1292 1293
1294 1295 1296
1297 1298 1299
1297 1299 1300
1301 1302 1303
1301 1303 1304
1305 1306 1307
1305 1307 1308
1309 1310 1311
1309 1311 1312
1313 1314 1315
1313 1315 1316
1317 1318 1319
1317 1319 1320
1294 1321 1322
1321 1323 1322
1287 1324 1325
1287 1325 1288
1292 1326 1293
1327 1328 1329
1327 1329 1330
1324 1331 1332
1324 1332 1325
1292 1297 1326
1328 1308 1307
1328 1307 1329
1285 1333 1334
1285 1334 1282
1335 1336 1323
1337 1338 1339
1337 1339 1340
1333 1341 1342
1333 1342 1334
1341 1286 1289
1341 1289 1342
1343 1344 1336
1343 1291 1344
1338 1345 1346
1338 1346 1339
1345 1306 1305
1345 1305 1346
1298 1296 1295
1298 1295 1299
1297 1300 1326
1335 1343 1336
1291 1290 1344
1294 1296 1321
1321 1335 1323
1347 1348 1349
1350 1351 1352
1350 1352 1353
1354 1355 1356
1354 1356 1357
1358 1359 1360
1361 1362 1363
1361 1363 1364
1365 1366 1367
1365 1367 1368
1358 1369 1370
1370 1369 1371
1352 1351 1372
1352 1372 1373
1356 1355 1374
1375 1376 1377
1375 1377 1378
1373 1372 1347
1373 1347 1349
1356 1374 1361
1378 1377 1367
1378 1367 1366
1284 1283 1379
1284 1379 1380
1381 1371 1382
1383 1384 1385
1383 1385 1386
1380 1379 1387
1380 1387 1388
1388 1387 1350
1388 1350 1353
1389 1382 1390
1389 1390 1357
1386 1385 1391
1386 1391 1392
1392 1391 1365
1392 1365 1368
1364 1363 1360
1364 1360 1359
1361 1374 1362
1381 1382 1389
1357 1390 1354
1358 1370 1359
1370 1371 1381
1393 1394 1395
1393 1395 1396
1397 1398 1399
1397 1399 1348
1332 1331 1397
1347 1332 1397
1347 1397 1348
1400 1401 1402
1403 1404 1402
1405 1400 1402
1404 1405 1402
1406 1407 1402
1407 1403 1402
1408 1406 1402
1409 1410 1402
1411 1408 1402
1401 1412 1402
1412 1409 1402
1413 1411 1402
1414 1413 1402
1410 1414 1402
1415 1416 1417
1415 1417 1418
1419 1420 1421
1419 1421 1422
1422 1421 1423
1422 1423 1424
1425 1426 1427
1425 1427 1428
1429 1430 1431
1432 1431 1430
1432 1433 1434
1435 1436 1437
1435 1437 1438
1439 1440 1441
1440 1442 1443
1442 1444 1443
1428 1427 1445
1428 1445 1446
1429 1431 1447
1447 1431 1448
1449 1450 1451
1449 1451 1452
1432 1434 1431
1441 1440 1443
1453 1454 1455
1453 1455 1456
1457 1458 1459
1457 1459 1460
1461 1462 1463
1464 1465 1466
1464 1466 1467
1468 1469 1470
1471 1472 1473
1474 1475 1476
1477 1478 1479
1477 1479 1480
1481 1482 1483
1481 1483 1484
1485 1486 1487
1485 1487 1488
1489 1467 1466
1489 1466 1490
1491 1492 1486
1491 1486 1485
1493 1494 1495
1463 1496 1497
1487 1498 1499
1487 1499 1488
1476 1500 1501
1476 1501 1474
1490 1492 1491
1490 1491 1489
1502 1503 1504
1502 1504 1505
1503 1506 1507
1503 1507 1504
1508 1509 1510
1508 1510 1511
1508 1511 1512
1508 1512 1513
1514 1512 1511
1507 1515 1516
1507 1516 1504
1505 1504 1516
1505 1516 1517
1515 1518 1516
1519 1520 1521
1519 1503 1502
1519 1502 1520
1503 1519 1522
1503 1522 1506
1520 1523 1524
1520 1524 1521
1502 1525 1523
1502 1523 1520
1508 1513 1526
1508 1526 1527
1509 1508 1527
1509 1527 1528
1527 1526 1529
1527 1529 1530
1530 1529 1524
1530 1524 1523
1528 1527 1530
1528 1530 1531
1531 1530 1523
1531 1523 1525
1532 1533 1534
1532 1534 1535
1536 1533 1532
1533 1536 1537
1533 1537 1538
1539 1540 1541
1542 1543 1544
1543 1542 1535
1543 1535 1534
1545 1473 1546
1547 1548 1549
1547 1549 1550
1551 1552 1553
1509 1528 1505
1554 1555 1556
1557 1558 1559
1557 1559 1560
1561 1562 1560
1561 1560 1559
1563 1564 1562
1563 1562 1561
1559 1565 1561
1558 1565 1559
1566 1567 1568
1569 1475 1570
1571 1572 1573
1571 1573 1574
1575 1576 1577
1575 1577 1571
1578 1579 1580
1581 1582 1583
1581 1583 1584
1585 1586 1587
1588 1589 1590
1584 1583 1588
1510 1517 1518
1510 1518 1514
1579 1591 1592
1579 1592 1593
1517 1510 1509
1517 1509 1505
1561 1594 1563
1587 1586 1595
1587 1595 1596
1587 1596 1597
1561 1565 1594
1588 1583 1589
1578 1580 1598
1580 1579 1593
1599 1592 1591
1545 1546 1600
1546 1473 1472
1519 1521 1522
1514 1511 1510
1588 1590 1601
1481 1484 1495
1495 1484 1493
1516 1518 1517
1595 1586 1602
1556 1555 1603
1505 1528 1531
1505 1531 1525
1505 1525 1502
1453 1456 1604
1455 1454 1605
1606 1607 1459
1606 1459 1458
1606 1458 1608
1459 1607 1609
1550 1549 1610
1611 1612 1613
1611 1613 1614
1614 1613 1615
1499 1498 1469
1499 1469 1468
1470 1469 1616
1540 1539 1617
1617 1539 1544
1544 1543 1617
1497 1496 1464
1464 1496 1465
1618 1463 1497
1585 1619 1620
1585 1620 1621
1585 1621 1622
1585 1587 1619
1595 1602 1623
1595 1623 1624
1553 1625 1626
1553 1626 1627
1553 1628 1625
1553 1552 1628
1551 1553 1629
1547 1570 1548
1614 1615 1630
1569 1570 1547
1608 1458 1631
1478 1477 1501
1478 1501 1500
1571 1577 1572
1574 1573 1476
1568 1632 1582
1568 1582 1581
1568 1567 1632
1604 1456 1612
1604 1612 1611
1463 1618 1461
1455 1605 1607
1455 1607 1606
1476 1475 1569
1569 1574 1476
1633 1634 1635
1633 1635 1636
1637 1638 1639
1640 1641 1642
1643 1644 1645
1643 1645 1646
1647 1648 1649
1647 1649 1650
1651 1652 1653
1651 1653 1654
1655 1656 1657
1655 1657 1658
1635 1634 1659
1635 1659 1660
1661 1662 1663
1661 1663 1664
1662 1661 1665
1662 1665 1666
1667 1668 1669
1667 1669 1670
1671 1672 1673
1674 1675 1660
1674 1660 1659
1676 1677 1678
1676 1678 1679
1664 1663 1680
1664 1680 1681
1682 1683 1684
1682 1684 1685
1637 1686 1638
1673 1687 1668
1673 1668 1667
1671 1673 1667
1688 1689 1690
1681 1680 1683
1681 1683 1682
1679 1678 1691
1679 1691 1692
1638 1693 1694
1638 1695 1696
1658 1657 1651
1658 1651 1654
1653 1652 1697
1653 1697 1698
1699 1700 1701
1702 1703 1704
1705 1706 1703
1705 1703 1707
1708 1709 1710
1711 1712 1709
1711 1709 1708
1713 1714 1712
1713 1712 1711
1715 1714 1713
1716 1700 1717
1718 1719 1720
1721 1722 1723
1721 1723 1724
1725 1726 1718
1727 1728 1729
1723 1728 1727
1723 1727 1724
1730 1731 1732
1730 1732 1733
1717 1706 1709
1717 1712 1714
1717 1709 1712
1717 1703 1706
1717 1700 1703
1734 1735 1736
1734 1736 1737
1638 1686 1693
1638 1694 1695
1669 1668 1738
1739 1738 1740
1738 1668 1687
1738 1687 1740
1730 1741 1731
1715 1742 1714
1719 1718 1743
1718 1726 1743
1744 1716 1745
1717 1745 1716
1746 1641 1747
1642 1641 1746
1714 1742 1748
1714 1748 1717
1719 1743 1749
1688 1638 1689
1750 1638 1688
1639 1638 1750
1698 1697 1647
1698 1647 1650
1649 1648 1644
1649 1644 1643
1646 1645 1642
1646 1642 1746
1704 1703 1700
1704 1700 1699
1707 1703 1702
1710 1709 1706
1710 1706 1705
1751 1752 1753
1751 1753 1754
1755 1756 1752
1755 1752 1751
1736 1757 1756
1736 1756 1755
1736 1735 1757
1754 1753 1758
1754 1758 1759
1759 1758 1760
1761 1762 1763
1761 1763 1764
1764 1763 1765
1764 1765 1766
1759 1762 1761
1759 1760 1762
1700 1716 1744
1700 1744 1701
1767 1768 1769
1767 1769 1770
1771 1772 1773
1771 1773 1774
1768 1775 1776
1768 1776 1769
1773 1776 1775
1773 1775 1774
1777 1778 1779
1780 1781 1782
1783 1772 1771
1783 1771 1784
1785 1786 1787
1788 1789 1790
1791 1792 1780
1793 1794 1795
1793 1795 1796
1797 1798 1799
1797 1799 1800
1801 1802 1803
1801 1803 1804
1805 1806 1807
1805 1807 1808
1809 1810 1811
1809 1811 1812
1767 1770 1813
1767 1813 1814
1815 1816 1817
1815 1817 1818
1819 1820 1821
1814 1813 1822
1814 1822 1823
1782 1824 1825
1787 1777 1785
1826 1827 1828
1826 1828 1829
1830 1831 1832
1830 1832 1833
1829 1828 1786
1829 1786 1834
1835 1836 1791
1835 1791 1825
1837 1792 1791
1837 1791 1836
1838 1790 1789
1838 1789 1839
1785 1833 1832
1785 1832 1840
1840 1834 1786
1840 1786 1785
1825 1841 1842
1825 1842 1835
1842 1841 1790
1842 1790 1838
1821 1843 1831
1821 1831 1830
1844 1845 1792
1844 1792 1837
1843 1821 1820
1843 1820 1846
1845 1844 1847
1845 1847 1848
1849 1850 1851
1849 1851 1852
1853 1854 1855
1853 1855 1856
1777 1833 1785
1791 1782 1825
1780 1782 1791
1777 1779 1833
1851 1850 1857
1851 1857 1858
1780 1845 1859
1780 1792 1845
1779 1830 1833
1779 1821 1830
1860 1821 1779
1859 1845 1861
1819 1821 1860
1861 1845 1848
1787 1828 1862
1787 1786 1828
1824 1841 1825
1824 1790 1841
1788 1790 1824
1862 1828 1827
1797 1800 1863
1797 1863 1864
1865 1866 1867
1867 1866 1868
1869 1870 1871
1872 1873 1874
1872 1874 1869
1875 1874 1876
1875 1876 1877
1874 1873 1878
1874 1878 1876
1879 1880 1881
1882 1879 1881
1883 1884 1876
1883 1876 1878
1883 1878 1885
1886 1887 1888
1886 1888 1889
1890 1891 1888
1878 1873 1892
1878 1892 1893
1865 1867 1894
1873 1872 1895
1873 1895 1892
1881 1880 1896
1885 1878 1893
1885 1893 1897
1869 1874 1870
1883 1898 1884
1884 1877 1876
1874 1875 1870
1891 1889 1888
1886 1899 1887
1899 1900 1887
1901 1902 1903
1904 1905 1906
1907 1902 1908
1905 1904 1909
1902 1907 1903
1910 1911 1912
1910 1912 1913
1910 1913 1914
1910 1914 1915
1916 1917 1918
1916 1918 1919
1920 1921 1922
1920 1922 1923
1909 1904 1924
1925 1926 1927
1925 1927 1928
1929 1930 1926
1929 1926 1925
1931 1932 1933
1931 1933 1934
1934 1933 1935
1934 1935 1936
1936 1935 1937
1936 1937 1938
1939 1940 1941
1939 1941 1942
1943 1944 1945
1943 1945 1946
1947 1948 1949
1947 1949 1950
1951 1952 1953
1951 1953 1954
1955 1956 1957
1955 1957 1958
1954 1953 1959
1954 1959 1960
1958 1957 1952
1958 1952 1951
1961 1962 1963
1961 1963 1964
1965 1966 1967
1965 1967 1968
1969 1970 1971
1969 1971 1972
1973 1974 1975
1973 1975 1976
1977 1969 1972
1977 1972 1978
1979 1980 1981
1979 1981 1982
1980 1930 1929
1980 1929 1981
1962 1979 1982
1962 1982 1963
1937 1944 1943
1937 1943 1938
1928 1927 1977
1928 1977 1978
1983 1984 1985
1986 1987 1988
1983 1989 1990
1983 1990 1991
1983 1991 1992
1984 1983 1993
1993 1983 1994
1994 1983 1995
1995 1983 1996
1996 1983 1997
1998 1999 2000
2001 2002 1992
2001 1992 2003
1988 2002 2001
2003 1992 1991
1998 2000 1987
1998 1987 2004
2004 1987 1986
1983 1985 1989
1988 1987 2002
2005 2006 2007
2008 2009 2010
2005 2011 2012
2005 2013 2014
2005 2014 2011
2007 2015 2005
2015 2016 2005
2016 2017 2005
2017 2018 2005
2018 2019 2005
2020 2021 2022
2023 2024 2013
2023 2013 2025
2009 2023 2025
2024 2014 2013
2020 2026 2010
2020 2010 2021
2026 2008 2010
2005 2012 2006
2009 2025 2010
2027 2028 2029
2027 2029 2030
2031 2032 2033
2031 2033 2034
2035 2036 2037
2038 2039 2040
2041 2042 2043
2041 2043 2044
2042 2045 2046
2042 2046 2043
2045 2032 2031
2045 2031 2046
2047 2048 2040
2039 2049 2040
2050 2051 2037
2036 2052 2037
2052 2050 2037
2049 2047 2040
2053 2054 2055
2053 2055 2056
2057 2058 2059
2057 2059 2060
2061 2062 2063
2061 2063 2064
2065 2066 2067
2065 2067 2068
2069 2067 2066
2069 2066 2070
2071 2061 2064
2071 2064 2072
2070 2071 2072
2070 2072 2069
2073 2053 2056
2073 2056 2074
2060 2073 2074
2060 2074 2057
2075 2076 2077
2075 2077 2078
2076 2059 2058
2076 2058 2077
2079 2080 2081
2079 2081 2082
2083 2084 2085
2084 2086 2085
2086 2087 2085
2088 2083 2085
2087 2089 2085
2090 2088 2085
2091 2092 2085
2092 2093 2085
2093 2090 2085
2089 2094 2085
2095 2096 2097
2098 2099 2097
2100 2101 2097
2102 2100 2097
2103 2095 2097
2099 2103 2097
2104 2098 2097
2105 2106 2097
2106 2102 2097
2096 2105 2097
2107 2108 2109
2107 2109 2110
2111 2112 2113
2111 2113 2114
2108 2115 2116
2108 2116 2109
2112 2117 2118
2112 2118 2113
2119 2120 2121
2119 2121 2122
2122 2121 2123
2122 2123 2124
2125 2126 2127
2125 2127 2128
2126 2129 2130
2126 2130 2127
2131 2132 2133
2131 2133 2134
2135 2136 2137
2135 2137 2138
2139 2140 2141
2139 2141 2142
2143 2144 2145
2143 2145 2146
2147 2148 2149
2147 2149 2150
2151 2152 2153
2151 2153 2154
2139 2155 2156
2139 2156 2140
2138 2137 2157
2138 2157 2158
2142 2141 2159
2142 2159 2160
2146 2145 2152
2146 2152 2151
2133 2132 2136
2133 2136 2135
2161 2162 2163
2161 2163 2164
2165 2166 2167
2165 2167 2168
2169 2170 2171
2169 2171 2172
2173 2174 2175
2173 2175 2176
2177 2178 2179
2177 2179 2180
2181 2182 2183
2181 2183 2184
2169 2172 2185
2169 2185 2186
2166 2187 2188
2166 2188 2167
2170 2189 2190
2170 2190 2171
2174 2181 2184
2174 2184 2175
2163 2165 2168
2163 2168 2164
2191 2192 2193
2191 2193 2194
2195 2196 2193
2195 2193 2192
2195 2197 2198
2195 2198 2196
2199 2200 2198
2199 2198 2197
2201 2200 2199
2201 2199 2202
2203 2204 2205
2203 2205 2206
2207 2208 2209
2208 2210 2211
2211 2212 2213
2208 2207 2210
2211 2210 2212
2214 2215 2216
2216 2217 2218
2217 2219 2220
2216 2218 2214
2217 2220 2218
2221 2222 2223
2221 2223 2224
2225 2226 2227
2225 2227 2228
2226 2229 2230
2226 2230 2227
2231 2232 2233
2232 2234 2233
2235 2236 2237
2237 2236 2238
2239 2240 2241
2239 2241 2242
2243 2244 2245
2243 2245 2246
2246 2245 2247
2246 2247 2248
2249 2250 2251
2251 2250 2252
2253 2254 2255
2254 2256 2255
2257 2258 2259
2257 2259 2260
2261 2262 2263
2261 2263 2264
2265 2266 2267
2265 2267 2268
2268 2267 2269
2268 2269 2270
2271 2272 2273
2271 2273 2274
2259 2264 2263
2259 2263 2260
2275 2276 2277
2277 2276 2278
2277 2278 2279
2277 2279 2280
2277 2280 2281
2282 2283 2284
2283 2285 2284
2283 2286 2285
2283 2287 2286
2283 2288 2287
2289 2290 2291
2289 2291 2292
2293 2294 2295
2293 2295 2296
2297 2298 2290
2297 2290 2289
2292 2291 2294
2292 2294 2293
2299 2300 2301
2299 2301 2302
2303 2304 2305
2306 2307 2304
2307 2308 2304
2308 2305 2304
2309 2310 2311
2312 2311 2313
2313 2311 2314
2314 2311 2310
2315 2316 2317
2318 2319 2320
2319 2318 2321
2322 2321 2323
2316 2324 2325
2325 2324 2326
2327 2328 2316
2318 2326 2321
2321 2329 2323
2330 2331 2332
2330 2332 2333
2334 2335 2336
2334 2336 2337
2338 2339 2340
2338 2340 2341
2338 2342 2343
2338 2343 2344
2345 2346 2347
2348 2349 2350
2351 2346 2352
2351 2352 2353
2354 2350 2349
2355 2356 2357
2355 2357 2358
2324 2328 2359
2360 2361 2362
2360 2362 2363
2351 2364 2365
2351 2365 2366
2343 2327 2315
2327 2343 2342
2344 2339 2338
2367 2368 2369
2370 2371 2372
2328 2373 2374
2328 2374 2359
2375 2376 2371
2375 2371 2377
2377 2371 2370
2378 2379 2380
2378 2380 2381
2382 2383 2384
2382 2384 2385
2385 2384 2386
2385 2386 2387
2387 2386 2388
2387 2388 2389
2389 2388 2390
2389 2390 2391
2392 2393 2383
2392 2383 2382
2394 2395 2396
2358 2357 2397
2355 2358 2398
2316 2328 2324
2327 2342 2399
2325 2326 2318
2321 2326 2329
2327 2399 2373
2327 2373 2328
2400 2401 2402
2400 2402 2403
2404 2405 2406
2407 2408 2409
2410 2411 2412
2411 2413 2414
2406 2408 2415
2408 2416 2415
2417 2406 2418
2407 2412 2416
2412 2414 2419
2420 2421 2422
2420 2422 2423
2424 2425 2426
2424 2426 2427
2424 2428 2429
2424 2429 2430
2431 2432 2433
2434 2435 2436
2437 2434 2348
2437 2348 2438
2439 2440 2441
2439 2441 2433
2442 2436 2435
2440 2439 2351
2440 2351 2353
2443 2444 2445
2443 2445 2446
2436 2442 2354
2436 2354 2349
2415 2447 2418
2439 2448 2449
2439 2449 2450
2429 2404 2417
2417 2430 2429
2428 2424 2427
2451 2452 2453
2454 2455 2456
2418 2447 2457
2418 2457 2458
2459 2460 2461
2459 2461 2462
2460 2463 2461
2464 2465 2466
2464 2466 2467
2465 2468 2469
2465 2469 2466
2468 2470 2471
2468 2471 2469
2470 2472 2473
2470 2473 2471
2474 2464 2467
2474 2467 2475
2476 2477 2478
2444 2479 2445
2477 2480 2481
2477 2481 2396
2443 2482 2444
2406 2415 2418
2452 2369 2368
2452 2368 2453
2417 2483 2430
2408 2407 2416
2412 2419 2416
2417 2418 2458
2417 2458 2483
2351 2439 2450
2351 2450 2364
2348 2434 2436
2348 2436 2349
2437 2438 2484
2477 2396 2395
2477 2395 2478
2481 2480 2485
2481 2485 2486
2487 2488 2489
2487 2489 2490
2486 2485 2488
2486 2488 2487
2478 2395 2491
2478 2491 2492
2319 2321 2322
2410 2412 2407
2322 2323 2493
2411 2414 2412
2494 2495 2496
2497 2498 2495
2497 2495 2494
2499 2500 2498
2499 2498 2497
2501 2502 2500
2501 2500 2499
2503 2504 2505
2503 2505 2506
2507 2508 2504
2507 2504 2503
2403 2402 2508
2403 2508 2507
2506 2505 2502
2506 2502 2501
2407 2409 2410
2318 2320 2325
2317 2325 2320
2317 2316 2325
2408 2405 2409
2406 2405 2408
2315 2327 2316
2417 2404 2406
2347 2346 2351
2433 2432 2439
2347 2351 2366
2439 2432 2448
2398 2358 2509
2444 2482 2510
2398 2509 2511
2510 2482 2512
2370 2372 2513
2463 2514 2461
2454 2456 2515
2454 2515 2463
2516 2517 2518
2463 2515 2514
2370 2513 2517
2370 2517 2516
2519 2520 2521
2519 2521 2522
2523 2519 2522
2523 2522 2524
2525 2526 2527
2525 2527 2528
2526 2529 2530
2526 2530 2527
2529 2531 2532
2529 2532 2530
2533 2534 2535
2533 2535 2536
2537 2538 2539
2537 2539 2540
2541 2542 2543
2541 2543 2544
2545 2546 2547
2545 2547 2548
2549 2550 2551
2549 2551 2552
2546 2553 2554
2546 2554 2547
2550 2545 2548
2550 2548 2551
2555 2556 2557
2555 2557 2558
2559 2560 2561
2559 2561 2562
2563 2564 2565
2563 2565 2566
2567 2568 2569
2567 2569 2570
2571 2572 2564
2571 2564 2563
2573 2574 2575
2573 2575 2576
2576 2575 2523
2576 2523 2524
2558 2557 2574
2558 2574 2573
2532 2531 2537
2532 2537 2540
2520 2572 2571
2520 2571 2521
2577 2578 2579
2580 2581 2582
2577 2583 2584
2577 2585 2586
2577 2586 2583
2579 2587 2577
2587 2588 2577
2588 2589 2577
2589 2590 2577
2590 2591 2577
2592 2593 2594
2595 2596 2585
2595 2585 2597
2581 2595 2597
2596 2586 2585
2592 2598 2582
2592 2582 2593
2598 2580 2582
2577 2584 2578
2581 2597 2582
2599 2600 2601
2602 2603 2604
2599 2605 2606
2599 2606 2607
2599 2607 2608
2600 2599 2609
2609 2599 2610
2610 2599 2611
2611 2599 2612
2612 2599 2613
2614 2615 2616
2617 2618 2608
2617 2608 2619
2604 2618 2617
2619 2608 2607
2614 2616 2603
2614 2603 2620
2620 2603 2602
2599 2601 2605
2604 2603 2618
2621 2622 2623
2621 2623 2624
2625 2626 2627
2625 2627 2628
2629 2630 2631
2629 2631 2632
2633 2634 2635
2633 2635 2636
2637 2638 2639
2637 2639 2640
2638 2641 2642
2638 2642 2639
2641 2633 2636
2641 2636 2642
2643 2644 2645
2643 2645 2646
2647 2637 2640
2647 2640 2648
2631 2649 2627
2631 2627 2626
2631 2626 2650
2631 2650 2632
2626 2651 2650
2652 2653 2649
2652 2649 2654
2649 2653 2655
2649 2655 2627
2627 2655 2656
2657 2658 2659
2657 2659 2660
2661 2662 2663
2661 2663 2664
2665 2666 2621
2665 2621 2624
2667 2668 2669
2667 2669 2670
2671 2672 2673
2671 2673 2674
2675 2676 2677
2675 2677 2678
2679 2651 2680
2679 2680 2681
2682 2683 2684
2682 2684 2685
2686 2687 2672
2686 2672 2671
2688 2682 2685
2688 2685 2689
2690 2688 2689
2690 2689 2691
2683 2661 2664
2683 2664 2684
2692 2693 2694
2695 2696 2697
2698 2699 2700
2701 2697 2702
2703 2699 2698
2704 2705 2706
2704 2706 2707
2708 2709 2710
2708 2710 2711
2712 2713 2701
2712 2701 2702
2714 2715 2716
2714 2716 2717
2715 2718 2692
2715 2692 2716
2719 2720 2721
2719 2721 2722
2692 2718 2693
2693 2723 2694
2723 2724 2694
2724 2725 2694
2725 2726 2694
2726 2727 2694
2701 2728 2697
2707 2706 2699
2729 2707 2699
2728 2730 2697
2731 2729 2699
2730 2732 2697
2733 2731 2699
2732 2734 2697
2703 2733 2699
2734 2695 2697
2679 2650 2651
2735 2736 2737
2735 2737 2738
2739 2740 2741
2739 2741 2742
2743 2744 2745
2743 2745 2746
2747 2748 2749
2747 2749 2750
2751 2752 2753
2751 2753 2754
2755 2756 2757
2755 2757 2758
2759 2760 2761
2759 2761 2762
2763 2764 2765
2763 2765 2766
2767 2751 2754
2767 2754 2768
2769 2770 2764
2769 2764 2763
2771 2772 2770
2771 2770 2769
2766 2765 2740
2766 2740 2739
2773 2774 2775
2776 2777 2778
2779 2780 2781
2782 2783 2777
2784 2779 2781
2785 2786 2787
2785 2787 2788
2789 2790 2791
2789 2791 2792
2793 2783 2782
2793 2782 2794
2795 2796 2797
2795 2797 2798
2798 2797 2773
2798 2773 2799
2800 2801 2802
2800 2802 2803
2773 2775 2799
2775 2774 2804
2804 2774 2805
2805 2774 2806
2806 2774 2807
2807 2774 2808
2782 2777 2809
2786 2781 2787
2810 2781 2786
2809 2777 2811
2812 2781 2810
2811 2777 2813
2814 2781 2812
2813 2777 2815
2784 2781 2814
2815 2777 2776
2759 2762 2816
2817 2818 2819
2817 2819 2820
2821 2822 2823
2821 2823 2824
2825 2826 2827
2825 2827 2828
2829 2830 2831
2829 2831 2832
2825 2818 2817
2825 2817 2826
2833 2834 2835
2833 2835 2836
2834 2837 2838
2834 2838 2835
2839 2840 2841
2839 2841 2842
2842 2841 2843
2842 2843 2844
2845 2846 2847
2845 2847 2848
2849 2850 2851
2849 2851 2852
2852 2851 2853
2852 2853 2854
2855 2856 2857
2855 2857 2858
2859 2860 2861
2862 2861 2860
2862 2863 2864
2865 2866 2867
2865 2867 2868
2869 2870 2871
2870 2872 2873
2872 2874 2873
2858 2857 2875
2858 2875 2876
2859 2861 2877
2877 2861 2878
2879 2880 2881
2879 2881 2882
2862 2864 2861
2871 2870 2873
2883 2884 2885
2883 2885 2886
2887 2888 2889
2887 2889 2890
2891 2892 2893
2891 2893 2894
2895 2896 2897
2895 2897 2898
2891 2894 2883
2891 2883 2886
2899 2900 2901
2899 2901 2902
2902 2901 2903
2902 2903 2904
2905 2906 2907
2905 2907 2908
2906 2909 2910
2906 2910 2907
2911 2912 2913
2911 2913 2914
2915 2916 2917
2915 2917 2918
2919 2920 2921
2919 2921 2922
2923 2924 2925
2926 2927 2928
2926 2928 2929
2930 2931 2932
2930 2932 2933
2934 2935 2936
2934 2936 2937
2938 2939 2940
2938 2940 2941
2942 2943 2944
2942 2944 2945
2946 2947 2948
2946 2948 2949
2923 2950 2951
2951 2950 2952
2918 2917 2953
2918 2953 2954
2921 2920 2955
2956 2957 2958
2956 2958 2959
2954 2953 2960
2954 2960 2961
2921 2955 2926
2959 2958 2936
2959 2936 2935
2912 2911 2962
2912 2962 2963
2964 2952 2965
2966 2967 2968
2966 2968 2969
2963 2962 2970
2963 2970 2971
2971 2970 2916
2971 2916 2915
2972 2965 2973
2972 2973 2922
2969 2968 2974
2969 2974 2975
2975 2974 2934
2975 2934 2937
2929 2928 2925
2929 2925 2924
2926 2955 2927
2964 2965 2972
2922 2973 2919
2923 2951 2924
2951 2952 2964
2976 2977 2978
2979 2980 2981
2979 2981 2982
2983 2984 2985
2983 2985 2986
2987 2988 2989
2990 2991 2992
2990 2992 2993
2994 2995 2996
2994 2996 2997
2987 2998 2999
2998 3000 2999
2981 3001 3002
2981 3002 2982
2985 3003 2986
3004 3005 3006
3004 3006 3007
3001 2977 2976
3001 2976 3002
2985 2990 3003
3005 2997 2996
3005 2996 3006
2913 3008 3009
2913 3009 2914
3010 3011 3000
3012 3013 3014
3012 3014 3015
3008 3016 3017
3008 3017 3009
3016 2980 2979
3016 2979 3017
3018 3019 3011
3018 2984 3019
3013 3020 3021
3013 3021 3014
3020 2995 2994
3020 2994 3021
2991 2989 2988
2991 2988 2992
2990 2993 3003
3010 3018 3011
2984 2983 3019
2987 2989 2998
2998 3010 3000
3022 3023 3024
3022 3024 3025
3026 2978 3027
3026 3027 3028
2960 3026 2961
2976 2978 3026
2976 3026 2960
3029 3030 3031
3032 3030 3033
3034 3030 3029
3033 3030 3034
3035 3030 3036
3036 3030 3032
3037 3030 3035
3038 3030 3039
3040 3030 3037
3031 3030 3041
3041 3030 3038
3042 3030 3040
3043 3030 3042
3039 3030 3043
3044 3045 3046
3044 3046 3047
3048 3049 3050
3048 3050 3051
3049 3052 3053
3049 3053 3050
3054 3055 3056
3054 3056 3057
3058 3059 3060
3061 3060 3059
3061 3062 3063
3064 3065 3066
3064 3066 3067
3068 3069 3070
3070 3071 3072
3072 3071 3073
3055 3074 3075
3055 3075 3056
3058 3076 3059
3076 3077 3059
3078 3079 3080
3078 3081 3079
3061 3059 3062
3069 3071 3070
3082 3083 3084
3082 3084 3085
3086 3087 3088
3086 3088 3089
3090 3091 3092
3093 3094 3095
3093 3095 3096
3097 3098 3099
3100 3101 3102
3103 3104 3105
3106 3107 3108
3106 3108 3109
3110 3111 3112
3110 3112 3113
3114 3115 3116
3114 3116 3117
3118 3119 3095
3118 3095 3094
3120 3114 3117
3120 3117 3121
3122 3123 3124
3091 3125 3126
3116 3115 3127
3116 3127 3128
3104 3103 3129
3104 3129 3130
3119 3118 3120
3119 3120 3121
3131 3132 3133
3131 3133 3134
3134 3133 3135
3134 3135 3136
3137 3138 3139
3137 3139 3140
3137 3141 3142
3137 3142 3138
3143 3138 3142
3135 3133 3144
3135 3144 3145
3132 3146 3144
3132 3144 3133
3145 3144 3147
3148 3149 3150
3148 3150 3131
3148 3131 3134
3134 3136 3151
3134 3151 3148
3150 3149 3152
3150 3152 3153
3131 3150 3153
3131 3153 3154
3137 3155 3156
3137 3156 3141
3140 3157 3155
3140 3155 3137
3155 3158 3159
3155 3159 3156
3158 3153 3152
3158 3152 3159
3157 3160 3158
3157 3158 3155
3160 3154 3153
3160 3153 3158
3161 3162 3163
3161 3163 3164
3165 3161 3164
3164 3166 3167
3164 3167 3165
3168 3169 3170
3171 3172 3173
3173 3163 3162
3173 3162 3171
3174 3175 3101
3176 3177 3178
3176 3178 3179
3180 3181 3182
3140 3132 3157
3183 3184 3185
3186 3187 3188
3186 3188 3189
3190 3188 3187
3190 3187 3191
3192 3190 3191
3192 3191 3193
3188 3190 3194
3189 3188 3194
3195 3196 3197
3198 3199 3105
3200 3201 3202
3200 3202 3203
3204 3200 3205
3204 3205 3206
3207 3208 3209
3210 3211 3212
3210 3212 3213
3214 3215 3216
3217 3218 3219
3211 3217 3212
3139 3143 3147
3139 3147 3146
3209 3220 3221
3209 3221 3222
3146 3132 3140
3146 3140 3139
3190 3192 3223
3215 3224 3216
3215 3225 3226
3215 3226 3224
3190 3223 3194
3217 3219 3212
3207 3227 3208
3208 3220 3209
3228 3222 3221
3174 3229 3175
3175 3102 3101
3148 3151 3149
3143 3139 3138
3217 3230 3218
3110 3123 3111
3123 3122 3111
3144 3146 3147
3224 3231 3216
3184 3232 3185
3132 3160 3157
3132 3154 3160
3132 3131 3154
3082 3233 3083
3084 3234 3085
3235 3089 3088
3235 3088 3236
3235 3237 3089
3088 3238 3236
3177 3239 3178
3240 3241 3242
3240 3242 3243
3241 3244 3242
3127 3097 3099
3127 3099 3128
3098 3245 3099
3170 3246 3168
3246 3172 3168
3172 3246 3173
3125 3093 3126
3093 3096 3126
3247 3125 3091
3214 3248 3249
3214 3250 3248
3214 3251 3250
3214 3249 3215
3224 3252 3231
3224 3253 3252
3181 3254 3255
3181 3256 3254
3181 3255 3257
3181 3257 3182
3180 3258 3181
3176 3179 3199
3241 3259 3244
3198 3176 3199
3237 3260 3089
3109 3130 3129
3109 3129 3106
3200 3203 3205
3201 3104 3202
3196 3210 3213
3196 3213 3261
3196 3261 3197
3233 3240 3243
3233 3243 3083
3091 3090 3247
3084 3235 3236
3084 3236 3234
3104 3198 3105
3198 3104 3201
3262 3263 3264
3262 3264 3265
3266 3267 3268
3269 3270 3271
3272 3273 3274
3272 3274 3275
3276 3277 3278
3276 3278 3279
3280 3281 3282
3280 3282 3283
3284 3285 3286
3284 3286 3287
3264 3288 3289
3264 3289 3265
3290 3291 3292
3290 3292 3293
3293 3294 3295
3293 3295 3290
3296 3297 3298
3296 3298 3299
3300 3301 3302
3303 3289 3288
3303 3288 3304
3305 3306 3307
3305 3307 3308
3291 3309 3310
3291 3310 3292
3311 3312 3313
3311 3313 3314
3266 3268 3315
3301 3296 3299
3301 3299 3316
3300 3296 3301
3317 3318 3319
3309 3311 3314
3309 3314 3310
3306 3320 3321
3306 3321 3307
3268 3322 3323
3268 3324 3325
3285 3281 3280
3285 3280 3286
3282 3326 3327
3282 3327 3283
3328 3329 3330
3331 3332 3333
3334 3335 3333
3334 3333 3336
3337 3338 3339
3340 3337 3339
3340 3339 3341
3342 3340 3341
3342 3341 3343
3344 3342 3343
3345 3346 3330
3347 3348 3349
3350 3351 3352
3350 3352 3353
3354 3347 3355
3356 3357 3358
3352 3351 3356
3352 3356 3358
3359 3360 3361
3359 3361 3362
3346 3339 3336
3346 3343 3341
3346 3341 3339
3346 3336 3333
3346 3333 3330
3363 3364 3365
3363 3365 3366
3268 3323 3315
3268 3325 3322
3298 3367 3299
3368 3369 3367
3367 3369 3316
3367 3316 3299
3359 3362 3370
3344 3343 3371
3349 3372 3347
3347 3372 3355
3373 3374 3345
3346 3345 3374
3375 3376 3271
3270 3375 3271
3343 3346 3377
3343 3377 3371
3349 3378 3372
3317 3319 3268
3379 3317 3268
3267 3379 3268
3326 3277 3276
3326 3276 3327
3278 3272 3275
3278 3275 3279
3273 3375 3270
3273 3270 3274
3332 3328 3330
3332 3330 3333
3335 3331 3333
3338 3334 3336
3338 3336 3339
3380 3381 3382
3380 3382 3383
3384 3380 3383
3384 3383 3385
3365 3384 3385
3365 3385 3386
3365 3386 3366
3381 3387 3388
3381 3388 3382
3387 3389 3388
3390 3391 3392
3390 3392 3393
3391 3394 3395
3391 3395 3392
3387 3390 3393
3387 3393 3389
3330 3373 3345
3330 3329 3373
3396 3397 3398
3396 3398 3399
3400 3401 3402
3400 3402 3403
3399 3398 3404
3399 3404 3405
3402 3401 3405
3402 3405 3404
3406 3407 3408
3409 3410 3411
3412 3413 3400
3412 3400 3403
3414 3415 3416
3417 3418 3419
3420 3409 3421
3422 3423 3424
3422 3424 3425
3426 3427 3428
3426 3428 3429
3430 3431 3432
3430 3432 3433
3434 3435 3436
3434 3436 3437
3438 3439 3440
3438 3440 3441
3396 3442 3443
3396 3443 3397
3444 3445 3446
3444 3446 3447
3448 3449 3450
3442 3451 3452
3442 3452 3443
3410 3453 3454
3415 3414 3406
3455 3456 3457
3455 3457 3458
3459 3460 3461
3459 3461 3462
3456 3463 3416
3456 3416 3457
3464 3453 3420
3464 3420 3465
3466 3465 3420
3466 3420 3421
3467 3468 3419
3467 3419 3418
3414 3469 3461
3414 3461 3460
3469 3414 3416
3469 3416 3463
3453 3464 3470
3453 3470 3471
3470 3467 3418
3470 3418 3471
3449 3459 3462
3449 3462 3472
3473 3466 3421
3473 3421 3474
3472 3475 3450
3472 3450 3449
3474 3476 3477
3474 3477 3473
3478 3479 3480
3478 3480 3481
3482 3483 3484
3482 3484 3485
3406 3414 3460
3420 3453 3410
3409 3420 3410
3406 3460 3407
3480 3486 3487
3480 3487 3481
3409 3488 3474
3409 3474 3421
3407 3460 3459
3407 3459 3449
3489 3407 3449
3488 3490 3474
3448 3489 3449
3490 3476 3474
3415 3491 3457
3415 3457 3416
3454 3453 3471
3454 3471 3418
3417 3454 3418
3491 3458 3457
3426 3492 3493
3426 3493 3427
3494 3495 3496
3495 3497 3496
3498 3499 3500
3501 3498 3502
3501 3502 3503
3504 3505 3506
3504 3506 3502
3502 3506 3507
3502 3507 3503
3508 3509 3510
3511 3509 3508
3512 3506 3513
3512 3514 3507
3512 3507 3506
3515 3516 3517
3515 3517 3518
3519 3517 3520
3507 3521 3522
3507 3522 3503
3494 3523 3495
3503 3522 3524
3503 3524 3501
3509 3525 3510
3514 3526 3521
3514 3521 3507
3498 3500 3502
3512 3513 3527
3513 3506 3505
3502 3500 3504
3520 3517 3516
3515 3518 3528
3528 3518 3529
3530 3531 3532
3533 3534 3535
3536 3537 3532
3535 3538 3533
3532 3531 3536
3539 3540 3541
3539 3541 3542
3539 3543 3544
3539 3544 3540
3545 3546 3547
3545 3547 3548
3549 3550 3551
3549 3551 3552
3538 3553 3533
3554 3555 3556
3554 3556 3557
3558 3554 3557
3558 3557 3559
3560 3561 3562
3560 3562 3563
3561 3564 3565
3561 3565 3562
3564 3566 3567
3564 3567 3565
3568 3569 3570
3568 3570 3571
3572 3573 3574
3572 3574 3575
3576 3577 3578
3576 3578 3579
3580 3581 3582
3580 3582 3583
3584 3585 3586
3584 3586 3587
3581 3588 3589
3581 3589 3582
3585 3580 3583
3585 3583 3586
3590 3591 3592
3590 3592 3593
3594 3595 3596
3594 3596 3597
3598 3599 3600
3598 3600 3601
3602 3603 3604
3602 3604 3605
3606 3607 3599
3606 3599 3598
3608 3609 3610
3608 3610 3611
3611 3610 3558
3611 3558 3559
3593 3592 3609
3593 3609 3608
3567 3566 3572
3567 3572 3575
3555 3607 3606
3555 3606 3556
3612 3613 3614
3615 3616 3617
3612 3618 3619
3612 3620 3621
3612 3621 3618
3614 3622 3612
3622 3623 3612
3623 3624 3612
3624 3625 3612
3625 3626 3612
3627 3628 3629
3630 3631 3620
3630 3620 3632
3616 3630 3632
3631 3621 3620
3627 3633 3617
3627 3617 3628
3633 3615 3617
3612 3619 3613
3616 3632 3617
3634 3635 3636
3637 3638 3639
3634 3640 3641
3634 3641 3642
3634 3642 3643
3635 3634 3644
3644 3634 3645
3645 3634 3646
3646 3634 3647
3647 3634 3648
3649 3650 3651
3652 3653 3643
3652 3643 3654
3639 3653 3652
3654 3643 3642
3649 3651 3638
3649 3638 3655
3655 3638 3637
3634 3636 3640
3639 3638 3653
3656 3657 3658
3656 3658 3659
3660 3661 3662
3660 3662 3663
3664 3665 3666
3667 3668 3669
3670 3671 3672
3670 3672 3673
3673 3672 3674
3673 3674 3675
3675 3674 3660
3675 3660 3663
3676 3668 3677
3669 3668 3678
3679 3665 3680
3666 3665 3681
3681 3665 3679
3678 3668 3676
3682 3683 3684
3682 3684 3685
3686 3687 3688
3686 3688 3689
3690 3691 3692
3690 3692 3693
3694 3695 3696
3694 3696 3697
3698 3699 3697
3698 3697 3696
3700 3701 3691
3700 3691 3690
3699 3698 3701
3699 3701 3700
3702 3703 3683
3702 3683 3682
3687 3686 3703
3687 3703 3702
3704 3705 3706
3704 3706 3707
3707 3706 3689
3707 3689 3688
3708 3709 3710
3708 3710 3711
3712 3713 3714
3714 3713 3715
3715 3713 3716
3717 3713 3712
3716 3713 3718
3719 3713 3717
3720 3713 3721
3721 3713 3722
3722 3713 3719
3718 3713 3723
3724 3725 3726
3727 3725 3728
3729 3725 3730
3731 3725 3729
3732 3725 3724
3728 3725 3732
3733 3725 3727
3734 3725 3735
3735 3725 3731
3726 3725 3734
3736 3737 3738
3739 3740 3741
3739 3741 3742
3737 3743 3738
3742 3744 3739
3743 3745 3746
3743 3746 3738
3744 3747 3748
3744 3748 3739
3736 3749 3737
3736 3750 3751
3736 3751 3749
3752 3753 3754
3755 3754 3756
3755 3756 3757
3754 3753 3758
3754 3755 3759
3758 3753 3760
3758 3760 3761
3759 3755 3762
3759 3762 3763
3752 3754 3759
3752 3759 3763
3752 3763 3764
