byte offset: 0
first index: 0
index count: 9414
topology: trianglelist
format: DXGI_FORMAT_R16_UINT

0 1 2
3 4 5
6 7 8
9 10 11
12 13 14
15 16 17
18 19 20
21 22 23
24 25 26
27 28 29
30 31 32
33 30 34
30 35 36
30 37 38
30 39 40
30 41 39
42 41 30
42 30 43
44 39 41
42 44 41
44 45 39
46 39 45
47 39 46
46 45 48
49 48 45
49 45 50
50 45 44
51 49 50
50 44 52
51 50 53
53 50 52
51 53 54
51 54 55
42 56 44
52 44 56
53 52 57
54 53 57
55 54 58
55 58 59
60 59 58
52 56 61
57 52 61
62 56 42
61 56 62
62 42 63
64 63 42
61 62 65
61 65 66
54 57 67
58 54 67
57 61 68
61 66 68
67 57 68
69 68 66
67 68 69
69 66 70
71 69 70
72 67 69
71 72 69
58 67 73
72 73 67
74 72 71
74 71 75
76 74 75
77 58 73
60 58 77
78 60 77
79 73 72
77 73 79
79 72 74
76 80 74
80 76 81
78 77 82
82 77 79
83 79 74
82 79 83
83 74 80
84 78 82
84 82 83
84 85 78
80 81 86
86 81 87
88 83 80
84 83 88
88 80 86
89 85 84
89 90 85
91 84 88
91 88 86
91 89 84
92 89 91
93 90 89
89 92 93
93 94 90
95 94 93
95 93 96
96 93 92
97 95 96
86 87 98
91 86 98
99 98 87
99 87 100
101 99 100
102 91 98
92 91 102
102 98 99
101 103 99
104 102 99
104 99 103
105 103 101
105 101 106
107 105 106
107 106 108
109 102 104
109 92 102
110 104 103
110 103 105
104 110 109
107 111 105
110 105 111
108 112 107
108 113 112
112 113 114
112 114 115
115 114 116
115 116 117
117 116 118
109 110 119
120 110 111
120 119 110
121 109 119
92 109 121
92 121 122
122 96 92
123 121 119
123 122 121
123 119 124
120 125 119
124 119 125
126 115 117
126 127 115
127 112 115
127 128 112
127 129 128
128 107 112
128 130 107
129 130 128
107 130 131
107 131 111
132 120 111
132 111 131
133 131 130
129 133 130
133 134 131
134 132 131
129 135 133
135 134 133
129 136 135
135 137 134
129 138 136
137 139 134
134 139 132
137 140 139
140 141 139
140 142 141
139 141 143
139 143 132
120 132 143
120 143 144
120 144 125
125 144 145
129 146 138
127 146 129
138 146 147
147 146 127
138 147 148
147 127 126
147 149 148
125 145 150
145 151 150
124 125 150
151 124 150
145 152 151
151 152 153
151 153 154
151 154 155
156 147 126
147 156 149
151 155 157
151 157 124
156 126 158
158 126 117
159 149 156
159 156 158
159 160 149
159 161 160
157 155 162
163 162 155
162 163 164
158 117 165
158 165 166
117 118 165
118 166 165
118 167 166
166 167 168
159 158 169
158 166 169
159 170 161
170 159 169
166 168 171
172 171 168
166 173 169
166 171 173
170 169 173
161 170 174
161 174 175
175 174 176
172 177 171
177 173 171
178 177 172
179 170 173
177 179 173
179 174 170
179 177 180
179 180 181
174 179 181
174 181 182
183 184 172
185 175 186
181 187 188
189 190 181
181 191 192
193 194 181
185 195 196
185 196 197
198 183 197
198 197 199
200 201 202
203 204 205
206 207 208
209 206 210
209 210 211
212 210 206
212 213 210
214 211 210
214 215 211
216 211 215
214 217 215
218 217 214
218 219 217
220 219 218
214 210 221
218 214 221
210 222 221
210 213 222
218 221 223
223 221 222
220 218 224
224 218 223
220 224 225
220 225 226
225 227 226
224 223 228
228 225 224
223 222 229
228 223 229
213 230 222
230 229 222
213 231 230
232 231 213
230 233 229
229 233 234
229 234 235
228 229 235
235 234 236
228 237 225
235 237 228
235 236 238
235 238 237
237 239 225
225 239 227
236 240 238
236 241 240
238 242 237
237 242 239
238 240 242
243 227 239
243 239 242
243 244 227
245 244 243
246 240 241
246 241 247
246 247 248
249 242 240
243 242 249
249 240 246
245 243 250
250 243 249
246 248 251
251 248 97
252 249 246
250 249 252
252 246 251
253 245 250
252 253 250
253 254 245
255 254 253
255 256 254
252 257 253
251 257 252
257 255 253
251 97 258
251 258 257
97 96 258
258 259 257
258 96 259
257 259 255
122 259 96
255 259 122
260 256 255
260 261 256
262 261 260
255 122 263
255 263 260
123 263 122
262 260 264
263 264 260
123 265 263
264 263 265
262 264 266
262 266 267
266 268 267
123 269 265
123 124 269
270 265 269
271 265 270
264 265 271
266 264 271
270 269 272
124 272 269
124 157 272
157 273 272
270 272 273
157 162 273
266 274 268
275 268 274
266 271 276
274 266 276
277 273 162
162 164 277
278 277 164
278 164 279
280 278 279
277 281 273
278 281 277
270 273 281
275 274 282
283 275 282
284 276 271
271 270 284
274 276 285
282 274 285
283 282 286
287 283 286
278 288 281
270 281 288
284 289 276
289 285 276
286 282 290
282 285 290
285 291 290
286 290 292
291 292 290
287 286 293
293 286 292
294 287 293
294 295 287
296 295 294
293 292 297
294 293 297
296 294 298
299 296 298
289 300 285
285 300 291
301 300 289
291 300 301
301 289 302
291 301 303
302 289 284
302 284 304
291 303 305
306 304 284
306 307 304
284 270 306
308 307 306
308 306 270
308 309 307
270 288 308
309 308 310
288 310 308
309 310 311
310 312 311
291 305 313
291 313 292
297 292 313
314 313 305
297 313 314
314 305 315
316 314 315
288 317 310
278 317 288
310 318 312
317 318 310
319 297 314
294 297 319
298 294 319
316 320 314
319 314 320
278 321 317
280 321 278
322 321 280
323 312 318
323 324 312
325 324 323
317 326 318
321 326 317
326 323 318
316 327 320
316 328 327
322 329 321
321 329 326
326 330 323
329 330 326
331 329 322
329 331 330
331 322 332
331 332 333
330 334 323
325 323 334
331 333 335
335 333 336
331 337 330
331 335 337
330 337 334
335 336 338
337 335 338
338 336 339
340 325 334
340 341 325
334 337 342
334 342 340
337 338 342
343 341 340
342 343 340
343 344 341
338 345 342
342 345 343
346 344 343
345 346 343
346 347 344
348 347 346
338 339 349
338 349 345
345 350 346
349 350 345
339 351 349
349 351 350
339 352 351
351 352 353
348 346 354
350 354 346
351 353 355
355 353 356
351 357 350
351 355 357
350 357 354
358 348 354
358 359 348
360 359 358
354 361 358
354 357 361
361 362 358
362 363 359
361 364 362
365 357 355
365 361 357
355 356 365
365 364 361
366 365 356
365 367 364
367 356 368
364 369 370
371 372 364
364 373 374
375 376 364
377 368 378
377 378 379
378 363 380
378 380 381
382 383 206
384 206 385
386 387 206
388 389 390
391 392 393
394 395 396
397 398 396
399 400 396
401 402 396
403 404 396
403 396 405
406 405 396
406 407 405
408 403 405
407 409 405
408 405 409
408 410 403
411 403 410
408 412 410
328 412 408
328 408 327
409 327 408
409 413 327
413 320 327
413 319 320
298 319 413
414 413 409
414 298 413
407 414 409
299 298 414
299 414 407
299 407 415
415 407 416
417 418 410
415 419 420
420 421 422
420 422 423
423 424 417
423 425 424
426 427 428
429 430 431
432 433 434
435 436 437
438 439 440
441 442 443
444 445 446
447 448 449
450 451 452
453 454 455
456 457 458
459 460 461
462 463 464
465 466 467
468 469 470
471 472 473
474 475 476
477 478 474
474 479 480
474 481 482
474 483 484
474 484 485
486 474 485
486 487 474
488 485 484
486 485 488
488 484 489
490 489 484
491 490 484
490 492 489
493 489 492
493 494 489
494 488 489
495 494 493
494 496 488
495 497 494
497 496 494
495 498 497
495 499 498
486 488 500
496 500 488
497 501 496
498 501 497
499 502 498
499 503 502
504 502 503
496 505 500
501 505 496
506 486 500
505 506 500
506 507 486
508 486 507
505 509 506
505 510 509
498 511 501
502 511 498
501 512 505
505 512 510
511 512 501
513 510 512
511 513 512
513 514 510
515 514 513
516 513 511
515 513 516
502 517 511
516 511 517
518 515 516
518 519 515
520 519 518
521 517 502
504 521 502
522 521 504
523 516 517
521 523 517
523 518 516
520 518 524
524 525 520
522 526 521
526 523 521
527 518 523
526 527 523
527 524 518
528 526 522
528 527 526
528 522 529
524 530 525
530 531 525
532 524 527
528 532 527
532 530 524
533 528 529
533 529 534
535 532 528
535 530 532
535 528 533
536 535 533
537 533 534
533 537 536
537 534 538
539 537 538
539 540 537
540 536 537
541 540 539
535 542 530
530 542 531
543 542 535
536 543 535
544 531 542
543 544 542
544 545 531
546 545 544
547 544 543
546 544 548
547 548 544
549 547 543
549 543 536
550 546 548
550 551 546
552 551 550
552 553 551
554 548 547
554 550 548
547 549 554
552 550 555
554 555 550
553 552 556
553 556 557
556 558 557
556 559 558
559 560 558
559 561 560
561 562 560
549 563 554
564 555 554
564 554 563
565 563 549
536 565 549
536 566 565
566 536 540
567 563 565
567 565 566
567 568 563
564 563 569
568 569 563
570 561 559
570 559 571
571 559 556
571 556 572
571 572 573
572 556 552
572 552 574
573 572 574
552 575 574
552 555 575
576 555 564
576 575 555
577 574 575
573 574 577
577 575 578
578 575 576
573 577 579
579 577 578
573 579 580
579 578 581
573 580 582
581 578 583
578 576 583
581 583 584
584 583 585
584 585 586
583 587 585
583 576 587
564 587 576
564 588 587
564 569 588
569 589 588
573 582 590
571 573 590
582 591 590
591 571 590
582 592 591
591 570 571
591 592 593
569 594 589
589 594 595
568 594 569
595 594 568
589 595 596
595 597 596
595 598 597
595 599 598
600 570 591
591 593 600
595 601 599
595 568 601
600 602 570
602 561 570
603 600 593
603 602 600
603 593 604
603 604 605
601 606 599
607 599 606
606 608 607
602 609 561
602 610 609
561 609 562
562 609 610
562 610 611
610 612 611
603 613 602
602 613 610
603 605 614
614 613 603
610 615 612
616 612 615
610 613 617
610 617 615
614 617 613
605 618 614
605 619 618
619 620 618
616 615 621
621 615 617
622 616 621
623 617 614
621 617 623
623 614 618
623 624 621
623 625 624
618 625 623
618 626 625
627 616 628
629 630 619
625 631 632
633 625 634
625 635 636
637 625 638
629 639 640
629 641 639
642 643 641
642 641 627
644 645 646
647 648 649
650 651 652
653 654 650
653 655 654
656 650 654
656 654 657
658 654 655
658 655 659
660 659 655
658 659 661
662 658 661
662 661 663
664 662 663
658 665 654
662 665 658
654 665 666
654 666 657
662 667 665
667 666 665
664 668 662
668 667 662
664 669 668
664 670 669
669 670 671
668 672 667
672 668 669
667 673 666
672 673 667
657 666 674
674 666 673
657 674 675
676 657 675
674 673 677
673 678 677
673 679 678
672 679 673
679 680 678
672 669 681
679 672 681
669 671 682
681 669 682
679 683 680
679 681 683
684 682 671
684 671 685
686 684 685
681 682 687
683 681 687
684 687 682
680 683 688
683 687 688
680 688 689
684 690 687
690 688 687
691 689 688
690 691 688
691 692 689
691 693 692
686 694 684
694 690 684
691 695 693
695 541 693
696 691 690
694 696 690
696 695 691
697 694 686
696 694 697
697 686 698
699 697 698
699 698 700
696 697 701
695 696 701
701 697 699
695 702 541
695 701 702
541 702 540
702 701 703
702 703 540
701 699 703
566 540 703
699 566 703
704 699 700
704 700 705
706 704 705
699 707 566
699 704 707
567 566 707
706 708 704
707 704 708
567 707 709
708 709 707
706 710 708
706 711 710
710 711 712
567 709 713
567 713 568
714 713 709
715 714 709
708 715 709
710 715 708
714 716 713
568 713 716
568 716 601
601 716 717
714 717 716
601 717 606
710 712 718
719 718 712
710 720 715
718 720 710
721 606 717
606 721 608
722 608 721
722 723 608
724 723 722
721 717 725
722 721 725
714 725 717
719 726 718
727 726 719
728 715 720
715 728 714
718 729 720
726 729 718
727 730 726
731 730 727
722 725 732
714 732 725
728 720 733
733 720 729
730 734 726
726 734 729
729 734 735
730 736 734
735 734 736
731 737 730
737 736 730
738 737 731
738 731 739
740 738 739
737 741 736
738 741 737
740 742 738
743 742 740
733 729 744
729 735 744
745 733 744
735 745 744
745 746 733
735 747 745
746 728 733
746 748 728
735 749 747
750 728 748
750 748 751
728 750 714
752 750 751
752 714 750
752 751 753
714 752 732
753 754 752
732 752 754
753 755 754
754 755 756
735 757 749
735 736 757
741 757 736
758 749 757
741 758 757
758 759 749
760 759 758
732 754 761
722 732 761
754 756 762
761 754 762
763 758 741
738 763 741
742 763 738
760 758 764
763 764 758
722 761 765
724 722 765
766 724 765
767 762 756
767 756 768
769 767 768
761 762 770
765 761 770
770 762 767
760 764 771
760 771 772
766 765 773
765 770 773
770 767 774
773 770 774
775 766 773
773 774 775
775 776 766
775 777 776
774 767 778
769 778 767
775 779 777
779 780 777
775 774 781
775 781 779
774 778 781
779 782 780
781 782 779
782 783 780
784 778 769
784 769 785
778 786 781
778 784 786
781 786 782
787 784 785
786 784 787
787 785 788
782 786 789
786 787 789
790 787 788
789 787 790
790 788 791
792 790 791
782 793 783
782 789 793
789 790 794
793 789 794
783 793 795
793 794 795
783 795 796
795 797 796
792 798 790
794 790 798
795 799 797
799 800 797
795 794 801
795 801 799
794 798 801
802 798 792
802 792 803
804 802 803
798 802 805
798 805 801
805 802 806
806 803 807
805 806 808
809 799 801
809 801 805
799 809 800
809 805 808
810 800 809
809 808 811
811 812 800
808 813 814
815 808 816
808 817 818
819 808 820
821 822 812
821 823 822
822 824 825
822 825 807
826 650 827
828 829 650
830 650 831
832 833 834
835 836 837
838 839 840
841 839 842
843 839 844
845 839 846
847 839 848
847 849 839
850 839 849
850 849 851
852 849 847
851 849 853
852 853 849
852 847 854
855 854 847
852 854 856
772 852 856
772 771 852
853 852 771
853 771 857
857 771 764
857 764 763
742 857 763
858 853 857
858 857 742
851 853 858
743 858 742
743 851 858
743 859 851
859 860 851
861 854 862
859 863 864
863 865 866
863 867 865
867 861 868
867 868 869
870 871 872
873 874 875
876 877 878
879 880 881
882 883 884
885 886 887
888 889 890
891 892 893
894 46 895
896 897 895
896 898 897
899 900 896
899 896 901
902 901 63
903 904 215
905 903 906
905 906 907
908 909 906
908 906 910
911 910 231
912 913 490
914 913 915
914 915 916
917 914 918
917 919 914
920 507 919
921 659 922
923 924 921
923 925 924
926 924 927
926 928 924
929 675 928
930 931 932
930 932 933
934 930 933
933 932 935
934 933 936
933 935 937
936 933 937
935 938 937
935 939 938
937 938 940
937 940 941
936 937 941
940 942 941
942 943 941
941 943 936
944 943 942
945 934 936
936 943 945
943 946 945
945 947 934
946 947 945
946 948 947
946 949 948
944 950 943
943 950 946
944 951 950
950 951 952
950 952 953
953 946 950
953 952 954
946 955 949
953 955 946
956 949 955
956 955 953
956 957 949
956 958 957
953 954 959
956 953 959
954 960 959
960 956 959
954 961 960
962 960 961
956 963 958
960 963 956
964 958 963
960 964 963
964 965 958
962 966 960
960 966 964
962 967 966
965 964 968
968 964 966
965 968 969
968 966 970
970 966 967
967 971 970
972 973 974
974 975 972
976 975 974
976 974 977
976 977 978
979 980 981
979 981 982
982 983 979
981 984 982
981 985 984
986 984 985
986 987 984
988 987 986
988 986 989
990 988 989
987 988 991
987 991 992
988 993 991
990 994 988
988 994 993
995 994 990
995 990 996
993 994 997
997 994 995
993 997 998
996 999 995
995 999 997
996 1000 999
998 997 1001
999 1001 997
1002 999 1000
1001 999 1002
1002 1000 1003
1004 1001 1002
998 1001 1005
1004 1005 1001
1004 1006 1005
1005 1007 998
1006 1008 1005
1007 1005 1008
1007 1008 1009
1009 1008 1010
1011 1009 1010
1011 1010 1012
1013 1014 1015
1014 1016 1015
1014 1017 1016
1016 1017 1018
1019 1015 1016
1016 1018 1020
1020 1018 1021
1019 1016 1022
1020 1022 1016
1020 1021 1023
1023 1021 1024
1025 1019 1022
1025 1026 1019
1027 1026 1025
1023 1024 1028
1028 1024 1029
1028 1029 1030
1020 1031 1022
1032 1025 1022
1032 1022 1031
1020 1033 1031
1020 1023 1033
1033 1032 1031
1027 1025 1034
1034 1025 1032
1023 1035 1033
1023 1028 1035
1027 1034 1036
1027 1036 1037
1034 1032 1038
1036 1034 1038
1033 1039 1032
1035 1039 1033
1038 1032 1039
1037 1036 1040
1037 1040 1041
1036 1038 1042
1042 1040 1036
1043 1041 1040
1043 1044 1041
1045 1044 1043
1045 1046 1044
1047 1046 1045
1047 1048 1046
1049 1048 1047
1038 1039 1050
1051 1042 1038
1051 1038 1050
1052 1050 1039
1035 1052 1039
1053 1051 1050
1052 1053 1050
1054 1052 1035
1054 1035 1028
1053 1052 1055
1054 1055 1052
1054 1028 1056
1028 1030 1056
1030 1057 1056
1057 1054 1056
1030 1058 1057
1059 1055 1054
1057 1059 1054
1058 1060 1057
1058 1061 1060
1060 1061 1062
1057 1060 1063
1057 1063 1059
1060 1062 1064
1063 1060 1064
1064 1062 1065
1064 1065 1066
1067 1064 1066
1063 1064 1067
1067 1066 1068
1069 1059 1063
1067 1069 1063
1059 1070 1055
1069 1070 1059
1070 1069 1071
1072 1067 1068
1073 1072 1068
1067 1074 1069
1067 1072 1074
1071 1069 1074
1075 1072 1073
1074 1072 1075
1075 1073 1076
1077 1055 1070
1053 1055 1077
1077 1070 1078
1070 1071 1078
1053 1077 1079
1078 1079 1077
1071 1074 1080
1074 1075 1080
1076 1081 1075
1076 1082 1081
1083 1081 1082
1075 1084 1080
1075 1081 1084
1084 1071 1080
1083 1085 1081
1085 1084 1081
1083 1086 1085
1087 1078 1071
1078 1087 1079
1088 1079 1087
1084 1089 1071
1087 1071 1089
1085 1089 1084
1088 1087 1089
1090 1085 1086
1091 1090 1086
1085 1092 1089
1088 1089 1092
1092 1085 1090
1091 1093 1090
1094 1093 1091
1092 1090 1095
1095 1088 1092
1096 1090 1093
1095 1090 1096
1094 1097 1093
1098 1097 1094
1098 1094 1099
1100 1098 1099
1096 1093 1101
1097 1101 1093
1095 1096 1102
1102 1096 1101
1103 1097 1098
1097 1103 1101
1101 1103 1104
1102 1101 1105
1101 1104 1105
1102 1105 1106
1104 1106 1105
1095 1102 1107
1102 1106 1107
1103 1098 1108
1108 1104 1103
1098 1109 1108
1100 1110 1098
1098 1110 1109
1111 1110 1100
1109 1110 1111
1112 1111 1100
1113 1104 1108
1109 1113 1108
1095 1107 1114
1095 1114 1088
1104 1115 1106
1113 1115 1104
1115 1113 1116
1115 1116 1117
1117 1106 1115
1118 1107 1106
1117 1118 1106
1119 1114 1107
1118 1119 1107
1088 1114 1120
1119 1120 1114
1118 1117 1121
1117 1116 1121
1122 1119 1118
1118 1121 1122
1122 1123 1119
1119 1123 1120
1088 1120 1124
1088 1124 1079
1125 1122 1121
1125 1123 1122
1123 1126 1120
1124 1120 1126
1125 1126 1123
1126 1125 1127
1125 1121 1128
1116 1128 1121
1128 1127 1125
1129 1079 1124
1053 1079 1129
1053 1129 1051
1130 1124 1126
1129 1124 1130
1131 1051 1129
1131 1129 1130
1042 1051 1131
1132 1130 1126
1126 1127 1132
1132 1131 1130
1042 1131 1133
1042 1133 1040
1132 1134 1131
1127 1134 1132
1133 1131 1134
1133 1135 1040
1043 1040 1135
1133 1134 1136
1133 1136 1135
1043 1135 1137
1045 1043 1137
1138 1136 1134
1127 1138 1134
1135 1136 1139
1138 1139 1136
1135 1139 1137
1140 1045 1137
1140 1047 1045
1127 1141 1138
1139 1138 1141
1137 1139 1142
1137 1142 1140
1139 1141 1142
1047 1140 1143
1142 1143 1140
1127 1144 1141
1128 1144 1127
1145 1144 1128
1116 1145 1128
1141 1144 1146
1145 1146 1144
1142 1141 1147
1141 1146 1147
1142 1147 1148
1142 1148 1143
1146 1149 1147
1148 1147 1149
1150 1146 1145
1146 1150 1149
1047 1143 1151
1049 1047 1151
1143 1148 1152
1148 1149 1152
1153 1049 1151
1153 1154 1049
1151 1143 1155
1151 1155 1153
1143 1152 1155
1156 1154 1153
1155 1156 1153
1156 1157 1154
1150 1145 1158
1116 1158 1145
1157 1156 1159
1157 1159 1160
1161 1160 1159
1161 1162 1160
1159 1163 1161
1156 1164 1159
1159 1164 1163
1155 1165 1156
1156 1165 1164
1163 1164 1166
1165 1166 1164
1163 1166 1167
1168 1167 1166
1155 1169 1165
1165 1169 1166
1155 1152 1169
1168 1166 1170
1170 1166 1169
1170 1171 1168
1152 1172 1169
1170 1169 1172
1152 1149 1172
1170 1173 1171
1172 1173 1170
1149 1174 1172
1172 1174 1173
1149 1150 1174
1175 1174 1150
1175 1173 1174
1175 1150 1158
1171 1173 1176
1175 1176 1173
1171 1176 1177
1178 1175 1158
1176 1175 1178
1177 1176 1179
1176 1178 1179
1177 1179 1180
1180 1179 1181
1180 1181 1182
1183 1182 1181
1178 1158 1184
1116 1184 1158
1116 1185 1184
1178 1184 1185
1116 1113 1185
1109 1185 1113
1179 1178 1186
1178 1185 1186
1109 1186 1185
1179 1186 1181
1109 1187 1186
1181 1186 1187
1109 1111 1187
1181 1187 1188
1183 1181 1188
1111 1188 1187
1189 1183 1188
1111 1189 1188
1189 1190 1183
1112 1189 1111
1191 1190 1189
1112 1192 1189
1191 1189 1192
1193 1194 1195
1193 1195 1196
1196 1197 1193
1196 1195 1198
1196 1199 1197
1200 1197 1199
1201 1199 1196
1201 1200 1199
1200 1202 1197
1200 1203 1202
1196 1198 1204
1201 1196 1204
1204 1198 1205
1205 1198 1206
1207 1204 1205
1207 1201 1204
1207 1208 1201
1209 1201 1208
1209 1210 1201
1201 1210 1200
1211 1210 1209
1200 1210 1211
1211 1209 1212
1200 1213 1203
1200 1211 1213
1214 1203 1213
1211 1214 1213
1214 1215 1203
1214 1216 1215
1217 1211 1212
1211 1217 1214
1217 1212 1218
1219 1217 1218
1219 1220 1217
1220 1214 1217
1219 1221 1220
1214 1222 1216
1220 1222 1214
1222 1223 1216
1222 1224 1223
1224 1222 1220
1225 1223 1224
1221 1226 1220
1226 1224 1220
1227 1226 1221
1228 1226 1227
1224 1226 1228
1228 1227 1229
1225 1224 1230
1224 1228 1230
1231 1228 1229
1230 1228 1231
1231 1229 1232
1230 1231 1233
1225 1230 1233
1225 1233 1234
1235 1236 1237
1236 1235 1238
1238 1239 1236
1238 1240 1239
1240 1241 1239
1242 1243 1244
1242 1245 1243
1245 1242 1246
1243 1245 1247
1243 1247 1248
1249 1248 1247
1249 1247 1250
1251 1249 1250
1251 1252 1249
1253 1252 1251
1250 1254 1251
1250 1255 1254
1251 1254 1256
1253 1251 1257
1251 1256 1257
1258 1253 1257
1258 1259 1253
1256 1260 1257
1260 1258 1257
1256 1261 1260
1259 1258 1262
1258 1260 1262
1259 1262 1263
1261 1264 1260
1262 1260 1264
1265 1263 1262
1264 1265 1262
1265 1266 1263
1267 1265 1264
1261 1268 1264
1267 1264 1268
1267 1268 1269
1268 1261 1270
1269 1268 1271
1270 1271 1268
1270 1272 1271
1272 1273 1271
1274 1273 1272
1274 1275 1273
1276 1277 1278
1278 1277 1279
1278 1279 1280
1279 1281 1280
1282 1279 1277
1279 1283 1281
1283 1284 1281
1282 1285 1279
1283 1279 1285
1283 1286 1284
1286 1287 1284
1288 1285 1282
1288 1282 1289
1290 1288 1289
1286 1291 1287
1291 1292 1287
1291 1293 1292
1283 1285 1294
1295 1285 1288
1295 1294 1285
1283 1294 1296
1283 1296 1286
1296 1294 1295
1290 1297 1288
1297 1295 1288
1286 1296 1298
1286 1298 1291
1290 1299 1297
1290 1300 1299
1297 1301 1295
1299 1301 1297
1296 1295 1302
1298 1296 1302
1301 1302 1295
1300 1303 1299
1300 1304 1303
1299 1305 1301
1305 1299 1303
1306 1303 1304
1306 1304 1307
1308 1306 1307
1308 1307 1309
1310 1308 1309
1310 1309 1311
1312 1310 1311
1301 1313 1302
1314 1301 1305
1314 1313 1301
1315 1302 1313
1298 1302 1315
1316 1313 1314
1315 1313 1316
1317 1298 1315
1317 1291 1298
1316 1318 1315
1317 1315 1318
1317 1319 1291
1291 1319 1293
1293 1319 1320
1320 1319 1317
1293 1320 1321
1322 1317 1318
1320 1317 1322
1321 1320 1323
1321 1323 1324
1323 1325 1324
1320 1326 1323
1320 1322 1326
1323 1327 1325
1326 1327 1323
1327 1328 1325
1327 1329 1328
1330 1329 1327
1326 1330 1327
1330 1331 1329
1332 1326 1322
1330 1326 1332
1322 1318 1333
1332 1322 1333
1333 1334 1332
1335 1331 1330
1336 1331 1335
1330 1332 1337
1330 1337 1335
1334 1337 1332
1338 1336 1335
1337 1338 1335
1338 1339 1336
1340 1333 1318
1316 1340 1318
1340 1341 1333
1333 1341 1334
1316 1342 1340
1341 1340 1342
1334 1343 1337
1337 1343 1338
1339 1338 1344
1339 1344 1345
1346 1345 1344
1338 1343 1347
1338 1347 1344
1347 1343 1334
1346 1344 1348
1348 1344 1347
1346 1348 1349
1350 1334 1341
1341 1342 1350
1351 1350 1342
1347 1334 1352
1350 1352 1334
1348 1347 1352
1351 1352 1350
1353 1349 1348
1354 1349 1353
1348 1352 1355
1351 1355 1352
1355 1353 1348
1354 1353 1356
1357 1354 1356
1355 1358 1353
1358 1355 1351
1359 1356 1353
1358 1359 1353
1357 1356 1360
1361 1357 1360
1361 1362 1357
1363 1362 1361
1359 1364 1356
1360 1356 1364
1358 1365 1359
1365 1364 1359
1366 1361 1360
1360 1364 1366
1364 1367 1366
1365 1368 1364
1364 1368 1367
1365 1369 1368
1367 1368 1369
1358 1370 1365
1365 1370 1369
1366 1371 1361
1371 1366 1367
1361 1371 1372
1363 1361 1373
1361 1372 1373
1374 1363 1373
1372 1374 1373
1375 1363 1374
1376 1371 1367
1372 1371 1376
1358 1377 1370
1358 1351 1377
1367 1369 1378
1376 1367 1378
1378 1379 1376
1378 1380 1379
1380 1378 1369
1381 1369 1370
1380 1369 1381
1382 1370 1377
1381 1370 1382
1351 1383 1377
1382 1377 1383
1381 1384 1380
1380 1384 1379
1385 1381 1382
1381 1385 1384
1385 1382 1386
1382 1383 1386
1351 1387 1383
1351 1342 1387
1388 1384 1385
1388 1385 1386
1386 1383 1389
1387 1389 1383
1388 1386 1389
1389 1390 1388
1388 1391 1384
1379 1384 1391
1391 1388 1390
1392 1387 1342
1316 1392 1342
1316 1314 1392
1393 1389 1387
1392 1393 1387
1394 1392 1314
1394 1393 1392
1305 1394 1314
1395 1389 1393
1389 1395 1390
1395 1393 1394
1305 1396 1394
1305 1303 1396
1395 1394 1397
1390 1395 1397
1396 1397 1394
1396 1303 1398
1306 1398 1303
1396 1399 1397
1396 1398 1399
1306 1400 1398
1308 1400 1306
1401 1397 1399
1390 1397 1401
1398 1402 1399
1401 1399 1402
1398 1400 1402
1403 1400 1308
1403 1308 1310
1390 1401 1404
1402 1404 1401
1400 1405 1402
1400 1403 1405
1402 1405 1404
1310 1406 1403
1405 1403 1406
1390 1404 1407
1391 1390 1407
1408 1391 1407
1379 1391 1408
1404 1409 1407
1408 1407 1409
1405 1410 1404
1404 1410 1409
1405 1411 1410
1405 1406 1411
1409 1410 1412
1411 1412 1410
1413 1408 1409
1409 1412 1413
1310 1414 1406
1312 1414 1310
1406 1415 1411
1411 1415 1412
1416 1414 1312
1416 1312 1417
1414 1418 1406
1414 1416 1418
1406 1418 1415
1419 1416 1417
1418 1416 1419
1419 1417 1420
1413 1421 1408
1379 1408 1421
1420 1422 1419
1420 1423 1422
1424 1422 1423
1424 1423 1425
1422 1424 1426
1419 1422 1427
1422 1426 1427
1418 1419 1428
1419 1427 1428
1426 1429 1427
1428 1427 1429
1426 1430 1429
1431 1429 1430
1418 1428 1432
1428 1429 1432
1418 1432 1415
1431 1433 1429
1433 1432 1429
1433 1431 1434
1415 1432 1435
1433 1435 1432
1415 1435 1412
1433 1434 1436
1435 1433 1436
1412 1435 1437
1435 1436 1437
1412 1437 1413
1438 1413 1437
1438 1437 1436
1438 1421 1413
1434 1439 1436
1438 1436 1439
1434 1440 1439
1441 1421 1438
1439 1441 1438
1440 1442 1439
1439 1442 1441
1440 1443 1442
1443 1444 1442
1443 1445 1444
1446 1444 1445
1441 1447 1421
1379 1421 1447
1379 1447 1448
1441 1448 1447
1379 1448 1376
1372 1376 1448
1442 1449 1441
1441 1449 1448
1372 1448 1449
1442 1444 1449
1372 1449 1450
1444 1450 1449
1372 1450 1374
1444 1451 1450
1446 1451 1444
1374 1450 1451
1452 1451 1446
1374 1451 1452
1452 1446 1453
1375 1374 1452
1454 1452 1453
1375 1452 1455
1454 1455 1452
1456 1457 1458
1456 1458 1459
1456 1459 1460
1456 1460 1461
1462 1461 1460
1458 1463 1459
1460 1459 1463
1458 1464 1463
1460 1463 1465
1465 1466 1460
1462 1460 1466
1465 1467 1466
1462 1466 1468
1467 1468 1466
1462 1468 1469
1467 1470 1468
1471 1469 1468
1470 1472 1468
1471 1468 1472
1470 1473 1472
1474 1471 1472
1473 1475 1472
1474 1472 1475
1473 1476 1475
1477 1474 1475
1477 1478 1474
1479 1475 1476
1475 1479 1477
1476 1480 1479
1479 1481 1477
1481 1479 1480
1482 1483 1484
1482 1484 1485
1486 1482 1485
1486 1487 1482
1486 1488 1487
1484 1489 1485
1484 1490 1489
1485 1491 1486
1485 1489 1491
1489 1490 1492
1490 1493 1492
1491 1489 1494
1489 1492 1494
1493 1495 1492
1493 1496 1495
1492 1497 1494
1492 1495 1497
1496 1498 1495
1499 1498 1496
1499 1500 1498
1499 1501 1500
1502 1495 1498
1502 1498 1500
1501 1503 1500
1501 1504 1503
1503 1504 1505
1506 1500 1503
1506 1502 1500
1495 1502 1507
1495 1507 1497
1503 1505 1508
1506 1503 1508
1505 1509 1508
1505 1510 1509
1511 1508 1509
1511 1512 1508
1512 1506 1508
1502 1506 1513
1502 1513 1507
1514 1512 1511
1514 1511 1515
1506 1512 1516
1513 1506 1516
1512 1514 1516
1517 1514 1515
1517 1515 1518
1517 1518 1519
1517 1519 1520
1521 1514 1517
1517 1520 1521
1516 1514 1521
1520 1522 1521
1521 1522 1523
1516 1521 1524
1524 1521 1523
1513 1516 1524
1524 1523 1525
1526 1524 1525
1513 1524 1526
1527 1526 1525
1513 1526 1527
1507 1513 1527
1528 1507 1527
1528 1497 1507
1528 1529 1497
1497 1529 1494
1530 1529 1528
1529 1531 1494
1491 1494 1531
1530 1532 1529
1531 1529 1532
1533 1532 1530
1533 1530 1534
1534 1535 1533
1536 1491 1531
1536 1486 1491
1537 1531 1532
1533 1537 1532
1536 1538 1486
1486 1538 1488
1539 1536 1531
1539 1531 1537
1538 1536 1539
1488 1538 1540
1538 1539 1540
1488 1540 1541
1542 1541 1540
1533 1543 1537
1539 1537 1543
1535 1544 1533
1544 1543 1533
1542 1540 1545
1545 1546 1542
1545 1547 1546
1548 1547 1545
1549 1540 1539
1545 1540 1549
1539 1543 1549
1548 1545 1549
1549 1543 1550
1550 1548 1549
1544 1550 1543
1550 1551 1548
1551 1550 1552
1544 1552 1550
1553 1551 1552
1535 1554 1544
1552 1544 1554
1554 1535 1555
1553 1552 1556
1552 1554 1556
1557 1553 1556
1554 1555 1558
1556 1554 1558
1556 1559 1557
1557 1559 1560
1559 1561 1560
1559 1562 1561
1563 1559 1556
1563 1562 1559
1556 1558 1563
1563 1564 1562
1558 1564 1563
1558 1565 1564
1555 1565 1558
1555 1566 1565
1567 1568 1569
1567 1570 1568
1567 1571 1570
1567 1572 1571
1573 1571 1572
1568 1570 1574
1571 1574 1570
1568 1574 1575
1571 1576 1574
1576 1571 1577
1573 1577 1571
1576 1577 1578
1573 1579 1577
1578 1577 1579
1573 1580 1579
1578 1579 1581
1582 1579 1580
1581 1579 1583
1582 1583 1579
1581 1583 1584
1585 1583 1582
1584 1583 1586
1585 1586 1583
1584 1586 1587
1588 1586 1585
1588 1585 1589
1590 1587 1586
1586 1588 1590
1590 1591 1587
1590 1588 1592
1592 1591 1590
1593 1594 1595
1593 1596 1594
1597 1596 1593
1597 1593 1598
1597 1598 1599
1594 1596 1600
1594 1600 1601
1596 1597 1602
1596 1602 1600
1600 1603 1601
1601 1603 1604
1602 1605 1600
1600 1605 1603
1604 1603 1606
1604 1606 1607
1603 1605 1608
1603 1608 1606
1607 1606 1609
1610 1607 1609
1610 1609 1611
1610 1611 1612
1613 1609 1606
1613 1611 1609
1612 1611 1614
1612 1614 1615
1614 1616 1615
1617 1614 1611
1617 1611 1613
1606 1618 1613
1606 1608 1618
1614 1619 1616
1617 1619 1614
1616 1619 1620
1616 1620 1621
1622 1620 1619
1622 1619 1623
1623 1619 1617
1613 1624 1617
1613 1618 1624
1625 1622 1623
1625 1626 1622
1617 1627 1623
1624 1627 1617
1623 1627 1625
1628 1626 1625
1628 1629 1626
1628 1630 1629
1628 1631 1630
1632 1628 1625
1628 1632 1631
1627 1632 1625
1631 1632 1633
1632 1634 1633
1627 1635 1632
1635 1634 1632
1624 1635 1627
1635 1636 1634
1637 1636 1635
1624 1637 1635
1638 1636 1637
1624 1638 1637
1618 1638 1624
1639 1638 1618
1639 1618 1608
1639 1608 1640
1608 1605 1640
1641 1639 1640
1640 1605 1642
1602 1642 1605
1641 1640 1643
1642 1643 1640
1644 1641 1643
1644 1645 1641
1645 1644 1646
1647 1642 1602
1647 1602 1597
1648 1643 1642
1644 1643 1648
1647 1597 1649
1597 1599 1649
1650 1642 1647
1650 1648 1642
1649 1650 1647
1599 1651 1649
1649 1651 1650
1599 1652 1651
1653 1651 1652
1644 1648 1654
1650 1654 1648
1646 1644 1655
1655 1644 1654
1653 1656 1651
1656 1653 1657
1656 1657 1658
1659 1656 1658
1660 1650 1651
1656 1660 1651
1650 1660 1654
1659 1660 1656
1660 1661 1654
1661 1660 1659
1655 1654 1661
1661 1659 1662
1662 1663 1661
1655 1661 1663
1664 1663 1662
1646 1655 1665
1663 1665 1655
1665 1666 1646
1664 1667 1663
1663 1667 1665
1668 1667 1664
1665 1669 1666
1667 1669 1665
1667 1668 1670
1668 1671 1670
1670 1671 1672
1670 1672 1673
1674 1667 1670
1674 1670 1673
1667 1674 1669
1674 1673 1675
1669 1674 1675
1669 1675 1676
1669 1676 1666
1666 1676 1677
1678 1679 1680
1678 1680 1681
1678 1681 1682
1683 1682 1681
1678 1684 1679
1682 1684 1678
1683 1685 1682
1685 1683 1686
1687 1679 1684
1687 1688 1679
1687 1689 1688
1682 1690 1684
1690 1682 1685
1690 1687 1684
1685 1686 1691
1690 1685 1691
1691 1686 1692
1687 1693 1689
1693 1694 1689
1695 1694 1693
1690 1696 1687
1691 1696 1690
1696 1693 1687
1691 1692 1697
1691 1697 1696
1697 1692 1698
1697 1698 1699
1699 1696 1697
1699 1698 1700
1696 1701 1693
1699 1701 1696
1695 1693 1702
1702 1693 1701
1700 1703 1699
1700 1704 1703
1699 1705 1701
1702 1701 1705
1699 1703 1705
1706 1695 1702
1706 1702 1705
1706 1707 1695
1706 1708 1707
1706 1709 1708
1709 1710 1708
1709 1711 1710
1706 1705 1712
1703 1712 1705
1712 1709 1706
1712 1713 1709
1704 1714 1703
1703 1714 1712
1714 1713 1712
1704 1715 1714
1715 1716 1714
1716 1717 1714
1714 1717 1713
1716 1718 1717
1719 1717 1718
1719 1720 1717
1720 1713 1717
1721 1720 1719
1721 1722 1720
1722 1721 1723
1720 1724 1713
1724 1720 1722
1722 1723 1725
1726 1725 1723
1727 1713 1724
1724 1722 1728
1727 1724 1728
1722 1729 1728
1722 1725 1729
1727 1730 1713
1730 1709 1713
1729 1731 1728
1727 1728 1731
1732 1727 1731
1733 1730 1727
1732 1733 1727
1730 1734 1709
1709 1734 1711
1734 1735 1711
1734 1736 1735
1735 1736 1737
1738 1737 1736
1734 1739 1736
1738 1736 1739
1734 1730 1739
1740 1738 1739
1741 1739 1730
1740 1739 1741
1741 1730 1733
1742 1740 1741
1742 1741 1743
1743 1744 1742
1745 1741 1733
1745 1743 1741
1746 1744 1743
1747 1744 1746
1747 1746 1748
1743 1749 1746
1749 1748 1746
1743 1745 1749
1749 1750 1748
1749 1751 1750
1749 1752 1751
1745 1752 1749
1752 1753 1751
1733 1754 1745
1745 1754 1752
1733 1732 1754
1752 1755 1753
1756 1752 1754
1756 1755 1752
1753 1755 1757
1756 1757 1755
1753 1757 1758
1759 1758 1757
1759 1760 1758
1761 1754 1732
1754 1761 1756
1762 1756 1761
1756 1763 1757
1759 1757 1763
1762 1763 1756
1764 1760 1759
1764 1765 1760
1764 1766 1765
1759 1763 1767
1767 1763 1762
1764 1768 1766
1768 1769 1766
1770 1764 1759
1770 1759 1767
1770 1768 1764
1767 1762 1771
1770 1767 1771
1769 1768 1772
1769 1772 1773
1772 1774 1773
1772 1775 1774
1775 1776 1774
1768 1777 1772
1777 1775 1772
1770 1778 1768
1768 1778 1777
1770 1771 1779
1779 1778 1770
1775 1780 1776
1780 1781 1776
1762 1782 1771
1782 1779 1771
1782 1783 1779
1762 1784 1782
1785 1779 1783
1779 1786 1778
1785 1786 1779
1786 1777 1778
1785 1787 1786
1788 1786 1787
1784 1762 1789
1784 1789 1790
1761 1789 1762
1788 1791 1786
1786 1791 1777
1792 1791 1788
1790 1789 1793
1761 1793 1789
1790 1793 1794
1791 1795 1777
1777 1795 1775
1795 1780 1775
1792 1796 1791
1791 1796 1795
1797 1796 1792
1796 1798 1795
1795 1798 1780
1797 1799 1796
1796 1799 1798
1797 1800 1799
1801 1799 1800
1801 1802 1799
1798 1799 1802
1803 1802 1801
1804 1780 1798
1798 1802 1804
1804 1805 1780
1781 1780 1805
1781 1805 1806
1806 1805 1807
1807 1805 1804
1806 1807 1808
1807 1804 1809
1808 1807 1809
1809 1804 1802
1808 1809 1810
1809 1803 1810
1809 1802 1811
1803 1811 1802
1809 1811 1803
1812 1761 1732
1812 1793 1761
1812 1732 1813
1814 1812 1813
1814 1815 1812
1812 1815 1793
1815 1816 1793
1816 1794 1793
1816 1817 1794
1815 1818 1816
1814 1818 1815
1819 1817 1816
1818 1819 1816
1819 1820 1817
1819 1821 1820
1819 1822 1821
1822 1823 1821
1824 1823 1822
1818 1825 1819
1825 1822 1819
1814 1826 1818
1826 1825 1818
1824 1822 1827
1825 1828 1822
1828 1827 1822
1826 1829 1825
1829 1828 1825
1830 1824 1827
1830 1831 1824
1830 1832 1831
1814 1833 1826
1833 1829 1826
1814 1834 1833
1833 1835 1829
1836 1829 1835
1814 1837 1834
1836 1838 1829
1829 1838 1828
1836 1839 1838
1839 1840 1838
1828 1838 1840
1839 1841 1840
1841 1842 1840
1841 1843 1842
1844 1842 1843
1828 1840 1845
1845 1840 1842
1828 1845 1827
1845 1830 1827
1814 1846 1837
1837 1846 1847
1813 1846 1814
1847 1846 1813
1837 1847 1848
1849 1848 1847
1845 1850 1830
1845 1842 1850
1844 1851 1842
1844 1852 1851
1851 1852 1853
1850 1854 1830
1830 1854 1832
1854 1855 1832
1842 1856 1850
1842 1851 1856
1850 1856 1854
1851 1853 1857
1857 1853 1858
1859 1856 1851
1854 1856 1859
1859 1851 1857
1855 1854 1860
1854 1859 1860
1855 1860 1861
1862 1861 1860
1859 1862 1860
1862 1863 1861
1859 1864 1862
1864 1863 1862
1857 1864 1859
1864 1865 1863
1857 1858 1866
1857 1866 1864
1866 1858 1865
1866 1865 1864
1813 1732 1867
1867 1732 1731
1847 1813 1867
1867 1731 1868
1867 1868 1869
1729 1868 1731
1870 1868 1729
1847 1867 1871
1867 1869 1871
1871 1872 1847
1849 1847 1872
1873 1849 1872
1871 1874 1872
1869 1874 1871
1873 1872 1875
1874 1875 1872
1875 1876 1873
1875 1877 1876
1877 1878 1876
1879 1878 1877
1874 1880 1875
1880 1877 1875
1869 1868 1881
1881 1868 1870
1882 1880 1874
1869 1882 1874
1869 1881 1883
1883 1881 1870
1869 1883 1884
1884 1882 1869
1883 1870 1885
1884 1886 1882
1887 1885 1870
1886 1888 1882
1882 1888 1880
1886 1889 1888
1890 1888 1889
1887 1870 1891
1892 1887 1891
1888 1893 1880
1880 1893 1877
1890 1894 1888
1888 1894 1893
1890 1895 1894
1893 1896 1877
1879 1877 1896
1895 1897 1894
1895 1898 1897
1894 1899 1893
1893 1899 1896
1894 1897 1899
1900 1879 1896
1899 1900 1896
1900 1901 1879
1900 1902 1901
1898 1903 1897
1898 1904 1903
1905 1903 1904
1897 1906 1899
1899 1906 1900
1897 1903 1906
1900 1907 1902
1906 1907 1900
1907 1908 1902
1905 1909 1903
1905 1910 1909
1911 1909 1910
1903 1912 1906
1906 1912 1907
1903 1909 1912
1908 1907 1913
1908 1913 1914
1915 1907 1912
1909 1915 1912
1915 1913 1907
1911 1916 1909
1909 1916 1915
1917 1916 1911
1917 1918 1916
1915 1916 1918
1919 1918 1917
1915 1918 1920
1919 1920 1918
1913 1915 1920
1921 1920 1919
1922 1921 1914
1922 1914 1913
1913 1920 1922
1921 1922 1920
1923 1729 1725
1870 1729 1923
1891 1870 1923
1923 1725 1924
1726 1924 1725
1891 1923 1925
1925 1923 1924
1726 1926 1924
1925 1924 1926
1726 1927 1926
1928 1891 1925
1892 1891 1928
1929 1892 1928
1927 1930 1926
1927 1931 1930
1930 1931 1932
1933 1925 1926
1928 1925 1933
1933 1926 1930
1928 1934 1929
1933 1934 1928
1935 1929 1934
1932 1936 1930
1936 1932 1937
1936 1937 1938
1930 1939 1933
1933 1939 1934
1930 1936 1939
1940 1935 1934
1940 1934 1939
1940 1941 1935
1936 1942 1939
1940 1939 1942
1943 1941 1940
1943 1940 1942
1943 1944 1941
1943 1945 1944
1936 1938 1946
1936 1946 1942
1943 1947 1945
1947 1948 1945
1943 1942 1949
1946 1949 1942
1949 1947 1943
1938 1950 1946
1946 1950 1949
1938 1951 1950
1951 1952 1950
1950 1953 1949
1949 1953 1947
1954 1947 1953
1955 1948 1947
1954 1955 1947
1955 1956 1948
1952 1957 1950
1950 1957 1953
1957 1954 1953
1952 1958 1957
1957 1958 1959
1956 1955 1960
1954 1960 1955
1956 1960 1961
1957 1959 1962
1957 1962 1954
1963 1962 1959
1964 1961 1960
1954 1964 1960
1964 1965 1961
1963 1966 1962
1954 1962 1966
1954 1966 1964
1965 1964 1966
1965 1966 1963
1967 1968 1969
1967 1970 1968
1967 1971 1970
1972 1970 1971
1967 1969 1973
1971 1967 1973
1972 1971 1974
1974 1975 1972
1976 1973 1969
1976 1969 1977
1976 1977 1978
1971 1973 1979
1979 1974 1971
1979 1973 1976
1974 1980 1975
1979 1980 1974
1980 1981 1975
1976 1978 1982
1982 1978 1983
1984 1982 1983
1979 1976 1985
1980 1979 1985
1985 1976 1982
1980 1986 1981
1980 1985 1986
1986 1987 1981
1986 1988 1987
1988 1986 1985
1988 1989 1987
1985 1982 1990
1988 1985 1990
1984 1991 1982
1991 1990 1982
1989 1988 1992
1989 1992 1993
1988 1990 1994
1991 1994 1990
1988 1994 1992
1995 1991 1984
1995 1994 1991
1995 1984 1996
1995 1996 1997
1995 1997 1998
1998 1997 1999
1998 1999 2000
1995 2001 1994
1992 1994 2001
2001 1995 1998
2001 1998 2002
1993 1992 2003
1992 2001 2003
2003 2001 2002
1993 2003 2004
2004 2003 2005
2005 2003 2006
2003 2002 2006
2005 2006 2007
2008 2007 2006
2008 2006 2009
2009 2006 2002
2010 2008 2009
1998 2000 2011
2011 2000 2012
2010 2009 2013
2013 2014 2010
2009 2002 2015
2015 2013 2009
2016 2002 1998
2016 1998 2011
2011 2012 2017
2012 2018 2017
2019 2017 2018
2011 2017 2020
2019 2020 2017
2011 2020 2016
2021 2020 2019
2021 2022 2020
2022 2016 2020
2023 2022 2021
2024 2015 2002
2024 2002 2016
2015 2025 2013
2024 2025 2015
2023 2026 2022
2026 2023 2027
2022 2028 2016
2028 2024 2016
2029 2024 2028
2024 2030 2025
2029 2030 2024
2013 2025 2031
2031 2025 2030
2032 2028 2022
2032 2022 2026
2033 2026 2027
2034 2033 2027
2034 2035 2033
2026 2033 2036
2036 2033 2035
2026 2036 2032
2036 2035 2037
2036 2037 2038
2036 2038 2039
2032 2036 2039
2039 2038 2040
2028 2032 2041
2032 2039 2041
2028 2041 2029
2039 2040 2042
2043 2041 2039
2043 2039 2042
2040 2044 2042
2043 2042 2044
2040 2045 2044
2046 2044 2045
2046 2045 2047
2048 2029 2041
2041 2043 2048
2049 2048 2043
2043 2044 2050
2046 2050 2044
2049 2043 2050
2051 2046 2047
2051 2047 2052
2051 2052 2053
2046 2054 2050
2054 2049 2050
2051 2053 2055
2055 2053 2056
2057 2046 2051
2057 2054 2046
2057 2051 2055
2054 2058 2049
2057 2058 2054
2056 2059 2055
2056 2060 2059
2059 2060 2061
2059 2061 2062
2062 2061 2063
2055 2059 2064
2064 2059 2062
2057 2055 2065
2055 2064 2065
2057 2066 2058
2066 2057 2065
2062 2063 2067
2067 2063 2068
2049 2058 2069
2069 2058 2066
2069 2066 2070
2049 2069 2071
2072 2070 2066
2066 2065 2073
2072 2066 2073
2073 2065 2064
2072 2073 2074
2075 2074 2073
2071 2076 2049
2071 2077 2076
2048 2049 2076
2075 2073 2078
2073 2064 2078
2079 2075 2078
2077 2080 2076
2048 2076 2080
2077 2081 2080
2078 2064 2082
2064 2062 2082
2082 2062 2067
2079 2078 2083
2078 2082 2083
2084 2079 2083
2083 2082 2085
2082 2067 2085
2084 2083 2086
2083 2085 2086
2084 2086 2087
2088 2087 2086
2088 2086 2089
2085 2089 2086
2090 2088 2089
2091 2085 2067
2085 2091 2089
2091 2067 2092
2068 2092 2067
2068 2093 2092
2093 2094 2092
2094 2091 2092
2093 2095 2094
2094 2096 2091
2095 2096 2094
2096 2089 2091
2095 2097 2096
2096 2097 2090
2096 2098 2089
2090 2089 2098
2096 2090 2098
2099 2029 2048
2099 2048 2080
2099 2100 2029
2101 2100 2099
2101 2099 2102
2099 2080 2102
2102 2080 2103
2103 2080 2081
2103 2081 2104
2102 2103 2105
2101 2102 2105
2106 2103 2104
2105 2103 2106
2106 2104 2107
2106 2107 2108
2106 2108 2109
2109 2108 2110
2111 2109 2110
2105 2106 2112
2112 2106 2109
2101 2105 2113
2113 2105 2112
2111 2114 2109
2112 2109 2115
2115 2109 2114
2113 2112 2116
2116 2112 2115
2117 2114 2111
2117 2111 2118
2117 2118 2119
2101 2113 2120
2120 2113 2116
2101 2120 2121
2120 2116 2122
2123 2122 2116
2101 2121 2124
2123 2116 2125
2116 2115 2125
2123 2125 2126
2126 2125 2127
2115 2127 2125
2126 2127 2128
2128 2127 2129
2128 2129 2130
2131 2130 2129
2115 2132 2127
2132 2129 2127
2115 2114 2132
2132 2114 2117
2101 2124 2133
2124 2134 2133
2100 2101 2133
2134 2100 2133
2124 2135 2134
2136 2134 2135
2132 2117 2137
2132 2137 2129
2131 2129 2138
2131 2138 2139
2138 2140 2139
2137 2117 2141
2117 2119 2141
2141 2119 2142
2129 2137 2143
2129 2143 2138
2137 2141 2143
2138 2144 2140
2144 2145 2140
2146 2138 2143
2141 2146 2143
2146 2144 2138
2142 2147 2141
2141 2147 2146
2142 2148 2147
2149 2147 2148
2146 2147 2149
2149 2148 2150
2146 2149 2151
2151 2149 2150
2144 2146 2151
2151 2150 2152
2144 2153 2145
2144 2151 2153
2153 2151 2152
2153 2152 2145
2100 2154 2029
2154 2030 2029
2134 2154 2100
2154 2155 2030
2154 2156 2155
2031 2030 2155
2157 2031 2155
2134 2158 2154
2154 2158 2156
2158 2134 2159
2136 2159 2134
2160 2159 2136
2158 2159 2161
2156 2158 2161
2160 2162 2159
2161 2159 2162
2162 2160 2163
2162 2163 2164
2164 2163 2165
2166 2164 2165
2161 2162 2167
2167 2162 2164
2156 2168 2155
2168 2157 2155
2169 2161 2167
2156 2161 2169
2156 2170 2168
2170 2157 2168
2156 2171 2170
2171 2156 2169
2170 2172 2157
2171 2169 2173
2174 2157 2172
2173 2169 2175
2169 2167 2175
2173 2175 2176
2177 2176 2175
2167 2164 2178
2175 2167 2178
2177 2175 2179
2175 2178 2179
2177 2179 2180
2174 2181 2157
2182 2181 2174
2178 2164 2183
2166 2183 2164
2180 2179 2184
2180 2184 2185
2179 2178 2186
2178 2183 2186
2179 2186 2184
2187 2183 2166
2186 2183 2187
2187 2166 2188
2187 2188 2189
2185 2184 2190
2185 2190 2191
2192 2191 2190
2184 2186 2193
2186 2187 2193
2184 2193 2190
2187 2189 2194
2193 2187 2194
2194 2189 2195
2192 2190 2196
2192 2196 2197
2198 2197 2196
2190 2193 2199
2193 2194 2199
2190 2199 2196
2195 2200 2194
2195 2201 2200
2202 2199 2194
2196 2199 2202
2202 2194 2200
2198 2196 2203
2196 2202 2203
2204 2198 2203
2204 2203 2205
2202 2205 2203
2206 2204 2205
2202 2207 2205
2206 2205 2207
2200 2207 2202
2208 2206 2207
2209 2200 2201
2209 2201 2208
2200 2209 2207
2208 2207 2209
2013 2031 2210
2013 2210 2014
2211 2014 2210
2212 2210 2031
2157 2212 2031
2181 2212 2157
2211 2210 2213
2212 2213 2210
2181 2214 2212
2214 2213 2212
2211 2213 2215
2214 2215 2213
2211 2215 2216
2217 2214 2181
2182 2217 2181
2218 2217 2182
2219 2215 2214
2217 2219 2214
2216 2215 2220
2219 2220 2215
2216 2220 2221
2220 2222 2221
2217 2218 2223
2219 2217 2223
2224 2223 2218
2220 2219 2225
2219 2223 2225
2222 2220 2226
2220 2225 2226
2226 2227 2222
2226 2228 2227
2229 2223 2224
2229 2225 2223
2229 2224 2230
2226 2225 2231
2229 2231 2225
2232 2229 2230
2232 2231 2229
2232 2230 2233
2232 2233 2234
2226 2235 2228
2226 2231 2235
2232 2234 2236
2236 2234 2237
2232 2238 2231
2235 2231 2238
2238 2232 2236
2228 2235 2239
2235 2238 2239
2228 2239 2240
2240 2239 2241
2239 2238 2242
2238 2236 2242
2243 2242 2236
2244 2236 2237
2243 2236 2244
2244 2237 2245
2241 2239 2246
2239 2242 2246
2246 2242 2243
2241 2246 2247
2246 2248 2247
2245 2249 2244
2243 2244 2249
2245 2250 2249
2246 2251 2248
2246 2243 2251
2252 2248 2251
2253 2249 2250
2243 2249 2253
2253 2250 2254
2252 2251 2255
2243 2255 2251
2243 2253 2255
2254 2252 2255
2254 2255 2253
