byte offset: 0
first index: 0
index count: 13164
topology: trianglelist
format: DXGI_FORMAT_R16_UINT

0 1 2
0 2 3
4 5 6
4 6 7
8 9 10
8 10 11
12 13 14
12 14 15
16 17 18
16 18 19
20 21 22
20 22 23
24 15 25
24 25 26
14 27 25
14 25 15
28 29 30
31 32 33
31 33 34
35 36 37
35 37 38
39 40 41
39 41 42
43 44 32
43 32 31
45 46 40
45 40 39
47 48 12
49 50 51
49 51 52
36 53 54
55 56 57
55 57 58
14 13 59
14 59 60
61 62 63
61 63 64
65 66 67
65 67 44
51 68 69
51 69 70
71 72 57
71 57 56
73 74 75
76 77 78
79 80 81
79 81 77
82 47 83
26 84 85
86 87 80
88 89 90
88 90 91
41 92 93
41 93 42
94 37 36
94 36 95
3 2 62
3 62 61
96 56 55
96 55 97
98 99 27
98 27 100
59 101 60
37 102 103
37 103 38
77 104 79
67 105 50
67 50 49
106 34 107
106 107 108
52 51 70
52 70 109
110 111 105
110 105 112
50 105 111
50 111 113
114 115 23
114 23 116
116 96 117
116 117 114
29 118 24
29 24 30
119 120 121
122 123 124
122 124 125
126 127 10
126 10 128
74 129 130
97 55 112
97 112 66
21 131 132
21 132 133
55 58 110
55 110 112
48 47 134
130 135 74
106 108 7
106 7 6
80 117 136
84 26 137
118 47 12
33 138 107
33 107 34
48 94 12
24 26 85
24 85 30
139 129 74
43 65 44
140 83 118
140 118 29
81 136 65
6 78 106
32 49 52
32 52 33
138 33 52
138 52 109
141 142 9
141 9 8
143 119 121
143 121 16
19 18 144
19 144 145
88 91 115
88 115 146
147 148 87
147 87 149
150 151 1
150 1 0
14 60 100
14 100 27
152 100 60
152 60 101
44 67 49
44 49 32
145 88 146
145 146 153
154 155 74
116 71 56
116 56 96
73 154 74
117 96 97
117 97 136
146 115 114
146 114 148
144 89 88
144 88 145
156 19 145
156 145 153
51 50 113
51 113 68
78 31 34
78 34 106
28 30 85
28 85 5
71 22 157
71 157 72
158 147 149
158 149 98
98 149 86
98 86 99
64 63 46
64 46 45
78 43 31
90 159 20
90 20 91
160 75 74
158 98 100
158 100 152
161 162 163
161 163 164
114 117 87
114 87 148
19 156 143
19 143 16
159 131 21
159 21 20
153 146 148
153 148 147
24 118 15
135 160 74
153 147 158
153 158 156
91 20 23
91 23 115
156 158 152
156 152 143
164 163 151
164 151 150
116 23 22
116 22 71
136 97 66
136 66 65
137 86 79
25 27 99
25 99 137
37 94 48
125 142 141
125 141 122
83 47 118
66 112 105
66 105 67
5 165 6
166 139 74
5 4 28
16 121 17
126 167 168
167 83 140
169 120 53
53 120 54
120 119 101
120 101 54
152 101 119
152 119 143
36 54 95
35 53 36
167 170 83
128 82 170
128 170 126
82 134 47
82 171 134
171 102 134
83 170 82
172 173 174
10 9 171
10 171 128
142 103 171
142 171 9
103 125 38
124 35 38
124 38 125
124 53 35
48 102 37
102 48 134
103 102 171
142 125 103
94 13 12
13 94 95
13 95 59
95 54 59
54 101 59
128 171 82
126 170 167
15 118 12
137 26 25
99 86 137
84 76 165
86 80 79
149 87 86
87 117 80
80 136 81
77 81 43
175 176 177
178 179 180
178 180 181
172 182 183
172 183 184
185 186 187
185 187 178
188 189 190
188 190 191
192 193 194
192 194 195
196 197 198
196 198 199
200 199 198
200 198 201
202 203 204
202 204 205
206 207 208
206 208 209
210 211 212
213 214 215
216 217 218
216 218 219
220 221 222
220 222 223
210 224 225
202 226 215
202 215 188
227 228 229
230 231 232
230 232 233
212 234 235
212 235 236
237 238 239
237 239 185
240 184 183
241 240 242
241 242 243
176 244 245
176 245 177
246 247 216
246 216 219
210 212 248
249 250 251
249 251 252
253 234 211
222 189 254
255 256 257
255 257 258
251 250 259
251 259 247
260 261 250
260 250 249
211 234 212
262 263 264
262 264 265
196 266 267
196 267 268
253 211 269
216 270 217
185 239 186
271 249 252
271 252 272
273 271 274
273 274 275
276 259 208
276 208 207
277 242 240
278 279 280
281 282 217
281 217 270
283 193 284
283 284 285
286 285 287
286 287 288
172 289 290
172 290 182
251 291 292
251 292 252
188 191 203
188 203 202
206 199 200
206 200 207
293 257 256
293 256 294
271 272 194
271 194 274
223 222 295
283 274 194
283 194 193
296 297 298
296 298 299
230 300 301
230 301 231
251 247 246
251 246 291
221 190 189
221 189 222
302 229 303
304 283 285
304 285 286
297 293 294
297 294 298
305 284 193
305 193 192
257 293 275
257 275 304
211 306 269
268 197 196
284 305 227
284 227 307
308 309 310
308 310 311
215 214 188
295 312 223
206 209 313
206 313 266
314 315 182
314 182 290
207 316 276
194 272 317
194 317 195
311 318 319
311 319 308
224 265 264
199 206 266
199 266 196
317 272 252
317 252 292
313 209 320
313 320 321
321 320 296
321 296 299
276 216 247
276 247 259
322 232 231
208 259 250
208 250 261
209 208 261
209 261 320
223 312 318
223 318 311
323 255 258
323 258 324
322 231 301
322 301 325
324 280 323
316 326 281
316 281 270
304 275 274
304 274 283
308 319 327
308 327 328
218 217 282
218 282 329
330 331 241
330 241 243
183 182 315
183 315 332
258 257 304
258 304 286
258 286 288
258 288 324
273 260 249
273 249 271
316 201 326
293 297 273
293 273 275
310 220 223
310 223 311
296 320 261
296 261 260
331 330 333
276 270 216
332 277 240
332 240 183
333 334 269
200 316 207
285 284 307
285 307 287
278 280 335
245 244 336
245 336 337
335 280 338
276 316 270
200 201 316
264 263 339
264 339 205
287 307 229
287 229 302
339 226 202
339 202 205
296 260 273
296 273 297
211 225 306
237 185 178
222 340 295
254 340 222
328 327 341
328 341 342
328 343 309
328 309 308
267 343 328
267 328 342
188 214 189
254 189 214
187 303 179
187 179 178
228 180 179
228 179 229
229 179 303
229 307 227
288 287 302
324 288 338
172 344 289
345 11 10
345 10 127
127 126 168
127 168 345
346 289 344
289 346 239
289 239 290
238 314 290
238 290 239
337 336 347
337 347 174
333 330 334
348 237 178
348 178 181
348 349 238
348 238 237
349 350 314
349 314 238
350 351 315
350 315 314
332 315 351
332 351 352
352 353 277
352 277 332
353 354 277
354 242 277
174 347 344
174 344 172
355 337 356
357 245 355
357 358 177
175 359 176
360 359 175
280 279 361
361 279 360
269 334 253
186 239 346
362 363 364
362 364 365
366 367 368
366 368 369
370 371 372
370 372 373
374 375 376
374 376 377
378 379 380
378 380 381
382 383 384
382 384 385
381 380 371
381 371 370
386 387 388
386 388 389
390 391 392
390 392 393
373 372 394
373 394 395
396 397 398
396 398 399
400 401 391
400 391 390
402 403 363
402 363 362
404 405 406
404 406 407
408 409 401
408 401 400
410 411 412
410 412 413
414 415 416
414 416 417
418 419 383
418 383 382
420 421 422
420 422 423
385 384 424
385 424 425
407 406 415
407 415 414
426 427 387
426 387 386
393 392 367
393 367 366
413 412 428
413 428 429
423 422 411
423 411 410
430 431 375
430 375 374
432 433 434
432 434 435
389 388 436
389 436 437
417 416 421
417 421 420
369 368 438
369 438 439
440 441 409
440 409 408
437 436 431
437 431 430
435 434 442
435 442 443
439 438 403
439 403 402
429 428 397
429 397 396
444 445 405
444 405 404
365 364 446
365 446 447
443 442 427
443 427 426
399 398 379
399 379 378
395 394 419
395 419 418
21 133 157
21 157 22
155 166 74
278 359 279
77 43 78
165 76 6
104 76 84
104 77 76
6 76 78
85 165 5
137 104 84
79 104 137
85 84 165
81 65 43
356 337 174
356 174 173
241 184 240
245 337 355
177 245 357
53 123 169
279 359 360
124 123 53
248 212 236
210 225 211
248 262 265
248 265 210
448 224 264
210 265 224
448 264 205
448 205 204
280 361 323
338 280 324
449 197 268
175 177 358
450 232 322
184 173 172
451 452 453
451 453 454
455 456 457
458 459 460
458 460 461
462 463 464
462 464 465
466 467 468
466 468 469
470 471 472
470 472 469
473 474 475
473 475 476
476 475 477
478 479 480
478 480 481
482 483 484
482 484 485
486 487 488
486 488 489
489 488 459
489 459 458
490 491 492
490 492 493
454 453 464
454 464 463
461 460 491
461 491 490
484 478 481
484 481 485
494 457 456
495 496 497
495 497 498
499 500 501
499 501 495
468 470 469
502 503 504
502 504 505
466 506 467
507 474 473
508 500 499
509 455 483
509 483 482
495 501 496
505 504 487
505 487 486
510 511 512
510 512 513
514 515 516
514 516 517
511 518 519
511 519 512
520 510 513
520 513 521
521 516 515
521 515 520
522 518 523
524 456 455
462 465 498
462 498 497
492 514 517
492 517 493
472 471 480
472 480 479
455 509 524
452 451 477
452 477 475
519 518 522
525 526 527
525 527 528
529 530 531
529 531 532
533 534 535
533 535 536
537 538 539
537 539 540
541 542 543
541 543 544
545 546 547
545 547 548
549 550 551
549 551 538
539 538 551
539 551 552
553 554 555
556 557 558
556 558 559
560 561 562
560 562 563
564 565 566
564 566 567
568 556 559
568 559 569
570 564 567
570 567 571
572 537 573
574 575 576
574 576 577
563 578 579
580 581 582
580 582 583
539 584 585
539 585 540
586 587 588
586 588 589
590 569 591
590 591 592
576 593 594
576 594 595
596 583 582
596 582 597
598 599 600
601 602 603
604 605 606
604 603 605
607 608 572
550 609 610
611 606 612
613 614 615
613 615 616
566 565 617
566 617 618
619 620 563
619 563 562
526 586 589
526 589 527
621 622 580
621 580 583
623 624 552
623 552 625
585 584 626
562 561 627
562 627 628
603 604 629
591 574 577
591 577 630
631 632 633
631 633 557
575 634 593
575 593 576
635 636 630
635 630 637
577 638 637
577 637 630
639 640 546
639 546 641
640 639 642
640 642 621
555 554 549
555 549 643
644 645 646
647 648 649
647 649 650
651 652 535
651 535 653
600 654 655
622 592 636
622 636 580
548 656 657
548 657 658
580 636 635
580 635 581
573 659 572
654 600 660
631 531 530
631 530 632
606 661 642
610 662 550
643 537 572
558 557 633
558 633 663
573 537 619
549 554 609
549 609 550
664 600 655
568 569 590
665 555 643
665 643 608
605 590 661
531 631 602
559 558 575
559 575 574
663 634 575
663 575 558
666 533 536
666 536 667
668 541 645
668 645 644
542 669 670
542 670 543
613 671 641
613 641 614
672 673 612
672 612 674
675 525 528
675 528 676
539 552 624
539 624 584
677 626 584
677 584 624
569 559 574
569 574 591
669 678 671
669 671 613
679 600 680
640 621 583
640 583 596
598 600 679
642 661 622
642 622 621
671 674 639
671 639 641
670 669 613
670 613 616
681 678 669
681 669 542
576 595 638
576 638 577
602 631 557
602 557 556
553 532 609
553 609 554
596 597 682
596 682 547
683 623 673
683 673 672
623 625 611
623 611 673
587 570 571
587 571 588
602 556 568
615 614 545
615 545 684
685 600 599
683 677 624
683 624 623
686 687 688
686 688 689
639 674 612
639 612 642
542 541 668
542 668 681
684 545 548
684 548 658
678 672 674
678 674 671
549 538 643
660 600 685
678 681 683
678 683 672
614 641 546
614 546 545
681 668 677
681 677 683
687 675 676
687 676 688
640 596 547
640 547 546
661 590 592
661 592 622
662 604 611
551 662 625
551 625 552
562 573 619
648 647 666
648 666 667
608 643 572
592 591 630
592 630 636
532 531 690
691 600 664
532 553 529
541 544 645
651 692 693
693 665 608
694 579 646
579 578 646
646 578 626
646 626 644
677 668 644
677 644 626
563 620 578
560 563 579
693 608 695
652 651 695
652 695 607
607 572 659
607 659 696
696 659 628
608 607 695
697 698 699
535 652 696
535 696 536
667 536 696
667 696 627
627 561 648
649 648 561
649 561 560
649 560 579
573 562 628
628 659 573
627 696 628
667 627 648
619 537 540
540 585 620
540 620 619
620 585 578
578 585 626
652 607 696
651 693 695
538 537 643
662 551 550
625 662 611
610 690 601
611 604 606
673 611 612
612 606 642
606 605 661
603 568 605
700 701 702
703 704 705
703 705 706
697 707 708
697 708 709
710 703 711
710 711 712
713 714 715
713 715 716
717 718 719
717 719 720
721 722 723
721 723 724
725 726 723
725 723 722
727 728 729
727 729 730
731 732 733
731 733 734
735 736 737
738 739 740
741 742 743
741 743 744
745 746 747
745 747 748
735 749 750
727 713 739
727 739 751
752 753 754
755 756 757
755 757 758
736 236 235
736 235 759
760 710 761
760 761 762
763 708 707
764 765 766
764 766 767
702 701 768
702 768 769
770 742 741
770 741 771
735 248 736
772 773 774
772 774 775
776 737 759
747 777 716
778 779 780
778 780 781
774 771 782
774 782 775
783 772 775
783 775 784
737 736 759
785 786 787
785 787 788
721 789 790
721 790 791
776 792 737
741 744 793
710 712 761
794 795 773
794 773 772
796 797 798
796 798 794
799 734 733
799 733 782
800 767 766
801 802 803
804 793 744
804 744 805
806 807 808
806 808 720
809 810 811
809 811 807
697 709 812
697 812 813
774 773 814
774 814 815
713 727 730
713 730 714
731 734 725
731 725 722
816 817 781
816 781 780
794 798 719
794 719 795
746 818 747
806 720 719
806 719 798
819 820 821
819 821 822
755 758 823
755 823 824
774 815 770
774 770 771
748 747 716
748 716 715
825 826 753
827 809 807
827 807 806
822 821 817
822 817 816
828 717 720
828 720 808
780 827 797
780 797 816
737 792 829
789 721 724
808 830 752
808 752 828
831 832 833
831 833 834
739 713 740
818 746 835
731 791 836
731 836 732
837 812 709
837 709 838
734 799 839
719 718 840
719 840 795
832 831 841
832 841 842
843 787 786
722 721 791
722 791 731
840 814 773
840 773 795
836 844 845
836 845 732
844 820 819
844 819 845
799 782 771
799 771 741
789 758 757
733 784 775
733 775 782
732 845 784
732 784 733
746 832 842
746 842 835
846 847 779
846 779 778
789 848 823
789 823 758
847 846 802
839 793 804
839 804 849
827 806 798
827 798 797
831 850 851
831 851 841
743 852 805
743 805 744
853 765 764
853 764 854
708 855 838
708 838 709
779 809 827
779 827 780
779 847 810
779 810 809
796 794 772
796 772 783
839 849 726
816 797 796
816 796 822
833 832 746
833 746 745
819 783 784
819 784 845
854 856 853
799 741 793
855 708 763
855 763 857
856 792 858
725 734 839
807 811 830
807 830 808
801 859 802
768 860 861
768 861 769
859 862 802
799 793 839
725 839 726
787 728 863
787 863 788
811 825 753
811 753 830
863 728 727
863 727 751
819 822 796
819 796 783
737 829 749
760 703 710
747 818 864
777 747 864
850 757 756
850 756 851
850 831 834
850 834 865
790 757 850
790 850 865
713 716 740
777 740 716
711 703 706
711 706 826
754 753 706
754 706 705
753 826 706
753 752 830
810 825 811
847 862 810
697 813 866
867 653 535
867 535 534
653 867 692
653 692 651
868 866 813
813 812 761
813 761 868
762 761 812
762 812 837
860 698 869
860 869 861
856 858 853
870 704 703
870 703 760
870 760 762
870 762 871
871 762 837
871 837 872
872 837 838
872 838 873
855 874 873
855 873 838
874 855 857
874 857 875
876 800 877
877 800 766
698 697 866
698 866 869
878 879 860
880 878 768
880 701 881
700 702 882
883 700 882
802 884 803
884 883 803
792 776 858
712 868 761
885 886 887
885 887 888
889 890 891
889 891 892
893 894 895
893 895 896
897 898 899
897 899 900
901 902 903
901 903 904
905 906 907
905 907 908
902 893 896
902 896 903
909 910 911
909 911 912
913 914 915
913 915 916
894 917 918
894 918 895
919 920 921
919 921 922
923 913 916
923 916 924
925 885 888
925 888 926
927 928 929
927 929 930
931 923 924
931 924 932
933 934 935
933 935 936
937 938 939
937 939 940
941 905 908
941 908 942
943 944 945
943 945 946
906 947 948
906 948 907
928 937 940
928 940 929
949 909 912
949 912 950
914 889 892
914 892 915
934 951 952
934 952 935
944 933 936
944 936 945
953 897 900
953 900 954
955 956 957
955 957 958
910 959 960
910 960 911
938 943 946
938 946 939
890 961 962
890 962 891
963 931 932
963 932 964
959 953 954
959 954 960
956 965 966
956 966 957
961 925 926
961 926 962
951 919 922
951 922 952
967 927 930
967 930 968
886 969 970
886 970 887
965 949 950
965 950 966
920 901 904
920 904 921
917 941 942
917 942 918
548 547 682
548 682 656
680 600 691
801 803 882
603 602 568
690 531 601
629 610 601
629 601 603
531 602 601
609 532 690
662 610 629
604 662 629
609 690 610
605 568 590
879 699 698
879 698 860
971 763 707
768 878 860
701 880 768
579 694 650
803 883 882
649 579 650
248 236 736
735 737 749
248 735 972
248 972 262
973 787 843
735 750 972
973 729 728
973 728 787
802 846 884
862 847 802
848 789 724
700 881 701
790 789 757
707 697 699
974 975 976
974 976 977
978 979 980
981 982 983
981 983 984
985 986 987
985 987 988
989 990 991
989 991 992
993 990 994
993 994 995
996 997 998
996 998 999
997 1000 998
1001 1002 1003
1001 1003 1004
1005 1006 1007
1005 1007 1008
1009 1010 1011
1009 1011 1012
1010 981 984
1010 984 1011
1013 1014 1015
1013 1015 1016
975 988 987
975 987 976
982 1013 1016
982 1016 983
1007 1006 1002
1007 1002 1001
1017 980 979
1018 1019 1020
1018 1020 1021
1022 1018 1023
1022 1023 1024
991 990 993
1025 1026 1027
1025 1027 1028
989 992 1029
1030 996 999
1031 1022 1024
1032 1005 1008
1032 1008 978
1018 1021 1023
1026 1009 1012
1026 1012 1027
1033 1034 1035
1033 1035 1036
1037 1038 1039
1037 1039 1040
1036 1035 1041
1036 1041 1042
1043 1044 1034
1043 1034 1033
1044 1043 1040
1044 1040 1039
1045 1046 1042
1047 978 980
985 1020 1019
985 1019 986
1015 1014 1038
1015 1038 1037
994 1004 1003
994 1003 995
978 1047 1032
977 998 1000
977 1000 974
1041 1045 1042
1048 1049 1050
1050 1049 1051
1051 1049 1052
1051 1052 1053
1054 1055 1056
1054 1056 1057
1058 1059 1060
1061 1062 1063
1064 1065 1066
1067 1068 1069
1067 1069 1070
1071 1072 1073
1071 1073 1074
1075 1076 1077
1078 1079 1080
1078 1080 1076
1081 1082 1083
1084 1080 1085
1054 1052 1055
1086 1050 1087
1086 1087 1088
1062 1089 1083
1090 1091 1092
1079 1093 1094
1057 1056 1069
1089 1062 1079
1089 1079 1078
1064 1095 1065
1096 1090 1065
1096 1065 1097
1052 1054 1053
1056 1077 1070
1048 1098 1049
1090 1096 1058
1088 1071 1074
1088 1074 1086
1099 1052 1049
1099 1049 1098
1055 1052 1099
1100 1101 1098
1100 1098 1048
1101 1099 1098
1055 1099 1102
1055 1102 1075
1056 1055 1077
1077 1055 1075
1103 1101 1100
1102 1099 1101
1104 1105 1106
1105 1107 1106
1107 1108 1109
1107 1109 1106
1110 1111 1112
1110 1112 1113
1114 1115 1116
1117 1118 1119
1064 1120 1121
1122 1123 1124
1122 1124 1125
1126 1127 1128
1126 1128 1129
1130 1131 1132
1133 1119 1134
1133 1134 1132
1135 1136 1137
1138 1139 1114
1110 1113 1109
1140 1141 1142
1140 1142 1105
1143 1144 1145
1143 1145 1146
1144 1147 1148
1144 1148 1145
1149 1136 1150
1147 1151 1152
1147 1152 1148
1115 1153 1154
1119 1133 1155
1122 1125 1112
1122 1112 1111
1119 1149 1150
1119 1150 1134
1151 1156 1157
1151 1157 1152
1064 1153 1095
1156 1158 1159
1156 1159 1157
1153 1115 1160
1153 1160 1161
1109 1108 1110
1104 1106 1162
1115 1114 1160
1141 1140 1127
1141 1127 1126
1163 1162 1106
1163 1106 1109
1109 1113 1163
1164 1162 1165
1164 1104 1162
1165 1162 1163
1113 1130 1166
1113 1166 1163
1112 1131 1113
1131 1130 1113
1167 1164 1165
1166 1165 1163
1158 1168 1169
1158 1169 1159
1170 1171 1172
1171 1173 1172
1173 1174 1175
1173 1175 1172
1176 1177 1178
1176 1178 1179
1180 1181 1182
1183 1169 1168
1183 1168 1184
1185 1186 1187
1188 1189 1190
1191 1192 1193
1191 1193 1194
1195 1196 1197
1195 1197 1198
1105 1142 1199
1105 1199 1107
1200 1201 1202
1194 1203 1204
1194 1204 1191
1205 1187 1206
1205 1206 1202
1207 1208 1209
1210 1211 1180
1176 1179 1175
1212 1213 1214
1212 1214 1171
1108 1107 1199
1108 1199 1215
1108 1215 1216
1108 1216 1110
1217 1209 1218
1110 1216 1219
1110 1219 1111
1181 1220 1221
1187 1205 1222
1178 1192 1201
1187 1217 1218
1187 1218 1206
1111 1219 1223
1111 1223 1122
1188 1220 1224
1122 1223 1225
1122 1225 1123
1220 1181 1226
1220 1226 1227
1175 1174 1176
1152 1228 1148
1170 1172 1229
1181 1180 1226
1213 1212 1196
1213 1196 1195
1230 1229 1172
1230 1172 1175
1179 1230 1175
1179 1200 1230
1231 1229 1232
1231 1170 1229
1232 1229 1230
1230 1200 1233
1178 1201 1179
1201 1200 1179
1234 1231 1232
1233 1232 1230
1235 1123 1225
1235 1225 1236
1237 1238 1183
1183 1238 1169
1169 1238 1239
1169 1239 1159
1157 1240 1228
1157 1228 1152
1241 1242 1243
1235 1236 1244
1235 1244 1068
1245 1246 1247
1248 1249 1250
1251 1145 1148
1251 1148 1252
1253 1254 1255
1253 1255 1256
1069 1068 1244
1069 1244 1257
1258 1259 1260
1145 1251 1261
1145 1261 1146
1262 1246 1263
1262 1263 1259
1264 1265 1266
1264 1266 1267
1242 1241 1268
1157 1239 1240
1269 1183 1184
1269 1184 1270
1057 1069 1257
1057 1257 1271
1272 1054 1057
1272 1057 1271
1265 1273 1266
1053 1054 1272
1053 1272 1274
1275 1276 1277
1246 1245 1278
1228 1260 1252
1273 1265 1246
1273 1246 1262
1053 1274 1279
1053 1279 1051
1248 1280 1249
1050 1051 1279
1050 1279 1087
1281 1275 1249
1281 1249 1282
1239 1157 1159
1148 1228 1252
1237 1283 1238
1275 1281 1241
1270 1253 1256
1270 1256 1269
1284 1239 1238
1284 1238 1283
1240 1239 1284
1240 1284 1258
1285 1286 1283
1285 1283 1237
1286 1284 1283
1258 1284 1287
1228 1240 1260
1260 1240 1258
1288 1286 1285
1287 1284 1286
1289 1290 1291
1289 1291 1292
1293 1294 1295
1293 1295 1296
1297 1298 1299
1297 1299 1300
1301 1302 1303
1301 1303 1304
1305 1306 1307
1305 1307 1308
1309 1310 1311
1309 1311 1312
1313 1314 1315
1313 1315 1316
1317 1318 1319
1317 1319 1320
1321 1322 1323
1321 1323 1324
1325 1326 1298
1325 1298 1297
1327 1328 1294
1327 1294 1293
1329 1330 1331
1329 1331 1332
1333 1334 1335
1333 1335 1336
1316 1315 1290
1316 1290 1289
1296 1295 1337
1296 1337 1338
1339 1340 1328
1339 1328 1327
1341 1342 1343
1341 1343 1344
1345 1346 1347
1345 1347 1348
1338 1337 1326
1338 1326 1325
1349 1350 1351
1349 1351 1352
1353 1354 1355
1353 1355 1356
1357 1358 1359
1357 1359 1360
1361 1362 1363
1361 1363 1364
1365 1366 1367
1365 1367 1368
1369 1370 1371
1369 1371 1372
1373 1374 1375
1373 1375 1376
1377 1378 1358
1377 1358 1357
1379 1380 1381
1379 1381 1382
1383 1384 1385
1383 1385 1386
1356 1355 1387
1356 1387 1388
1389 1390 1391
1389 1391 1392
1393 1394 1395
1393 1395 1396
1352 1351 1374
1352 1374 1373
1397 1398 1354
1397 1354 1353
1388 1387 1399
1388 1399 1400
1401 1402 1403
1401 1403 1404
1405 1406 1407
1405 1407 1408
1386 1385 1398
1386 1398 1397
1068 1067 1409
1068 1409 1235
1112 1125 1131
1409 1124 1123
1409 1123 1235
1279 1410 1087
1411 1244 1236
1411 1236 1412
1413 1411 1412
1413 1412 1414
1271 1257 1415
1416 1417 235
1416 235 234
1274 1418 1419
1274 1419 1279
1420 1415 1421
253 1422 1416
253 1416 234
1419 1410 1279
1257 1244 1411
1257 1411 1415
1423 334 330
1421 1415 1411
1421 1411 1413
1271 1420 1272
243 1423 330
1422 253 334
1422 334 1424
1271 1415 1420
1274 1272 1425
1274 1425 1418
1272 1420 1425
1424 334 1423
1426 1214 1427
1428 1429 1430
1428 1430 1431
1432 1433 1434
1435 1426 1436
1435 1436 1437
1436 1426 1427
1434 1433 1428
1434 1428 1431
1432 1438 1439
1432 1439 1433
1435 1437 1440
1435 1440 1438
1438 1440 1439
1441 1442 1443
1441 1443 1444
1199 1142 1445
1446 1412 1236
1446 1236 1225
1447 1414 1412
1447 1412 1446
1219 1448 1223
1449 759 235
1449 235 1417
1215 1199 1450
1215 1450 1451
1452 1453 1448
776 759 1449
776 1449 1454
1450 1199 1445
1223 1448 1446
1223 1446 1225
1455 853 858
1453 1447 1446
1453 1446 1448
1219 1216 1452
765 853 1455
1454 1456 858
1454 858 776
1219 1452 1448
1215 1451 1457
1215 1457 1216
1216 1457 1452
1456 1455 858
1168 1458 1184
1459 1144 1143
1459 1143 1460
1151 1147 1461
1158 1462 1463
1158 1463 1168
1463 1458 1168
1147 1144 1459
1147 1459 1461
1151 1464 1156
1151 1461 1464
1158 1156 1465
1158 1465 1462
1156 1464 1465
1466 1467 1468
1466 1468 1469
1203 1194 1431
1203 1431 1430
1193 1434 1431
1193 1431 1194
1177 1432 1434
1177 1434 1193
1432 1177 1176
1432 1176 1438
1174 1435 1438
1174 1438 1176
1174 1173 1426
1174 1426 1435
1171 1214 1426
1171 1426 1173
1177 1193 1178
1193 1192 1178
1470 1471 1472
1470 1472 1473
1474 1475 1476
1474 1476 1477
1478 1479 1480
1478 1480 1481
1482 1483 1484
1482 1484 1485
1486 1487 1488
1486 1488 1470
1489 1481 1480
1489 1480 1490
1488 1491 1492
1488 1492 1493
1494 1495 1481
1494 1481 1489
1494 1489 1491
1494 1491 1496
1476 1497 1498
1476 1498 1477
1499 1500 1472
1499 1472 1471
1501 1502 1472
1501 1472 1500
1498 1497 1503
1498 1503 1478
1495 1498 1478
1495 1478 1481
1504 1480 1479
1504 1479 1505
1477 1498 1495
1477 1495 1506
1499 1471 1493
1499 1493 1507
1508 1509 1510
1508 1510 1511
1512 1486 1513
1512 1513 1514
1496 1491 1488
1496 1488 1487
1511 1510 1494
1511 1494 1496
1473 1472 1502
1473 1502 1515
1516 1517 1518
1516 1518 1512
1507 1493 1492
1507 1492 1519
1518 1487 1486
1518 1486 1512
1479 1520 1521
1479 1521 1505
1513 1473 1515
1513 1515 1522
1509 1508 1523
1509 1523 1524
1483 1525 1516
1483 1516 1484
1526 1474 1527
1526 1527 1528
1529 1475 1474
1529 1474 1526
1523 1508 1517
1523 1517 1530
1484 1516 1512
1484 1512 1514
1509 1524 1528
1509 1528 1527
1495 1494 1510
1495 1510 1506
1517 1508 1511
1517 1511 1518
1470 1488 1493
1470 1493 1471
1485 1484 1514
1485 1514 1531
1518 1511 1496
1518 1496 1487
1509 1527 1506
1509 1506 1510
1503 1520 1479
1503 1479 1478
1506 1527 1474
1506 1474 1477
1519 1492 1490
1519 1490 1532
1486 1470 1473
1486 1473 1513
1532 1490 1480
1532 1480 1504
1489 1490 1492
1489 1492 1491
1516 1525 1530
1516 1530 1517
1513 1522 1531
1513 1531 1514
1533 1534 1535
1533 1535 1536
1537 1538 1539
1537 1539 1540
1541 1542 1543
1541 1543 1544
1545 1546 1547
1545 1547 1548
1549 1533 1550
1549 1550 1551
1552 1553 1543
1552 1543 1542
1550 1554 1555
1550 1555 1556
1557 1552 1542
1557 1542 1558
1557 1559 1556
1557 1556 1552
1539 1538 1560
1539 1560 1561
1499 1536 1535
1499 1535 1500
1501 1500 1535
1501 1535 1562
1560 1541 1563
1560 1563 1561
1558 1542 1541
1558 1541 1560
1504 1505 1544
1504 1544 1543
1538 1564 1558
1538 1558 1560
1499 1507 1554
1499 1554 1536
1565 1566 1567
1565 1567 1568
1569 1570 1571
1569 1571 1549
1559 1551 1550
1559 1550 1556
1566 1559 1557
1566 1557 1567
1534 1572 1562
1534 1562 1535
1573 1569 1574
1573 1574 1575
1507 1519 1555
1507 1555 1554
1574 1569 1549
1574 1549 1551
1544 1505 1521
1544 1521 1576
1571 1577 1572
1571 1572 1534
1568 1578 1579
1568 1579 1565
1548 1547 1573
1548 1573 1580
1581 1582 1583
1581 1583 1537
1584 1581 1537
1584 1537 1540
1579 1585 1575
1579 1575 1565
1547 1570 1569
1547 1569 1573
1568 1583 1582
1568 1582 1578
1558 1564 1567
1558 1567 1557
1575 1574 1566
1575 1566 1565
1533 1536 1554
1533 1554 1550
1546 1586 1570
1546 1570 1547
1574 1551 1559
1574 1559 1566
1568 1567 1564
1568 1564 1583
1563 1541 1544
1563 1544 1576
1564 1538 1537
1564 1537 1583
1519 1532 1553
1519 1553 1555
1549 1571 1534
1549 1534 1533
1532 1504 1543
1532 1543 1553
1552 1556 1555
1552 1555 1553
1573 1575 1585
1573 1585 1580
1571 1570 1586
1571 1586 1577
1587 1588 1589
1587 1589 1590
1591 1592 1593
1591 1593 1594
1595 1596 1597
1595 1597 1598
1599 1600 1601
1599 1601 1602
1603 1604 1605
1603 1605 1606
1592 1607 1608
1592 1608 1593
1609 1610 1611
1609 1611 1612
1607 1613 1614
1607 1614 1608
1598 1597 1615
1598 1615 1616
1617 1618 1619
1617 1619 1620
1612 1621 1622
1623 1624 1601
1623 1601 1600
1625 1626 1627
1625 1627 1628
1629 1630 1631
1629 1631 1632
1633 1634 1631
1633 1631 1630
1635 1621 1612
1635 1612 1636
1602 1635 1636
1602 1636 1599
1613 1611 1637
1613 1637 1614
1588 1638 1639
1588 1639 1589
1640 1641 1642
1643 1644 1645
1643 1645 1646
1617 1647 1648
1617 1648 1618
1649 1650 1606
1649 1606 1605
1651 1652 1653
1615 1654 1655
1615 1655 1616
1646 1620 1619
1587 1590 1656
1587 1656 1657
1654 1634 1633
1654 1633 1655
1612 1658 1609
1658 1612 1622
1659 1596 1595
1659 1595 1660
1638 1661 1662
1638 1662 1639
1643 1663 1644
1648 1647 1664
1653 1632 1651
1665 1663 1643
1666 1667 1668
1666 1668 1669
1670 1671 1672
1670 1672 1673
1674 1675 1676
1674 1676 1677
1678 1679 1680
1678 1680 1681
1682 1683 1684
1682 1684 1685
1645 1620 1646
1629 1632 1653
1637 1611 1610
1587 1686 1687
1587 1687 1588
1688 1689 1690
1688 1690 1691
1692 1693 1597
1692 1597 1596
1694 1695 1696
1694 1696 1697
1603 1698 1699
1603 1699 1604
1691 1690 1700
1691 1700 1701
1702 1703 1704
1702 1704 1705
1701 1700 1706
1701 1706 1707
1693 1708 1615
1693 1615 1597
1709 1710 1711
1709 1711 1712
1703 1713 1714
1715 1697 1696
1715 1696 1716
1717 1628 1627
1717 1627 1718
1719 1632 1631
1719 1631 1720
1721 1720 1631
1721 1631 1634
1722 1723 1703
1722 1703 1714
1695 1694 1723
1695 1723 1722
1707 1706 1724
1707 1724 1704
1588 1687 1725
1588 1725 1638
1640 1726 1727
1728 1729 1730
1728 1730 1731
1709 1712 1732
1709 1732 1733
1734 1699 1698
1734 1698 1735
1651 1736 1737
1615 1708 1738
1615 1738 1654
1729 1711 1710
1587 1657 1739
1587 1739 1686
1654 1738 1721
1654 1721 1634
1703 1702 1740
1740 1713 1703
1659 1741 1692
1659 1692 1596
1638 1725 1742
1638 1742 1661
1728 1731 1663
1732 1743 1733
1736 1651 1632
1665 1728 1663
1666 1744 1745
1666 1745 1667
1670 1673 1746
1670 1746 1747
1674 1748 1749
1674 1749 1675
1678 1681 1750
1678 1750 1751
1752 1753 1754
1752 1754 1755
1730 1729 1710
1719 1736 1632
1724 1705 1704
1756 1757 1758
1756 1758 1759
1760 1761 1762
1760 1762 1763
1764 1759 1758
1765 1764 1766
1765 1766 1767
1768 1769 1770
1768 1770 1771
1756 1772 1769
1756 1769 1768
1757 1756 1768
1773 1774 1775
1773 1775 1776
1763 1777 1778
1763 1778 1779
1776 1780 1781
1776 1781 1782
1783 1784 1785
1783 1785 1786
1766 1764 1758
1766 1758 1787
1758 1757 1788
1758 1788 1787
1789 1783 1786
1789 1786 1780
1765 1790 1759
1765 1759 1764
1773 1776 1782
1791 1790 1765
1767 1792 1791
1767 1791 1765
1791 1793 1772
1791 1772 1790
1777 1762 1773
1777 1773 1782
1769 1793 1794
1769 1794 1770
1762 1761 1774
1762 1774 1773
1778 1785 1779
1760 1763 1779
1760 1779 1795
1777 1763 1762
1781 1780 1786
1775 1789 1780
1775 1780 1776
1769 1772 1793
1771 1788 1757
1771 1757 1768
1785 1784 1795
1785 1795 1779
1791 1792 1794
1791 1794 1793
1796 1797 1798
1796 1798 1799
1800 1801 1802
1800 1802 1803
1804 1805 1806
1804 1806 1807
1808 1809 1810
1808 1810 1811
1812 1813 1814
1812 1814 1815
1816 1817 1818
1816 1818 1819
1820 1821 1822
1820 1822 1823
1824 1825 1826
1824 1826 1827
1828 1829 1830
1828 1830 1831
1832 1833 1834
1832 1834 1835
1836 1837 1838
1836 1838 1839
1840 1827 1826
1840 1826 1841
1842 1832 1835
1842 1835 1843
1844 1845 1846
1844 1846 1847
1848 1849 1850
1848 1850 1851
1849 1848 1825
1849 1825 1824
1816 1819 1830
1816 1830 1829
1833 1821 1820
1833 1820 1834
1852 1853 1818
1852 1818 1817
1854 1846 1845
1854 1845 1855
1856 1857 1858
1856 1858 1859
1786 1785 1778
1786 1778 1781
1855 1858 1857
1855 1857 1854
1860 1861 1862
1860 1862 1863
1864 1865 1866
1864 1866 1867
1868 1862 1861
1869 1870 1871
1869 1871 1868
1872 1873 1874
1872 1874 1875
1860 1872 1875
1860 1875 1876
1863 1872 1860
1877 1878 1879
1877 1879 1880
1865 1881 1882
1865 1882 1883
1878 1884 1885
1878 1885 1886
1887 1888 1889
1887 1889 1890
1871 1891 1862
1871 1862 1868
1862 1891 1892
1862 1892 1863
1893 1886 1888
1893 1888 1887
1869 1868 1861
1869 1861 1894
1877 1884 1878
1895 1869 1894
1870 1869 1895
1870 1895 1896
1895 1894 1876
1895 1876 1897
1883 1884 1877
1883 1877 1866
1875 1874 1898
1875 1898 1897
1866 1877 1880
1866 1880 1867
1882 1881 1889
1864 1899 1881
1864 1881 1865
1883 1866 1865
1885 1888 1886
1879 1878 1886
1879 1886 1893
1875 1897 1876
1873 1872 1863
1873 1863 1892
1889 1881 1899
1889 1899 1890
1895 1897 1898
1895 1898 1896
1900 1901 1902
1900 1902 1903
1904 1905 1906
1904 1906 1907
1908 1909 1910
1908 1910 1911
1912 1913 1914
1912 1914 1915
1916 1917 1918
1916 1918 1919
1920 1921 1922
1920 1922 1923
1924 1925 1926
1924 1926 1927
1928 1929 1930
1928 1930 1931
1932 1933 1934
1932 1934 1935
1936 1937 1938
1936 1938 1939
1940 1941 1942
1940 1942 1943
1944 1945 1930
1944 1930 1929
1946 1947 1937
1946 1937 1936
1948 1949 1950
1948 1950 1951
1952 1953 1954
1952 1954 1955
1955 1928 1931
1955 1931 1952
1922 1935 1934
1922 1934 1923
1939 1938 1924
1939 1924 1927
1956 1921 1920
1956 1920 1957
1958 1959 1951
1958 1951 1950
1960 1961 1962
1960 1962 1963
1888 1885 1882
1888 1882 1889
1959 1958 1963
1959 1963 1962
1964 1965 1966
1964 1966 1967
1968 1969 1970
1968 1970 1971
1972 1973 1974
1972 1974 1975
1976 1977 1978
1976 1978 1979
1980 1981 1982
1980 1982 1983
1984 1980 1983
1984 1983 1985
1986 1987 1988
1986 1988 1989
1990 1991 1982
1990 1982 1981
1992 1988 1987
1992 1987 1993
1994 1995 1996
1994 1996 1997
1998 1977 1976
1998 1976 1999
2000 2001 1975
2000 1975 1974
1972 1997 1996
1972 1996 1973
2002 2003 2004
2002 2004 2005
2006 2007 2008
2006 2008 2009
2010 2011 2012
2010 2012 2013
2008 1998 1999
2008 1999 2009
2014 2015 2016
2014 2016 2017
2018 2019 2020
2018 2020 2021
2022 2023 2024
2022 2024 2025
2026 2027 2023
2026 2023 2022
2028 2029 2030
2028 2030 2031
2032 2033 2021
2032 2021 2020
2015 2014 2034
2015 2034 2035
2031 2030 2036
2031 2036 2037
2038 2039 2040
2038 2040 2041
2042 2043 2044
2042 2044 2045
2046 2047 2048
2046 2048 2049
2050 2051 2052
2050 2052 2053
2054 1979 1978
2054 1978 2055
2056 2057 2058
2056 2058 2059
1984 1985 2057
1984 2057 2056
1986 1989 2060
1986 2060 2061
2062 2059 2058
2062 2058 2063
2064 2065 2061
2064 2061 2060
1994 2066 2067
1994 2067 1995
2068 2069 2054
2068 2054 2055
2070 2052 2051
2070 2051 2071
2050 2053 2067
2050 2067 2066
2072 2073 2074
2072 2074 2075
2076 2077 2078
2076 2078 2079
2080 2081 2082
2080 2082 2083
2078 2077 2069
2078 2069 2068
2084 2017 2016
2084 2016 2085
2018 2086 2087
2018 2087 2019
2088 2089 2090
2088 2090 2091
2026 2088 2091
2026 2091 2027
2092 2093 2094
2092 2094 2095
2096 2087 2086
2096 2086 2097
2085 2098 2099
2085 2099 2084
2093 2037 2036
2093 2036 2094
2100 2101 2102
2100 2102 2103
715 714 778
715 778 781
790 865 836
790 836 791
834 844 836
834 836 865
834 833 820
834 820 844
745 821 820
745 820 833
745 748 817
745 817 821
748 715 781
748 781 817
846 778 714
846 714 730
884 846 730
884 730 729
883 884 729
883 729 973
255 191 190
255 190 256
204 361 360
204 360 448
203 323 361
203 361 204
191 255 323
191 323 203
256 190 221
256 221 294
294 221 220
294 220 298
298 220 310
298 310 299
299 310 309
299 309 321
321 309 343
321 343 313
313 343 267
313 267 266
2104 2105 2106
2104 2106 2107
2108 2109 2110
2108 2110 2111
2112 2113 2114
2112 2114 2115
2104 1030 999
2104 999 2105
2116 2117 2118
2116 2118 2119
2120 2121 2122
2120 2122 2123
2124 2125 1025
2124 1025 1028
2125 2124 2126
2125 2126 2127
2128 2129 2109
2128 2109 2108
2115 2114 2130
2115 2130 2131
2132 2133 2134
2132 2134 2135
2112 2116 2119
2112 2119 2113
2106 2136 2137
2106 2137 2107
2138 2139 2131
2138 2131 2130
2140 2141 2142
2140 2142 2143
2121 2118 2117
2121 2117 2122
2127 2126 2139
2127 2139 2138
2128 989 1029
2128 1029 2129
2144 2145 2146
2144 2146 2147
2148 2149 2150
2148 2150 2151
2152 2153 2154
2152 2154 2155
2156 2157 2158
2156 2158 2159
2160 2161 2162
2160 2162 2163
2164 2165 2166
2164 2166 2167
2168 2169 2170
2168 2170 2171
2172 2173 2174
2172 2174 2175
2176 2177 2173
2176 2173 2172
2178 2179 2177
2178 2177 2176
2180 2181 2179
2180 2179 2178
2182 2183 2181
2182 2181 2180
2184 2185 2183
2184 2183 2182
2186 2187 2185
2186 2185 2184
2188 2189 2187
2188 2187 2186
2190 2191 2189
2190 2189 2188
2192 2193 2191
2192 2191 2190
2194 2195 2193
2194 2193 2192
2175 2174 2196
2175 2196 2197
2198 2199 2200
2198 2200 2201
2202 2203 2204
2202 2204 2205
2198 2202 2205
2198 2205 2199
2201 2200 2165
2201 2165 2164
2206 2207 2208
2206 2208 2209
2210 2206 2209
2210 2209 2211
2212 2210 2211
2212 2211 2213
2207 2168 2171
2207 2171 2208
2214 2215 2216
2214 2216 2217
2218 2219 2220
2218 2220 2221
2222 2223 2224
2222 2224 2225
2226 2227 2228
2226 2228 2229
2230 2231 2229
2230 2229 2228
2232 2233 2234
2232 2234 2235
2236 2237 2238
2236 2238 2239
2240 2241 2242
2240 2242 2243
2244 2245 2246
2244 2246 2247
2248 2242 2238
2248 2238 2249
2250 2251 2252
2250 2252 2253
2229 2231 2248
2229 2248 2249
2247 2246 2254
2247 2254 2255
2256 2257 2252
2256 2252 2251
2249 2258 2226
2249 2226 2229
2259 2260 2261
2259 2261 2262
2263 2264 2265
2263 2265 2266
2267 2259 2262
2267 2262 2268
2269 2226 2258
2269 2258 2270
2271 2272 2266
2271 2266 2265
2273 2243 2274
2273 2274 2275
2274 2248 2231
2274 2231 2276
2268 2262 2269
2268 2269 2270
2248 2274 2243
2248 2243 2242
2277 2244 2247
2277 2247 2278
2241 2239 2238
2241 2238 2242
2263 2279 2280
2263 2280 2264
2281 2282 2283
2281 2283 2280
2284 2285 2286
2284 2286 2287
2288 2267 2268
2288 2268 2289
2290 2277 2235
2290 2235 2234
2233 2291 2292
2233 2292 2234
2257 2293 2245
2257 2245 2252
2276 2231 2230
2276 2230 2294
2278 2247 2255
2278 2255 2295
2290 2296 2250
2290 2250 2253
2297 2298 2299
2297 2299 2300
2265 2264 2293
2265 2293 2257
2270 2258 2237
2270 2237 2301
2277 2278 2302
2277 2302 2235
2303 2304 2276
2303 2276 2294
2244 2253 2252
2244 2252 2245
2305 2289 2301
2305 2301 2306
2237 2236 2306
2237 2306 2301
2280 2283 2293
2280 2293 2264
2307 2308 2285
2307 2285 2284
2309 2227 2226
2309 2226 2269
2253 2244 2277
2253 2277 2290
2310 2311 2286
2310 2286 2312
2278 2295 2313
2278 2313 2302
2296 2290 2234
2296 2234 2292
2314 2315 2316
2314 2316 2317
2259 2318 2319
2259 2319 2260
2320 2316 2315
2320 2315 2321
2302 2322 2232
2302 2232 2235
2323 2324 2315
2323 2315 2314
2325 2297 2300
2325 2300 2326
2273 2327 2240
2273 2240 2243
2289 2305 2328
2289 2328 2288
2246 2245 2293
2246 2293 2283
2312 2329 2275
2312 2275 2304
2330 2331 2308
2330 2308 2307
2318 2287 2332
2318 2332 2319
2333 2284 2287
2333 2287 2318
2334 2335 2336
2334 2336 2322
2312 2286 2285
2312 2285 2329
2337 2307 2284
2337 2284 2333
2279 2338 2281
2279 2281 2280
2321 2339 2338
2321 2338 2279
2300 2316 2320
2300 2320 2326
2320 2321 2279
2320 2279 2263
2340 2341 2327
2340 2327 2273
2329 2340 2273
2329 2273 2275
2285 2308 2340
2285 2340 2329
2325 2326 2266
2325 2266 2272
2335 2323 2314
2335 2314 2336
2308 2331 2341
2308 2341 2340
2310 2312 2304
2310 2304 2303
2326 2320 2263
2326 2263 2266
2328 2342 2337
2328 2337 2288
2342 2330 2307
2342 2307 2337
2287 2286 2311
2287 2311 2332
2336 2314 2317
2336 2317 2343
2344 2299 2298
2344 2298 2345
2259 2267 2333
2259 2333 2318
2232 2343 2344
2232 2344 2233
2334 2322 2302
2334 2302 2313
2291 2233 2344
2291 2344 2345
2267 2288 2337
2267 2337 2333
2321 2315 2324
2321 2324 2339
2309 2269 2262
2309 2262 2261
2271 2265 2257
2271 2257 2256
2317 2316 2300
2317 2300 2299
2268 2270 2301
2268 2301 2289
2322 2336 2343
2322 2343 2232
2238 2237 2258
2238 2258 2249
2343 2317 2299
2343 2299 2344
2283 2282 2254
2283 2254 2246
2304 2275 2274
2304 2274 2276
2346 2347 2348
2346 2348 2349
2350 2351 2352
2350 2352 2353
2354 2355 2356
2354 2356 2357
2358 2359 2360
2358 2360 2361
2359 2358 2362
2359 2362 2363
2364 2365 2366
2364 2366 2367
2368 2369 2347
2368 2347 2346
2370 2357 2356
2370 2356 2371
2372 2373 2374
2372 2374 2375
2349 2348 2376
2349 2376 2377
2378 2379 2373
2378 2373 2372
2363 2362 2380
2363 2380 2381
2382 2383 2384
2382 2384 2385
2379 2378 2386
2379 2386 2387
2388 2389 2390
2388 2390 2391
2392 2393 2111
2392 2111 2110
2394 2395 2396
2394 2396 2397
2137 2136 2398
2137 2398 2399
2399 2398 2400
2399 2400 2401
2402 2403 2404
2402 2404 2405
2397 2396 2393
2397 2393 2392
2401 2400 2403
2401 2403 2402
2406 2407 2408
2406 2408 2409
2405 2404 2410
2405 2410 2411
2409 2408 2395
2409 2395 2394
2406 2140 2143
2406 2143 2407
2411 2410 2132
2411 2132 2135
2412 2413 2414
2412 2414 2415
2416 2417 2418
2416 2418 2419
2420 2421 2415
2420 2415 2414
2422 2423 2421
2422 2421 2420
2424 2425 2423
2424 2423 2422
2426 2427 2425
2426 2425 2424
2428 2429 2427
2428 2427 2426
2430 2431 2429
2430 2429 2428
2432 2433 2431
2432 2431 2430
2417 2416 2433
2417 2433 2432
2434 2435 2436
2434 2436 2437
2438 2439 2440
2438 2440 2441
2442 2443 2444
2442 2444 2445
2434 2437 474
2434 474 507
2446 2447 2448
2446 2448 2449
2450 2451 2452
2450 2452 2453
2454 503 502
2454 502 2455
2455 2456 2457
2455 2457 2454
2458 2440 2439
2458 2439 2459
2443 2460 2461
2443 2461 2444
2462 2463 2464
2462 2464 2465
2442 2445 2447
2442 2447 2446
2436 2435 2466
2436 2466 2467
2468 2461 2460
2468 2460 2469
2470 2471 2472
2470 2472 2473
2453 2452 2449
2453 2449 2448
2456 2468 2469
2456 2469 2457
2458 2459 506
2458 506 466
2474 2475 2476
2474 2476 2477
2478 2479 2480
2478 2480 2481
2482 2483 2484
2482 2484 2485
2486 2487 2488
2486 2488 2489
2490 2491 2492
2490 2492 2493
2494 2495 2496
2494 2496 2497
2498 2499 2500
2498 2500 2501
2502 2503 2504
2502 2504 2505
2506 2502 2505
2506 2505 2507
2508 2506 2507
2508 2507 2509
2510 2508 2509
2510 2509 2511
2512 2510 2511
2512 2511 2513
2514 2512 2513
2514 2513 2515
2516 2514 2515
2516 2515 2517
2518 2516 2517
2518 2517 2519
2520 2518 2519
2520 2519 2521
2522 2520 2521
2522 2521 2523
2524 2522 2523
2524 2523 2525
2503 2526 2527
2503 2527 2504
2528 2529 2530
2528 2530 2531
2532 2533 2534
2532 2534 2535
2528 2531 2533
2528 2533 2532
2529 2494 2497
2529 2497 2530
2536 2537 2538
2536 2538 2539
2540 2541 2537
2540 2537 2536
2542 2543 2541
2542 2541 2540
2539 2538 2499
2539 2499 2498
2544 2545 2546
2544 2546 2547
2548 2549 2550
2548 2550 2551
2552 2553 2554
2552 2554 2555
2556 2557 2558
2556 2558 2559
2560 2558 2557
2560 2557 2561
2562 2563 2564
2562 2564 2565
2566 2567 2568
2566 2568 2569
2570 2571 2572
2570 2572 2573
2574 2575 2576
2574 2576 2577
2578 2579 2568
2578 2568 2572
2580 2581 2582
2580 2582 2583
2557 2579 2578
2557 2578 2561
2575 2584 2585
2575 2585 2576
2586 2583 2582
2586 2582 2587
2579 2557 2556
2579 2556 2588
2589 2590 2591
2589 2591 2592
2593 2594 2595
2593 2595 2596
2597 2598 2590
2597 2590 2589
2599 2600 2588
2599 2588 2556
2601 2595 2594
2601 2594 2602
2603 2604 2605
2603 2605 2571
2605 2606 2561
2605 2561 2578
2598 2600 2599
2598 2599 2590
2578 2572 2571
2578 2571 2605
2607 2608 2575
2607 2575 2574
2573 2572 2568
2573 2568 2567
2593 2596 2609
2593 2609 2610
2611 2609 2612
2611 2612 2613
2614 2615 2616
2614 2616 2617
2618 2619 2598
2618 2598 2597
2620 2564 2563
2620 2563 2607
2565 2564 2621
2565 2621 2622
2587 2582 2577
2587 2577 2623
2606 2624 2560
2606 2560 2561
2608 2625 2584
2608 2584 2575
2620 2581 2580
2620 2580 2626
2627 2628 2629
2627 2629 2630
2595 2587 2623
2595 2623 2596
2600 2631 2569
2600 2569 2588
2607 2563 2632
2607 2632 2608
2633 2624 2606
2633 2606 2634
2574 2577 2582
2574 2582 2581
2635 2636 2631
2635 2631 2619
2569 2631 2636
2569 2636 2566
2609 2596 2623
2609 2623 2612
2637 2614 2617
2637 2617 2638
2639 2599 2556
2639 2556 2559
2581 2620 2607
2581 2607 2574
2640 2641 2616
2640 2616 2642
2608 2632 2643
2608 2643 2625
2626 2621 2564
2626 2564 2620
2644 2645 2646
2644 2646 2647
2589 2592 2648
2589 2648 2649
2650 2651 2647
2650 2647 2646
2632 2563 2562
2632 2562 2652
2653 2644 2647
2653 2647 2654
2655 2656 2628
2655 2628 2627
2603 2571 2570
2603 2570 2657
2619 2618 2658
2619 2658 2635
2576 2612 2623
2576 2623 2577
2641 2634 2604
2641 2604 2659
2660 2637 2638
2660 2638 2661
2649 2648 2662
2649 2662 2615
2663 2649 2615
2663 2615 2614
2664 2652 2665
2664 2665 2666
2641 2659 2617
2641 2617 2616
2667 2663 2614
2667 2614 2637
2610 2609 2611
2610 2611 2668
2651 2610 2668
2651 2668 2669
2628 2656 2650
2628 2650 2646
2650 2593 2610
2650 2610 2651
2670 2603 2657
2670 2657 2671
2659 2604 2603
2659 2603 2670
2617 2659 2670
2617 2670 2638
2655 2602 2594
2655 2594 2656
2666 2665 2644
2666 2644 2653
2638 2670 2671
2638 2671 2661
2640 2633 2634
2640 2634 2641
2656 2594 2593
2656 2593 2650
2658 2618 2667
2658 2667 2672
2672 2667 2637
2672 2637 2660
2615 2662 2642
2615 2642 2616
2665 2673 2645
2665 2645 2644
2674 2675 2630
2674 2630 2629
2589 2649 2663
2589 2663 2597
2562 2565 2674
2562 2674 2673
2664 2643 2632
2664 2632 2652
2622 2675 2674
2622 2674 2565
2597 2663 2667
2597 2667 2618
2651 2669 2654
2651 2654 2647
2639 2591 2590
2639 2590 2599
2601 2586 2587
2601 2587 2595
2645 2629 2628
2645 2628 2646
2598 2619 2631
2598 2631 2600
2652 2562 2673
2652 2673 2665
2568 2579 2588
2568 2588 2569
2673 2674 2629
2673 2629 2645
2612 2576 2585
2612 2585 2613
2634 2606 2605
2634 2605 2604
2676 2677 2678
2676 2678 2679
2680 2681 2682
2680 2682 2683
2684 2685 2686
2684 2686 2687
2688 2689 2690
2688 2690 2691
2691 2692 2693
2691 2693 2688
2694 2695 2696
2694 2696 2697
2698 2676 2679
2698 2679 2699
2700 2701 2686
2700 2686 2685
2702 2703 2704
2702 2704 2705
2677 2706 2707
2677 2707 2678
2708 2702 2705
2708 2705 2709
2692 2710 2711
2692 2711 2693
2712 2713 2714
2712 2714 2715
2709 2716 2717
2709 2717 2708
2718 2719 2720
2718 2720 2721
2722 2438 2441
2722 2441 2723
2724 2725 2726
2724 2726 2727
2466 2728 2729
2466 2729 2467
2728 2730 2731
2728 2731 2729
2732 2733 2734
2732 2734 2735
2725 2722 2723
2725 2723 2726
2730 2732 2735
2730 2735 2731
2736 2737 2738
2736 2738 2739
2733 2740 2741
2733 2741 2734
2737 2724 2727
2737 2727 2738
2736 2739 2471
2736 2471 2470
2462 2741 2740
2462 2740 2463
2742 2743 2744
2742 2744 2745
2746 2747 2748
2746 2748 2749
2750 2744 2743
2750 2743 2751
2752 2750 2751
2752 2751 2753
2754 2752 2753
2754 2753 2755
2756 2754 2755
2756 2755 2757
2758 2756 2757
2758 2757 2759
2760 2758 2759
2760 2759 2761
2762 2760 2761
2762 2761 2763
2749 2762 2763
2749 2763 2746
2764 2765 2766
2764 2766 2767
2767 2768 2769
2767 2769 2770
2771 2772 2773
2771 2773 2774
2775 2776 2777
2775 2777 2778
2779 2780 2781
2779 2781 2782
2783 2784 2785
2783 2785 2786
2787 2788 2789
2787 2789 2790
2791 2792 2781
2791 2781 2793
2794 2795 2786
2794 2786 2785
2771 2796 2797
2771 2797 2798
2799 2800 2801
2799 2801 2802
2801 2800 2795
2801 2795 2794
2803 2769 2768
2803 2768 2804
2783 2805 2766
2783 2766 2765
2795 2800 2806
2795 2806 2807
2765 2764 2796
2765 2796 2808
2809 2810 2794
2809 2794 2785
2811 2805 2812
2811 2812 2813
2796 2771 2774
2796 2774 2808
2806 2814 2815
2806 2815 2816
2817 2818 2804
2817 2804 2768
2805 2783 2786
2805 2786 2812
2811 2779 2818
2811 2818 2817
2800 2799 2814
2800 2814 2806
2817 2766 2805
2817 2805 2811
2819 2780 2813
2819 2813 2820
2821 2822 2815
2821 2815 2823
2779 2782 2824
2779 2824 2818
2766 2817 2768
2766 2768 2767
2782 2825 2826
2782 2826 2824
2813 2812 2807
2813 2807 2820
2822 2827 2816
2822 2816 2815
2816 2820 2807
2816 2807 2806
2787 2790 2822
2787 2822 2821
2773 2828 2829
2773 2829 2774
2792 2825 2782
2792 2782 2781
2799 2830 2831
2799 2831 2814
2772 2771 2798
2772 2798 2832
2830 2799 2802
2830 2802 2833
2797 2796 2764
2797 2764 2834
2828 2835 2809
2828 2809 2829
2810 2775 2801
2810 2801 2794
2789 2836 2837
2789 2837 2790
2819 2827 2837
2819 2837 2793
2824 2826 2838
2824 2838 2839
2784 2783 2765
2784 2765 2808
2839 2838 2840
2839 2840 2841
2793 2781 2780
2793 2780 2819
2813 2780 2779
2813 2779 2811
2827 2822 2790
2827 2790 2837
2820 2816 2827
2820 2827 2819
2836 2791 2793
2836 2793 2837
2804 2839 2841
2804 2841 2803
2834 2764 2767
2834 2767 2770
2818 2824 2839
2818 2839 2804
2801 2775 2778
2801 2778 2802
2835 2842 2810
2835 2810 2809
2829 2809 2785
2829 2785 2784
2775 2810 2842
2775 2842 2776
2778 2777 2843
2778 2843 2844
2802 2778 2844
2802 2844 2833
2795 2807 2812
2795 2812 2786
2774 2829 2784
2774 2784 2808
2814 2831 2823
2814 2823 2815
2845 2846 2847
2845 2847 2848
2849 2850 2848
2849 2848 2851
2852 2853 2854
2852 2854 2855
2856 2857 2858
2856 2858 2859
2860 2861 2862
2860 2862 2863
2864 2865 2866
2864 2866 2867
2868 2869 2870
2868 2870 2871
2872 2873 2860
2872 2860 2874
2875 2864 2867
2875 2867 2876
2854 2877 2878
2854 2878 2879
2880 2881 2882
2880 2882 2883
2876 2883 2882
2876 2882 2875
2884 2885 2850
2884 2850 2849
2866 2846 2845
2866 2845 2886
2887 2883 2876
2887 2876 2888
2846 2889 2879
2846 2879 2847
2890 2864 2875
2890 2875 2891
2892 2893 2894
2892 2894 2886
2879 2889 2855
2879 2855 2854
2895 2896 2887
2895 2887 2897
2885 2898 2899
2885 2899 2850
2886 2894 2867
2886 2867 2866
2892 2899 2898
2892 2898 2862
2896 2880 2883
2896 2883 2887
2886 2845 2899
2886 2899 2892
2900 2901 2893
2900 2893 2861
2895 2902 2903
2895 2903 2904
2905 2863 2862
2905 2862 2898
2845 2848 2850
2845 2850 2899
2906 2907 2863
2906 2863 2905
2888 2894 2893
2888 2893 2901
2897 2908 2902
2897 2902 2895
2888 2901 2897
2888 2897 2887
2870 2903 2902
2870 2902 2871
2852 2855 2909
2852 2909 2910
2863 2907 2874
2863 2874 2860
2911 2912 2880
2911 2880 2896
2853 2913 2877
2853 2877 2854
2912 2914 2881
2912 2881 2880
2847 2879 2878
2847 2878 2915
2890 2916 2910
2890 2910 2909
2891 2875 2882
2891 2882 2858
2917 2918 2868
2917 2868 2871
2900 2873 2917
2900 2917 2908
2919 2906 2905
2919 2905 2920
2846 2866 2865
2846 2865 2889
2921 2919 2920
2921 2920 2922
2873 2900 2861
2873 2861 2860
2893 2892 2862
2893 2862 2861
2908 2917 2871
2908 2871 2902
2908 2897 2901
2908 2901 2900
2873 2872 2918
2873 2918 2917
2885 2884 2922
2885 2922 2920
2915 2851 2848
2915 2848 2847
2920 2905 2898
2920 2898 2885
2859 2858 2882
2859 2882 2881
2891 2923 2916
2891 2916 2890
2864 2890 2909
2864 2909 2865
2923 2891 2858
2923 2858 2857
2924 2856 2859
2924 2859 2925
2925 2859 2881
2925 2881 2914
2876 2867 2894
2876 2894 2888
2865 2909 2855
2865 2855 2889
2904 2911 2896
2904 2896 2895
2926 2927 2928
2926 2928 2929
2926 2930 2931
2926 2931 2927
2932 2933 2934
2932 2934 2935
2936 2937 2938
2936 2938 2939
2940 2935 2934
2940 2934 2941
2942 2943 2944
2942 2944 2945
2946 2947 2948
2946 2948 2949
2950 2931 2930
2950 2930 2951
2952 2940 2941
2952 2941 2953
2936 2945 2944
2936 2944 2937
2954 2955 2956
2954 2956 2957
2958 2959 2960
2958 2960 2961
2961 2960 2955
2961 2955 2954
2962 2929 2928
2962 2928 2963
2962 2963 2964
2962 2964 2965
2932 2966 2967
2932 2967 2933
2968 2939 2938
2968 2938 2969
2967 2966 2970
2967 2970 2971
2972 2973 2974
2972 2974 2975
2976 2977 2978
2976 2978 2979
2965 2964 2980
2965 2980 2981
2971 2970 2982
2971 2982 2983
2974 2973 2968
2974 2968 2969
2984 2957 2956
2984 2956 2985
2986 2987 2988
2986 2988 2989
2989 2984 2985
2989 2985 2986
2990 2991 2992
2990 2992 2993
2994 2995 2996
2994 2996 2997
2998 2999 3000
2998 3000 3001
3002 3003 3004
3002 3004 3005
3006 3007 3008
3006 3008 3009
3010 3011 3012
3010 3012 3013
3014 3015 3016
3014 3016 3017
3018 3019 3020
3018 3020 3021
3022 3023 3024
3025 3026 3027
3025 3027 3028
3029 3030 3031
3029 3031 3032
3033 3034 3035
3033 3035 3036
3037 3038 3039
3037 3039 3040
3041 3042 3043
3041 3043 3044
3045 3046 3047
3045 3047 3048
3049 3050 3051
3049 3051 3052
3053 3054 3055
3053 3055 3056
3057 3058 3059
3060 3061 3062
3060 3062 3063
3064 3065 3066
3064 3066 3067
3068 3069 3070
3068 3070 3071
3072 3073 3074
3072 3074 3075
3076 3077 3078
3076 3078 3079
3080 3081 3082
3080 3082 3083
3084 3085 3086
3084 3086 3087
3088 3089 3090
3088 3090 3091
3092 3093 3094
3095 3096 3097
3095 3097 3098
3099 3100 3101
3099 3101 3102
3103 3104 3105
3103 3105 3106
3107 3108 3109
3107 3109 3110
3111 3112 3113
3111 3113 3114
3115 3116 3117
3115 3117 3118
3119 3120 3121
3119 3121 3122
3123 3124 3125
3123 3125 3126
3127 3128 3129
3127 3129 3130
3131 3132 3133
3131 3133 3134
3135 3136 3137
3135 3137 3138
3139 3140 3141
3139 3141 3142
3143 3144 3145
3143 3145 3146
3147 3148 3149
3147 3149 3150
3151 3152 3153
3151 3153 3154
3155 3156 3157
3155 3157 3158
3159 3160 3161
3162 3163 3164
3162 3164 3165
3165 3164 3166
3165 3166 3167
3167 3166 3168
3167 3168 3169
3170 3171 3172
3170 3172 3173
3173 3172 3174
3173 3174 3175
3175 3174 3176
3175 3176 3177
3177 3176 3178
3177 3178 3179
3179 3178 3180
3179 3180 3181
3181 3180 3182
3181 3182 3183
3183 3182 3163
3183 3163 3162
3184 3185 3186
3184 3186 3187
3188 3187 3186
3188 3186 3189
3190 3188 3189
3190 3189 3191
3190 3191 3192
3185 3184 3193
3194 3195 3196
3194 3196 3197
3195 3198 3199
3195 3199 3196
3198 3200 3201
3198 3201 3199
3202 3203 3204
3202 3204 3205
3203 3206 3207
3203 3207 3204
3206 3208 3209
3206 3209 3207
3208 3210 3211
3208 3211 3209
3210 3212 3213
3210 3213 3211
3212 3214 3215
3212 3215 3213
3214 3194 3197
3214 3197 3215
3216 3217 3218
3216 3218 3219
3216 3219 3220
3216 3220 3221
3221 3220 3222
3221 3222 3223
3222 3224 3223
3217 3225 3218
3226 3227 3228
3226 3228 3229
3230 3231 3232
3230 3232 3233
3234 3235 3230
3234 3230 3233
3231 3236 3237
3231 3237 3232
3238 3239 3240
3238 3240 3241
3238 3241 3242
3238 3242 3243
3244 3245 3246
3244 3246 3247
3248 3249 3250
3251 3252 3253
3254 3255 3256
3257 3258 3259
3260 3261 3262
3263 3264 3265
3263 3265 3266
3267 3268 3269
3267 3269 3270
3271 3272 3273
3274 3275 3264
3274 3264 3263
3276 3277 3278
3279 3280 3281
3250 3249 3282
3283 3284 3285
3286 3287 3288
3256 3255 3289
3290 3291 3292
3293 3294 3295
3293 3295 3296
3227 3226 3295
3227 3295 3294
3297 3243 3242
3297 3242 3298
3299 3300 3301
3229 3228 3302
3229 3302 3303
3304 3305 3297
3304 3297 3298
3234 3303 3302
3234 3302 3235
3240 3239 3306
3240 3306 3307
3244 3307 3306
3244 3306 3245
3308 3272 3271
3309 3280 3279
3310 3311 3312
3310 3312 3313
3314 3315 3316
3314 3316 3317
3318 3319 3320
3318 3320 3274
3321 3322 3319
3321 3319 3318
3323 3324 3325
3323 3325 3326
3266 3265 3315
3266 3315 3314
3327 3328 3313
3327 3313 3312
3329 3317 3330
3329 3330 3331
3325 3332 3333
3325 3333 3326
3334 3335 3322
3334 3322 3321
3329 3331 3324
3329 3324 3323
3336 3337 3338
3339 3340 3341
3339 3341 3342
3343 3344 3345
3343 3345 3346
3347 3348 3349
3350 3343 3346
3350 3346 3351
3352 3353 3354
3355 3356 3357
3358 3359 3360
3361 3362 3363
3364 3365 3366
3355 3357 3367
3341 3340 3368
3341 3368 3369
3348 3370 3349
3371 3372 3373
3371 3373 3374
3375 3376 3377
3378 3379 3380
3381 3333 3382
3381 3382 3383
3384 3385 3386
3387 3388 3389
3390 3391 3392
3393 3394 3395
3396 3397 3398
3399 3400 3401
3402 3403 3404
3405 3406 3407
3408 3409 3410
3381 3383 3328
3381 3328 3327
3411 3412 3413
3414 3415 3416
3400 3417 3401
3418 3419 3420
3421 3422 3423
3334 3311 3424
3334 3424 3335
3425 3364 3366
3426 3390 3392
3427 3428 3429
3430 3287 3431
3432 3287 3433
3434 3287 3435
3436 3287 3432
3437 3287 3438
3439 3287 3440
3441 3442 3443
3444 3445 3378
3274 3320 3444
3274 3444 3378
3446 3447 3418
3317 3316 3446
3317 3446 3418
3448 3449 3450
3451 3448 3452
3453 3402 3454
3311 3310 3403
3311 3403 3402
3424 3311 3402
3424 3402 3453
3378 3380 3275
3378 3275 3274
3418 3420 3330
3418 3330 3317
3452 3448 3333
3452 3333 3332
3448 3450 3382
3448 3382 3333
3455 3287 3436
3456 3270 3457
3458 3459 3368
3460 3369 3461
3462 3463 3374
3346 3345 3464
3346 3464 3465
3466 3363 3362
3345 3344 3467
3345 3467 3468
3304 3237 3236
3304 3236 3305
3433 3287 3439
3288 3287 3455
3431 3287 3286
3438 3287 3430
3469 3287 3437
3440 3287 3434
3343 3339 3342
3343 3342 3344
3470 3350 3351
3470 3351 3471
3267 3465 3464
3267 3464 3268
3372 3468 3467
3372 3467 3373
3349 3370 3389
3389 3370 3387
3389 3388 3377
3377 3388 3375
3377 3376 3386
3386 3376 3384
3386 3385 3338
3338 3385 3336
3366 3365 3360
3360 3365 3358
3360 3359 3354
3354 3359 3352
3354 3353 3472
3472 3353 3473
3367 3472 3473
3367 3357 3472
3429 3412 3427
3413 3412 3429
3413 3422 3411
3423 3422 3413
3423 3415 3421
3416 3415 3423
3416 3417 3414
3401 3417 3416
3395 3406 3393
3407 3406 3395
3407 3397 3405
3398 3397 3407
3398 3409 3396
3410 3409 3398
3410 3391 3408
3392 3391 3410
3474 3269 3475
3476 3477 3478
3371 3479 3480
3260 3281 3261
3279 3281 3260
3252 3262 3253
3260 3262 3252
3276 3289 3277
3256 3289 3276
3285 3278 3283
3276 3278 3285
3257 3273 3258
3271 3273 3257
3292 3259 3290
3257 3259 3292
3250 3282 3441
3441 3282 3442
3441 3443 3301
3301 3443 3299
3270 3269 3481
3481 3269 3474
3270 3481 3457
3369 3482 3461
3482 3368 3459
3369 3368 3482
3371 3483 3479
3483 3374 3463
3371 3374 3483
3361 3477 3476
3361 3363 3477
3471 3477 3363
3471 3363 3470
2990 2993 2996
2990 2996 2995
2994 2997 3484
2994 3484 3485
2998 3001 3004
2998 3004 3003
3002 3005 3008
3002 3008 3007
3006 3009 3012
3006 3012 3011
3010 3013 3016
3010 3016 3015
3014 3017 3020
3014 3020 3019
3018 3021 2992
3018 2992 2991
3025 3028 3031
3025 3031 3030
3029 3032 3486
3029 3486 3487
3033 3036 3039
3033 3039 3038
3037 3040 3043
3037 3043 3042
3041 3044 3047
3041 3047 3046
3045 3048 3051
3045 3051 3050
3049 3052 3055
3049 3055 3054
3053 3056 3027
3053 3027 3026
3060 3063 3066
3060 3066 3065
3064 3067 3488
3064 3488 3489
3068 3071 3074
3068 3074 3073
3072 3075 3078
3072 3078 3077
3076 3079 3082
3076 3082 3081
3080 3083 3086
3080 3086 3085
3084 3087 3090
3084 3090 3089
3088 3091 3062
3088 3062 3061
3099 3098 3097
3099 3097 3100
3490 3102 3101
3490 3101 3491
3107 3106 3105
3107 3105 3108
3111 3110 3109
3111 3109 3112
3115 3114 3113
3115 3113 3116
3119 3118 3117
3119 3117 3120
3123 3122 3121
3123 3121 3124
3095 3126 3125
3095 3125 3096
3131 3130 3129
3131 3129 3132
3492 3134 3133
3492 3133 3493
3139 3138 3137
3139 3137 3140
3143 3142 3141
3143 3141 3144
3147 3146 3145
3147 3145 3148
3151 3150 3149
3151 3149 3152
3155 3154 3153
3155 3153 3156
3127 3158 3157
3127 3157 3128
3494 1076 1080
1102 1078 1076
1102 1076 1075
1103 3495 1089
1103 1089 1101
1101 1089 1078
1101 1078 1102
1097 1095 1409
1096 1097 1067
3494 1096 1070
1132 3496 1133
1132 1134 1166
1132 1166 1130
1150 3497 1167
1150 1167 1165
1134 1150 1165
1134 1165 1166
1095 1161 1409
1161 1160 1124
1160 3496 1125
1202 3498 1205
1202 1206 1233
1202 1233 1200
1218 3499 1234
1218 1234 1232
1233 1206 1218
1233 1218 1232
1224 1227 1204
1227 1226 1191
1226 3498 1192
3500 1259 1263
1287 1262 1259
1287 1259 1258
1288 3501 1273
1288 1273 1286
1286 1273 1262
1286 1262 1287
1282 1280 1261
1281 1282 1251
3500 1281 1252
1317 1300 1299
1317 1299 1318
1383 1360 1359
1383 1359 1384
1069 1056 1070
1301 1304 1363
1301 1363 1362
1329 1332 1303
1329 1303 1302
1341 1344 1331
1341 1331 1330
1342 1305 1308
1342 1308 1343
1324 1323 1310
1324 1310 1309
1312 1311 1335
1312 1335 1334
1306 1333 1336
1306 1336 1307
1083 3502 1063
1083 1063 1062
3503 1209 1217
3503 1217 3504
1083 3495 1081
3499 1209 1208
1083 1089 3495
1218 1209 3499
1083 1082 3502
1207 1209 3503
1062 1061 1079
1217 1186 3504
1187 1186 1217
1079 1061 1093
1079 1094 1080
1187 1222 1185
1222 1205 3505
1080 1094 1085
1080 1084 1058
1205 1211 3505
1180 1211 1205
1058 1084 1059
1058 1060 1090
1180 1182 1210
1182 1181 3506
1090 1060 1091
1090 1092 1065
1181 1221 3506
1221 1220 3507
1065 1092 3508
1064 1066 1120
1066 1065 3508
1188 1190 1220
1220 1190 3507
1361 1364 1391
1361 1391 1390
1365 1368 1395
1365 1395 1394
1380 1369 1372
1380 1372 1381
1389 1392 1403
1389 1403 1402
1393 1396 1371
1393 1371 1370
1401 1404 1367
1401 1367 1366
3509 3510 1136
3509 1136 1149
1267 1266 3511
1379 1382 3512
1379 3512 3513
3497 1136 1135
1266 3501 3514
1150 1136 3497
1266 1273 3501
1149 1118 3509
1247 1265 1264
1119 1118 1149
1247 1246 1265
1119 1155 1117
1155 1133 3515
1246 1278 1263
1263 1278 3516
1133 1139 3515
1268 1263 3516
1114 1139 1133
1268 1241 1263
1114 1116 1138
1241 1243 1275
1116 1115 3517
1275 1243 1276
1115 1154 3517
1275 1277 1249
1154 1153 3518
1249 1277 3519
1153 1121 3518
1250 1249 3519
1064 1121 1153
1248 1250 3520
3022 3024 3521
3024 3522 3523
3024 3023 3522
3524 3024 3525
3521 3024 3524
3526 3523 3527
3024 3523 3526
3528 3024 3529
3525 3024 3528
3530 3024 3531
3529 3024 3530
3531 3532 3533
3531 3024 3532
3057 3059 3534
3059 3535 3536
3059 3058 3535
3537 3059 3538
3534 3059 3537
3539 3536 3540
3059 3536 3539
3541 3059 3542
3538 3059 3541
3543 3059 3544
3542 3059 3543
3544 3545 3546
3544 3059 3545
3092 3094 3547
3094 3548 3549
3094 3093 3548
3550 3094 3551
3547 3094 3550
3552 3549 3553
3094 3549 3552
3554 3094 3555
3551 3094 3554
3556 3094 3557
3555 3094 3556
3557 3558 3559
3557 3094 3558
3560 3561 3562
3563 3564 3565
3159 3161 3566
3563 3159 3564
3160 3159 3567
3159 3568 3569
3159 3566 3568
3159 3563 3567
3159 3570 3571
3159 3569 3570
3159 3572 3573
3159 3571 3572
3574 3573 3575
3159 3573 3574
3576 3577 3578
3560 3562 3579
3576 3560 3577
3561 3560 3580
3560 3581 3582
3560 3579 3581
3560 3576 3580
3560 3583 3584
3560 3582 3583
3560 3585 3586
3560 3584 3585
3587 3586 3588
3560 3586 3587
1137 1136 3510
3511 1266 3514
3494 1070 1077
1192 3498 1201
1058 1096 3494
1226 1180 3498
1125 3496 1131
3500 1252 1260
1160 1114 3496
1241 1281 3500
1132 1131 3496
1260 1259 3500
1077 1076 3494
1202 1201 3498
3494 1080 1058
1205 3498 1180
1133 3496 1114
3500 1263 1241
1065 1095 1097
1095 1153 1161
1224 1220 1227
1249 1280 1282
1097 1409 1067
1409 1161 1124
1204 1227 1191
1282 1261 1251
1096 1067 1070
1191 1226 1192
1124 1160 1125
1281 1251 1252
3589 3590 3591
3589 3591 3592
3593 3594 826
225 224 175
225 175 358
3595 3596 186
360 175 224
360 224 448
225 358 357
225 357 306
269 306 357
269 357 355
333 269 355
333 355 356
331 333 356
331 356 173
241 331 173
241 173 184
3590 3589 3597
3590 3597 3598
3592 3591 3599
3592 3599 3600
3601 3600 3599
3601 3599 3602
3601 3602 3603
3601 3603 3604
3604 3603 3605
3604 3605 3606
3606 3605 3607
3606 3607 3608
711 3594 3609
712 3609 3610
868 3610 866
861 3610 769
3610 861 869
866 3610 869
862 3593 825
862 825 810
3610 3609 769
3609 3594 702
3594 3593 882
3593 862 859
3593 859 801
825 3593 826
712 3610 868
769 3609 702
702 3594 882
826 3594 711
711 3609 712
882 3593 801
3595 336 244
3595 347 336
3595 244 3596
3595 346 344
187 3611 303
3611 359 3612
359 3611 176
3611 187 3596
302 338 288
3612 335 338
335 3612 278
338 302 3612
3612 302 303
3612 359 278
303 3611 3612
176 3611 3596
3596 187 186
3596 244 176
3595 186 346
3595 344 347
3613 3614 3615
3613 3615 3616
3617 3618 3619
3617 3619 3620
3621 3622 3623
3621 3623 3624
3625 3626 3627
3625 3627 3628
3629 3630 3631
3629 3631 3632
3633 3634 3635
3633 3635 3636
3637 3638 3639
3637 3639 3640
3641 3642 3643
3641 3643 3644
3645 3646 3647
3645 3647 3648
3649 3650 3651
3649 3651 3652
3653 3654 3655
3653 3655 3656
3657 3658 3659
3657 3659 3660
3661 3662 3663
3661 3663 3664
3665 3666 3667
3665 3667 3668
3669 3670 3671
3669 3671 3672
3673 3674 3675
3673 3675 3676
3677 3678 3679
3677 3679 3680
3681 3682 3683
3681 3683 3684
3685 3686 3687
3685 3687 3688
3689 3690 3691
3689 3691 3692
3693 3694 3695
3693 3695 3696
3697 3698 3699
3697 3699 3700
3701 3702 3703
3701 3703 3704
3693 3696 3705
3693 3705 3706
3707 3708 3709
3707 3709 3710
3711 3712 3713
3711 3713 3714
3714 3715 3716
3714 3716 3711
3706 3705 3704
3706 3704 3703
3717 3718 3695
3717 3695 3694
3719 3720 3721
3719 3721 3722
3718 3717 3723
3718 3723 3724
3722 3725 3726
3722 3726 3719
3727 3699 3698
3727 3698 3728
3729 3730 3727
3729 3727 3728
3713 3712 3731
3713 3731 3732
3707 3716 3715
3707 3715 3708
3709 3733 3734
3709 3734 3710
3726 3725 3730
3726 3730 3729
3735 3736 3737
3735 3737 3738
3739 3740 3741
3739 3741 3742
3743 3744 3745
3743 3745 3746
3735 3747 3748
3735 3748 3736
3749 3750 3751
3749 3751 3752
3753 3754 3755
3753 3755 3756
3754 3753 3757
3754 3757 3758
3747 3745 3744
3747 3744 3748
3759 3738 3737
3759 3737 3760
3761 3762 3763
3761 3763 3764
3760 3765 3766
3760 3766 3759
3762 3761 3767
3762 3767 3768
3769 3770 3742
3769 3742 3741
3771 3770 3769
3771 3769 3772
3755 3773 3774
3755 3774 3756
3749 3752 3758
3749 3758 3757
3751 3750 3775
3751 3775 3776
3767 3771 3772
3767 3772 3768
