byte offset: 0
first index: 0
index count: 2688
topology: trianglelist
format: DXGI_FORMAT_R16_UINT

0 1 2
0 2 3
4 5 6
4 6 7
8 9 10
8 10 11
10 12 13
10 13 11
14 15 16
14 16 17
18 9 8
18 8 19
20 4 7
20 7 21
22 23 24
22 24 25
10 9 25
10 25 24
26 12 10
26 10 24
23 0 26
23 26 24
15 20 21
15 21 16
27 25 9
27 9 18
28 22 25
28 25 27
29 30 23
29 23 22
30 1 0
30 0 23
31 29 22
31 22 28
32 33 34
32 34 35
34 15 14
34 14 35
13 12 36
13 36 37
38 33 32
38 32 39
26 0 3
26 3 40
41 42 43
41 43 44
34 33 44
34 44 43
20 15 34
20 34 43
42 4 20
42 20 43
12 26 40
12 40 36
45 44 33
45 33 38
46 41 44
46 44 45
47 48 42
47 42 41
48 5 4
48 4 42
49 47 41
49 41 46
50 5 48
50 48 51
5 50 52
5 52 6
53 51 48
53 48 47
54 53 47
54 47 49
55 56 30
55 30 29
29 31 57
29 57 55
58 1 30
58 30 56
59 2 1
59 1 58
60 61 32
60 32 35
62 60 35
62 35 14
63 62 14
63 14 17
64 65 19
64 19 8
66 64 8
66 8 11
67 66 11
67 11 13
68 67 13
68 13 37
61 69 39
61 39 32
70 71 72
73 74 75
76 77 78
79 80 81
72 71 82
83 84 85
86 87 88
89 90 76
91 83 92
93 94 95
93 95 96
96 95 97
86 96 98
91 99 89
91 89 84
96 100 98
96 101 102
102 100 96
103 104 105
106 103 107
97 108 109
110 101 109
111 112 101
111 101 110
113 111 114
112 115 101
116 113 117
76 90 118
119 120 121
122 119 121
121 123 122
124 123 125
126 127 128
129 124 125
129 125 88
87 130 129
131 116 117
77 118 132
133 114 111
133 111 110
133 110 134
133 134 135
109 134 110
136 137 138
137 139 140
137 140 141
142 138 56
142 56 55
143 142 55
143 55 57
137 141 59
137 59 58
138 137 58
138 58 56
144 83 85
144 85 145
144 146 92
144 92 83
147 95 94
148 108 95
149 150 136
149 108 151
152 153 82
152 82 71
154 152 71
154 71 155
156 73 157
158 159 160
161 159 158
158 162 161
158 163 162
163 164 165
166 167 165
166 165 164
167 168 169
170 171 126
80 77 132
172 89 78
139 136 150
173 174 135
173 135 134
175 173 134
175 134 109
109 108 175
173 175 138
173 138 142
143 174 173
143 173 142
176 90 89
88 125 176
86 176 99
91 93 86
91 86 99
91 92 94
91 94 93
146 94 92
121 120 177
125 121 177
168 178 172
155 70 74
155 74 73
179 154 155
179 155 73
79 78 80
107 130 106
180 100 181
100 182 181
131 104 182
98 87 86
101 115 102
98 100 180
100 102 182
74 183 75
175 108 136
138 175 136
158 160 164
169 168 79
81 169 79
77 76 118
132 118 184
130 87 98
180 130 98
131 182 102
131 102 115
78 89 76
168 172 79
166 178 168
172 78 79
97 101 96
109 101 97
93 96 86
89 172 84
70 155 71
166 168 167
84 83 91
177 90 176
185 118 120
119 185 120
125 123 121
87 129 88
120 118 90
86 88 176
115 116 131
186 159 161
163 158 164
166 164 178
106 130 180
80 78 77
81 187 169
80 126 81
126 80 132
132 127 126
170 126 128
187 126 171
81 126 187
106 181 103
181 104 103
116 112 113
112 111 113
136 108 149
139 150 140
139 137 136
132 184 127
131 105 104
181 182 104
180 181 106
176 125 177
120 90 177
176 89 99
73 75 157
156 179 73
148 151 108
147 148 95
146 147 94
97 95 108
116 115 112
188 189 190
191 192 193
194 195 196
197 198 199
189 200 190
201 202 203
204 205 206
207 194 208
209 210 201
211 212 213
211 213 214
212 215 213
204 216 212
209 203 207
209 207 217
212 216 218
212 219 220
219 212 218
221 222 223
224 225 221
215 226 227
228 226 220
229 228 220
229 220 230
231 232 229
230 220 233
234 235 231
194 236 208
237 238 239
240 238 237
238 240 241
242 243 241
244 245 246
247 205 243
247 243 242
206 247 248
249 235 234
196 250 236
251 228 229
251 229 232
251 252 253
251 253 228
226 228 253
254 255 256
256 257 258
256 258 259
260 50 51
260 51 255
261 52 50
261 50 260
256 53 54
256 54 257
255 51 53
255 53 256
262 263 202
262 202 201
262 201 210
262 210 264
265 214 213
266 213 227
267 254 268
267 269 227
270 190 200
270 200 271
272 273 190
272 190 270
274 275 191
276 277 278
279 276 278
276 279 280
276 280 281
281 282 283
284 283 282
284 282 285
285 286 287
288 244 289
199 250 196
290 195 207
259 268 254
291 253 252
291 252 292
293 226 253
293 253 291
226 293 227
291 260 255
291 255 293
261 260 291
261 291 292
294 207 208
205 294 243
204 217 294
209 217 204
209 204 211
209 211 214
209 214 210
264 210 214
238 295 239
243 295 238
287 290 296
273 191 193
273 193 188
297 191 273
297 273 272
197 199 195
225 224 248
298 299 218
218 299 300
249 300 223
216 204 206
220 219 233
216 298 218
218 300 219
193 192 301
293 254 227
255 254 293
276 283 277
286 197 287
198 197 286
196 236 194
250 302 236
248 216 206
298 216 248
249 219 300
249 233 219
195 194 207
287 197 290
284 287 296
290 197 195
215 212 220
226 215 220
211 204 212
207 203 290
188 190 273
284 285 287
203 209 201
295 294 208
303 239 236
237 239 303
243 238 241
206 205 247
239 208 236
204 294 205
233 249 234
304 279 278
281 283 276
284 296 283
224 298 248
199 196 195
198 286 305
199 198 244
244 250 199
250 244 246
288 245 244
305 289 244
198 305 244
224 221 299
299 221 223
234 231 230
230 231 229
254 267 227
259 258 268
259 254 256
250 246 302
249 223 222
299 223 300
298 224 299
294 295 243
239 295 208
294 217 207
191 275 192
274 191 297
266 227 269
265 213 266
264 214 265
215 227 213
234 230 233
306 307 308
306 308 309
310 311 312
310 312 313
314 315 316
314 316 317
316 315 318
316 318 319
320 321 322
320 322 323
324 325 314
324 314 317
326 327 311
326 311 310
328 329 330
328 330 331
316 330 329
316 329 317
332 330 316
332 316 319
331 330 332
331 332 306
323 322 327
323 327 326
333 324 317
333 317 329
334 333 329
334 329 328
335 328 331
335 331 336
336 331 306
336 306 309
337 334 328
337 328 335
338 339 340
338 340 341
340 339 320
340 320 323
318 342 343
318 343 319
344 345 338
344 338 341
332 346 307
332 307 306
347 348 349
347 349 350
340 349 348
340 348 341
326 349 340
326 340 323
350 349 326
350 326 310
319 343 346
319 346 332
351 344 341
351 341 348
352 351 348
352 348 347
353 347 350
353 350 354
354 350 310
354 310 313
355 352 347
355 347 353
356 357 354
356 354 313
313 312 358
313 358 356
359 353 354
359 354 357
360 355 353
360 353 359
361 335 336
361 336 362
335 361 363
335 363 337
364 362 336
364 336 309
365 364 309
365 309 308
366 339 338
366 338 367
368 320 339
368 339 366
369 321 320
369 320 368
370 314 325
370 325 371
372 315 314
372 314 370
373 318 315
373 315 372
374 342 318
374 318 373
367 338 345
367 345 375
376 377 378
379 380 381
382 383 384
385 386 387
377 388 378
389 388 377
390 391 392
393 382 394
395 396 389
397 398 399
397 399 400
398 401 399
390 402 398
395 377 393
395 393 403
398 402 404
398 405 406
405 398 404
407 408 409
410 411 407
401 412 413
414 412 406
415 414 406
415 406 416
417 418 415
416 406 419
420 421 417
382 422 394
423 424 425
426 424 423
424 426 427
428 429 427
430 431 432
433 391 429
433 429 428
392 433 434
435 421 420
384 436 422
437 414 415
437 415 418
437 438 439
437 439 414
412 414 439
440 441 442
442 443 444
442 444 445
446 361 362
446 362 441
447 363 361
447 361 446
442 364 365
442 365 443
441 362 364
441 364 442
448 449 388
448 388 389
448 389 396
448 396 450
451 400 399
452 399 413
453 440 454
453 455 413
456 378 388
456 388 449
457 458 378
457 378 456
459 460 379
461 380 460
462 461 460
461 462 463
461 463 464
464 465 466
467 466 465
467 465 468
468 469 470
471 430 472
387 436 384
376 383 393
445 454 440
473 439 438
473 438 474
475 412 439
475 439 473
412 475 413
473 446 441
473 441 475
447 446 473
447 473 474
476 393 394
391 476 429
390 403 476
395 403 390
395 390 397
395 397 400
395 400 396
450 396 400
424 477 425
429 477 424
470 376 381
458 379 381
458 381 376
478 379 458
478 458 457
385 387 383
411 410 434
479 480 404
404 480 481
435 481 409
402 390 392
406 405 419
402 479 404
404 481 405
381 380 466
475 440 413
441 440 475
461 466 380
469 385 470
386 385 469
384 422 382
436 482 422
434 402 392
479 402 434
435 405 481
435 419 405
383 382 393
470 385 376
467 470 381
376 385 383
401 398 406
412 401 406
397 390 398
393 377 376
376 378 458
467 468 470
377 395 389
477 476 394
483 425 422
423 425 483
429 424 427
392 391 433
425 394 422
390 476 391
419 435 420
459 462 460
464 466 461
467 381 466
410 479 434
387 384 383
386 469 484
387 386 430
430 436 387
436 430 432
471 431 430
484 472 430
386 484 430
410 407 480
480 407 409
420 417 416
416 417 415
440 453 413
445 444 454
445 440 442
436 432 482
435 409 408
480 409 481
479 410 480
476 477 429
425 477 394
476 403 393
379 460 380
459 379 478
452 413 455
451 399 452
450 400 451
401 413 399
420 416 419
485 486 487
488 489 490
491 492 493
494 495 496
487 486 497
498 487 497
499 500 501
502 503 491
504 498 505
506 507 508
506 508 509
509 508 510
499 509 511
504 512 502
504 502 487
509 513 511
509 514 515
515 513 509
516 517 518
519 516 520
510 521 522
523 514 522
524 525 514
524 514 523
526 524 527
525 528 514
529 526 530
491 503 531
532 533 534
535 532 534
534 536 535
537 536 538
539 540 541
542 537 538
542 538 501
500 543 542
544 529 530
492 531 545
546 527 524
546 524 523
546 523 547
546 547 548
522 547 523
549 550 551
550 552 553
550 553 554
555 551 357
555 357 356
556 555 356
556 356 358
550 554 360
550 360 359
551 550 359
551 359 357
557 498 497
557 497 558
557 559 505
557 505 498
560 508 507
561 521 508
562 563 549
562 521 564
565 558 497
565 497 486
566 565 486
566 486 567
568 488 569
570 569 490
571 569 570
570 572 571
570 573 572
573 574 575
576 577 575
576 575 574
577 578 579
580 581 539
495 492 545
485 502 493
552 549 563
582 583 548
582 548 547
584 582 547
584 547 522
522 521 584
582 584 551
582 551 555
556 583 582
556 582 555
585 503 502
501 538 585
499 585 512
504 506 499
504 499 512
504 505 507
504 507 506
559 507 505
534 533 586
538 534 586
578 489 485
567 485 489
567 489 488
587 566 567
587 567 488
494 493 495
520 543 519
588 513 589
513 590 589
544 517 590
511 500 499
514 528 515
511 513 588
513 515 590
489 574 490
584 521 549
551 584 549
570 490 574
579 578 494
496 579 494
492 491 531
545 531 591
543 500 511
588 543 511
544 590 515
544 515 528
493 502 491
578 485 494
576 489 578
485 493 494
510 514 509
522 514 510
506 509 499
502 485 487
485 567 486
576 578 577
487 498 504
586 503 585
592 531 533
532 592 533
538 536 534
500 542 501
533 531 503
499 501 585
528 529 544
568 569 571
573 570 574
576 574 489
519 543 588
495 493 492
496 593 579
495 539 496
539 495 545
545 540 539
580 539 541
593 539 581
496 539 593
519 589 516
589 517 516
529 525 526
525 524 526
549 521 562
552 563 553
552 550 549
545 591 540
544 518 517
589 590 517
588 589 519
585 538 586
533 503 586
585 502 512
488 490 569
568 587 488
561 564 521
560 561 508
559 560 507
510 508 521
529 528 525
