byte offset: 0
first index: 0
index count: 15132
topology: trianglelist
format: DXGI_FORMAT_R16_UINT

0 1 2
3 4 5
5 6 7
8 9 10
8 10 11
12 13 14
12 14 15
16 17 18
16 18 19
20 21 22
20 22 23
13 8 11
13 11 14
19 18 24
19 24 25
18 26 27
18 27 24
28 12 15
28 15 29
23 22 17
23 17 16
22 30 31
22 31 17
31 26 18
31 18 17
21 32 30
21 30 22
14 11 26
14 26 31
29 15 30
29 30 32
11 10 27
11 27 26
15 14 31
15 31 30
29 33 28
21 20 34
21 34 35
32 21 35
32 35 36
29 32 36
29 36 33
35 34 37
36 35 37
33 36 38
19 39 40
19 40 16
23 41 42
23 42 20
19 25 39
16 40 41
16 41 23
42 43 34
42 34 20
44 45 9
44 9 8
13 46 44
13 44 8
46 13 12
46 12 47
48 45 44
48 44 49
46 50 49
46 49 44
47 51 50
47 50 46
49 52 53
49 53 48
50 54 52
50 52 49
50 51 55
50 55 54
56 57 58
59 60 56
61 62 60
61 60 59
63 64 65
53 58 66
53 66 67
68 69 58
64 63 70
48 63 45
71 72 55
72 73 62
72 62 61
74 75 76
74 76 77
74 78 79
72 71 77
51 47 80
51 80 71
28 80 47
28 47 12
71 80 81
71 81 82
83 62 84
83 84 85
84 62 73
84 73 86
73 76 87
73 87 86
33 81 80
33 80 28
78 88 89
89 88 38
38 81 33
77 76 73
77 73 72
87 76 75
77 82 74
77 71 82
90 91 92
90 92 93
92 91 94
92 94 95
90 93 96
90 96 97
98 95 94
98 94 99
95 75 92
92 75 79
95 98 87
95 87 75
99 100 86
98 86 87
99 86 98
101 102 103
101 103 104
105 106 107
103 102 108
103 108 106
109 110 111
110 112 111
107 106 108
106 105 112
107 113 105
104 114 115
104 115 101
116 114 104
112 110 106
110 116 104
106 110 103
110 104 103
101 117 118
101 118 102
115 119 117
115 117 101
118 120 108
118 108 102
121 107 120
120 107 108
115 122 123
96 124 125
96 125 97
113 126 105
97 125 112
97 112 105
105 126 90
105 90 97
91 127 128
91 128 94
91 90 126
91 126 127
94 128 99
127 129 130
127 130 128
127 126 113
127 113 129
130 131 128
131 100 99
121 113 107
117 132 133
117 133 118
118 133 134
118 134 120
120 134 135
120 135 121
135 129 113
135 113 121
93 136 137
93 137 96
136 93 92
136 92 79
96 137 138
96 138 124
124 139 140
124 140 125
125 140 111
125 111 112
138 141 139
138 139 124
142 143 144
145 143 7
145 7 6
142 43 146
34 43 142
144 143 147
7 143 142
5 7 146
148 149 150
148 151 149
5 4 6
152 4 150
6 4 152
148 4 3
149 153 154
152 155 145
152 145 6
150 154 155
150 155 152
153 156 157
155 158 147
155 147 145
154 157 158
36 37 38
147 38 37
79 78 89
38 88 81
88 82 81
88 78 82
158 89 147
147 89 38
150 4 148
157 159 89
89 159 79
153 157 154
157 156 159
149 154 150
153 137 136
153 136 156
159 156 136
159 136 79
149 138 153
153 138 137
149 151 141
3 160 148
139 161 140
141 162 161
141 161 139
163 164 161
163 161 165
161 162 165
140 164 111
111 164 109
110 109 116
109 164 116
140 161 164
163 166 116
163 116 164
116 166 114
162 141 151
162 151 167
148 160 151
163 165 168
163 168 169
166 163 169
166 169 170
165 167 171
165 171 168
169 168 172
169 172 173
170 169 173
170 173 174
168 171 175
168 175 172
167 160 3
176 177 178
178 179 180
178 180 181
181 180 182
170 183 184
170 184 166
114 122 115
115 123 119
177 185 186
187 188 189
188 187 190
188 190 185
185 190 191
185 191 186
180 192 193
180 193 182
180 179 192
185 177 194
185 194 188
177 176 194
192 186 191
192 191 193
179 186 192
177 186 179
178 177 179
187 195 196
193 197 198
193 198 182
191 199 197
191 197 193
190 196 199
190 199 191
187 196 190
187 189 195
196 123 122
196 122 199
195 123 196
198 174 182
181 182 174
184 114 166
197 183 198
170 174 198
198 183 170
183 122 184
184 122 114
117 119 200
117 200 132
123 201 119
119 202 203
119 203 200
202 201 204
202 204 205
206 203 202
206 202 205
119 201 202
204 207 208
204 208 205
206 205 208
206 208 209
210 211 212
210 212 213
214 209 211
214 211 210
201 195 215
201 215 204
215 195 189
209 216 217
209 217 206
214 218 216
214 216 209
216 132 217
218 219 132
218 132 216
212 220 221
212 221 213
204 222 212
222 223 220
212 222 220
183 197 199
183 199 122
3 175 171
141 138 149
151 160 167
34 144 37
123 195 201
217 132 200
217 203 206
217 200 203
224 0 225
64 226 227
70 67 64
228 229 230
70 63 48
227 231 232
225 0 2
7 142 146
142 144 34
147 143 145
147 37 144
154 158 155
157 89 158
167 3 171
165 162 167
58 53 52
58 52 56
56 52 54
56 54 59
54 55 61
48 53 67
48 67 70
233 234 235
55 72 61
71 55 51
54 61 59
82 78 74
74 79 75
236 237 238
236 238 239
83 240 237
83 237 236
69 241 242
69 242 243
239 238 241
239 241 69
244 83 236
99 128 131
245 236 239
58 69 246
228 230 247
248 67 246
233 235 226
228 247 249
250 251 230
252 253 254
255 256 257
258 259 254
258 254 253
234 260 249
234 64 67
261 262 263
264 265 266
265 267 268
269 270 271
269 271 272
273 274 275
273 275 276
277 278 279
277 279 280
281 282 283
281 283 284
272 271 274
272 274 273
280 285 286
280 286 277
277 286 287
277 287 288
276 275 289
276 289 290
284 279 278
284 278 281
281 278 291
281 291 292
291 278 277
291 277 288
292 293 282
292 282 281
273 291 288
273 288 272
290 293 292
290 292 276
272 288 287
272 287 269
276 292 291
276 291 273
290 289 294
295 283 282
295 282 296
296 282 293
296 293 297
297 293 290
297 290 294
296 298 295
297 298 296
294 299 297
280 279 300
280 300 301
284 283 302
284 302 303
280 301 285
279 284 303
279 303 300
302 283 295
302 295 304
270 305 306
270 306 271
306 307 274
306 274 271
275 274 307
275 307 308
309 310 306
309 306 305
307 306 310
307 310 311
308 307 311
308 311 312
310 309 313
310 313 314
311 310 314
311 314 315
316 312 311
316 311 315
317 318 319
320 317 321
322 320 321
322 321 323
324 325 326
327 318 313
327 313 328
329 330 331
326 332 324
309 305 324
333 316 334
323 335 334
323 334 322
336 337 338
336 338 339
338 340 341
334 339 333
312 333 342
312 342 308
308 342 289
308 289 275
333 343 344
333 344 342
321 345 346
321 346 323
335 323 346
335 346 347
335 347 348
335 348 336
342 344 294
342 294 289
341 349 350
349 299 350
299 294 344
339 334 335
339 335 336
348 337 336
339 338 343
339 343 333
351 352 353
351 353 354
351 355 356
351 356 352
353 357 358
353 358 354
356 355 359
356 359 360
355 351 337
351 340 337
348 359 355
348 355 337
360 347 361
359 348 347
360 359 347
362 363 364
362 364 365
366 367 368
362 368 369
362 369 363
370 371 372
372 371 373
367 369 368
368 373 366
367 366 374
365 364 375
365 375 376
377 365 376
373 368 372
372 365 377
368 362 372
372 362 365
364 363 378
364 378 379
379 380 375
379 375 364
378 363 369
378 369 381
382 383 367
381 369 367
375 384 385
358 357 386
358 386 387
374 366 388
373 386 357
373 357 366
366 357 353
366 353 388
352 356 389
352 389 390
352 390 388
352 388 353
356 360 389
390 391 392
390 392 393
390 393 394
390 394 395
392 391 396
396 360 361
382 367 394
379 378 397
379 397 398
378 383 399
378 399 397
383 382 400
383 400 399
400 382 394
400 394 393
354 358 401
354 401 402
351 354 402
351 402 340
358 387 403
358 403 401
387 386 404
387 404 405
386 373 371
386 371 404
403 387 405
403 405 406
407 408 409
410 268 267
410 267 409
407 411 304
295 407 304
408 412 409
267 407 409
265 411 267
413 414 415
413 415 416
265 268 266
417 414 266
268 417 266
413 264 266
415 418 419
417 268 410
417 410 420
414 417 420
414 420 418
419 421 422
420 410 412
420 412 423
418 423 421
297 299 298
412 298 299
340 349 341
299 344 350
350 344 343
350 343 341
423 412 349
412 299 349
414 413 266
421 349 424
349 340 424
419 418 421
421 424 422
415 414 418
419 422 402
419 402 401
402 422 424
402 424 340
415 419 403
419 401 403
415 406 416
264 413 425
405 404 426
406 405 426
406 426 427
426 428 429
426 429 430
426 430 427
404 371 428
371 370 428
372 377 370
370 377 428
404 428 426
429 428 377
429 377 431
377 376 431
427 416 406
427 432 416
413 416 425
433 430 429
433 429 434
434 429 431
434 431 435
436 432 430
436 430 433
434 437 438
434 438 433
435 439 437
435 437 434
433 438 440
433 440 436
432 264 425
441 442 443
442 444 445
442 445 446
444 447 445
435 448 449
435 431 448
376 375 385
375 380 384
443 450 451
452 453 454
454 455 452
454 451 455
456 455 451
456 451 450
457 458 445
457 445 447
459 458 446
451 454 460
451 460 443
443 460 441
456 450 458
456 458 457
446 458 450
443 446 450
442 446 443
452 461 462
457 447 463
457 463 464
456 457 464
456 464 465
455 456 465
455 465 461
452 455 461
452 462 453
461 465 385
461 385 384
462 461 384
463 447 439
444 439 447
448 431 376
464 463 449
435 463 439
463 435 449
449 448 385
448 376 385
379 466 380
379 467 466
384 380 468
380 466 469
380 469 470
470 471 472
470 472 468
470 469 473
470 473 471
380 470 468
472 471 474
472 474 475
474 471 473
474 473 476
475 477 478
475 478 479
477 476 480
477 480 478
468 481 462
468 472 481
481 453 462
476 473 482
476 482 483
480 476 484
480 484 485
484 486 398
485 484 398
485 398 487
475 479 488
475 488 489
472 475 481
481 489 453
475 489 481
449 385 465
449 465 464
264 436 440
406 415 403
416 432 425
295 298 408
384 468 462
482 466 467
482 473 469
482 469 466
490 491 261
492 493 494
332 326 328
495 496 497
332 309 324
493 498 499
491 262 261
267 411 407
407 295 408
412 410 409
412 408 298
418 420 423
421 423 349
432 436 264
430 432 427
314 313 318
314 318 317
315 314 317
315 317 320
315 322 316
328 313 309
328 309 332
500 501 502
316 322 334
333 312 316
315 320 322
343 338 341
338 337 340
503 329 504
503 504 505
321 503 505
321 505 506
331 507 508
331 508 509
329 331 509
329 509 504
510 503 321
360 396 391
330 329 503
318 511 331
495 512 496
513 511 514
500 494 501
495 515 512
516 496 517
518 519 520
521 522 523
524 520 519
524 519 525
502 513 514
526 328 326
527 528 529
530 531 532
530 532 533
533 532 534
533 534 535
536 529 537
536 537 538
539 540 541
542 543 544
542 544 535
530 533 545
530 545 546
547 548 549
550 551 552
553 554 550
539 555 556
557 546 558
557 558 559
550 552 560
561 530 546
561 546 557
558 553 562
558 562 559
553 550 563
553 563 562
564 529 536
564 536 565
552 547 549
552 549 560
544 543 566
544 566 567
545 568 558
545 558 546
569 543 542
569 542 570
571 570 572
573 534 574
561 575 531
561 531 530
572 573 574
576 577 574
529 578 537
579 580 564
566 581 582
554 583 551
554 553 558
554 558 568
584 548 585
549 548 584
579 586 580
550 560 563
555 581 566
543 569 555
543 555 566
572 570 573
573 570 542
535 534 573
535 573 542
535 544 545
535 545 533
544 567 568
574 534 587
567 583 554
576 588 577
564 565 589
564 589 579
555 541 581
567 582 583
566 582 567
567 554 568
532 538 587
537 578 588
531 538 532
564 580 590
536 538 531
565 536 531
589 565 575
565 531 575
587 534 532
574 587 576
576 587 538
576 538 537
572 591 571
537 588 576
529 528 578
529 590 527
564 590 529
539 541 555
571 592 570
569 592 556
570 592 569
556 555 569
593 594 595
596 597 598
596 598 599
597 600 601
597 601 598
602 594 603
602 603 604
605 606 607
608 609 610
608 610 600
596 611 612
596 612 597
613 549 614
615 616 617
618 615 619
605 620 621
557 559 622
557 622 611
615 560 616
561 557 611
561 611 596
622 559 562
622 562 618
618 562 563
618 563 615
603 594 623
603 623 624
616 560 549
616 549 613
625 609 608
625 608 626
612 611 622
612 622 627
610 609 628
610 628 629
630 631 629
632 633 601
561 596 599
561 599 575
631 633 632
634 633 635
594 602 636
579 623 637
625 638 639
619 617 640
619 627 622
619 622 618
584 641 642
549 584 614
579 637 586
615 563 560
621 625 639
621 628 609
621 609 625
631 632 629
632 610 629
600 610 632
600 632 601
600 597 612
600 612 608
608 612 627
633 643 601
626 619 640
634 635 644
623 579 589
623 589 624
621 639 606
626 640 638
625 626 638
626 627 619
598 643 604
602 644 636
599 598 604
623 645 637
603 599 604
624 599 603
589 575 624
624 575 599
643 598 601
633 634 643
604 643 634
604 634 602
631 630 646
602 634 644
594 636 595
594 593 645
623 594 645
605 621 606
630 629 647
628 620 647
629 628 647
620 628 621
619 615 617
550 554 551
608 627 626
544 568 545
648 649 650
651 652 653
654 655 656
654 656 657
658 659 660
658 660 661
662 663 664
662 664 665
658 666 659
665 664 667
665 667 668
669 670 671
660 659 672
660 672 673
659 666 674
656 655 675
656 675 676
664 663 677
664 677 678
679 680 681
679 681 682
683 684 685
686 678 683
686 683 687
688 689 690
688 690 691
673 672 692
672 674 693
672 693 694
695 696 697
698 699 700
651 653 701
676 675 680
676 680 679
678 677 684
678 684 683
657 656 663
657 663 662
660 673 690
656 676 677
656 677 663
679 682 685
679 685 684
673 692 691
673 691 690
676 679 684
676 684 677
666 702 703
666 703 701
698 704 705
668 706 707
665 707 708
665 708 662
709 710 711
709 711 708
657 711 712
713 714 715
713 715 661
661 715 716
661 716 658
658 716 702
658 702 666
717 706 718
717 718 719
709 717 719
720 710 721
722 723 724
725 726 727
728 725 729
728 729 730
731 728 732
733 731 734
651 735 736
698 737 699
738 739 740
741 742 743
743 742 744
745 746 747
725 727 729
748 749 750
689 751 752
751 650 753
751 689 754
680 675 755
680 755 756
675 655 757
675 757 755
655 654 758
689 688 759
689 759 760
681 680 756
681 756 761
653 674 666
701 653 666
701 703 651
736 735 733
736 733 762
653 652 674
674 652 693
687 697 696
687 696 686
667 700 699
667 699 668
699 737 706
699 706 668
737 705 718
737 718 706
763 764 765
766 767 768
769 770 771
772 773 774
710 775 721
776 777 714
776 714 713
727 726 778
748 779 749
752 753 780
781 782 783
784 785 786
712 787 654
654 787 788
789 790 786
791 792 793
794 795 723
780 796 660
781 797 782
669 798 799
800 801 782
782 801 802
798 803 794
798 804 803
782 802 783
805 806 807
808 809 810
811 812 813
811 813 814
815 816 817
818 819 820
821 822 823
824 825 826
827 828 829
827 829 830
831 832 833
834 835 836
834 836 837
838 823 839
823 822 839
840 841 842
843 844 845
845 844 846
847 848 849
850 851 852
853 854 855
856 857 858
859 860 861
862 863 864
865 866 867
865 867 868
869 870 871
872 873 874
819 864 820
819 823 864
875 876 877
875 877 878
879 880 881
879 881 882
883 884 885
886 833 887
841 888 842
889 890 891
817 816 892
893 891 894
895 896 897
731 898 734
899 900 836
738 901 902
742 671 723
740 797 903
782 797 739
817 892 904
905 897 906
907 908 909
882 910 879
911 832 817
728 730 732
889 891 904
912 913 871
914 915 896
914 896 895
742 723 722
753 796 780
648 650 751
747 746 916
733 734 762
917 918 919
920 918 921
921 918 838
838 918 823
823 918 922
709 775 710
669 799 670
723 799 794
799 798 794
740 739 797
738 776 739
739 776 753
753 650 739
739 650 923
782 923 924
925 916 926
713 753 776
738 902 777
660 690 780
659 674 672
661 796 713
796 753 713
660 796 661
927 928 929
930 931 800
878 932 880
878 880 879
933 934 935
936 937 938
936 938 939
940 941 942
940 942 943
944 945 946
947 948 949
950 951 952
953 954 955
906 956 835
906 835 834
886 887 839
887 832 839
840 842 957
840 957 958
833 832 887
839 832 911
817 832 831
836 835 899
897 896 899
836 900 959
836 959 837
956 897 899
896 915 899
835 956 899
826 825 869
829 828 960
871 870 961
871 913 869
962 963 964
869 913 826
913 912 965
913 965 826
871 966 912
967 867 968
968 867 969
934 970 935
971 963 972
789 973 790
657 712 654
757 758 974
975 788 787
655 758 757
910 882 976
882 881 977
918 920 919
966 871 961
978 952 979
980 890 981
980 981 982
877 876 983
881 880 984
985 884 983
880 932 984
939 938 986
884 987 983
988 989 990
891 890 980
891 980 894
892 816 889
904 892 889
904 891 893
981 890 889
889 816 991
816 992 991
816 815 993
895 897 905
817 904 911
978 979 994
979 948 995
979 995 994
947 951 996
997 998 999
949 948 979
949 979 952
949 951 947
995 948 947
1000 1001 857
952 951 949
807 806 1002
806 1003 1004
1002 1005 807
805 807 1005
874 873 1006
1007 1008 723
723 1008 1009
1010 1011 1012
1013 1014 1015
786 785 789
786 790 1016
790 973 1016
654 788 758
788 975 974
788 974 758
784 786 1017
1018 1016 793
816 993 992
1019 1020 809
1021 1022 856
810 1023 1024
1023 809 1025
1026 1027 1028
809 1020 1025
1029 1023 1030
810 809 1023
1031 1032 1033
1019 809 808
1034 1020 1019
781 783 1035
783 802 1035
742 741 671
903 797 781
863 862 1036
862 918 1036
860 859 1037
851 850 819
855 1038 1039
1040 886 821
1041 850 852
821 850 1042
1040 1043 886
839 822 886
822 821 886
928 804 929
1044 801 1045
801 800 931
802 801 1044
801 931 1045
931 930 1045
804 928 803
928 927 803
671 670 723
670 799 723
682 681 688
682 688 691
694 685 692
685 682 691
685 691 692
759 688 681
759 681 761
1046 697 652
697 687 693
697 693 652
687 683 694
687 694 693
683 685 694
692 672 694
906 897 956
703 702 733
703 733 735
715 714 725
715 725 728
716 715 728
716 728 731
702 716 731
702 731 733
714 777 726
714 726 725
777 1047 779
902 749 726
902 901 749
738 777 776
719 718 1048
718 705 704
718 704 1049
698 705 737
1050 719 1048
1048 718 1049
698 700 696
700 667 686
700 686 696
667 664 678
667 678 686
708 707 717
708 717 709
708 711 657
708 657 662
712 711 710
668 707 665
707 706 717
719 1050 709
1050 775 709
823 922 864
864 922 862
922 918 862
1036 918 917
819 850 821
1042 850 1051
821 823 819
856 1005 857
885 884 985
882 977 976
710 925 712
751 754 648
754 689 760
753 752 751
690 752 780
689 752 690
782 924 800
739 923 782
923 650 649
703 735 651
1052 1053 1054
1055 1056 1057
1058 1059 1060
1058 1060 1061
1062 1063 1064
1062 1064 1065
1066 1067 1068
1066 1068 1069
1062 1065 1070
1067 1071 1072
1067 1072 1068
1073 1074 1075
1064 1076 1077
1064 1077 1065
1065 1078 1070
1060 1079 1080
1060 1080 1061
1068 1081 1082
1068 1082 1069
1083 1084 1085
1083 1085 1086
1087 1088 1089
1090 1091 1087
1090 1087 1081
1092 1093 1094
1092 1094 1095
1076 1096 1077
1077 1097 1098
1077 1098 1078
1099 1100 1101
1102 1103 1104
1055 1105 1056
1079 1083 1086
1079 1086 1080
1081 1087 1089
1081 1089 1082
1059 1066 1069
1059 1069 1060
1064 1094 1076
1060 1069 1082
1060 1082 1079
1083 1089 1088
1083 1088 1084
1076 1094 1093
1076 1093 1096
1079 1082 1089
1079 1089 1083
1070 1105 1106
1070 1106 1107
1102 1108 1109
1071 1110 1111
1067 1066 1112
1067 1112 1110
1113 1112 1114
1113 1114 1115
1059 1116 1114
1117 1063 1118
1117 1118 1119
1063 1062 1120
1063 1120 1118
1062 1070 1107
1062 1107 1120
1121 1122 1123
1121 1123 1111
1113 1122 1121
1124 1125 1115
1126 1127 1128
1129 1130 1131
1132 1133 1134
1132 1134 1129
1135 1136 1132
1137 1138 1135
1055 1139 1140
1102 1104 1141
1142 1143 1144
1145 1146 1147
1146 1148 1147
1149 1150 1151
1129 1134 1130
1152 1153 1154
1095 1155 1156
1156 1157 1053
1156 1158 1095
1086 1159 1160
1086 1160 1080
1080 1160 1161
1080 1161 1061
1061 1162 1058
1095 1163 1164
1095 1164 1092
1085 1165 1159
1085 1159 1086
1056 1070 1078
1105 1070 1056
1105 1055 1106
1139 1166 1137
1139 1137 1140
1056 1078 1057
1078 1098 1057
1091 1090 1101
1091 1101 1100
1072 1071 1104
1072 1104 1103
1104 1071 1111
1104 1111 1141
1141 1111 1123
1141 1123 1108
1167 1168 1169
1170 1171 1172
1173 1174 1175
1176 1177 1178
1115 1125 1179
1180 1117 1119
1180 1119 1181
1130 1182 1131
1152 1154 1183
1155 1184 1157
1185 1186 1187
1188 1189 1190
1191 1058 1192
1058 1193 1192
1194 1189 1195
1196 1197 1198
1199 1128 1200
1184 1064 1201
1185 1187 1202
1073 1203 1204
1205 1187 1206
1187 1207 1206
1204 1199 1208
1204 1208 1209
1187 1186 1207
1210 1211 1212
1213 1214 1215
1216 1217 1218
1216 1218 1219
1220 1221 1222
1223 1224 1225
1226 1227 1228
1229 1230 1231
1232 1233 1234
1232 1234 1235
1236 1237 1238
1239 1240 1241
1239 1241 1242
1243 1244 1227
1227 1244 1228
1245 1246 1247
1248 1249 1250
1249 1251 1250
1252 1253 1254
1255 1256 1257
1258 1259 1260
1210 1261 1262
1263 1264 1265
1266 1267 1268
1269 1270 1271
1269 1271 1272
1273 1274 1275
1276 1277 1278
1225 1224 1267
1225 1267 1227
1279 1280 1281
1279 1281 1282
1283 1284 1285
1283 1285 1286
1287 1288 1289
1290 1291 1237
1247 1246 1292
1293 1294 1295
1296 1297 1298
1299 1300 1294
1301 1302 1303
1135 1138 1136
1304 1241 1305
1142 1306 1307
1147 1128 1074
1143 1308 1202
1187 1144 1202
1296 1309 1297
1310 1311 1302
1312 1313 1314
1284 1283 1315
1316 1296 1238
1132 1136 1133
1293 1309 1294
1317 1274 1318
1319 1301 1303
1319 1303 1320
1147 1126 1128
1157 1184 1201
1052 1156 1053
1150 1321 1151
1137 1166 1138
1322 1323 1324
1325 1326 1327
1326 1243 1327
1243 1227 1324
1227 1328 1324
1113 1115 1179
1073 1075 1203
1128 1199 1203
1203 1199 1204
1143 1202 1144
1142 1144 1180
1144 1157 1180
1157 1144 1053
1144 1329 1053
1187 1330 1329
1150 1331 1321
1117 1180 1157
1142 1181 1306
1064 1184 1094
1065 1077 1078
1063 1117 1201
1201 1117 1157
1064 1063 1201
1332 1333 1334
1335 1205 1336
1280 1283 1286
1280 1286 1337
1338 1339 1340
1341 1342 1343
1341 1343 1344
1345 1346 1347
1345 1347 1348
1349 1350 1351
1352 1353 1354
1355 1356 1261
1357 1358 1359
1311 1239 1242
1311 1242 1360
1290 1244 1291
1291 1244 1238
1245 1361 1246
1245 1362 1361
1237 1291 1238
1244 1316 1238
1296 1236 1238
1241 1304 1242
1302 1304 1303
1241 1240 1363
1241 1363 1305
1360 1304 1302
1303 1304 1320
1242 1304 1360
1230 1273 1231
1234 1364 1235
1274 1365 1275
1274 1273 1318
1366 1367 1230
1273 1230 1318
1318 1368 1317
1318 1230 1368
1274 1317 1369
1370 1371 1271
1271 1371 1372
1340 1339 1373
1374 1368 1230
1194 1195 1375
1059 1058 1116
1161 1376 1162
1377 1192 1193
1061 1161 1162
1315 1378 1284
1284 1379 1285
1327 1380 1325
1369 1365 1274
1381 1382 1356
1383 1384 1385
1383 1385 1295
1281 1386 1282
1285 1387 1286
1388 1386 1289
1286 1387 1337
1342 1389 1343
1289 1386 1390
1391 1392 1393
1294 1300 1383
1294 1383 1295
1297 1293 1222
1309 1293 1297
1309 1299 1294
1385 1293 1295
1293 1394 1222
1222 1394 1395
1222 1396 1220
1301 1310 1302
1296 1316 1309
1381 1397 1382
1382 1397 1398
1382 1398 1354
1352 1399 1261
1400 1401 1402
1353 1356 1382
1353 1382 1354
1353 1352 1261
1398 1352 1354
1403 1262 1404
1356 1353 1261
1211 1405 1212
1212 1405 1406
1407 1211 1408
1409 1408 1211
1277 1410 1278
1411 1128 1412
1128 1127 1412
1413 1414 1415
1416 1417 1418
1189 1194 1190
1189 1419 1195
1195 1419 1375
1058 1162 1193
1193 1162 1376
1193 1376 1377
1188 1420 1189
1189 1420 1419
1222 1395 1396
1421 1215 1422
1261 1210 1355
1214 1423 1424
1424 1425 1215
1426 1427 1428
1215 1425 1422
1429 1430 1431
1214 1424 1215
1423 1432 1433
1421 1213 1215
1434 1421 1422
1185 1435 1186
1186 1435 1207
1147 1074 1145
1308 1185 1202
1268 1436 1266
1266 1436 1324
1265 1437 1263
1257 1225 1255
1259 1438 1439
1440 1226 1290
1441 1256 1255
1442 1440 1255
1440 1290 1443
1244 1290 1228
1228 1290 1226
1334 1333 1209
1444 1445 1206
1206 1336 1205
1207 1444 1206
1206 1445 1336
1336 1445 1335
1209 1208 1334
1334 1208 1332
1074 1128 1075
1075 1128 1203
1084 1093 1092
1084 1092 1085
1097 1096 1088
1088 1096 1093
1088 1093 1084
1164 1165 1085
1164 1085 1092
1099 1057 1100
1100 1057 1098
1100 1098 1091
1091 1098 1097
1091 1097 1087
1087 1097 1088
1096 1097 1077
1311 1360 1302
1106 1140 1137
1106 1137 1107
1118 1132 1129
1118 1129 1119
1120 1135 1132
1120 1132 1118
1107 1137 1135
1107 1135 1120
1119 1129 1131
1119 1131 1181
1181 1131 1306
1306 1131 1446
1306 1446 1307
1142 1180 1181
1122 1447 1123
1123 1448 1109
1123 1109 1108
1102 1141 1108
1449 1447 1122
1447 1448 1123
1102 1101 1103
1103 1101 1090
1103 1090 1072
1072 1090 1081
1072 1081 1068
1112 1113 1121
1112 1121 1110
1112 1066 1059
1112 1059 1114
1116 1115 1114
1071 1067 1110
1110 1121 1111
1122 1113 1449
1449 1113 1179
1227 1267 1328
1267 1266 1328
1328 1266 1324
1436 1322 1324
1225 1226 1255
1440 1441 1255
1226 1225 1227
1409 1262 1408
1288 1388 1289
1284 1378 1379
1115 1116 1450
1156 1052 1158
1158 1163 1095
1157 1156 1155
1094 1184 1155
1095 1094 1155
1187 1205 1330
1144 1187 1329
1329 1054 1053
1106 1055 1140
1451 1452 1453
1451 1453 1454
1455 1456 1457
1455 1457 1458
1459 1460 1461
1459 1461 1462
1462 1461 1456
1462 1456 1455
1463 1464 1460
1463 1460 1459
1458 1457 1452
1458 1452 1451
1465 1466 1467
1465 1467 1468
1469 1466 1465
1470 1471 1472
1473 1474 1475
1473 1475 1476
1477 1478 1479
1477 1479 1480
1481 1482 1483
1481 1483 1484
1485 1486 1487
1485 1487 1488
1476 1475 1482
1476 1482 1481
1488 1487 1478
1488 1478 1477
1484 1483 1489
1484 1489 1490
1491 1492 1486
1491 1486 1485
1468 1467 1474
1468 1474 1473
1480 1479 1471
1480 1471 1470
1493 1494 1495
1493 1495 1496
1494 1497 1498
1494 1498 1495
1497 1499 1500
1497 1500 1498
1499 1501 1502
1499 1502 1500
1501 1503 1504
1501 1504 1502
1493 1496 1505
1493 1505 1506
1507 1508 1509
1507 1509 1510
1511 1512 1513
1511 1513 1514
1515 1516 1517
1515 1517 1518
1516 1511 1514
1516 1514 1517
1519 1515 1518
1519 1518 1520
1512 1507 1510
1512 1510 1513
1521 1522 1523
1521 1523 1524
1525 1521 1524
1526 1527 1528
1529 1530 1531
1529 1531 1532
1533 1534 1535
1533 1535 1536
1537 1538 1539
1537 1539 1540
1541 1542 1543
1541 1543 1544
1530 1537 1540
1530 1540 1531
1542 1533 1536
1542 1536 1543
1538 1545 1546
1538 1546 1539
1547 1541 1544
1547 1544 1548
1522 1529 1532
1522 1532 1523
1534 1526 1528
1534 1528 1535
1549 1550 1551
1549 1551 1552
1553 1554 1550
1553 1550 1549
1555 1556 1554
1555 1554 1553
1557 1558 1556
1557 1556 1555
1559 1560 1558
1559 1558 1557
1561 1552 1551
1561 1551 1562
1563 1564 1565
1563 1565 1566
1567 1568 1569
1564 1563 1570
1571 1572 1573
1574 1575 1576
1574 1576 1577
1578 1574 1577
1578 1577 1579
1580 1581 1582
1580 1582 1583
1584 1585 1581
1584 1581 1580
1586 1580 1583
1586 1583 1587
1586 1588 1584
1586 1584 1580
1589 1590 1591
1589 1591 1592
1589 1593 1594
1589 1594 1590
1595 1596 1597
1595 1597 1598
1598 1597 1599
1598 1599 1600
1600 1599 1601
1600 1601 1602
1603 1604 1605
1569 1568 1606
1569 1606 1607
1608 1609 1610
1608 1610 1611
1609 1612 1613
1609 1613 1610
1614 1615 1616
1614 1616 1617
1618 1619 1620
1572 1621 1573
1622 1623 1624
1625 1626 1627
1625 1627 1628
1629 1625 1628
1629 1628 1630
1631 1632 1633
1631 1633 1634
1635 1636 1637
1635 1637 1638
1606 1568 1566
1606 1566 1639
1599 1597 1640
1599 1640 1641
1601 1599 1641
1601 1641 1642
1643 1632 1631
1643 1631 1644
1633 1632 1645
1633 1645 1646
1647 1576 1648
1647 1648 1649
1582 1581 1650
1582 1650 1651
1650 1581 1585
1650 1585 1652
1653 1654 1655
1653 1655 1656
1657 1658 1659
1660 1612 1661
1660 1661 1662
1623 1622 1663
1623 1663 1664
1647 1649 1665
1577 1576 1647
1577 1647 1666
1579 1577 1666
1579 1666 1667
1648 1576 1575
1648 1575 1668
1664 1663 1669
1664 1669 1670
1665 1666 1647
1666 1665 1667
1671 1640 1597
1671 1597 1596
1584 1588 1672
1584 1672 1673
1674 1675 1564
1676 1677 1678
1676 1678 1679
1565 1629 1630
1565 1630 1680
1681 1682 1683
1681 1683 1684
1590 1594 1685
1590 1685 1686
1673 1591 1682
1673 1682 1681
1687 1569 1572
1687 1572 1571
1604 1603 1618
1604 1618 1620
1569 1607 1572
1653 1656 1659
1653 1659 1658
1688 1689 1690
1688 1690 1691
1670 1692 1693
1670 1693 1664
1694 1695 1696
1694 1696 1697
1698 1699 1695
1698 1695 1694
1700 1701 1702
1700 1702 1703
1623 1704 1624
1703 1702 1705
1703 1705 1706
1707 1708 1709
1707 1709 1710
1711 1707 1710
1711 1710 1712
1664 1693 1704
1664 1704 1623
1713 1714 1715
1713 1715 1716
1717 1718 1719
1717 1719 1716
1720 1721 1722
1720 1722 1723
1724 1725 1726
1724 1726 1727
1725 1728 1715
1725 1715 1726
1729 1730 1731
1729 1731 1732
1733 1734 1735
1736 1729 1732
1736 1732 1737
1738 1739 1740
1738 1740 1741
1742 1738 1741
1742 1741 1743
1734 1720 1723
1734 1723 1735
1742 1744 1712
1745 1744 1743
1746 1747 1748
1749 1750 1747
1749 1747 1746
1751 1752 1750
1751 1750 1749
1753 1754 1755
1753 1755 1756
1754 1757 1758
1754 1758 1755
1759 1760 1761
1762 1763 1764
1762 1764 1765
1763 1674 1678
1763 1678 1764
1747 1750 1766
1747 1766 1767
1750 1752 1768
1750 1768 1766
1768 1752 1756
1768 1756 1769
1748 1747 1767
1770 1771 1772
1770 1772 1773
1771 1774 1757
1771 1757 1772
1775 1776 1777
1675 1778 1625
1675 1625 1629
1778 1779 1626
1778 1626 1625
1780 1781 1782
1780 1782 1783
1733 1784 1785
1784 1780 1783
1784 1783 1785
1643 1786 1645
1643 1645 1632
1787 1788 1789
1790 1791 1792
1793 1794 1795
1791 1796 1792
1788 1797 1789
1594 1593 1798
1594 1798 1799
1613 1612 1660
1613 1660 1800
1617 1616 1801
1617 1801 1802
1803 1661 1804
1803 1804 1805
1685 1594 1799
1685 1799 1806
1806 1799 1788
1806 1788 1787
1800 1660 1791
1800 1791 1790
1802 1801 1794
1802 1794 1793
1660 1662 1796
1660 1796 1791
1799 1798 1797
1799 1797 1788
1575 1574 1641
1575 1641 1640
1574 1578 1642
1574 1642 1641
1668 1575 1640
1668 1640 1671
1721 1782 1705
1721 1705 1736
1670 1669 1646
1670 1646 1645
1807 1722 1737
1807 1737 1808
1692 1670 1645
1692 1645 1786
1691 1690 1718
1691 1718 1717
1696 1695 1725
1696 1725 1724
1695 1699 1728
1695 1728 1725
1702 1701 1730
1702 1730 1729
1705 1702 1729
1705 1729 1736
1710 1709 1739
1710 1739 1738
1712 1710 1738
1712 1738 1742
1716 1719 1809
1716 1809 1713
1723 1722 1807
1723 1807 1810
1727 1726 1811
1727 1811 1812
1726 1715 1813
1726 1813 1811
1732 1731 1814
1732 1814 1815
1733 1735 1816
1737 1732 1815
1737 1815 1808
1741 1740 1817
1741 1817 1818
1743 1741 1818
1743 1818 1745
1735 1723 1810
1735 1810 1816
1783 1782 1721
1783 1721 1720
1733 1785 1734
1785 1783 1720
1785 1720 1734
1705 1782 1781
1705 1781 1706
1737 1722 1721
1737 1721 1736
1712 1744 1711
1743 1744 1742
1679 1570 1608
1679 1608 1676
1662 1661 1803
1662 1803 1819
1804 1661 1612
1804 1612 1609
1764 1678 1677
1764 1677 1820
1792 1796 1821
1821 1796 1662
1821 1662 1819
1822 1823 1759
1822 1759 1761
1824 1637 1636
1824 1636 1825
1638 1826 1635
1823 1827 1828
1823 1828 1759
1827 1824 1825
1827 1825 1828
1820 1829 1765
1820 1765 1764
1830 1831 1829
1830 1829 1820
1832 1833 1634
1832 1634 1633
1834 1835 1823
1834 1823 1822
1836 1826 1638
1669 1663 1837
1669 1837 1838
1628 1627 1839
1628 1839 1840
1633 1646 1841
1633 1841 1832
1622 1624 1842
1843 1836 1638
1843 1638 1637
1663 1622 1842
1663 1842 1837
1838 1841 1646
1838 1646 1669
1844 1843 1637
1844 1637 1824
1835 1845 1827
1835 1827 1823
1845 1844 1824
1845 1824 1827
1595 1598 1582
1595 1582 1651
1598 1600 1583
1598 1583 1582
1600 1602 1587
1600 1587 1583
1626 1779 1644
1626 1644 1631
1761 1760 1762
1761 1762 1765
1631 1634 1627
1631 1627 1626
1765 1829 1822
1765 1822 1761
1814 1731 1727
1814 1727 1812
1730 1701 1696
1730 1696 1724
1770 1773 1777
1770 1777 1776
1731 1730 1724
1731 1724 1727
1701 1700 1697
1701 1697 1696
1634 1833 1839
1634 1839 1627
1834 1822 1829
1834 1829 1831
1820 1677 1846
1820 1846 1830
1567 1569 1687
1567 1563 1566
1567 1566 1568
1570 1563 1804
1592 1591 1673
1592 1673 1672
1676 1608 1611
1676 1611 1847
1848 1639 1680
1848 1680 1849
1654 1683 1682
1654 1682 1686
1686 1682 1591
1686 1591 1590
1740 1690 1689
1740 1689 1817
1709 1719 1718
1709 1718 1739
1751 1753 1756
1751 1756 1752
1769 1756 1755
1769 1755 1850
1739 1718 1690
1739 1690 1740
1708 1809 1719
1708 1719 1709
1609 1608 1570
1609 1570 1804
1585 1681 1684
1585 1684 1652
1676 1847 1846
1676 1846 1677
1673 1681 1585
1673 1585 1584
1699 1691 1717
1699 1717 1728
1850 1755 1758
1850 1758 1851
1728 1717 1716
1728 1716 1715
1698 1688 1691
1698 1691 1699
1564 1679 1674
1852 1607 1606
1852 1606 1853
1853 1606 1639
1853 1639 1848
1680 1630 1854
1680 1854 1849
1572 1607 1621
1565 1680 1639
1565 1639 1566
1854 1630 1628
1854 1628 1840
1605 1604 1855
1621 1607 1852
1565 1675 1629
1564 1675 1565
1674 1679 1678
1564 1570 1679
1804 1563 1567
1856 1857 1858
1856 1858 1859
1860 1861 1859
1860 1859 1858
1862 1863 1864
1865 1866 1867
1865 1867 1868
1869 1870 1868
1869 1868 1867
1870 1869 1871
1872 1873 1874
1873 1875 1876
1873 1876 1877
1878 1879 1880
1878 1880 1881
1881 1880 1882
1881 1882 1883
1884 1885 1879
1884 1879 1878
1886 1887 1888
1886 1888 1889
1883 1882 1890
1883 1890 1891
1892 1893 1894
1895 1896 1893
1895 1893 1892
1897 1898 1899
1897 1899 1900
1901 1902 1903
1901 1903 1904
1905 1906 1898
1905 1898 1897
1907 1908 1909
1910 1911 1903
1910 1903 1902
1912 1913 1914
1912 1914 1915
1916 1917 1918
1919 1920 1921
1922 1923 1924
1922 1924 1925
1926 1927 1928
1926 1928 1929
1930 1931 1932
1930 1932 1933
1934 1935 1936
1934 1936 1937
1934 1937 1938
1934 1938 1939
1940 1941 1942
1943 1944 1945
1943 1945 1946
1947 1948 1949
1947 1949 1950
1951 1952 1953
1951 1953 1954
1954 1953 1948
1954 1948 1947
1955 1956 1957
1955 1957 1958
1959 1960 1961
1959 1961 1962
1962 1961 1952
1962 1952 1951
1955 1909 1963
1955 1963 1956
1964 1965 1966
1964 1966 1967
1968 1969 1970
1968 1970 1971
1972 1973 1967
1972 1967 1966
1974 1975 1939
1974 1939 1976
1977 1978 1974
1977 1974 1976
1979 1978 1977
1979 1977 1980
1981 1982 1979
1981 1979 1980
1965 1964 1983
1965 1983 1979
1984 1985 1935
1984 1935 1934
1939 1975 1984
1939 1984 1934
1986 1987 1988
1986 1988 1989
1987 1990 1991
1987 1991 1988
1970 1982 1981
1970 1981 1971
1992 1993 1994
1993 1995 1996
1993 1996 1997
1998 1999 2000
1998 2000 2001
2002 2003 2004
2002 2004 2005
2006 2007 2008
2006 2008 2009
1914 1913 1960
1914 1960 1957
1914 2010 2011
1914 2011 1915
2010 2002 2005
2010 2005 2011
1905 1913 1912
1905 1912 1906
2012 1866 2013
2012 2013 2014
1926 2015 1927
2016 2017 2018
2016 2018 2019
1857 1856 2020
1857 2020 2021
2001 2004 2003
2001 2003 1998
2022 2023 2024
2022 2024 2025
2023 2026 2027
2028 2029 2030
2028 2030 2031
2032 2033 2034
2032 2034 2035
2032 2036 2037
2032 2037 2033
2038 2039 2040
2041 2042 2043
2041 2043 2044
2045 2046 2047
2045 2047 2048
2048 2047 2049
2048 2049 2050
2050 2049 2051
2050 2051 2052
2053 2054 2055
2053 2055 2056
2035 2057 2058
2035 2058 2044
2034 2059 2057
2034 2057 2035
2030 2060 2061
2030 2061 2031
2060 2062 2063
2060 2063 2061
2064 2065 2066
2064 2066 2067
2068 2069 2070
2068 2070 2071
2072 2073 2074
2072 2074 2075
2068 2076 2077
2068 2077 2069
2072 2078 2079
2072 2079 2073
2077 2076 2080
2077 2080 2081
2079 2078 2082
2079 2082 2083
2084 2085 2086
2084 2086 2087
2088 2089 2090
2088 2090 2091
2092 2093 2094
2092 2094 2095
2092 2096 2097
2092 2097 2093
2098 2099 2100
2101 2099 2094
2101 2094 2102
2103 2104 2105
2106 2104 2107
2106 2107 2108
2109 2110 2111
2111 2112 2113
2111 2113 2114
2115 2116 2117
2115 2117 2118
2119 2120 2116
2119 2116 2115
2121 2117 2122
2123 2124 2125
2126 2127 1923
2126 1923 1922
1933 2128 2129
2130 2131 2132
2130 2132 2133
2134 2135 2136
2137 2138 2139
2137 2139 2140
2141 2142 2143
2141 2143 2144
2145 2146 2147
2145 2147 2148
2148 2147 2149
2148 2149 2150
2151 2152 2146
2151 2146 2145
2153 2154 2155
2153 2155 2156
2150 2149 2157
2150 2157 2158
2159 2160 2161
2159 2161 2162
2163 2161 2160
2163 2160 2164
2162 2135 2134
2162 2134 2159
2165 2166 2167
2165 2167 2168
2164 2169 2170
2164 2170 2163
2171 2172 2173
2171 2173 2174
2175 2176 2177
2175 2177 2178
2177 2179 2180
2177 2180 2178
2181 2182 2172
2181 2172 2171
2183 2184 2185
2183 2185 2186
2187 2176 2175
2187 2175 2188
2189 2190 2174
2189 2174 2173
2187 2188 2191
2187 2191 2192
2183 2186 2193
2183 2193 2194
2195 2196 2197
2195 2197 2198
2133 2142 2141
2133 2141 2130
2199 2132 2131
2199 2131 2134
2200 2201 2202
2201 2203 2204
2201 2204 2202
2205 2206 2207
2205 2207 2208
2209 2210 2211
2209 2211 2212
2213 2214 2215
2213 2215 2216
2217 2218 2219
2217 2219 2220
2221 2222 2220
2221 2220 2219
2223 2224 2225
2224 2226 2227
2224 2227 2228
2211 2229 2230
2211 2230 2212
2207 2231 2232
2207 2232 2208
2215 2206 2205
2233 2234 2235
2234 2236 2237
2234 2237 2238
2239 2240 2241
2239 2241 2242
2243 2244 2245
2243 2245 2246
2247 2248 2249
2247 2249 2250
2246 2245 2251
2246 2251 2252
2253 2254 2248
2253 2248 2247
2252 2251 2255
2252 2255 2256
2239 2242 2257
2239 2257 2258
2259 2260 2261
2259 2261 2262
2263 2264 2265
2263 2265 2266
2267 2268 2269
2267 2269 2270
2263 2266 2271
2263 2271 2272
2270 2269 2273
2270 2273 2274
2272 2271 2275
2272 2275 2276
2274 2273 2277
2274 2277 2278
2279 2280 2281
2279 2281 2282
2283 2284 2285
2283 2285 2286
2215 2205 2216
2216 2205 2217
2287 2288 2289
2057 2287 2289
2057 2289 2058
2290 2291 2292
2290 2292 2293
2294 2295 2290
2296 2297 2298
2296 2298 2299
2300 2301 2302
2300 2302 2303
2304 2305 2306
2304 2306 2307
2308 2309 2310
2308 2310 2307
2311 2312 2313
2311 2313 2314
2315 2316 2317
2318 2319 2320
2318 2320 2321
2322 2323 2324
2322 2324 2325
2326 2327 2310
2326 2310 2328
2329 2330 2313
2329 2313 2328
2331 2332 2333
2331 2333 2334
2335 2336 2332
2335 2332 2331
2337 2338 2339
2337 2339 2340
2341 2342 2343
2341 2343 2344
2345 2346 2347
2345 2347 2348
2349 2350 2351
2349 2351 2352
2353 2354 2355
2353 2355 2356
2357 2358 2359
2357 2359 2360
2361 2362 2363
2361 2363 2364
2365 2366 2367
2365 2367 2368
2369 2370 2366
2369 2366 2365
2337 2371 2372
2337 2372 2338
2373 2374 2371
2373 2371 2337
2342 2341 2001
2342 2001 2000
2354 2375 2341
2345 2376 2377
2345 2377 2346
2350 2378 2376
2350 2376 2345
2349 2379 2378
2349 2378 2350
2338 2372 2379
2338 2379 2349
2353 2380 2375
2353 2375 2354
2346 2377 2380
2346 2380 2353
2381 2009 2008
2381 2008 2382
2297 2296 2340
2297 2340 2339
2296 2383 2384
2296 2384 2340
2359 2305 2343
2359 2343 2360
2304 2327 2355
2304 2355 2344
2312 2311 2348
2312 2348 2347
2311 2319 2351
2311 2351 2348
2319 2318 2352
2319 2352 2351
2318 2297 2339
2318 2339 2352
2327 2326 2356
2327 2356 2355
2326 2312 2347
2326 2347 2356
2385 2386 2387
2385 2387 2299
2386 2388 2389
2386 2389 2387
2390 2391 2392
2303 2324 2323
2303 2323 2300
2299 2298 2393
2299 2393 2385
2321 2320 2394
2321 2394 2325
2299 2387 2395
2299 2395 2296
2307 2310 2327
2307 2327 2304
2314 2320 2311
2321 2298 2297
2321 2297 2318
2328 2313 2312
2328 2312 2326
2387 2389 2396
2387 2396 2395
2397 2398 2399
2363 2362 2359
2363 2359 2358
2292 2291 2365
2292 2365 2368
2291 2295 2365
2340 2384 2373
2340 2373 2337
2344 2355 2354
2344 2354 2341
2348 2351 2350
2348 2350 2345
2352 2339 2338
2352 2338 2349
2356 2347 2346
2356 2346 2353
2357 2360 2381
2357 2381 2382
2400 2017 2016
2400 2016 2401
2402 2403 2404
2402 2404 2405
2406 2407 2408
2406 2408 2409
2410 2411 2412
2410 2412 2413
2414 2415 2416
2414 2416 2417
2418 2419 2420
2418 2420 2421
2422 2423 2424
2422 2424 2425
2426 2427 2428
2429 2316 2430
2429 2430 2431
2432 2433 2434
2432 2434 2435
2436 2437 2438
2436 2438 2439
2440 2441 2407
2440 2407 2439
2442 2443 2444
2442 2444 2445
2446 2447 2448
2446 2448 2445
2449 2450 2448
2449 2448 2451
2452 2453 2438
2452 2438 2451
2454 2421 2420
2454 2420 2455
2456 2457 2444
2456 2444 2455
2458 2459 2460
2461 2462 2463
2461 2463 2464
2465 2466 2424
2465 2424 2423
2467 2468 2469
2467 2469 2470
2471 2472 2473
2471 2473 2474
2475 2476 2477
2478 2479 2480
2478 2480 2481
2481 2480 2472
2481 2472 2471
2482 2483 2484
2482 2484 2485
2485 2484 2486
2485 2486 2487
2487 2486 2488
2487 2488 2489
2489 2488 2479
2489 2479 2478
2490 2491 2483
2490 2483 2482
2492 2493 2494
2492 2494 2495
2496 2497 2498
2496 2498 2415
2414 2433 2499
2414 2499 2500
2415 2414 2500
2415 2500 2496
2418 2501 2502
2418 2502 2422
2503 2501 2418
2503 2418 2421
2426 2504 2443
2426 2443 2442
2427 2426 2442
2432 2427 2450
2432 2450 2449
2433 2432 2449
2433 2449 2499
2505 2503 2421
2505 2421 2454
2504 2505 2454
2504 2454 2443
2506 2507 2465
2506 2465 2423
2508 2509 2434
2508 2434 2417
2413 2462 2461
2413 2461 2410
2501 2308 2510
2501 2510 2502
2315 2330 2504
2315 2504 2426
2431 2430 2428
2431 2428 2435
2431 2412 2411
2431 2411 2429
2329 2309 2503
2329 2503 2505
2511 2512 2513
2511 2513 2514
2512 2515 2516
2512 2516 2513
2361 2364 2507
2361 2507 2506
2517 2518 2519
2517 2519 2520
2518 2521 2522
2518 2522 2519
2523 2524 2525
2523 2525 2526
2527 2523 2526
2527 2526 2528
2529 2401 2016
2529 2016 2530
2531 2529 2530
2531 2530 2532
2533 2531 2532
2533 2532 2534
2524 2533 2534
2524 2534 2525
2404 2403 2535
2404 2535 2536
2403 2408 2537
2403 2537 2535
2420 2419 2538
2419 2425 2539
2439 2438 2453
2439 2453 2440
2439 2407 2406
2439 2406 2436
2445 2444 2457
2445 2457 2446
2445 2448 2450
2445 2450 2442
2451 2448 2447
2451 2447 2452
2451 2438 2499
2451 2499 2449
2455 2420 2538
2455 2538 2456
2455 2444 2443
2455 2443 2454
2424 2466 2540
2541 2542 2017
2541 2017 2400
1893 2543 2544
1896 2545 2543
1896 2543 1893
1898 2546 2547
1898 2547 1899
2011 2377 2376
2011 2376 1915
1915 2376 2378
1915 2378 1912
1912 2378 2548
1912 2548 1906
1906 2548 2546
1906 2546 1898
2004 2375 2380
2004 2380 2005
2005 2380 2377
2005 2377 2011
2549 2550 2551
2549 2551 2552
2553 2554 2555
2553 2555 2556
2557 2558 2559
2557 2559 2560
2560 2559 2554
2560 2554 2553
2410 2561 2562
2410 2562 2411
2461 2563 2561
2461 2561 2410
2429 2322 2317
2429 2317 2316
2411 2323 2322
2411 2322 2429
2564 2565 2566
2458 2566 2567
2458 2567 2464
2568 1904 1999
2568 1999 1998
1963 1908 2003
1963 2003 2002
1903 1911 2007
1903 2007 2006
1945 1944 2549
1945 2549 2552
1944 1949 2556
1944 2556 2549
1953 1952 2557
1953 2557 2560
1948 1953 2560
1948 2560 2553
1957 1956 2010
1957 2010 1914
1961 1960 1913
1961 1913 1905
1952 1961 2569
1952 2569 2557
1956 1963 2002
1956 2002 2010
1957 1960 1959
1957 1959 1958
1980 2570 2571
1980 2571 1981
1977 1933 2570
1977 2570 1980
1971 2572 2573
1971 2573 1968
1976 1930 1933
1976 1933 1977
1981 2571 2572
1981 2572 1971
1968 2573 2574
1968 2574 1996
1997 2575 2576
1858 2577 2578
1858 2578 1860
1857 2579 2577
1857 2577 1858
1860 2578 2580
1860 2580 1876
1877 2581 2582
2021 1983 2579
2021 2579 1857
2583 2584 2585
2583 2585 2586
2586 2585 2587
2586 2587 2588
2016 2019 2589
2589 2590 2591
2589 2591 2592
2592 2591 2593
2592 2593 2594
2594 2593 2584
2594 2584 2583
2595 2596 2597
2595 2597 2598
2588 2587 2599
2588 2599 2600
2586 2601 2602
2586 2602 2583
2603 2604 2605
2603 2605 2606
2588 2607 2601
2588 2601 2586
2606 2605 2608
2606 2608 2609
2594 2610 2611
2594 2611 2592
1870 1871 2612
2583 2602 2613
2583 2613 2594
2612 1871 2604
2612 2604 2603
2614 2615 2616
2614 2616 2617
2597 2618 2619
2597 2619 2598
2617 2616 2620
2617 2620 2600
2609 2608 2621
2609 2621 2622
2417 2416 2623
2417 2623 2508
2417 2434 2433
2417 2433 2414
2514 2513 2495
2514 2495 2494
2513 2516 2498
2513 2498 2495
2624 2625 1900
2624 1900 1899
1899 2547 2626
1899 2626 2624
1985 1984 2627
1984 1975 2012
1984 2012 2014
1975 1974 2628
1975 2628 2012
1974 1978 2629
1974 2629 2628
1978 1979 1983
2475 2491 2490
2358 2630 2631
2358 2631 2363
2501 2503 2309
2501 2309 2308
2426 2428 2430
2505 2504 2330
2505 2330 2329
2435 2428 2427
2435 2427 2432
2435 2434 2412
2435 2412 2431
2314 2394 2320
2307 2306 2510
2307 2510 2308
2314 2313 2330
2314 2330 2315
2325 2394 2317
2325 2317 2322
2328 2310 2309
2328 2309 2329
2325 2324 2298
2325 2298 2321
2632 2633 2634
2632 2634 2635
2636 2637 2638
2636 2638 2639
2640 2641 2633
2640 2633 2632
2642 2643 2644
2642 2644 2645
2646 2647 2648
2646 2648 2649
2650 2651 2647
2650 2647 2646
2652 2653 2654
2652 2654 2655
2024 2027 2656
2654 2653 2657
2023 2027 2024
2365 2295 2369
2290 2295 2291
2658 2659 2660
2658 2660 2661
2662 2663 2664
2662 2664 2665
2666 2667 2668
2666 2668 2669
2670 2671 2672
2392 2398 2397
2670 2038 2040
2670 2040 2671
2660 2659 2667
2660 2667 2666
2390 2392 2397
2399 2398 2673
2674 2627 2013
2675 2676 2677
2678 2676 2679
2678 2679 2680
2681 2682 2683
2681 2683 2684
2685 2686 2687
2685 2687 2688
2683 2682 2686
2683 2686 2685
2689 2228 2690
2225 2224 2228
2225 2228 2689
2691 2692 2693
2691 2693 2694
2695 2696 2692
2695 2692 2691
2697 2698 2699
2697 2699 2700
2700 2699 2701
2700 2701 2702
2703 2704 2705
2703 2705 2706
2707 2708 2709
2707 2709 2710
2238 2711 2712
2460 2564 2458
2235 2234 2238
2235 2238 2712
2705 2704 2708
2705 2708 2707
2564 2566 2458
2460 2459 2713
2677 2678 2714
2677 2676 2678
2715 2716 2717
2715 2717 2718
2718 2717 2719
2718 2719 2720
2721 2722 2723
2721 2723 2724
2724 2723 2725
2726 2727 2722
2726 2722 2721
2728 2729 2730
2728 2730 2731
2732 2733 2729
2732 2729 2728
2734 2735 2736
2734 2736 2737
2738 2739 2740
2738 2740 2741
2741 2740 2735
2741 2735 2734
2737 2736 2742
2737 2742 2743
2744 2745 2746
2744 2746 2747
2748 2749 2750
2748 2750 2751
1894 1893 2544
2110 2752 2112
2746 2745 2749
2746 2749 2748
2111 2110 2112
2112 2752 2753
1892 1894 2754
2544 2543 2755
2756 2757 2758
2756 2758 2759
2760 2761 2762
2760 2762 2763
2764 2765 2761
2764 2761 2760
2766 2767 2765
2766 2765 2764
2768 2769 2767
2768 2767 2766
2367 2366 2770
2367 2770 2771
2372 2371 2772
2372 2772 2773
2371 2374 2774
2371 2774 2772
2378 2379 2775
2378 2775 2776
2379 2372 2773
2379 2773 2775
2366 2370 2777
2366 2777 2770
2657 2653 2778
2654 2657 2779
2780 2781 2782
2780 2782 2783
2784 2785 2786
2784 2786 2787
2788 2789 2790
2791 2792 2793
2791 2793 2794
2787 2786 2792
2787 2792 2791
2794 2793 2795
2794 2795 2796
2797 2798 2799
2797 2799 2800
2801 2802 2803
2801 2803 2804
2805 2806 2807
2805 2807 2808
2809 2810 2806
2809 2806 2805
2811 2812 2810
2811 2810 2809
2813 2814 2812
2813 2812 2811
2813 2815 2814
2816 2817 2818
2816 2818 2819
2820 2821 2822
2820 2822 2823
2135 2814 2136
2820 2823 2818
2820 2818 2817
2162 2161 2810
2162 2810 2812
2161 2163 2806
2161 2806 2810
2135 2162 2812
2135 2812 2814
2168 2167 2803
2168 2803 2802
2163 2170 2807
2163 2807 2806
1994 1997 2576
2576 2575 2824
1994 1993 1997
1921 1920 2124
1924 2129 2128
2782 2781 2825
2782 2825 2826
2826 2825 2827
2826 2827 2828
2829 2830 2831
2832 2833 2834
2832 2834 2835
1929 1928 2836
1929 2836 2837
1937 1936 2838
1937 2838 2839
1938 1937 2839
1938 2839 2840
2841 2842 2843
2844 2845 2843
1930 1938 2840
1930 2840 1931
1950 1949 1944
1950 1944 1943
1950 2123 2126
1950 2126 1947
2123 2125 2127
2123 2127 2126
2556 2555 2550
2556 2550 2549
2556 1949 1948
2556 1948 2553
2763 2762 2757
2763 2757 2756
1896 1895 2625
1896 2625 2624
2114 2113 2120
2114 2120 2119
2624 2626 2545
2624 2545 1896
2720 2719 2727
2720 2727 2726
2743 2742 2733
2743 2733 2732
2022 2025 2042
2022 2042 2041
2293 2292 2384
2293 2384 2383
2368 2367 2374
2368 2374 2373
2292 2368 2373
2292 2373 2384
2639 2638 2641
2639 2641 2640
2367 2771 2774
2367 2774 2374
2204 2203 2222
2204 2222 2221
2227 2226 2232
2227 2232 2231
2256 2255 2260
2256 2260 2259
2258 2257 2254
2258 2254 2253
2278 2277 2284
2278 2284 2283
2409 2408 2403
2409 2403 2402
2474 2473 2468
2474 2468 2467
2498 2497 2492
2498 2492 2495
2516 2515 2623
2516 2623 2416
2522 2521 2527
2522 2527 2528
2537 2408 2407
2537 2407 2441
2498 2516 2416
2498 2416 2415
2037 2036 2038
2037 2038 2670
2052 2051 2054
2052 2054 2053
2063 2062 2064
2063 2064 2067
2081 2080 2085
2081 2085 2084
2083 2082 2089
2083 2089 2088
2237 2236 2210
2237 2210 2209
2276 2275 2280
2276 2280 2279
2334 2333 2302
2334 2302 2301
2389 2388 2390
2389 2390 2397
2396 2389 2397
2396 2397 2399
2464 2463 2459
2464 2459 2458
2464 2567 2563
2464 2563 2461
2649 2648 2643
2649 2643 2642
2702 2701 2696
2702 2696 2695
1876 1875 1861
1876 1861 1860
1891 1890 1887
1891 1887 1886
1991 1990 1973
1991 1973 1972
1996 1995 1969
1996 1969 1968
2108 2107 2097
2108 2097 2096
2144 2143 2138
2144 2138 2137
2158 2157 2154
2158 2154 2153
2170 2169 2165
2170 2165 2168
2192 2191 2196
2192 2196 2195
2194 2193 2190
2194 2190 2189
1996 2574 2575
1996 2575 1997
1876 2580 2581
1876 2581 1877
2600 2599 2846
2600 2846 2617
2600 2620 2607
2600 2607 2588
2622 2621 2618
2622 2618 2597
2796 2795 2798
2796 2798 2797
2808 2807 2802
2808 2802 2801
2807 2170 2168
2807 2168 2802
2001 2375 2004
1924 2128 2847
1924 2847 1925
2128 1933 1932
2128 1932 2847
1938 1930 1976
1938 1976 1939
2134 2136 2848
2849 2850 2851
2849 2851 2852
2853 2854 2855
2853 2855 2856
2856 2855 2857
2856 2857 2858
2858 2857 2859
2858 2859 2860
2860 2859 2861
2860 2861 2862
2850 2849 2862
2850 2862 2861
2863 2864 2865
2863 2865 2866
2867 2868 2864
2867 2864 2863
2869 2870 2871
2869 2871 2872
2873 2871 2874
2873 2874 2875
2876 2877 2868
2876 2868 2867
2866 2865 2870
2866 2870 2869
1869 2629 1983
1869 1983 2021
2094 2093 2878
2094 2878 2102
2093 2097 2879
2093 2879 2878
2094 2099 2098
2094 2098 2095
2104 2106 2880
2107 2104 2103
2107 2103 2881
2097 2107 2881
2097 2881 2879
2848 2099 2101
2029 2028 2287
2215 2028 2206
2029 2287 2057
2287 2215 2882
2287 2028 2215
2100 2099 2848
2134 2848 2101
2117 2121 2118
2118 2121 2883
2884 2885 2769
2122 2886 2887
2122 2887 2121
2136 2814 2815
2888 2889 2890
2888 2890 2891
2892 2893 2894
2892 2894 2895
2896 2897 2898
2896 2898 2899
1874 1877 2582
2880 2105 2104
2890 2889 2893
2890 2893 2892
2582 2581 2900
1874 1873 1877
2103 2105 2901
2880 2106 2902
2903 2904 2905
2903 2905 1865
2906 2907 2603
2906 2603 2606
2908 2906 2606
2908 2606 2609
2909 2903 1865
2909 1865 1868
2910 2909 1868
2910 1868 1870
2911 2910 1870
2911 1870 2612
2907 2911 2612
2907 2612 2603
2912 2908 2609
2912 2609 2622
2596 2912 2622
2596 2622 2597
2846 2913 2614
2846 2614 2617
2914 2915 2916
1946 2830 1943
2830 2123 1950
2830 1950 1943
1922 1925 1951
1922 1951 1954
2126 1922 1954
2126 1954 1947
2837 2836 1901
2837 1901 2917
1931 2840 1955
1931 1955 1958
1932 1931 1958
1932 1958 1959
2847 1932 1959
2847 1959 1962
1925 2847 1962
1925 1962 1951
2839 2838 1907
2840 2918 1955
2919 2920 2921
2922 2923 1916
2922 1916 2924
1867 1866 2012
1867 2012 2628
2013 1866 1865
2013 1865 2905
2014 2013 2627
1869 1867 2628
1869 2628 2629
2542 2925 2018
2542 2018 2017
2926 2202 2927
2200 2202 2926
2928 2929 2930
2928 2930 2931
2932 2933 2934
2932 2934 2935
2935 2934 2936
2935 2936 2937
2937 2936 2938
2937 2938 2939
2940 2941 2942
2940 2942 2943
2930 2944 2945
2930 2945 2931
2944 2946 2947
2944 2947 2945
2948 2949 2950
2948 2950 2951
2952 2953 2954
2952 2954 2955
2952 2956 2957
2952 2957 2953
2957 2956 2958
2957 2958 2959
2960 2961 2962
2960 2962 2963
2964 2965 2966
2964 2966 2967
2968 2969 2970
2968 2970 2971
2972 2973 2969
2972 2969 2968
2967 2974 2975
2967 2975 2964
2976 2977 2978
2976 2978 2979
2939 2938 2941
2939 2941 2940
2947 2946 2948
2947 2948 2951
2959 2958 2961
2959 2961 2960
2971 2970 2966
2971 2966 2965
2928 2980 2981
2928 2981 2929
2932 2982 2983
2932 2983 2933
2954 2984 2985
2954 2985 2955
2974 2986 2987
2974 2987 2975
2980 2988 2989
2980 2989 2981
2982 2990 2991
2982 2991 2983
2984 2992 2993
2984 2993 2985
2986 2994 2995
2986 2995 2987
2532 2530 2589
2532 2589 2592
2831 2830 1946
1921 2124 2829
2124 2123 2830
2125 2124 1920
2829 2124 2830
2530 2016 2589
2215 2214 2996
2997 2998 2999
2287 2882 3000
2589 2019 2590
3001 3002 2905
3001 2905 2904
2363 2631 3003
2363 3003 2364
2364 3003 3004
2364 3004 2507
2507 3004 3005
2507 3005 2465
2465 3005 3006
2465 3006 2466
3006 3007 3008
3006 3008 2466
2475 2477 2491
3002 2013 2905
2558 2557 3009
2558 3009 3010
2427 2442 2450
2311 2320 2319
2341 2375 2001
3011 3012 3013
3012 3014 3013
3015 3016 2842
2315 2317 2314
2315 2430 2316
2426 2430 2315
2314 2317 2394
2917 1901 1904
2917 1904 2568
3017 3018 3019
3017 3019 3020
2009 2000 1999
2009 1999 2006
1927 3021 3022
2362 2306 2305
2362 2305 2359
2360 2343 2342
2360 2342 2381
2381 2342 2000
2381 2000 2009
2344 2343 2305
2344 2305 2304
2422 2425 2419
2422 2419 2418
2422 2502 2506
2422 2506 2423
2506 2502 2510
2506 2510 2361
3023 2425 2424
2006 1999 1904
2006 1904 1903
1864 3021 1862
2361 2510 2306
2361 2306 2362
3024 2836 1928
3024 1928 3025
1902 1901 2836
1902 2836 3024
1864 3026 3027
1863 1862 2627
1862 2015 1985
2015 1926 1985
1935 1926 1929
1935 1929 1936
1936 1929 2837
1936 2837 2838
2838 2837 2917
2838 2917 1907
1907 2917 2568
1907 2568 1908
1908 2568 1998
1908 1998 2003
3011 3013 1864
1864 3027 3028
1978 1983 2629
1871 1869 2021
1942 2842 2841
1918 3029 1911
1911 3029 3030
1911 3030 2007
2007 3030 3031
2007 3031 2008
2008 3031 3032
2008 3032 2382
2382 3032 3033
2382 3033 2357
2357 3033 2630
2357 2630 2358
2843 1917 1916
1918 1911 1910
2538 2419 2539
2539 2425 3023
3023 2424 2540
2540 2466 3008
2920 2845 2921
2845 3034 2843
3034 3035 2843
3025 3036 3024
3022 3021 3013
1909 1908 1963
2918 1907 1909
1907 2918 2839
2918 2840 2839
1955 2918 1909
1862 3021 2015
1862 1985 2627
2627 1984 2014
1985 1926 1935
1927 2015 3021
3013 3037 3022
1864 3013 3021
1864 1863 3026
1863 2627 2674
3038 3039 3040
3038 3040 3041
3042 3040 3039
3042 3039 3043
3044 3045 3046
3047 3048 3049
3047 3049 3050
3051 3049 3048
3051 3048 3052
3052 3053 3051
3054 3055 3056
3056 3057 3058
3056 3058 3059
3060 3061 3062
3060 3062 3063
3061 3064 3065
3061 3065 3062
3066 3060 3063
3066 3063 3067
3068 3069 3070
3068 3070 3071
3064 3072 3073
3064 3073 3065
3074 3075 3076
3077 3074 3076
3077 3076 3078
3079 3080 3081
3079 3081 3082
3083 3084 3085
3083 3085 3086
3087 3079 3082
3087 3082 3088
3089 3090 3091
3092 3084 3083
3092 3083 3093
3094 3095 3096
3094 3096 3097
3098 3099 3100
3101 3102 3103
3104 3105 3106
3104 3106 3107
3108 3109 3110
3108 3110 3111
3112 3113 3114
3112 3114 3115
3116 3117 3118
3116 3118 3119
3116 3120 3121
3116 3121 3117
3122 3123 3124
3125 3126 3127
3125 3127 3128
3129 3130 3131
3129 3131 3132
3133 3134 3135
3133 3135 3136
3134 3129 3132
3134 3132 3135
3137 3138 3139
3137 3139 3140
3141 3142 3143
3141 3143 3144
3142 3133 3136
3142 3136 3143
3137 3140 3145
3137 3145 3090
3146 3147 3148
3146 3148 3149
3150 3151 3152
3150 3152 3153
3154 3148 3147
3154 3147 3155
3156 3157 3120
3156 3120 3158
3159 3157 3156
3159 3156 3160
3161 3162 3159
3161 3159 3160
3163 3162 3161
3163 3161 3164
3149 3161 3165
3149 3165 3146
3166 3116 3119
3166 3119 3167
3120 3116 3166
3120 3166 3158
3168 3169 3170
3168 3170 3171
3171 3170 3172
3171 3172 3173
3152 3151 3163
3152 3163 3164
3174 3175 3176
3176 3177 3178
3176 3178 3179
3180 3181 3182
3180 3182 3183
3184 3185 3186
3184 3186 3187
3188 3189 3190
3188 3190 3191
3096 3139 3144
3096 3144 3097
3096 3095 3192
3096 3192 3193
3193 3192 3185
3193 3185 3184
3087 3088 3094
3087 3094 3097
3194 3195 3196
3194 3196 3050
3108 3111 3197
3198 3199 3200
3198 3200 3201
3041 3202 3053
3041 3053 3038
3181 3180 3187
3181 3187 3186
3203 3204 3205
3203 3205 3206
3206 3207 3208
3209 3210 3211
3209 3211 3212
3213 3214 3215
3213 3215 3216
3213 3216 3217
3213 3217 3218
3219 3220 3221
3222 3223 3214
3222 3214 3224
3225 3226 3227
3225 3227 3228
3226 3229 3230
3226 3230 3227
3229 3231 3232
3229 3232 3230
3233 3234 3235
3233 3235 3236
3214 3223 3237
3214 3237 3238
3215 3214 3238
3215 3238 3239
3211 3210 3240
3211 3240 3241
3241 3240 3242
3241 3242 3243
3244 3245 3246
3244 3246 3247
3248 3249 3250
3248 3250 3251
3252 3253 3254
3252 3254 3255
3248 3251 3256
3248 3256 3257
3252 3255 3258
3252 3258 3259
3256 3260 3261
3256 3261 3257
3258 3262 3263
3258 3263 3259
3264 3265 3266
3264 3266 3267
3268 3269 3270
3268 3270 3271
3272 3273 3274
3272 3274 3275
3272 3275 3276
3272 3276 3277
3278 3279 3280
3281 3282 3274
3281 3274 3280
3283 3284 3285
3286 3287 3288
3286 3288 3285
3289 3290 3291
3290 3292 3293
3290 3293 3294
3295 3296 3297
3295 3297 3298
3299 3295 3298
3299 3298 3300
3301 3302 3297
3303 3304 3305
3306 3104 3107
3306 3107 3307
3113 3308 3309
3310 3311 3312
3310 3312 3313
3314 3315 3316
3317 3318 3319
3317 3319 3320
3321 3322 3323
3321 3323 3324
3325 3326 3327
3325 3327 3328
3326 3329 3330
3326 3330 3327
3331 3325 3328
3331 3328 3332
3333 3334 3335
3333 3335 3336
3329 3337 3338
3329 3338 3330
3339 3340 3341
3339 3341 3342
3343 3344 3342
3343 3342 3341
3340 3339 3314
3340 3314 3316
3345 3346 3347
3345 3347 3348
3344 3343 3349
3344 3349 3350
3351 3352 3353
3351 3353 3354
3355 3356 3357
3355 3357 3358
3357 3356 3359
3357 3359 3360
3361 3351 3354
3361 3354 3362
3363 3364 3365
3363 3365 3366
3367 3368 3355
3367 3355 3358
3369 3353 3352
3369 3352 3370
3367 3371 3372
3367 3372 3368
3363 3373 3374
3363 3374 3364
3375 3376 3377
3375 3377 3378
3311 3310 3321
3311 3321 3324
3379 3314 3313
3379 3313 3312
3380 3381 3382
3382 3381 3383
3382 3383 3384
3385 3386 3387
3385 3387 3388
3389 3390 3391
3389 3391 3392
3393 3394 3395
3393 3395 3396
3397 3398 3399
3397 3399 3400
3401 3399 3398
3401 3398 3402
3403 3404 3405
3405 3406 3407
3405 3407 3408
3391 3390 3409
3391 3409 3410
3387 3386 3411
3387 3411 3412
3395 3385 3388
3413 3414 3415
3415 3416 3417
3415 3417 3418
3419 3420 3421
3419 3421 3422
3423 3424 3425
3423 3425 3426
3427 3428 3429
3427 3429 3430
3424 3431 3432
3424 3432 3425
3433 3427 3430
3433 3430 3434
3431 3435 3436
3431 3436 3432
3419 3437 3438
3419 3438 3420
3439 3440 3441
3439 3441 3442
3443 3444 3445
3443 3445 3446
3447 3448 3449
3447 3449 3450
3443 3451 3452
3443 3452 3444
3448 3453 3454
3448 3454 3449
3451 3455 3456
3451 3456 3452
3453 3457 3458
3453 3458 3454
3459 3460 3461
3459 3461 3462
3463 3464 3465
3463 3465 3466
3395 3394 3385
3394 3397 3385
3467 3468 3469
3238 3237 3468
3238 3468 3467
3470 3471 3472
3470 3472 3473
3474 3470 3475
3476 3477 3478
3476 3478 3479
3480 3481 3482
3480 3482 3483
3484 3485 3486
3484 3486 3487
3488 3485 3489
3488 3489 3490
3491 3492 3493
3491 3493 3494
3495 3496 3497
3498 3499 3500
3498 3500 3501
3502 3503 3504
3502 3504 3505
3506 3507 3489
3506 3489 3508
3509 3507 3493
3509 3493 3510
3511 3512 3513
3511 3513 3514
3515 3511 3514
3515 3514 3516
3517 3518 3519
3517 3519 3520
3521 3522 3523
3521 3523 3524
3525 3526 3527
3525 3527 3528
3529 3530 3531
3529 3531 3532
3533 3534 3535
3533 3535 3536
3537 3538 3539
3537 3539 3540
3541 3542 3543
3541 3543 3544
3545 3546 3547
3545 3547 3548
3549 3545 3548
3549 3548 3550
3517 3520 3551
3517 3551 3552
3553 3517 3552
3553 3552 3554
3181 3521 3524
3181 3524 3182
3536 3521 3555
3525 3528 3556
3525 3556 3557
3532 3525 3557
3532 3557 3558
3529 3532 3558
3529 3558 3559
3520 3529 3559
3520 3559 3551
3533 3536 3555
3533 3555 3560
3528 3533 3560
3528 3560 3556
3561 3562 3190
3561 3190 3189
3479 3519 3518
3479 3518 3476
3476 3518 3563
3476 3563 3564
3539 3538 3523
3539 3523 3487
3484 3522 3535
3484 3535 3508
3494 3527 3526
3494 3526 3491
3491 3526 3531
3491 3531 3501
3501 3531 3530
3501 3530 3498
3498 3530 3519
3498 3519 3479
3508 3535 3534
3508 3534 3506
3506 3534 3527
3506 3527 3494
3565 3477 3566
3565 3566 3567
3567 3566 3568
3567 3568 3569
3570 3571 3572
3481 3480 3505
3481 3505 3504
3477 3565 3573
3477 3573 3478
3499 3503 3574
3499 3574 3500
3477 3476 3575
3477 3575 3566
3485 3484 3508
3485 3508 3489
3492 3491 3500
3499 3498 3479
3499 3479 3478
3507 3506 3494
3507 3494 3493
3566 3575 3576
3566 3576 3568
3577 3578 3579
3543 3540 3539
3543 3539 3544
3472 3546 3545
3472 3545 3473
3473 3545 3475
3518 3517 3553
3518 3553 3563
3522 3521 3536
3522 3536 3535
3526 3525 3532
3526 3532 3531
3530 3529 3520
3530 3520 3519
3534 3533 3528
3534 3528 3527
3537 3562 3561
3537 3561 3538
3580 3581 3198
3580 3198 3201
3582 3583 3584
3582 3584 3585
3586 3587 3588
3586 3588 3589
3590 3591 3592
3590 3592 3593
3594 3595 3596
3594 3596 3597
3598 3599 3600
3598 3600 3601
3602 3603 3604
3602 3604 3605
3606 3607 3608
3609 3610 3611
3609 3611 3497
3612 3613 3614
3612 3614 3615
3616 3617 3618
3616 3618 3619
3620 3617 3589
3620 3589 3621
3622 3623 3624
3622 3624 3625
3626 3623 3627
3626 3627 3628
3629 3630 3627
3629 3627 3631
3632 3630 3618
3632 3618 3633
3634 3635 3600
3634 3600 3599
3636 3635 3624
3636 3624 3637
3638 3639 3640
3641 3642 3643
3641 3643 3644
3645 3603 3602
3645 3602 3646
3647 3648 3649
3647 3649 3650
3651 3652 3653
3651 3653 3654
3655 3656 3657
3658 3659 3660
3658 3660 3661
3659 3651 3654
3659 3654 3660
3662 3663 3664
3662 3664 3665
3663 3666 3667
3663 3667 3664
3666 3668 3669
3666 3669 3667
3668 3658 3661
3668 3661 3669
3670 3662 3665
3670 3665 3671
3672 3673 3674
3672 3674 3675
3676 3597 3677
3676 3677 3678
3594 3679 3680
3594 3680 3615
3597 3676 3679
3597 3679 3594
3681 3682 3598
3681 3598 3604
3683 3599 3598
3683 3598 3682
3606 3622 3625
3606 3625 3684
3608 3622 3606
3612 3629 3631
3612 3631 3608
3615 3680 3629
3615 3629 3612
3685 3634 3599
3685 3599 3683
3684 3625 3634
3684 3634 3685
3686 3603 3645
3686 3645 3687
3688 3595 3614
3688 3614 3689
3591 3590 3641
3591 3641 3644
3690 3488 3682
3690 3682 3681
3495 3606 3684
3495 3684 3510
3610 3613 3607
3610 3607 3611
3610 3609 3593
3610 3593 3592
3509 3685 3683
3509 3683 3490
3691 3692 3693
3691 3693 3694
3694 3693 3695
3694 3695 3696
3541 3686 3687
3541 3687 3542
3697 3698 3699
3697 3699 3700
3700 3699 3701
3700 3701 3702
3703 3704 3705
3703 3705 3706
3707 3708 3704
3707 3704 3703
3709 3710 3198
3709 3198 3581
3711 3712 3710
3711 3710 3709
3713 3714 3712
3713 3712 3711
3706 3705 3714
3706 3714 3713
3584 3715 3716
3584 3716 3585
3585 3716 3717
3585 3717 3588
3600 3718 3601
3601 3719 3605
3617 3620 3633
3617 3633 3618
3617 3616 3586
3617 3586 3589
3623 3626 3637
3623 3637 3624
3623 3622 3631
3623 3631 3627
3630 3632 3628
3630 3628 3627
3630 3629 3680
3630 3680 3618
3635 3636 3718
3635 3718 3600
3635 3634 3625
3635 3625 3624
3602 3720 3646
3721 3580 3201
3721 3201 3722
3076 3723 3724
3078 3076 3724
3078 3724 3725
3082 3081 3726
3082 3726 3727
3192 3095 3557
3192 3557 3556
3095 3094 3558
3095 3558 3557
3094 3088 3728
3094 3728 3558
3088 3082 3727
3088 3727 3728
3186 3185 3560
3186 3560 3555
3185 3192 3556
3185 3556 3560
3729 3730 3731
3729 3731 3732
3733 3734 3735
3733 3735 3736
3737 3738 3739
3737 3739 3740
3738 3733 3736
3738 3736 3739
3590 3593 3741
3590 3741 3742
3641 3590 3742
3641 3742 3743
3609 3497 3496
3609 3496 3502
3593 3609 3502
3593 3502 3505
3744 3745 3746
3638 3642 3747
3638 3747 3745
3748 3180 3183
3748 3183 3086
3145 3184 3187
3145 3187 3091
3083 3188 3191
3083 3191 3093
3127 3730 3729
3127 3729 3128
3128 3729 3734
3128 3734 3131
3135 3738 3737
3135 3737 3136
3132 3733 3738
3132 3738 3135
3139 3096 3193
3139 3193 3140
3143 3087 3097
3143 3097 3144
3136 3737 3749
3136 3749 3143
3140 3193 3184
3140 3184 3145
3139 3138 3141
3139 3141 3144
3162 3163 3750
3162 3750 3751
3159 3162 3751
3159 3751 3113
3151 3150 3752
3151 3752 3753
3157 3159 3113
3157 3113 3112
3163 3151 3753
3163 3753 3750
3150 3178 3754
3150 3754 3752
3177 3755 3756
3040 3042 3757
3040 3757 3758
3041 3040 3758
3041 3758 3759
3042 3058 3760
3042 3760 3757
3057 3761 3762
3202 3041 3759
3202 3759 3165
3763 3764 3765
3763 3765 3766
3764 3767 3768
3764 3768 3765
3198 3769 3199
3769 3770 3771
3769 3771 3772
3770 3773 3774
3770 3774 3771
3773 3763 3766
3773 3766 3774
3775 3776 3777
3775 3777 3778
3767 3779 3780
3767 3780 3768
3764 3763 3781
3764 3781 3782
3783 3784 3785
3783 3785 3786
3767 3764 3782
3767 3782 3787
3784 3788 3789
3784 3789 3785
3773 3770 3790
3773 3790 3791
3052 3792 3053
3763 3773 3793
3763 3793 3781
3792 3783 3786
3792 3786 3794
3795 3796 3797
3795 3797 3798
3777 3776 3799
3777 3799 3800
3796 3779 3801
3796 3801 3797
3788 3802 3803
3788 3803 3789
3595 3688 3804
3595 3804 3596
3595 3594 3615
3595 3615 3614
3692 3674 3673
3692 3673 3693
3693 3673 3677
3693 3677 3695
3805 3081 3080
3805 3080 3806
3081 3805 3807
3081 3807 3726
3167 3808 3166
3166 3195 3194
3166 3194 3158
3158 3194 3809
3158 3809 3156
3156 3809 3810
3156 3810 3160
3160 3165 3161
3655 3670 3671
3540 3543 3811
3540 3811 3812
3682 3488 3490
3682 3490 3683
3606 3611 3607
3685 3509 3510
3685 3510 3684
3613 3612 3608
3613 3608 3607
3613 3610 3592
3613 3592 3614
3492 3500 3574
3485 3488 3690
3485 3690 3486
3492 3495 3510
3492 3510 3493
3503 3502 3496
3503 3496 3574
3507 3509 3490
3507 3490 3489
3503 3499 3478
3503 3478 3504
3813 3814 3815
3813 3815 3816
3817 3818 3819
3817 3819 3820
3821 3813 3816
3821 3816 3822
3823 3824 3825
3823 3825 3826
3827 3828 3829
3827 3829 3830
3831 3827 3830
3831 3830 3832
3833 3834 3835
3833 3835 3836
3205 3837 3207
3835 3838 3836
3206 3205 3207
3545 3549 3475
3470 3473 3475
3839 3840 3841
3839 3841 3842
3843 3844 3845
3843 3845 3846
3847 3848 3849
3847 3849 3850
3851 3852 3853
3571 3577 3579
3851 3853 3220
3851 3220 3219
3841 3847 3850
3841 3850 3842
3570 3577 3571
3578 3854 3579
3855 3196 3808
3856 3857 3858
3859 3860 3861
3859 3861 3858
3862 3863 3864
3862 3864 3865
3866 3867 3868
3866 3868 3869
3864 3866 3869
3864 3869 3865
3870 3871 3406
3404 3870 3406
3404 3406 3405
3872 3873 3874
3872 3874 3875
3876 3872 3875
3876 3875 3877
3878 3879 3880
3878 3880 3881
3879 3882 3883
3879 3883 3880
3884 3885 3886
3884 3886 3887
3888 3889 3890
3888 3890 3891
3416 3892 3893
3639 3638 3744
3414 3892 3416
3414 3416 3415
3886 3888 3891
3886 3891 3887
3744 3638 3745
3639 3894 3640
3857 3895 3859
3857 3859 3858
3896 3897 3898
3896 3898 3899
3897 3900 3901
3897 3901 3898
3902 3903 3904
3902 3904 3905
3903 3906 3904
3907 3902 3905
3907 3905 3908
3909 3910 3911
3909 3911 3912
3913 3909 3912
3913 3912 3914
3915 3916 3917
3915 3917 3918
3919 3920 3921
3919 3921 3922
3920 3915 3918
3920 3918 3921
3916 3923 3924
3916 3924 3917
3925 3926 3927
3925 3927 3928
3929 3930 3931
3929 3931 3932
3075 3723 3076
3291 3294 3933
3927 3929 3932
3927 3932 3928
3290 3294 3291
3294 3934 3933
3074 3935 3075
3723 3936 3724
3937 3938 3939
3937 3939 3940
3941 3942 3943
3941 3943 3944
3945 3941 3944
3945 3944 3946
3947 3945 3946
3947 3946 3948
3949 3947 3948
3949 3948 3950
3547 3951 3952
3547 3952 3548
3551 3953 3954
3551 3954 3552
3552 3954 3955
3552 3955 3554
3558 3956 3957
3558 3957 3559
3559 3957 3953
3559 3953 3551
3548 3952 3958
3548 3958 3550
3838 3959 3836
3835 3960 3838
3961 3962 3963
3961 3963 3964
3965 3966 3967
3965 3967 3968
3969 3970 3971
3972 3973 3974
3972 3974 3975
3966 3972 3975
3966 3975 3967
3973 3976 3977
3973 3977 3974
3978 3979 3980
3978 3980 3981
3982 3983 3984
3982 3984 3985
3986 3987 3988
3986 3988 3989
3990 3986 3989
3990 3989 3991
3992 3990 3991
3992 3991 3993
3994 3992 3993
3994 3993 3995
3994 3995 3996
3997 3998 3999
3997 3999 4000
4001 4002 4003
4001 4003 4004
3316 3315 3995
4001 4000 3999
4001 3999 4002
3340 3993 3991
3340 3991 3341
3341 3991 3989
3341 3989 3343
3316 3995 3993
3316 3993 3340
3346 3985 3984
3346 3984 3347
3343 3989 3988
3343 3988 3349
3175 3755 3177
3755 4005 3756
3175 3177 3176
3102 3305 3103
3106 3309 3308
3963 4006 4007
3963 4007 3964
4006 4008 4009
4006 4009 4007
4010 4011 4012
4013 4014 4015
4013 4015 4016
3109 4017 4018
3109 4018 3110
3117 4019 4020
3117 4020 3118
3121 4021 4019
3121 4019 3117
4022 4023 3124
4024 4023 4025
3112 3115 4021
3112 4021 3121
3130 3125 3128
3130 3128 3131
3130 3129 3306
3130 3306 3303
3303 3306 3307
3303 3307 3304
3734 3729 3732
3734 3732 3735
3734 3733 3132
3734 3132 3131
3942 3937 3940
3942 3940 3943
3078 3805 3806
3078 3806 3077
3292 3299 3300
3292 3300 3293
3805 3078 3725
3805 3725 3807
3900 3907 3908
3900 3908 3901
3923 3913 3914
3923 3914 3924
3203 3222 3224
3203 3224 3204
3471 3564 3563
3471 3563 3472
3546 3553 3554
3546 3554 3547
3472 3563 3553
3472 3553 3546
3818 3821 3822
3818 3822 3819
3547 3554 3955
3547 3955 3951
3383 3401 3402
3383 3402 3384
3407 3412 3411
3407 3411 3408
3435 3439 3442
3435 3442 3436
3437 3433 3434
3437 3434 3438
3457 3463 3466
3457 3466 3458
3587 3582 3585
3587 3585 3588
3652 3647 3650
3652 3650 3653
3677 3673 3672
3677 3672 3678
3695 3596 3804
3695 3804 3696
3701 3708 3707
3701 3707 3702
3717 3621 3589
3717 3589 3588
3677 3597 3596
3677 3596 3695
3217 3851 3219
3217 3219 3218
3231 3233 3236
3231 3236 3232
3242 3245 3244
3242 3244 3243
3260 3264 3267
3260 3267 3261
3262 3268 3271
3262 3271 3263
3417 3389 3392
3417 3392 3418
3455 3459 3462
3455 3462 3456
3512 3483 3482
3512 3482 3513
3568 3577 3570
3568 3570 3569
3576 3578 3577
3576 3577 3568
3642 3638 3640
3642 3640 3643
3642 3641 3743
3642 3743 3747
3828 3823 3826
3828 3826 3829
3882 3876 3877
3882 3877 3883
3058 3042 3043
3058 3043 3059
3072 3068 3071
3072 3071 3073
3172 3154 3155
3172 3155 3173
3178 3150 3153
3178 3153 3179
3287 3277 3276
3287 3276 3288
3322 3317 3320
3322 3320 3323
3337 3333 3336
3337 3336 3338
3349 3346 3345
3349 3345 3350
3371 3375 3378
3371 3378 3372
3373 3369 3370
3373 3370 3374
3178 3177 3756
3178 3756 3754
3058 3057 3762
3058 3762 3760
3779 3796 4026
3779 4026 3780
3779 3767 3787
3779 3787 3801
3802 3777 3800
3802 3800 3803
3976 3978 3981
3976 3981 3977
3987 3982 3985
3987 3985 3988
3988 3985 3346
3988 3346 3349
3181 3186 3555
3106 3105 4027
3106 4027 3309
3309 4027 3114
3309 3114 3113
3121 3120 3157
3121 3157 3112
3314 4028 3315
4029 4030 4031
4029 4031 4032
4033 4034 4035
4033 4035 4036
4034 4037 4038
4034 4038 4035
4037 4039 4040
4037 4040 4038
4039 4041 4042
4039 4042 4040
4032 4042 4041
4032 4041 4029
4043 4044 4045
4043 4045 4046
4047 4043 4046
4047 4046 4048
4049 4050 4051
4049 4051 4052
4053 4054 4055
4053 4055 4051
4056 4047 4048
4056 4048 4057
4044 4049 4052
4044 4052 4045
3051 3202 3165
3051 3165 3810
3274 3282 4058
3274 4058 3275
3275 4058 4059
3275 4059 3276
3274 3273 3278
3274 3278 3280
3285 4060 3286
3288 4061 3283
3288 3283 3285
3276 4059 4061
3276 4061 3288
4028 3281 3280
3212 3467 3209
3395 3388 3209
3212 3238 3467
3467 4062 3395
3467 3395 3209
3279 4028 3280
3314 3281 4028
3297 3296 3301
3296 4063 3301
4064 3950 4065
3302 3301 4066
3302 4066 4067
3315 3996 3995
4068 4069 4070
4068 4070 4071
4072 4073 4074
4072 4074 4075
4076 4077 4078
4076 4078 4079
3055 3761 3057
4060 3285 3284
4070 4072 4075
4070 4075 4071
3761 4080 3762
3055 3057 3056
3283 4081 3284
4060 4082 3286
4083 3047 4084
4083 4084 4085
4086 3784 3783
4086 3783 4087
4088 3788 3784
4088 3784 4086
4089 3048 3047
4089 3047 4083
4090 3052 3048
4090 3048 4089
4091 3792 3052
4091 3052 4090
4087 3783 3792
4087 3792 4091
4092 3802 3788
4092 3788 4088
3778 3777 3802
3778 3802 4092
4093 3796 3795
4093 3795 4094
4095 4096 4097
3126 3125 4012
4012 3125 3130
4012 3130 3303
3104 3134 3133
3104 3133 3105
3306 3129 3134
3306 3134 3104
4017 4098 3085
4017 3085 4018
3115 3138 3137
3115 3137 4021
3114 3141 3138
3114 3138 3115
4027 3142 3141
4027 3141 3114
3105 3133 3142
3105 3142 4027
4019 3089 4020
4021 3137 4099
4100 4101 4102
4103 4104 3098
4103 3098 4023
3049 3809 3194
3049 3194 3050
3196 4084 3047
3196 3047 3050
3195 3808 3196
3051 3810 3809
3051 3809 3049
3722 3201 3200
3722 3200 4105
4106 4107 3381
3380 4106 3381
4108 4109 4110
4108 4110 4111
4112 4113 4114
4112 4114 4115
4113 4116 4117
4113 4117 4114
4116 4118 4119
4116 4119 4117
4120 4121 4122
4120 4122 4123
4110 4109 4124
4110 4124 4125
4125 4124 4126
4125 4126 4127
4128 4129 4130
4128 4130 4131
4132 4133 4134
4132 4134 4135
4132 4135 4136
4132 4136 4137
4136 4138 4139
4136 4139 4137
4140 4141 4142
4140 4142 4143
4144 4145 4146
4144 4146 4147
4148 4149 4150
4148 4150 4151
4152 4148 4151
4152 4151 4153
4145 4144 4154
4145 4154 4155
4156 4157 4158
4156 4158 4159
4118 4120 4123
4118 4123 4119
4126 4129 4128
4126 4128 4127
4138 4140 4143
4138 4143 4139
4149 4147 4146
4149 4146 4150
4108 4111 4160
4108 4160 4161
4112 4115 4162
4112 4162 4163
4134 4133 4164
4134 4164 4165
4155 4154 4166
4155 4166 4167
4161 4160 4168
4161 4168 4169
4163 4162 4170
4163 4170 4171
4165 4164 4172
4165 4172 4173
4167 4166 4174
4167 4174 4175
3712 3770 3769
3712 3769 3710
4011 3126 4012
3102 4010 3305
3305 4012 3303
3304 3103 3305
4010 4012 3305
3710 3769 3198
3395 4176 3396
4177 4178 4179
3467 3469 4062
3769 3772 3199
4180 4085 4084
4180 4084 3855
4181 3811 3543
4181 3543 3542
4182 4181 3542
4182 3542 3687
4183 4182 3687
4183 3687 3645
4184 4183 3645
4184 3645 3646
4184 3646 4185
4184 4185 4186
3655 3671 3656
3855 4084 3196
3740 4187 4188
3740 4188 3737
3608 3631 3622
3491 3501 3500
3521 3181 3555
4189 4190 4191
4191 4190 4192
3122 3124 4193
3495 3492 3496
3495 3497 3611
3606 3495 3611
3492 3574 3496
3086 3085 4098
3086 4098 3748
4194 4195 4196
4194 4196 4197
3183 3182 3189
3183 3189 3188
3111 4198 4199
3487 3486 3544
3487 3544 3539
3524 3523 3538
3524 3538 3561
3182 3524 3561
3182 3561 3189
3487 3523 3522
3487 3522 3484
3604 3598 3601
3604 3601 3605
3604 3603 3686
3604 3686 3681
3690 3681 3686
3690 3686 3541
4200 3602 3605
3086 3183 3188
3086 3188 3083
3045 3044 4199
3486 3690 3541
3486 3541 3544
3110 4018 4201
3110 4201 4202
4018 3085 3084
4018 3084 4201
3045 4203 4204
3046 3808 3044
3044 3167 3197
3197 3167 3108
3109 3108 3119
3109 3119 3118
4017 3109 3118
4017 3118 4020
4098 4017 4020
4098 4020 3089
3748 4098 3089
3748 3089 3091
3180 3748 3091
3180 3091 3187
4189 3045 4190
3045 4205 4203
3160 3810 3165
3053 3202 3051
4197 4022 3124
4206 3093 4207
4208 4207 3093
4208 3093 3191
4209 4208 3191
4209 3191 3190
4210 4209 3190
4210 3190 3562
4211 4210 3562
4211 3562 3537
3812 4211 3537
3812 3537 3540
4023 3098 3100
4206 3092 3093
3718 3719 3601
3719 4200 3605
4200 3720 3602
3720 4185 3646
4102 4101 4193
4025 4023 4212
4212 4023 3100
4202 4201 4213
4198 4190 4199
3090 3145 3091
4099 3090 3089
3089 4019 4099
4099 4019 4021
3137 3090 4099
3044 3197 4199
3044 3808 3167
3808 3195 3166
4214 4215 3108
3111 4199 3197
4216 4198 4217
3045 4199 4190
3045 4204 3046
3046 3855 3808
