byte offset: 0
first index: 0
index count: 7290
topology: trianglelist
format: DXGI_FORMAT_R16_UINT

0 1 2
0 2 3
4 5 6
4 6 7
5 8 2
5 2 6
2 1 9
2 9 6
1 10 11
1 11 9
12 13 9
12 9 11
13 7 6
13 6 9
14 15 13
14 13 12
15 16 7
15 7 13
17 16 15
17 15 18
14 19 18
14 18 15
14 20 21
14 21 19
20 14 12
20 12 22
20 23 24
20 24 21
23 20 22
23 22 25
26 27 17
26 17 28
17 18 29
17 29 28
19 21 30
19 30 31
32 16 17
32 17 27
32 4 7
32 7 16
10 33 34
10 34 11
22 12 11
22 11 34
22 34 35
22 35 25
34 33 36
34 36 35
37 38 39
37 39 36
40 35 36
40 36 39
40 41 25
40 25 35
33 42 37
33 37 36
42 33 10
42 10 43
43 10 1
43 1 0
44 24 23
44 23 45
25 41 45
25 45 23
44 46 47
44 47 24
30 21 24
30 24 47
48 37 42
48 42 49
49 42 43
49 43 50
51 52 53
51 53 50
54 55 56
54 56 57
58 59 60
58 60 61
55 54 62
55 62 63
64 65 66
64 66 67
57 56 67
57 67 66
60 68 69
60 69 61
68 70 71
68 71 69
64 67 69
64 69 71
67 56 61
67 61 69
71 70 72
71 72 73
71 73 74
71 74 64
75 76 73
75 73 72
77 78 74
77 74 79
64 74 78
64 78 65
80 81 82
80 82 83
84 85 86
84 86 87
85 88 89
85 89 86
90 91 92
90 92 93
94 87 93
94 93 92
94 95 84
94 84 87
90 93 96
90 96 97
93 87 86
93 86 96
89 98 96
89 96 86
98 99 97
98 97 96
89 80 100
89 100 98
101 99 98
101 98 100
100 80 83
100 83 102
101 100 102
101 102 103
103 104 105
103 105 101
101 105 106
101 106 99
72 105 104
72 104 75
106 70 68
106 68 107
60 108 107
60 107 68
106 105 72
106 72 70
109 63 62
109 62 110
92 111 112
92 112 94
106 107 97
106 97 99
107 108 90
107 90 97
83 113 114
83 114 102
115 116 117
115 117 118
119 120 121
119 121 122
75 123 124
75 124 76
125 126 127
125 127 128
32 54 57
32 57 4
54 32 27
54 27 62
65 8 5
65 5 66
4 57 66
4 66 5
129 8 65
129 65 78
62 27 26
62 26 110
130 131 132
130 132 133
134 135 136
134 136 137
138 139 140
138 140 141
142 143 144
142 144 145
146 142 147
146 147 148
144 149 145
148 147 150
148 150 151
152 143 142
152 142 146
31 148 151
31 151 153
139 154 155
139 155 140
154 139 156
154 156 157
158 159 160
158 160 161
162 163 164
162 164 165
166 167 168
166 168 169
170 171 172
170 172 173
141 174 175
141 175 138
176 177 178
176 178 179
180 181 182
180 182 183
184 185 186
184 186 187
188 189 190
188 190 191
192 193 194
192 194 195
95 94 112
95 112 196
197 198 28
197 28 29
199 200 110
199 110 26
148 30 47
148 47 146
200 201 109
200 109 110
169 168 163
169 163 162
109 201 170
109 170 202
202 203 63
202 63 109
204 111 92
204 92 91
205 58 55
205 55 63
203 206 205
203 205 63
207 208 206
207 206 203
209 210 211
209 211 212
212 211 213
212 213 214
203 202 215
203 215 207
211 216 217
211 217 213
166 218 219
166 219 167
198 199 26
198 26 28
220 221 222
220 222 223
224 225 226
223 222 111
223 111 204
224 227 196
224 196 112
228 229 135
228 135 134
230 231 232
230 232 233
136 234 137
132 231 230
132 230 133
235 236 237
235 237 179
235 140 155
235 155 236
176 238 239
176 239 240
176 240 241
176 241 177
186 242 243
187 186 243
187 243 244
229 245 246
229 246 135
135 246 136
247 234 136
247 136 187
217 216 157
217 157 156
217 218 166
217 166 213
166 214 213
214 166 169
169 162 248
162 165 249
158 161 250
158 250 251
252 253 254
252 254 255
254 256 257
254 257 255
257 256 258
257 258 259
258 260 261
258 261 259
262 261 260
262 260 263
264 262 263
264 263 265
264 265 266
264 266 267
266 268 269
266 269 267
269 268 270
269 270 271
272 172 171
272 171 273
171 253 252
171 252 273
274 165 158
274 158 251
165 164 159
165 159 158
148 31 30
55 58 61
55 61 56
51 275 276
51 276 277
129 78 278
129 278 279
79 74 73
79 73 76
129 3 2
129 2 8
3 129 279
3 279 275
280 156 139
280 139 138
138 175 281
138 281 280
218 217 156
218 156 280
218 280 281
218 281 219
187 244 247
190 282 283
190 283 191
284 147 142
284 142 145
172 272 285
172 285 286
173 172 286
173 286 287
215 173 287
215 287 288
207 215 288
207 288 210
289 212 214
289 214 248
248 249 290
248 290 289
291 290 249
291 249 274
292 274 251
251 293 292
251 250 294
212 289 295
212 295 209
289 290 296
289 296 295
290 291 297
290 297 296
291 292 298
291 298 297
299 300 301
299 301 302
208 207 210
208 210 209
298 221 220
298 220 297
170 173 215
170 215 202
239 238 303
239 303 304
238 237 305
238 305 303
306 236 155
306 155 285
155 154 286
155 286 285
286 154 157
286 157 287
288 287 157
288 157 216
210 288 216
210 216 211
146 47 46
146 46 152
307 150 284
132 131 185
132 185 184
184 246 231
184 231 132
246 245 232
246 232 231
308 309 310
311 310 312
242 186 310
242 310 309
186 185 310
312 185 131
312 131 313
313 131 130
313 130 314
189 188 192
189 192 195
315 181 180
315 180 316
284 145 317
265 263 153
265 153 151
263 260 197
263 197 153
198 197 260
198 260 258
258 256 199
258 199 198
199 256 254
199 254 200
200 254 253
200 253 201
201 253 171
201 171 170
318 319 320
321 322 323
324 325 326
327 328 329
327 329 330
328 331 332
328 332 329
333 334 335
333 335 336
320 319 337
320 337 334
330 338 327
320 334 339
320 339 340
327 341 342
327 342 328
342 343 331
342 331 328
331 343 344
331 344 345
334 333 346
334 346 347
348 349 350
348 350 351
352 353 354
352 354 355
349 356 357
349 357 350
355 354 358
355 358 359
360 361 353
360 353 352
362 348 351
362 351 363
364 365 366
364 366 359
367 352 355
368 369 356
368 356 370
349 348 371
347 339 334
372 323 322
372 322 373
326 327 338
326 338 324
326 374 341
326 341 327
359 358 375
359 375 364
356 369 376
356 376 357
377 322 320
377 320 340
320 322 321
320 321 318
378 379 326
378 326 325
379 380 374
379 374 326
364 375 381
364 381 382
382 383 365
382 365 364
384 385 369
384 369 368
369 385 386
369 386 376
322 377 387
322 387 373
331 388 332
337 335 334
371 370 356
371 356 349
359 366 367
359 367 355
371 348 362
360 352 367
376 386 387
376 387 377
357 376 377
357 377 340
350 357 340
350 340 339
351 350 339
351 339 347
363 351 347
363 347 346
361 344 343
361 343 353
353 343 342
353 342 354
354 342 341
354 341 358
358 341 374
358 374 375
375 374 380
375 380 381
29 31 153
29 153 197
19 31 29
19 29 18
389 122 121
389 121 390
391 392 393
391 393 394
395 396 397
395 397 398
0 51 50
0 50 43
3 275 51
3 51 0
275 279 399
275 399 276
400 401 402
400 402 403
404 388 331
404 331 345
405 406 127
405 127 126
136 184 187
407 315 316
407 316 408
409 270 268
409 268 307
307 268 266
307 266 150
151 150 266
151 266 265
140 235 410
140 410 141
410 411 174
410 174 141
410 178 412
410 412 411
177 241 413
177 413 414
415 193 192
415 192 416
192 188 417
192 417 416
418 419 407
418 407 408
419 418 313
419 313 314
420 415 416
420 416 183
421 420 183
421 183 182
313 418 422
418 408 423
418 423 422
408 316 424
408 424 423
316 180 417
316 417 424
180 183 416
180 416 417
422 311 312
423 424 191
423 191 283
424 417 188
424 188 191
425 426 427
425 427 428
429 430 431
429 431 432
433 262 264
433 264 434
435 247 244
435 244 436
137 437 438
137 438 134
439 440 426
439 426 425
441 439 425
441 425 442
443 444 445
443 445 442
446 273 252
446 252 447
448 449 255
448 255 257
261 450 451
261 451 259
452 272 273
452 273 446
453 454 455
269 271 456
269 456 445
428 443 442
428 442 425
457 443 428
457 428 458
459 460 461
459 461 462
463 464 465
463 465 466
137 234 467
137 467 437
428 427 468
428 468 458
469 470 429
469 429 432
471 472 473
471 473 474
244 243 475
244 475 436
189 476 477
189 477 190
243 242 478
243 478 475
474 473 470
474 470 469
479 480 481
479 481 482
483 465 464
483 464 484
257 259 451
257 451 448
228 134 438
228 438 485
450 261 262
450 262 433
486 487 488
486 488 489
234 247 435
234 435 467
455 454 304
455 304 303
490 491 492
490 492 493
494 495 491
494 491 490
496 495 494
496 494 497
498 499 500
437 499 501
437 501 438
485 438 501
485 501 502
272 452 306
272 306 285
452 503 305
477 476 504
477 504 505
477 505 309
477 309 308
506 476 507
508 493 492
508 492 504
505 478 242
505 242 309
509 510 511
509 511 512
513 514 515
513 515 507
426 440 502
426 502 501
499 498 468
499 468 427
427 426 501
427 501 499
516 517 518
516 518 519
488 520 516
488 516 489
521 522 523
521 523 524
521 524 525
521 525 526
482 527 528
482 528 479
529 453 530
529 530 531
532 452 446
532 446 533
522 534 518
522 518 523
458 468 535
458 535 534
457 458 534
457 534 522
433 457 522
433 522 521
433 521 526
467 500 499
467 499 437
495 496 435
495 435 436
475 491 495
475 495 436
478 492 491
478 491 475
504 492 478
504 478 505
496 500 467
496 467 435
497 536 500
497 500 496
537 538 536
537 536 497
506 508 504
506 504 476
506 539 540
506 540 508
194 513 507
194 507 195
451 450 459
451 459 462
448 451 462
448 462 541
449 448 541
449 541 542
447 543 533
447 533 446
537 544 432
537 432 431
484 545 546
484 546 483
547 542 541
547 541 548
432 544 549
432 549 469
474 550 540
474 540 471
469 549 550
469 550 474
543 551 552
543 552 533
541 462 461
541 461 548
553 538 486
553 486 489
517 516 520
517 520 554
535 555 553
535 553 519
556 557 558
556 558 559
546 545 560
546 560 561
532 533 562
563 529 531
563 531 564
557 517 554
557 554 558
487 486 431
487 431 430
472 471 510
472 510 509
565 566 567
565 567 568
252 255 449
252 449 447
542 543 447
542 447 449
542 547 551
542 551 543
466 481 480
466 480 463
455 569 530
562 530 532
528 527 564
528 564 531
267 444 434
267 434 264
444 267 269
444 269 445
445 456 441
445 441 442
444 443 457
444 457 434
434 457 433
460 545 484
460 484 461
534 535 519
534 519 518
557 556 524
557 524 523
524 556 560
524 560 525
517 557 523
517 523 518
431 486 538
431 538 537
497 494 544
497 544 537
464 463 547
464 547 548
544 494 490
544 490 549
550 493 508
550 508 540
549 490 493
549 493 550
480 479 552
480 552 551
484 464 548
484 548 461
555 536 538
555 538 553
489 516 519
489 519 553
479 528 562
479 562 552
547 463 480
547 480 551
528 531 530
528 530 562
308 282 190
308 190 477
536 555 498
536 498 500
555 535 468
555 468 498
307 284 317
292 291 274
409 307 317
88 81 80
88 80 89
145 149 317
136 246 184
310 185 312
311 283 282
311 422 283
308 310 311
308 311 282
283 422 423
511 515 514
511 514 568
570 571 572
570 572 573
574 575 576
574 576 577
578 574 577
578 577 579
114 580 103
114 103 102
581 402 401
581 401 582
403 406 405
403 405 400
580 583 104
580 104 103
571 584 585
571 585 572
586 581 582
586 582 587
588 392 391
588 391 589
590 591 48
590 48 49
53 590 49
53 49 50
584 586 587
584 587 585
592 120 119
592 119 593
583 123 75
583 75 104
214 169 248
248 162 249
179 237 238
179 238 176
412 178 177
412 177 414
569 503 532
179 178 410
179 410 235
305 237 236
305 236 306
532 503 452
284 150 147
566 565 529
566 529 563
565 594 453
565 453 529
594 454 453
568 514 594
568 594 565
514 513 594
513 194 304
513 304 454
194 193 239
194 239 304
193 415 240
193 240 239
415 420 241
415 241 240
420 421 413
420 413 241
540 539 510
540 510 471
539 515 511
539 511 510
506 507 515
506 515 539
512 511 568
512 568 567
507 189 195
453 455 530
594 513 454
562 533 552
569 305 503
532 530 569
452 305 306
305 455 303
305 569 455
111 222 224
111 224 112
222 221 225
222 225 224
221 298 299
221 299 225
298 300 299
108 595 91
108 91 90
595 596 204
595 204 91
596 597 223
596 223 204
597 598 220
597 220 223
598 296 297
598 297 220
60 59 595
60 595 108
59 599 596
59 596 595
599 600 597
599 597 596
600 601 598
600 598 597
601 295 296
601 296 598
58 205 599
58 599 59
205 206 600
205 600 599
206 208 601
206 601 600
208 209 295
208 295 601
302 602 603
302 603 226
165 274 249
526 525 460
526 460 459
561 560 556
561 556 559
525 560 545
525 545 460
433 526 450
450 526 459
313 422 312
604 605 606
604 606 607
608 609 610
608 610 611
607 606 612
613 614 615
613 615 616
617 618 614
617 614 613
619 620 618
619 618 617
621 622 605
621 605 604
623 624 620
623 620 619
625 626 624
625 624 623
625 627 626
611 610 622
611 622 621
616 615 609
616 609 608
628 629 630
628 630 631
632 633 634
632 634 635
636 637 638
636 638 639
640 641 633
640 633 632
642 643 644
642 644 645
646 647 648
646 648 649
642 645 650
629 628 641
629 641 640
635 634 647
635 647 646
644 643 631
644 631 630
637 636 649
637 649 648
507 476 189
639 638 651
48 652 38
48 38 37
48 591 653
48 653 652
82 654 113
82 113 83
655 656 657
655 657 658
659 660 661
659 661 662
662 661 657
662 657 663
657 661 664
657 664 658
658 664 665
658 665 666
667 665 664
667 664 668
668 664 661
668 661 660
669 667 668
669 668 670
670 668 660
670 660 671
672 673 670
672 670 671
669 670 673
669 673 674
669 674 675
669 675 676
676 677 667
676 667 669
676 675 678
676 678 679
679 680 677
679 677 676
681 682 672
681 672 683
672 682 684
672 684 673
674 685 686
674 686 675
687 683 672
687 672 671
687 671 660
687 660 659
666 665 688
666 688 689
677 688 665
677 665 667
677 680 690
677 690 688
688 690 691
688 691 689
692 691 39
692 39 38
40 39 691
40 691 690
40 690 680
40 680 41
689 691 692
689 692 693
693 694 666
693 666 689
694 655 658
694 658 666
44 45 679
44 679 678
680 679 45
680 45 41
44 678 695
44 695 46
686 695 678
686 678 675
696 697 693
696 693 692
697 698 694
697 694 693
699 698 700
699 700 701
702 703 704
702 704 705
706 707 708
706 708 709
705 710 711
705 711 702
712 713 714
712 714 715
703 714 713
703 713 704
708 707 716
708 716 717
717 716 718
717 718 719
712 718 716
712 716 713
713 716 707
713 707 704
718 720 721
718 721 719
718 712 722
718 722 720
723 721 720
723 720 724
725 726 722
725 722 727
712 715 727
712 727 722
728 729 82
728 82 81
84 730 731
84 731 85
85 731 732
85 732 88
733 734 735
733 735 736
737 735 734
737 734 730
737 730 84
737 84 95
733 738 739
733 739 734
734 739 731
734 731 730
732 731 739
732 739 740
740 739 738
740 738 741
732 740 742
732 742 728
743 742 740
743 740 741
742 744 729
742 729 728
743 745 744
743 744 742
745 743 746
745 746 747
743 741 748
743 748 746
721 723 747
721 747 746
748 749 717
748 717 719
708 717 749
708 749 750
748 719 721
748 721 746
751 752 711
751 711 710
735 737 753
735 753 754
748 741 738
748 738 749
749 738 733
749 733 750
729 744 755
729 755 756
757 758 759
757 759 760
761 762 763
761 763 764
723 724 765
723 765 766
757 767 768
757 768 769
687 659 703
687 703 702
702 711 683
702 683 687
715 714 662
715 662 663
659 662 714
659 714 703
770 727 715
770 715 663
711 752 681
711 681 683
771 772 773
771 773 774
775 776 777
775 777 778
779 780 781
779 781 782
783 784 144
783 144 143
785 786 787
785 787 783
144 784 149
786 788 789
786 789 787
152 785 783
152 783 143
685 790 788
685 788 786
782 781 791
782 791 792
792 793 794
792 794 782
795 796 797
795 797 798
799 800 801
799 801 802
803 804 805
803 805 806
807 808 809
807 809 810
780 779 811
780 811 812
813 814 815
813 815 816
817 818 819
817 819 820
821 822 823
821 823 824
825 826 827
825 827 828
829 830 831
829 831 832
95 196 753
95 753 737
833 684 682
833 682 834
835 681 752
835 752 836
786 785 695
786 695 686
836 752 751
836 751 837
804 799 802
804 802 805
751 838 807
751 807 837
838 751 710
838 710 839
840 736 735
840 735 754
841 710 705
841 705 706
839 710 841
839 841 842
843 839 842
843 842 844
845 846 847
845 847 848
846 849 850
846 850 847
839 843 851
839 851 838
847 850 852
847 852 853
803 806 854
803 854 855
834 682 681
834 681 835
856 857 858
856 858 859
860 227 861
857 840 754
857 754 858
860 753 196
860 196 227
228 775 778
228 778 229
862 233 232
862 232 863
777 776 864
773 772 862
773 862 863
865 814 866
865 866 867
865 867 791
865 791 781
813 868 869
813 869 870
813 816 871
813 871 868
823 872 873
822 874 872
822 872 823
229 778 875
229 875 245
778 777 875
876 822 777
876 777 864
852 794 793
852 793 853
852 850 803
852 803 855
803 850 849
849 804 803
804 877 799
799 878 800
795 879 880
795 880 796
881 882 883
881 883 884
883 882 885
883 885 886
885 887 888
885 888 886
888 887 889
888 889 890
891 892 890
891 890 889
893 894 892
893 892 891
893 895 896
893 896 894
896 895 897
896 897 898
897 271 270
897 270 898
899 900 810
899 810 809
810 900 881
810 881 884
901 879 795
901 795 800
800 795 798
800 798 801
786 686 685
705 704 707
705 707 706
699 902 903
699 903 904
770 905 725
770 725 727
726 724 720
726 720 722
770 663 657
770 657 656
656 904 905
656 905 770
906 779 782
906 782 794
779 906 907
779 907 811
855 906 794
855 794 852
855 854 907
855 907 906
822 876 874
827 826 908
827 908 909
910 784 783
910 783 787
809 911 912
809 912 899
808 913 911
808 911 809
851 914 913
851 913 808
843 848 914
843 914 851
915 877 849
915 849 846
877 915 916
877 916 878
917 901 878
917 878 916
918 879 901
879 918 919
879 919 920
846 845 921
846 921 915
915 921 922
915 922 916
916 922 923
916 923 917
917 923 924
917 924 918
925 926 927
925 927 928
844 845 848
844 848 843
924 923 856
924 856 859
807 838 851
807 851 808
869 929 930
869 930 870
870 930 931
870 931 866
932 912 791
932 791 867
791 912 911
791 911 792
911 913 793
911 793 792
914 853 793
914 793 913
848 847 853
848 853 914
785 152 46
785 46 695
933 910 789
773 821 824
773 824 774
821 773 863
821 863 875
875 863 232
875 232 245
934 935 936
937 938 935
873 936 935
873 935 823
823 935 824
938 939 774
938 774 824
939 940 771
939 771 774
828 830 829
828 829 825
941 942 817
941 817 820
910 317 784
894 788 790
894 790 892
892 790 833
892 833 890
834 888 890
834 890 833
888 834 835
888 835 886
835 836 883
835 883 886
836 837 884
836 884 883
837 807 810
837 810 884
943 944 945
946 947 948
949 950 951
952 953 954
952 954 955
955 954 956
955 956 957
958 959 960
958 960 961
944 961 962
944 962 945
953 952 963
944 964 965
944 965 961
952 955 966
952 966 967
966 955 957
966 957 968
957 969 970
957 970 968
961 971 972
961 972 958
973 974 975
973 975 976
977 978 979
977 979 980
976 975 981
976 981 982
978 983 984
978 984 979
985 977 980
985 980 986
987 988 974
987 974 973
989 983 990
989 990 991
992 978 977
993 994 982
993 982 995
976 996 973
971 961 965
997 998 948
997 948 947
950 949 963
950 963 952
950 952 967
950 967 999
983 989 1000
983 1000 984
982 981 1001
982 1001 995
1002 964 944
1002 944 948
944 943 946
944 946 948
1003 951 950
1003 950 1004
1004 950 999
1004 999 1005
989 1006 1007
989 1007 1000
1006 989 991
1006 991 1008
1009 993 995
1009 995 1010
995 1001 1011
995 1011 1010
948 998 1012
948 1012 1002
957 956 1013
962 961 960
996 976 982
996 982 994
983 978 992
983 992 990
996 987 973
985 992 977
1001 1002 1012
1001 1012 1011
981 964 1002
981 1002 1001
975 965 964
975 964 981
974 971 965
974 965 975
988 972 971
988 971 974
986 980 968
986 968 970
980 979 966
980 966 968
979 984 967
979 967 966
984 1000 999
984 999 967
1000 1007 1005
1000 1005 999
684 833 790
684 790 685
674 673 684
674 684 685
1014 1015 763
1014 763 762
1016 1017 1018
1016 1018 1019
1020 1021 1022
1020 1022 1023
655 694 698
655 698 699
656 655 699
656 699 904
904 903 1024
904 1024 905
1025 1026 1027
1025 1027 1028
1029 969 957
1029 957 1013
1030 769 768
1030 768 1031
777 822 821
1032 1033 942
1032 942 941
409 933 898
409 898 270
933 789 896
933 896 898
788 894 896
788 896 789
781 780 1034
781 1034 865
1034 780 812
1034 812 1035
1034 1035 1036
1034 1036 815
816 1037 1038
816 1038 871
1039 1040 829
1039 829 832
829 1040 1041
829 1041 825
1042 1033 1032
1042 1032 1043
1043 940 939
1043 939 1042
1044 818 1040
1044 1040 1039
1045 819 818
1045 818 1044
939 1046 1042
1042 1046 1047
1042 1047 1033
1033 1047 1048
1033 1048 942
942 1048 1041
942 1041 817
817 1041 1040
817 1040 818
1046 938 937
1047 908 826
1047 826 1048
1048 826 825
1048 825 1041
1049 1050 1051
1049 1051 1052
1053 1054 1055
1053 1055 1056
1057 1058 893
1057 893 891
1059 1060 874
1059 874 876
776 775 1061
776 1061 1062
439 1049 1052
439 1052 440
441 1063 1049
441 1049 439
1064 1063 1065
1064 1065 1066
1067 1068 881
1067 881 900
1069 885 882
1069 882 1070
889 887 1071
889 1071 1072
1073 1067 900
1073 900 899
1074 1075 1076
897 1065 456
897 456 271
1050 1049 1063
1050 1063 1064
1077 1078 1050
1077 1050 1064
1079 1080 1081
1079 1081 1082
1083 1084 1085
1083 1085 1086
776 1062 1087
776 1087 864
1050 1078 1088
1050 1088 1051
1089 1054 1053
1089 1053 1090
1091 1092 1093
1091 1093 1094
874 1060 1095
874 1095 872
828 827 1096
828 1096 1097
872 1095 1098
872 1098 873
1092 1089 1090
1092 1090 1093
1099 1100 1101
1099 1101 1102
1103 1104 1086
1103 1086 1085
885 1069 1071
885 1071 887
228 485 1061
228 1061 775
1072 1057 891
1072 891 889
1105 1106 1107
1105 1107 1108
864 1087 1059
864 1059 876
1075 930 929
1075 929 1076
1109 1110 1111
1109 1111 1112
1113 1109 1112
1113 1112 1114
1115 1116 1113
1115 1113 1114
1117 1118 1119
1062 1061 1120
1062 1120 1119
485 502 1120
485 1120 1061
899 912 932
899 932 1073
1073 931 1121
1096 1122 1123
1096 1123 1097
1096 934 936
1096 936 1122
1124 1125 1097
1126 1123 1111
1126 1111 1110
1122 936 873
1122 873 1098
1127 1128 1129
1127 1129 1130
1131 1125 1132
1131 1132 1133
1052 1120 502
1052 502 440
1119 1051 1088
1119 1088 1117
1051 1119 1120
1051 1120 1052
1134 1135 1136
1134 1136 1137
1107 1106 1134
1107 1134 1138
1139 1140 1141
1139 1141 1142
1139 1143 1144
1139 1144 1140
1100 1099 1145
1100 1145 1146
1147 1148 1149
1147 1149 1074
1150 1151 1067
1150 1067 1073
1142 1141 1136
1142 1136 1152
1078 1152 1153
1078 1153 1088
1077 1142 1152
1077 1152 1078
1057 1139 1142
1057 1142 1077
1057 1143 1139
1087 1062 1119
1087 1119 1118
1114 1060 1059
1114 1059 1115
1095 1060 1114
1095 1114 1112
1098 1095 1112
1098 1112 1111
1123 1122 1098
1123 1098 1111
1115 1059 1087
1115 1087 1118
1116 1115 1118
1116 1118 1154
1155 1116 1154
1155 1154 1156
1124 1097 1123
1124 1123 1126
1124 1126 1157
1124 1157 1158
831 830 1125
831 1125 1131
1071 1080 1079
1071 1079 1072
1069 1159 1080
1069 1080 1071
1070 1160 1159
1070 1159 1069
1068 1067 1151
1068 1151 1161
1155 1055 1054
1155 1054 1162
1104 1103 1163
1104 1163 1164
1165 1166 1159
1165 1159 1160
1054 1089 1167
1054 1167 1162
1092 1091 1157
1092 1157 1168
1089 1092 1168
1089 1168 1167
1161 1151 1169
1161 1169 1170
1159 1166 1081
1159 1081 1080
1171 1106 1105
1171 1105 1156
1137 1172 1138
1137 1138 1134
1153 1135 1171
1153 1171 1173
1174 1175 1176
1174 1176 1177
1163 1178 1179
1163 1179 1164
1150 1180 1151
1181 1182 1148
1181 1148 1147
1177 1176 1172
1177 1172 1137
1108 1056 1055
1108 1055 1105
1094 1127 1130
1094 1130 1091
1183 1184 1185
1183 1185 1186
881 1068 1070
881 1070 882
1160 1070 1068
1160 1068 1161
1160 1161 1170
1160 1170 1165
1084 1083 1102
1084 1102 1101
1075 1149 1187
1180 1150 1149
1145 1148 1182
1145 1182 1146
895 893 1058
895 1058 1066
1066 1065 897
1066 897 895
1065 1063 441
1065 441 456
1066 1058 1077
1066 1077 1064
1058 1057 1077
1082 1081 1104
1082 1104 1164
1152 1136 1135
1152 1135 1153
1177 1141 1140
1177 1140 1174
1140 1144 1179
1140 1179 1174
1137 1136 1141
1137 1141 1177
1055 1155 1156
1055 1156 1105
1116 1155 1162
1116 1162 1113
1086 1166 1165
1086 1165 1083
1162 1167 1109
1162 1109 1113
1168 1157 1126
1168 1126 1110
1167 1168 1110
1167 1110 1109
1102 1170 1169
1102 1169 1099
1104 1081 1166
1104 1166 1086
1173 1171 1156
1173 1156 1154
1106 1171 1135
1106 1135 1134
1099 1169 1180
1099 1180 1145
1165 1170 1102
1165 1102 1083
1145 1180 1149
1145 1149 1148
934 1096 827
934 827 909
1154 1118 1117
1154 1117 1173
1173 1117 1088
1173 1088 1153
933 317 910
918 901 917
409 317 933
88 732 728
88 728 81
784 317 149
777 821 875
935 938 824
937 909 908
937 908 1046
934 937 935
934 909 937
908 1047 1046
1129 1184 1133
1129 1133 1132
1188 1189 1190
1188 1190 1191
1192 1193 1194
1192 1194 1195
1196 758 1193
1196 1193 1192
755 744 745
755 745 1197
1198 1199 1028
1198 1028 1027
1026 1025 1030
1026 1030 1031
1197 745 747
1197 747 1200
1191 1190 1201
1191 1201 1202
1203 1204 1199
1203 1199 1198
1205 1206 1016
1205 1016 1019
1207 697 696
1207 696 1208
700 698 697
700 697 1207
1202 1201 1204
1202 1204 1203
1209 1210 761
1209 761 764
1200 747 723
1200 723 766
849 877 804
877 878 799
814 813 870
814 870 866
1036 1037 816
1036 816 815
1187 1150 1121
814 865 1034
814 1034 815
931 932 867
931 867 866
1150 1073 1121
910 787 789
1186 1181 1147
1186 1147 1183
1183 1147 1074
1183 1074 1211
1211 1074 1076
1184 1183 1211
1184 1211 1133
1133 1211 1131
1131 1076 929
1131 929 831
831 929 869
831 869 832
832 869 868
832 868 1039
1039 868 871
1039 871 1044
1044 871 1038
1044 1038 1045
1157 1091 1130
1157 1130 1158
1158 1130 1129
1158 1129 1132
1124 1158 1132
1124 1132 1125
1128 1185 1184
1128 1184 1129
1125 830 828
1074 1149 1075
1211 1076 1131
1180 1169 1151
1187 1121 931
1150 1187 1149
1073 932 931
931 930 1075
931 1075 1187
754 753 860
754 860 858
858 860 1212
858 1212 859
859 1212 925
859 925 924
924 925 928
750 733 736
750 736 1213
1213 736 840
1213 840 1214
1214 840 857
1214 857 1215
1215 857 856
1215 856 1216
1216 856 923
1216 923 922
708 750 1213
708 1213 709
709 1213 1214
709 1214 1217
1217 1214 1215
1217 1215 1218
1218 1215 1216
1218 1216 1219
1219 1216 922
1219 922 921
706 709 1217
706 1217 841
841 1217 1218
841 1218 842
842 1218 1219
842 1219 844
844 1219 921
844 921 845
603 602 926
603 926 861
800 878 901
1143 1079 1082
1143 1082 1144
1178 1175 1174
1178 1174 1179
1144 1082 1164
1144 1164 1179
1057 1072 1143
1072 1079 1143
939 938 1046
1220 1221 1222
1220 1222 1223
1224 1225 1226
1224 1226 1227
1221 1228 1222
1229 1230 1231
1229 1231 1232
1233 1229 1232
1233 1232 1234
1235 1233 1234
1235 1234 1236
1237 1220 1223
1237 1223 1238
1239 1235 1236
1239 1236 1240
1241 1239 1240
1241 1240 1242
1241 1242 1243
1225 1237 1238
1225 1238 1226
1230 1224 1227
1230 1227 1231
1244 1245 1246
1244 1246 1247
1248 1249 1250
1248 1250 1251
1252 1253 1254
1252 1254 1255
1256 1248 1251
1256 1251 1257
1258 1259 1260
1258 1260 1261
1262 1263 1264
1262 1264 1265
1258 1266 1259
1247 1256 1257
1247 1257 1244
1249 1262 1265
1249 1265 1250
1260 1246 1245
1260 1245 1261
1255 1264 1263
1255 1263 1252
1125 828 1097
1253 1267 1254
696 692 38
696 38 652
696 652 653
696 653 1208
82 729 756
82 756 654
1268 1269 1270
1268 1270 1271
1272 1273 1274
1272 1274 1275
1268 1276 1277
1268 1277 1269
1278 1272 1275
1278 1275 1279
1280 1281 1282
1280 1282 1283
1275 1274 1282
1275 1282 1281
1284 1285 1286
1284 1286 1287
1288 1289 1281
1288 1281 1280
1279 1275 1281
1279 1281 1289
1269 1290 1287
1269 1287 1270
1291 1284 1287
1291 1287 1290
1290 1269 1277
1290 1277 1292
1292 1293 1291
1292 1291 1290
1271 1270 1294
1271 1294 1295
1287 1286 1294
1287 1294 1270
1274 1294 1286
1274 1286 1282
1273 1295 1294
1273 1294 1274
1285 1283 1282
1285 1282 1286
1296 1297 1298
1296 1298 1299
1298 1297 1300
1298 1300 1301
1302 1296 1299
1302 1299 1303
1304 1305 1302
1304 1302 1303
1306 1305 1304
1306 1304 1307
1302 1308 1309
1302 1309 1296
1309 1308 1310
1309 1310 1311
1310 1308 1312
1310 1312 1313
1312 1308 1302
1312 1302 1305
1296 1309 1314
1296 1314 1297
1314 1309 1311
1314 1311 1315
1313 1312 1316
1313 1316 1317
1316 1312 1305
1316 1305 1306
1297 1314 1318
1297 1318 1300
1318 1314 1315
1318 1315 1319
1320 1301 1300
1320 1300 1321
1321 1300 1318
1321 1318 1322
1318 1319 1323
1318 1323 1322
1324 1325 1326
1324 1326 1327
1328 1329 1330
1328 1330 1331
1332 1333 1334
1332 1334 1335
1336 1337 1338
1336 1338 1339
1340 1341 1342
1343 1344 1345
1343 1345 1346
1347 1348 1349
1347 1349 1350
1351 1352 1353
1351 1353 1354
1355 1356 1357
1355 1357 1358
1356 1359 1360
1356 1360 1357
1345 1361 1362
1345 1362 1342
1344 1363 1361
1344 1361 1345
1364 1355 1358
1364 1358 1334
1365 1324 1327
1365 1327 1366
1349 1367 1368
1349 1368 1350
1340 1369 1370
1340 1370 1371
1372 1326 1328
1372 1328 1373
1373 1328 1331
1373 1331 1374
1353 1347 1375
1353 1375 1376
1376 1377 1354
1376 1354 1353
1358 1335 1334
1357 1360 1337
1357 1337 1336
1341 1340 1371
1341 1371 1378
1379 1380 1343
1379 1343 1346
1364 1334 1333
1364 1333 1381
1362 1369 1340
1362 1340 1342
1382 1383 1349
1382 1349 1348
1383 1384 1367
1383 1367 1349
1324 1365 1385
1324 1385 1386
1325 1324 1386
1325 1386 1387
1330 1329 1388
1330 1388 1389
1352 1351 1390
1352 1390 1391
1342 1341 1346
1342 1346 1345
1346 1341 1378
1346 1378 1379
1348 1352 1391
1348 1391 1382
1352 1348 1347
1352 1347 1353
1326 1325 1329
1326 1329 1328
1325 1387 1388
1325 1388 1329
1336 1339 1332
1336 1332 1335
1336 1335 1358
1336 1358 1357
1392 1393 1394
1392 1394 1395
1396 1397 1398
1396 1398 1399
1392 1395 1400
1392 1400 1401
1402 1403 1397
1402 1397 1396
1404 1405 1406
1404 1406 1407
1397 1407 1406
1397 1406 1398
1408 1409 1410
1408 1410 1411
1412 1404 1407
1412 1407 1413
1403 1413 1407
1403 1407 1397
1395 1394 1409
1395 1409 1414
1415 1414 1409
1415 1409 1408
1414 1416 1400
1414 1400 1395
1416 1414 1415
1416 1415 1417
1393 1418 1419
1393 1419 1394
1409 1394 1419
1409 1419 1410
1398 1406 1410
1398 1410 1419
1399 1398 1419
1399 1419 1418
1411 1410 1406
1411 1406 1405
1420 1421 1422
1420 1422 1423
1422 1424 1425
1422 1425 1423
1426 1427 1421
1426 1421 1420
1428 1427 1426
1428 1426 1429
1430 1431 1428
1430 1428 1429
1426 1420 1432
1426 1432 1433
1432 1434 1435
1432 1435 1433
1435 1436 1437
1435 1437 1433
1437 1429 1426
1437 1426 1433
1420 1423 1438
1420 1438 1432
1438 1439 1434
1438 1434 1432
1436 1440 1441
1436 1441 1437
1441 1430 1429
1441 1429 1437
1423 1425 1442
1423 1442 1438
1442 1443 1439
1442 1439 1438
1444 1445 1425
1444 1425 1424
1445 1446 1442
1445 1442 1425
1442 1446 1447
1442 1447 1443
1448 1449 1450
1448 1450 1451
1452 1453 1454
1452 1454 1455
1456 1457 1458
1456 1458 1459
1460 1461 1462
1460 1462 1463
1464 1465 1466
1467 1468 1469
1467 1469 1470
1471 1472 1473
1471 1473 1474
1475 1476 1477
1475 1477 1478
1479 1480 1481
1479 1481 1482
1482 1481 1483
1482 1483 1484
1469 1465 1485
1469 1485 1486
1470 1469 1486
1470 1486 1487
1488 1458 1480
1488 1480 1479
1489 1490 1449
1489 1449 1448
1472 1471 1491
1472 1491 1492
1464 1493 1494
1464 1494 1495
1496 1497 1452
1496 1452 1450
1497 1498 1453
1497 1453 1452
1477 1499 1500
1477 1500 1474
1499 1477 1476
1499 1476 1501
1480 1458 1457
1481 1460 1463
1481 1463 1483
1466 1502 1493
1466 1493 1464
1503 1468 1467
1503 1467 1504
1488 1505 1459
1488 1459 1458
1485 1465 1464
1485 1464 1495
1506 1473 1472
1506 1472 1507
1507 1472 1492
1507 1492 1508
1448 1509 1510
1448 1510 1489
1451 1511 1509
1451 1509 1448
1454 1512 1513
1454 1513 1455
1478 1514 1515
1478 1515 1475
1465 1469 1468
1465 1468 1466
1468 1503 1502
1468 1502 1466
1473 1506 1514
1473 1514 1478
1478 1477 1474
1478 1474 1473
1450 1452 1455
1450 1455 1451
1451 1455 1513
1451 1513 1511
1460 1457 1456
1460 1456 1461
1460 1481 1480
1460 1480 1457
1333 1332 1387
1333 1387 1386
1339 1338 1389
1339 1389 1388
1371 1370 1384
1371 1384 1383
1378 1371 1383
1378 1383 1382
1380 1379 1391
1380 1391 1390
1381 1333 1386
1381 1386 1385
1379 1378 1382
1379 1382 1391
1388 1387 1332
1388 1332 1339
1456 1459 1509
1456 1509 1511
1462 1461 1513
1462 1513 1512
1494 1493 1507
1494 1507 1508
1493 1502 1506
1493 1506 1507
1503 1504 1515
1503 1515 1514
1459 1505 1510
1459 1510 1509
1502 1503 1514
1502 1514 1506
1511 1513 1461
1511 1461 1456
1366 1327 1326
1366 1326 1372
1350 1368 1375
1350 1375 1347
1449 1490 1496
1449 1496 1450
1491 1471 1474
1491 1474 1500
918 928 919
928 927 920
928 920 919
1516 1517 301
1516 301 294
300 298 292
300 292 293
924 928 918
1518 927 926
1518 926 602
861 926 925
861 925 1212
1519 920 927
1519 927 1518
860 861 1212
861 227 603
879 920 880
880 920 1519
302 301 1517
302 1517 602
299 302 226
299 226 225
294 301 300
294 300 293
224 226 227
227 226 603
251 294 293
294 250 1516
