byte offset: 0
first index: 0
index count: 13953
topology: trianglelist
format: DXGI_FORMAT_R16_UINT

0 1 2
3 1 0
4 1 3
5 4 3
5 6 4
7 6 5
8 6 7
3 9 5
3 10 9
9 11 5
5 11 12
5 12 7
13 7 12
8 7 14
15 8 14
15 14 16
16 14 17
17 14 7
7 13 18
18 13 19
19 20 18
21 7 18
17 7 21
20 22 18
21 18 22
16 17 23
24 16 23
25 17 21
25 21 22
20 26 22
27 26 20
27 28 26
27 29 28
30 24 23
30 31 24
30 32 31
30 33 32
34 32 33
23 17 35
25 35 17
36 35 25
25 37 36
25 38 37
25 22 38
39 30 23
39 33 30
34 33 40
41 34 40
23 35 42
39 23 42
43 40 33
43 33 39
41 40 44
43 44 40
41 44 45
44 43 45
41 45 46
46 45 47
48 47 45
47 48 49
43 50 45
45 50 48
49 48 51
50 51 48
49 51 52
51 53 52
39 54 43
43 54 50
51 55 53
55 56 53
55 57 56
51 58 55
50 58 51
55 58 57
59 58 50
50 54 59
60 59 54
39 61 54
61 60 54
42 61 39
59 62 58
57 58 62
60 63 59
62 59 63
42 64 61
61 65 60
64 65 61
66 64 42
66 42 35
36 66 35
66 67 64
64 67 65
66 68 67
68 66 36
69 65 67
68 69 67
60 65 70
69 70 65
68 71 69
68 36 72
71 68 72
73 70 69
71 73 69
60 74 63
60 70 75
60 75 74
70 76 75
73 77 70
70 77 76
78 74 75
76 78 75
79 63 74
74 78 80
74 80 79
81 79 80
79 82 63
62 63 82
79 83 82
62 82 83
79 81 83
62 83 57
81 84 83
57 83 84
85 77 73
85 73 86
71 86 73
78 87 80
88 81 80
87 88 80
87 89 88
87 90 89
88 89 91
88 91 81
92 90 87
92 87 93
78 93 87
94 92 93
95 93 78
93 95 94
96 94 95
76 95 78
97 96 95
91 98 81
91 99 98
98 99 100
97 95 101
101 95 76
97 101 102
76 102 101
97 102 103
76 104 102
103 102 104
76 77 104
103 104 105
77 106 104
106 105 104
106 107 105
106 108 107
85 106 77
106 85 108
108 85 109
109 85 110
85 86 110
111 110 86
110 111 112
110 112 113
109 110 113
114 109 113
114 113 115
115 113 112
115 112 116
111 86 117
117 86 71
116 112 118
118 119 116
117 71 120
71 72 120
118 121 119
119 121 122
122 121 123
123 124 122
121 118 125
121 125 126
125 118 127
118 128 127
118 112 128
129 128 112
112 130 129
130 131 129
130 112 111
131 130 132
132 130 133
130 111 133
132 133 134
135 132 134
136 135 134
136 137 135
133 111 138
133 139 134
138 139 133
138 111 140
140 111 117
139 138 141
138 140 141
139 141 142
140 143 141
144 140 117
140 144 143
120 144 117
145 139 142
139 145 134
145 142 146
143 144 147
120 147 144
143 147 148
134 145 149
149 145 146
134 149 136
149 146 150
148 147 151
120 151 147
148 151 152
151 153 152
120 154 151
151 154 153
120 72 154
154 155 153
156 154 72
154 156 155
36 156 72
156 157 155
157 156 36
157 158 155
157 36 37
157 159 158
37 159 157
158 159 160
158 160 161
162 160 159
162 159 37
160 163 161
162 163 160
163 164 161
37 165 162
165 37 166
37 167 166
37 38 167
167 38 168
162 169 163
170 168 38
38 22 170
170 171 168
171 170 172
170 22 26
170 26 172
172 26 173
173 26 28
173 28 174
174 28 175
176 163 169
163 176 164
176 169 177
177 169 178
177 178 179
164 176 180
164 180 181
182 176 177
179 182 177
182 180 176
179 175 183
179 183 182
184 175 28
184 183 175
180 185 181
185 186 181
182 187 180
180 187 185
186 185 188
186 188 189
190 184 28
190 28 29
191 190 29
183 192 182
182 192 187
187 193 185
193 188 185
189 188 194
189 194 195
195 194 196
195 196 197
188 198 194
196 194 198
192 199 187
187 199 193
196 200 197
200 201 197
200 202 201
202 150 201
202 149 150
203 202 200
203 200 196
204 149 202
203 204 202
204 136 149
136 204 137
204 205 137
204 203 205
137 205 206
206 205 207
208 206 207
209 207 205
209 205 210
210 205 203
211 209 210
210 203 212
203 196 212
211 210 213
212 213 210
214 211 213
215 212 196
212 215 213
214 213 216
215 216 213
217 214 216
215 196 218
196 198 218
218 198 219
220 215 218
215 220 216
218 219 220
217 216 221
221 216 220
222 217 221
221 220 223
219 223 220
222 221 224
223 224 221
225 222 224
226 219 198
188 226 198
193 226 188
193 227 226
226 227 219
228 223 219
223 228 224
225 224 229
225 229 230
193 231 227
231 193 199
232 219 227
232 228 219
232 227 231
233 224 228
233 229 224
233 228 232
229 233 234
234 233 232
230 229 235
229 234 235
236 230 235
236 235 234
237 230 236
238 237 236
238 239 237
232 231 240
234 232 240
236 234 241
241 238 236
234 240 242
242 240 231
234 242 241
239 238 243
239 243 244
241 245 238
241 242 245
245 243 238
242 231 246
231 199 246
244 243 247
244 247 248
245 249 243
247 243 249
242 250 245
242 246 250
245 250 249
246 199 251
246 251 250
192 251 199
250 252 249
247 249 252
253 250 251
192 253 251
253 252 250
248 247 254
248 254 255
256 247 252
252 253 256
256 254 247
192 257 253
257 256 253
183 257 192
257 258 256
183 258 257
258 254 256
183 184 258
255 254 259
258 259 254
259 258 184
255 259 260
259 184 190
260 259 190
260 190 261
261 190 191
262 261 191
262 191 263
264 262 263
265 262 264
266 267 268
266 268 269
269 270 266
269 268 271
269 272 270
272 273 270
269 271 274
274 272 269
275 274 271
272 276 273
277 273 276
275 278 274
278 275 279
274 280 272
276 272 280
274 278 281
274 281 280
278 279 282
283 282 279
284 278 282
284 281 278
285 282 283
285 284 282
283 286 285
283 287 286
287 288 286
287 289 288
290 288 289
290 289 291
292 290 291
292 291 293
294 292 293
295 294 293
281 284 296
297 284 285
297 296 284
285 286 298
285 298 297
299 286 288
299 298 286
300 288 290
300 299 288
301 290 292
301 300 290
281 296 302
281 302 280
302 303 280
276 280 303
303 304 276
277 276 304
305 277 304
277 305 306
306 307 277
306 308 307
303 309 304
303 310 309
303 311 310
303 302 311
312 311 302
312 313 311
312 314 313
302 315 312
302 296 315
296 316 315
296 297 316
297 317 316
297 298 317
298 318 317
298 299 318
299 319 318
299 300 319
300 320 319
300 301 320
321 314 312
322 312 315
322 321 312
315 316 323
315 323 322
316 317 324
316 324 323
317 318 325
317 325 324
318 319 326
318 326 325
319 320 327
319 327 326
321 328 314
314 328 329
330 329 328
330 331 329
332 328 321
332 330 328
330 333 331
334 331 333
321 335 332
321 322 335
330 332 336
336 333 330
332 335 336
334 333 337
337 338 334
322 339 335
322 323 339
333 340 337
336 340 333
337 341 338
340 341 337
341 342 338
341 343 342
344 336 335
344 335 339
345 339 323
345 323 324
346 343 341
340 346 341
347 340 336
344 347 336
344 339 348
348 339 345
349 345 324
349 324 325
346 350 343
343 350 351
352 346 340
347 352 340
347 344 353
348 353 344
354 351 350
354 355 351
356 350 346
352 356 346
356 354 350
352 347 357
347 353 357
355 354 358
355 358 359
356 352 360
352 357 360
354 356 361
354 361 358
356 360 361
362 359 358
359 362 363
364 360 357
365 361 360
364 365 360
366 358 361
365 366 361
362 358 367
366 367 358
368 363 362
367 368 362
366 369 367
369 368 367
370 366 365
370 369 366
369 371 368
370 372 369
368 373 363
371 373 368
363 373 374
371 375 373
375 374 373
375 376 374
370 365 377
372 370 377
372 377 378
377 365 364
378 377 379
377 364 379
378 379 380
381 380 379
381 382 380
383 382 381
384 379 364
379 384 381
357 384 364
357 353 384
385 384 353
381 384 385
385 353 386
348 386 353
381 385 387
386 387 385
383 381 388
381 387 388
348 389 386
386 389 387
383 388 390
383 390 391
388 387 392
388 392 390
391 390 393
391 393 394
387 395 392
387 389 395
390 392 396
390 396 393
396 392 395
348 397 389
348 345 397
397 345 349
398 389 397
398 395 389
397 349 398
394 393 399
394 399 400
396 395 401
398 401 395
393 396 402
393 402 399
402 396 401
398 349 403
403 349 325
403 325 326
404 400 399
404 405 400
399 402 406
399 406 404
398 407 401
398 403 407
402 401 408
407 408 401
406 402 408
409 403 326
409 326 327
410 407 403
407 410 408
410 403 409
410 411 408
406 408 411
412 410 409
410 412 411
413 409 327
412 409 413
406 411 414
412 414 411
406 414 415
412 416 414
413 416 412
415 404 406
413 417 416
418 404 415
413 327 419
417 413 419
320 419 327
417 419 420
418 421 404
422 421 418
421 405 404
320 423 419
420 419 423
301 423 320
420 423 424
422 425 421
425 405 421
426 425 422
425 427 405
426 428 425
428 427 425
428 429 427
301 430 423
430 424 423
430 301 292
430 431 424
430 292 432
431 430 432
431 432 433
294 432 292
433 432 294
433 294 434
295 434 294
435 434 295
435 295 436
437 435 436
436 438 437
436 439 438
440 438 439
440 441 438
442 443 444
445 444 443
445 446 444
447 446 445
447 448 446
446 448 449
450 448 447
448 451 449
451 452 449
451 453 452
450 454 448
448 454 451
455 453 451
455 451 454
450 456 454
455 454 456
450 457 456
456 457 458
456 458 459
459 458 460
459 460 461
455 462 453
453 462 463
463 462 464
455 464 462
463 464 465
466 455 456
455 466 464
466 456 459
459 461 467
468 467 461
465 464 469
466 469 464
465 469 470
465 470 471
470 472 471
473 466 459
473 459 467
466 473 469
468 474 467
474 473 467
475 474 468
476 469 473
474 476 473
475 477 474
477 476 474
478 477 475
476 479 469
479 470 469
478 480 477
480 478 481
477 482 476
482 479 476
480 482 477
480 481 483
480 484 482
484 480 483
482 485 479
484 485 482
479 486 470
485 486 479
487 483 481
487 481 488
489 487 488
489 488 490
491 489 490
491 490 492
493 491 492
493 492 494
493 494 495
493 495 496
496 495 497
498 491 493
496 498 493
499 489 491
498 499 491
500 487 489
499 500 489
501 483 487
500 501 487
496 497 502
502 497 503
496 504 498
504 496 502
502 503 505
505 503 506
499 507 500
500 507 501
501 508 483
484 483 508
499 498 509
504 509 498
510 502 505
504 502 510
507 511 501
508 501 511
512 484 508
484 512 485
499 513 507
499 509 513
508 511 514
512 508 514
512 515 485
485 515 486
516 512 514
512 516 515
507 517 511
513 517 507
511 518 514
516 514 518
511 519 518
517 519 511
520 516 518
519 520 518
515 521 486
470 486 521
515 516 522
520 522 516
470 521 523
470 523 472
472 523 524
524 523 525
521 525 523
524 525 526
525 527 526
528 527 525
515 529 521
515 522 529
521 530 525
530 521 529
530 528 525
530 529 531
522 531 529
530 532 528
532 530 531
528 532 533
528 533 534
533 535 534
534 535 536
533 537 535
533 538 537
533 532 539
532 531 539
533 540 538
533 539 540
538 540 541
542 541 540
542 543 541
544 543 542
545 540 539
542 540 545
531 546 539
545 539 546
544 542 547
544 547 548
548 547 549
548 549 550
549 551 550
542 552 547
549 547 552
531 553 546
522 553 531
554 553 522
554 546 553
554 522 520
545 546 555
554 555 546
556 542 545
542 556 552
557 554 520
519 557 520
545 555 558
556 545 558
559 555 554
557 559 554
560 557 519
517 560 519
561 559 557
560 561 557
560 517 562
513 562 517
563 561 560
560 562 563
562 513 564
564 513 509
564 509 565
504 565 509
504 566 565
504 510 566
510 567 566
510 505 567
567 505 568
505 506 568
569 568 506
569 506 570
570 571 569
570 572 571
572 573 571
572 574 573
574 575 573
574 576 575
577 575 576
577 576 578
577 578 579
573 575 580
580 575 577
571 573 581
573 580 581
569 571 582
571 581 582
583 568 569
569 582 583
584 577 579
584 579 585
586 584 585
580 577 587
587 577 584
581 580 588
587 588 580
582 581 589
581 588 589
589 588 590
582 589 591
583 582 591
583 592 568
567 568 592
589 590 593
591 589 593
583 591 594
594 592 583
595 567 592
566 567 595
591 593 596
594 591 596
594 597 592
595 592 597
598 597 594
594 596 598
590 599 593
596 593 599
566 595 600
565 566 600
595 597 601
598 601 597
595 601 602
600 595 602
565 600 603
564 565 603
604 601 598
602 601 604
605 598 596
604 598 605
600 602 606
606 603 600
564 603 607
562 564 607
602 604 608
606 602 608
606 609 603
607 603 609
562 607 610
607 609 610
562 610 563
609 606 611
606 608 611
608 604 612
612 604 605
610 613 563
563 613 561
610 609 614
609 611 614
611 608 615
608 612 615
613 616 561
561 616 559
610 617 613
610 614 617
614 611 618
611 615 618
616 619 559
559 619 555
613 620 616
617 620 613
617 614 621
614 618 621
622 555 619
622 558 555
616 623 619
620 623 616
623 622 619
617 624 620
617 621 624
625 558 622
625 556 558
620 626 623
624 626 620
623 627 622
627 625 622
556 625 628
556 628 552
629 627 623
629 623 626
626 630 629
627 631 625
629 631 627
631 628 625
624 632 626
626 632 630
624 633 632
633 630 632
624 621 633
621 634 633
621 618 634
630 635 629
629 635 631
633 636 630
634 636 633
618 637 634
618 615 637
615 638 637
615 612 638
634 637 639
639 637 638
634 640 636
634 639 640
630 636 641
636 640 642
636 642 641
640 639 643
640 643 642
630 644 635
630 641 644
635 644 645
645 644 641
639 638 646
643 639 646
642 647 641
645 641 647
635 645 648
631 635 648
649 645 647
649 648 645
631 648 650
631 650 628
628 650 651
651 552 628
652 650 648
652 651 650
651 653 552
549 552 653
654 653 651
652 654 651
652 648 655
649 655 648
655 649 656
549 653 657
654 657 653
658 652 655
654 652 658
549 657 659
659 551 549
654 660 657
660 659 657
659 661 551
661 662 551
656 649 663
649 647 663
658 655 664
655 656 664
654 665 660
654 658 665
660 666 659
666 661 659
667 660 665
667 666 660
668 665 658
667 665 668
669 658 664
668 658 669
669 664 670
656 670 664
669 671 668
671 669 670
672 667 668
672 668 671
667 673 666
672 673 667
666 674 661
674 666 673
671 670 675
672 671 676
676 671 675
672 677 673
676 677 672
656 678 670
678 675 670
674 673 679
677 679 673
680 661 674
680 681 661
674 682 680
682 674 679
662 661 681
662 681 683
662 683 684
682 679 685
685 679 686
677 686 679
685 686 687
688 687 686
686 677 689
688 686 689
676 689 677
690 688 689
689 676 691
676 675 691
690 689 692
689 691 692
692 693 690
692 694 693
691 694 692
695 691 675
678 695 675
696 693 694
696 697 693
691 698 694
695 698 691
699 694 698
699 696 694
695 699 698
697 696 700
700 696 699
697 700 701
678 702 695
695 702 699
700 699 703
703 699 702
701 700 704
701 704 705
706 705 704
678 707 702
656 707 678
704 700 708
703 708 700
706 704 709
708 709 704
710 706 709
703 702 711
711 702 707
656 712 707
656 663 712
703 713 708
713 703 711
710 709 714
714 715 710
708 716 709
713 716 708
714 709 716
717 707 712
711 707 717
718 712 663
717 712 718
717 719 711
713 711 719
719 717 718
715 714 720
715 720 721
714 716 722
722 720 714
713 723 716
713 719 723
722 716 723
723 719 724
719 718 724
718 663 725
725 663 647
722 723 726
723 724 726
718 727 724
718 725 727
727 726 724
725 647 728
642 728 647
726 729 722
722 729 720
725 728 730
725 730 727
642 731 728
731 730 728
642 643 731
727 732 726
726 732 729
732 733 729
727 734 732
727 730 734
732 734 733
730 735 734
730 731 735
733 734 735
736 731 643
736 735 731
737 735 736
643 646 736
738 736 646
738 737 736
738 646 638
729 733 739
729 739 720
733 740 739
720 739 741
741 721 720
741 742 721
741 743 742
744 740 733
744 733 745
733 735 745
746 744 745
737 745 735
746 745 737
746 737 747
737 748 747
749 748 737
750 748 749
751 750 749
751 752 750
749 737 738
751 753 752
754 749 738
754 751 749
751 755 753
755 756 753
757 755 751
754 738 758
738 638 758
758 638 612
754 759 751
757 751 759
758 760 754
760 759 754
758 612 761
758 761 760
612 605 761
605 760 761
762 757 759
760 762 759
605 763 760
763 762 760
605 596 763
596 599 763
763 599 762
762 764 757
599 764 762
757 764 765
764 766 765
767 766 764
599 768 764
767 764 768
769 767 768
590 768 599
590 769 768
590 770 769
771 770 590
771 590 588
771 588 772
773 771 772
587 772 588
773 772 774
775 773 774
776 772 587
776 774 772
776 775 774
587 584 776
776 777 775
777 778 775
777 779 778
776 584 780
776 780 777
586 780 584
781 779 777
781 777 780
586 781 780
586 782 781
783 779 781
782 783 781
782 784 783
784 785 783
784 786 785
787 785 786
788 789 790
788 790 791
791 792 788
791 793 792
794 792 793
791 790 795
793 791 795
56 795 790
56 790 796
56 57 795
797 795 57
793 795 797
797 57 84
794 793 798
798 793 797
798 799 794
799 800 794
800 799 801
802 801 799
799 803 802
84 804 797
798 797 804
798 805 799
798 804 805
806 799 805
806 803 799
806 805 804
84 807 804
806 804 807
807 84 81
807 81 98
803 806 808
806 807 808
808 807 98
803 808 809
808 98 810
810 809 808
810 98 100
810 811 809
811 810 100
811 100 812
813 814 815
813 815 816
817 816 815
816 818 813
819 813 818
818 820 819
817 821 816
822 821 817
816 823 818
821 823 816
818 824 820
824 818 823
822 825 821
825 822 826
820 824 827
820 827 828
821 829 823
825 829 821
824 823 830
830 827 824
823 829 831
823 831 830
832 828 827
832 833 828
825 834 829
834 831 829
833 832 835
833 835 836
836 835 837
836 837 838
839 838 837
840 838 839
840 839 841
842 840 841
842 841 843
844 842 843
839 845 841
845 843 841
837 846 839
839 846 845
835 847 837
837 847 846
832 848 835
835 848 847
844 843 849
849 850 844
851 849 843
845 851 843
852 850 849
851 852 849
832 853 848
853 832 827
852 854 850
854 855 850
853 827 856
827 830 856
856 830 857
857 830 831
853 856 858
857 858 856
848 853 859
853 858 859
831 860 857
857 860 858
831 861 860
834 861 831
862 858 860
862 860 861
834 863 861
861 863 862
862 864 858
864 859 858
848 859 865
865 847 848
834 866 863
866 834 825
862 863 867
862 867 864
866 867 863
864 868 859
865 859 868
865 869 847
869 846 847
866 825 870
825 826 870
870 871 866
866 871 867
872 867 871
873 864 867
873 868 864
872 873 867
826 874 870
870 874 871
874 872 871
826 875 874
874 875 876
874 876 877
874 877 872
878 877 876
878 879 877
879 872 877
880 879 878
881 868 873
872 881 873
880 882 879
883 882 880
879 884 872
872 884 881
882 884 879
885 882 883
885 883 886
887 885 886
888 887 886
887 888 889
887 889 890
891 887 890
882 892 884
885 892 882
891 893 887
894 893 891
887 895 885
893 895 887
894 896 893
897 896 894
898 884 892
898 881 884
885 899 892
895 899 885
893 900 895
900 893 896
897 901 896
902 901 897
902 903 901
903 902 904
905 896 901
903 905 901
903 904 906
907 906 904
892 899 908
892 908 898
895 909 899
909 895 900
900 896 910
905 910 896
903 911 905
911 903 906
907 912 906
913 912 907
899 914 908
899 909 914
909 900 915
915 900 910
910 905 916
911 916 905
911 906 917
912 917 906
913 918 912
919 918 913
920 909 915
920 914 909
921 915 910
910 916 921
920 915 921
917 922 911
911 922 916
912 923 917
923 912 918
919 924 918
925 924 919
917 926 922
926 917 923
923 918 927
927 918 924
925 928 924
928 925 929
926 923 930
930 923 927
922 926 931
931 926 930
916 922 932
922 931 932
927 924 933
928 933 924
928 929 934
935 934 929
936 930 927
936 927 933
928 937 933
937 928 934
938 934 935
938 935 939
916 932 940
921 916 940
936 933 941
941 933 937
937 934 942
934 938 942
943 937 942
941 937 943
944 942 938
943 942 944
938 939 945
938 945 944
946 943 944
946 944 945
947 945 939
946 945 947
947 939 948
947 948 949
949 946 947
949 948 950
949 950 951
941 943 952
946 952 943
949 953 946
953 952 946
949 951 954
953 949 954
955 954 951
953 954 955
955 951 956
941 952 957
936 941 957
953 958 952
955 958 953
957 952 958
959 955 956
955 959 958
936 957 960
930 936 960
957 958 961
961 958 959
961 960 957
959 956 962
962 956 963
930 960 964
931 930 964
960 965 964
960 961 965
965 931 964
961 959 966
966 959 962
966 965 961
963 967 962
966 962 967
963 968 967
965 969 931
932 931 969
966 970 965
970 966 967
970 969 965
968 971 967
970 967 971
968 972 971
932 969 973
940 932 973
970 974 969
974 970 971
973 969 974
972 975 971
974 971 975
972 976 975
973 974 977
977 974 975
978 975 976
977 975 978
978 976 855
854 978 855
940 973 979
979 973 977
980 977 978
980 978 854
979 977 980
981 940 979
921 940 981
920 921 981
981 979 982
982 979 980
920 981 982
983 980 854
982 980 983
983 854 852
920 982 984
984 982 983
984 914 920
852 985 983
984 983 985
852 851 985
984 986 914
985 986 984
908 914 986
987 985 851
985 987 986
987 851 845
908 986 988
987 988 986
898 908 988
989 987 845
987 989 988
989 845 846
869 989 846
898 988 990
989 990 988
989 869 990
990 881 898
991 990 869
990 991 881
991 869 865
881 991 868
865 868 991
992 993 994
994 995 992
994 996 995
995 997 992
998 995 996
998 996 999
995 1000 997
998 1000 995
1000 1001 997
1000 1002 1001
1002 1003 1001
1004 998 999
1004 999 1005
998 1006 1000
1000 1006 1002
1002 1007 1003
1007 1008 1003
1009 998 1004
1009 1006 998
1004 1005 1010
1010 1005 1011
1012 1002 1006
1012 1007 1002
1004 1010 1013
1004 1013 1009
1010 1011 1014
1013 1010 1014
1015 1012 1006
1015 1006 1009
1012 1016 1007
1015 1016 1012
1007 1017 1008
1007 1016 1017
1011 1018 1014
1011 1019 1018
1014 1018 1020
1014 1020 1021
1013 1014 1021
1021 1020 1022
1021 1022 1023
1023 1013 1021
1024 1023 1022
1025 1008 1017
1025 1026 1008
1025 1027 1026
1013 1023 1028
1028 1009 1013
1028 1015 1009
1029 1015 1028
1024 1030 1023
1028 1023 1030
1030 1024 1031
1032 1028 1030
1030 1031 1032
1032 1029 1028
1033 1032 1031
1032 1033 1029
1033 1031 1034
1035 1033 1034
1036 1033 1035
1036 1029 1033
1036 1035 1037
1037 1038 1036
1036 1038 1039
1039 1038 1040
1039 1040 1041
1029 1036 1042
1042 1036 1039
1039 1041 1043
1043 1041 1044
1043 1044 1045
1046 1042 1039
1046 1039 1043
1047 1029 1042
1047 1042 1046
1043 1045 1048
1048 1045 1049
1048 1049 1027
1048 1027 1025
1050 1046 1043
1050 1043 1048
1025 1050 1048
1047 1046 1050
1051 1050 1025
1047 1050 1051
1051 1025 1017
1051 1017 1016
1016 1047 1051
1047 1052 1029
1052 1047 1016
1029 1052 1015
1015 1052 1016
1053 1054 1055
1053 1056 1054
1056 1057 1054
1056 1058 1057
1056 1059 1058
1060 1061 1062
1060 1063 1061
1060 1064 1063
1063 1064 1065
1063 1065 1066
1066 1065 1067
1066 1067 1068
1069 1068 1067
1070 1063 1066
1070 1066 1068
1070 1071 1063
1061 1063 1071
1061 1071 1072
1072 1073 1061
1070 1068 1074
1075 1068 1069
1074 1068 1075
1075 1069 1076
1074 1075 1077
1075 1076 1078
1077 1075 1079
1075 1078 1079
1077 1079 1080
1079 1078 1081
1080 1079 1082
1079 1081 1082
1080 1082 1083
1082 1081 1084
1083 1082 1085
1082 1084 1085
1083 1085 1086
1087 1086 1085
1088 1085 1084
1087 1085 1088
1088 1084 1089
1090 1087 1088
1091 1088 1089
1090 1088 1091
1091 1089 1092
1093 1090 1091
1094 1091 1092
1093 1091 1094
1094 1092 1095
1096 1093 1094
1094 1095 1097
1096 1094 1098
1094 1097 1098
1097 1099 1098
1100 1096 1098
1101 1098 1099
1100 1098 1101
1101 1099 1102
1100 1101 1103
1103 1101 1102
1103 1102 1104
1100 1103 1105
1106 1103 1104
1107 1105 1103
1106 1107 1103
1107 1108 1105
1106 1109 1107
1110 1111 1112
1110 1112 1113
1113 1114 1110
1113 1115 1114
1115 1116 1114
1115 1117 1116
1117 1118 1116
1117 1119 1118
1120 1118 1119
1120 1119 1121
1122 1120 1121
1122 1121 1123
1123 1124 1122
1123 1125 1124
1122 1124 1126
1125 1127 1124
1127 1126 1124
1125 1128 1127
1127 1129 1126
1128 1130 1127
1130 1129 1127
1128 1131 1130
1130 1132 1129
1131 1133 1130
1131 1134 1133
1130 1135 1132
1130 1133 1135
1132 1135 1136
1135 1137 1136
1135 1138 1137
1133 1138 1135
1137 1138 1139
1133 1140 1138
1134 1140 1133
1134 1141 1140
1142 1143 1144
1142 1144 1145
1146 1145 1144
1146 1144 1147
1147 1148 1146
1147 1149 1148
1150 1148 1149
1150 1151 1148
1150 1152 1151
1150 1153 1152
1153 1154 1152
1154 1153 1155
1156 1154 1155
1156 1157 1154
1156 1158 1157
1156 1159 1158
1159 1160 1158
1159 1161 1160
1160 1161 1162
1162 1161 1163
1164 1162 1163
1164 1163 1165
1166 1167 1168
1169 1166 1168
1168 1170 1169
1168 1171 1170
1172 1170 1171
1172 1171 1173
1174 1172 1173
1174 1173 1175
1175 1176 1174
1175 1177 1176
1177 1178 1176
1177 1179 1178
1179 1180 1178
1179 1181 1180
1182 1180 1181
1182 1181 1183
1182 1183 1184
1182 1184 1185
1186 1185 1184
1186 1187 1185
1188 1187 1186
1188 1189 1187
1190 1189 1188
1190 1191 1189
1191 1190 1192
1191 1192 1193
1193 1192 1194
1193 1194 1195
1196 1195 1194
1197 1182 1185
1198 1185 1187
1198 1197 1185
1199 1198 1187
1200 1199 1187
1189 1200 1187
1189 1201 1200
1202 1201 1189
1202 1189 1191
1191 1203 1202
1197 1198 1204
1203 1191 1205
1206 1203 1205
1205 1191 1193
1197 1204 1207
1204 1208 1207
1206 1205 1209
1210 1206 1209
1205 1193 1211
1195 1211 1193
1205 1212 1209
1205 1211 1212
1210 1209 1213
1213 1209 1212
1214 1207 1208
1214 1208 1215
1214 1215 1216
1217 1216 1210
1210 1213 1217
1214 1216 1217
1195 1218 1211
1219 1212 1211
1219 1211 1218
1220 1218 1195
1196 1220 1195
1219 1218 1221
1220 1221 1218
1220 1196 1222
1222 1196 1223
1224 1220 1222
1224 1221 1220
1224 1222 1225
1226 1225 1222
1225 1226 1227
1225 1227 1228
1224 1225 1228
1228 1227 1229
1224 1230 1221
1224 1228 1230
1228 1229 1231
1229 1232 1231
1233 1231 1232
1234 1221 1230
1219 1221 1234
1228 1235 1230
1228 1231 1235
1234 1230 1235
1233 1236 1231
1235 1231 1236
1234 1235 1237
1235 1236 1237
1238 1236 1233
1237 1236 1238
1238 1233 1239
1240 1219 1234
1234 1237 1240
1241 1237 1238
1241 1240 1237
1239 1242 1238
1241 1238 1242
1239 1243 1242
1244 1242 1243
1244 1241 1242
1240 1245 1219
1245 1212 1219
1241 1246 1240
1246 1245 1240
1244 1247 1241
1241 1247 1246
1245 1248 1212
1213 1212 1248
1246 1249 1245
1249 1248 1245
1247 1249 1246
1247 1244 1250
1250 1244 1251
1252 1247 1250
1247 1252 1249
1252 1250 1253
1249 1254 1248
1254 1249 1252
1254 1252 1253
1213 1248 1254
1254 1253 1255
1213 1254 1256
1256 1254 1255
1256 1217 1213
1256 1255 1257
1256 1258 1217
1257 1258 1256
1257 1259 1258
1258 1214 1217
1260 1258 1259
1258 1261 1214
1260 1261 1258
1261 1207 1214
1260 1262 1261
1261 1262 1207
1260 1263 1262
1264 1207 1262
1197 1207 1264
1263 1265 1262
1264 1262 1265
1263 1266 1265
1265 1266 1267
1264 1268 1197
1197 1268 1182
1265 1269 1264
1264 1269 1268
1265 1267 1270
1265 1270 1269
1271 1270 1267
1271 1269 1270
1271 1267 1272
1271 1272 1273
1274 1182 1268
1274 1180 1182
1275 1268 1269
1271 1275 1269
1275 1274 1268
1271 1273 1276
1275 1271 1276
1276 1273 1277
1275 1276 1278
1274 1275 1278
1279 1180 1274
1279 1178 1180
1274 1280 1279
1274 1278 1280
1281 1178 1279
1282 1178 1281
1176 1178 1282
1176 1282 1283
1284 1176 1283
1284 1174 1176
1174 1284 1285
1280 1278 1286
1285 1287 1174
1288 1287 1285
1287 1172 1174
1289 1286 1278
1289 1290 1286
1289 1291 1290
1288 1292 1287
1293 1292 1288
1287 1294 1172
1170 1172 1294
1295 1293 1291
1289 1295 1291
1296 1289 1278
1296 1278 1276
1276 1277 1296
1289 1296 1297
1277 1297 1296
1289 1297 1295
1277 1298 1297
1299 1297 1298
1299 1300 1297
1300 1295 1297
1300 1299 1301
1293 1295 1302
1300 1302 1295
1293 1302 1292
1300 1301 1303
1302 1300 1303
1303 1301 1304
1302 1305 1292
1287 1292 1305
1287 1305 1294
1302 1303 1306
1302 1306 1305
1303 1304 1307
1307 1304 1308
1309 1306 1303
1303 1307 1309
1307 1308 1310
1310 1309 1307
1311 1310 1308
1305 1306 1312
1309 1312 1306
1313 1294 1305
1305 1312 1313
1311 1314 1310
1311 1315 1314
1310 1316 1309
1316 1312 1309
1314 1316 1310
1314 1315 1317
1317 1315 1318
1319 1317 1318
1316 1320 1312
1320 1313 1312
1314 1321 1316
1314 1317 1321
1321 1320 1316
1319 1322 1317
1321 1317 1322
1323 1322 1319
1321 1324 1320
1321 1322 1324
1323 1325 1322
1324 1322 1325
1326 1320 1324
1320 1326 1313
1323 1327 1325
1323 1328 1327
1329 1327 1328
1330 1324 1325
1330 1325 1327
1326 1324 1330
1331 1327 1329
1331 1330 1327
1331 1329 1332
1326 1330 1333
1331 1333 1330
1313 1326 1334
1326 1333 1334
1335 1331 1332
1335 1332 1336
1336 1166 1335
1337 1333 1331
1337 1331 1335
1337 1335 1166
1334 1333 1337
1337 1166 1169
1334 1337 1169
1313 1334 1338
1169 1338 1334
1313 1338 1294
1169 1170 1338
1170 1294 1338
1339 1340 1341
1339 1342 1340
1339 1343 1342
1343 1339 1344
1345 1343 1344
1343 1345 1346
1347 1346 1345
1347 1348 1346
1348 1347 1349
1349 1350 1348
1350 1349 1351
1351 1352 1350
1351 1353 1352
1353 1351 1354
1355 1353 1354
1355 1354 1356
1356 1357 1355
1357 1356 1358
1358 1359 1357
1359 1358 1360
1359 1360 1361
1361 1360 1362
1363 1364 1365
1363 1366 1364
1366 1363 1367
1366 1368 1364
1366 1367 1369
1369 1367 1370
1366 1371 1368
1371 1366 1369
1372 1368 1371
1369 1370 1373
1374 1373 1370
1372 1371 1375
1375 1376 1372
1371 1369 1377
1373 1377 1369
1371 1378 1375
1371 1377 1378
1375 1379 1376
1380 1376 1379
1381 1379 1375
1381 1375 1378
1382 1380 1379
1382 1379 1381
1380 1382 1383
1380 1383 1384
1384 1383 1385
1384 1385 1386
1387 1386 1385
1387 1388 1386
1388 1387 1389
1388 1389 1390
1390 1389 1391
1390 1391 1392
1392 1391 1393
1392 1393 1394
1391 1395 1393
1391 1396 1395
1389 1396 1391
1396 1397 1395
1387 1398 1389
1389 1398 1396
1396 1399 1397
1398 1399 1396
1399 1400 1397
1401 1387 1385
1387 1401 1398
1398 1402 1399
1401 1402 1398
1399 1403 1400
1402 1403 1399
1403 1404 1400
1401 1385 1405
1405 1385 1383
1401 1406 1402
1405 1406 1401
1402 1407 1403
1406 1407 1402
1403 1408 1404
1408 1403 1407
1408 1409 1404
1405 1383 1410
1382 1410 1383
1405 1411 1406
1410 1411 1405
1406 1412 1407
1411 1412 1406
1408 1407 1413
1413 1407 1412
1408 1414 1409
1414 1408 1413
1414 1415 1409
1382 1416 1410
1416 1382 1381
1410 1417 1411
1416 1417 1410
1411 1418 1412
1417 1418 1411
1413 1412 1419
1419 1412 1418
1414 1413 1420
1420 1413 1419
1414 1421 1415
1420 1421 1414
1416 1381 1422
1378 1422 1381
1416 1423 1417
1422 1423 1416
1417 1424 1418
1423 1424 1417
1415 1421 1425
1415 1425 1426
1420 1427 1421
1425 1421 1427
1378 1428 1422
1378 1377 1428
1422 1429 1423
1428 1429 1422
1430 1418 1424
1419 1418 1430
1420 1419 1431
1431 1427 1420
1423 1432 1424
1429 1432 1423
1433 1431 1419
1433 1419 1430
1431 1434 1427
1433 1434 1431
1430 1424 1435
1435 1424 1432
1428 1377 1436
1373 1436 1377
1437 1427 1434
1425 1427 1437
1438 1433 1430
1438 1430 1435
1436 1373 1439
1374 1439 1373
1440 1439 1374
1374 1441 1440
1441 1374 1442
1441 1442 1443
1436 1439 1444
1436 1444 1445
1436 1445 1446
1436 1446 1428
1447 1428 1446
1447 1446 1448
1428 1447 1429
1447 1448 1449
1450 1429 1447
1429 1450 1432
1451 1447 1449
1450 1447 1451
1450 1452 1432
1435 1432 1452
1451 1449 1453
1449 1454 1453
1451 1455 1450
1450 1455 1452
1456 1435 1452
1456 1438 1435
1457 1453 1454
1457 1454 1458
1459 1451 1453
1451 1459 1455
1459 1453 1457
1452 1455 1460
1452 1460 1456
1459 1461 1455
1457 1461 1459
1460 1455 1461
1457 1458 1462
1461 1457 1462
1463 1462 1458
1463 1464 1462
1464 1463 1465
1461 1462 1466
1462 1464 1466
1464 1465 1467
1466 1464 1467
1467 1465 1468
1467 1468 1469
1460 1461 1470
1470 1461 1466
1471 1467 1469
1466 1467 1471
1470 1472 1460
1456 1460 1472
1470 1466 1473
1473 1466 1471
1471 1469 1474
1469 1475 1474
1476 1471 1474
1473 1471 1476
1477 1474 1475
1476 1474 1477
1477 1475 1478
1473 1479 1470
1470 1479 1472
1476 1480 1473
1473 1480 1479
1477 1481 1476
1476 1481 1480
1478 1482 1477
1477 1482 1481
1478 1483 1482
1484 1482 1483
1483 1485 1484
1486 1479 1480
1487 1480 1481
1486 1480 1487
1488 1481 1482
1487 1481 1488
1484 1489 1482
1488 1482 1489
1490 1484 1485
1489 1484 1490
1491 1487 1488
1491 1488 1489
1492 1479 1486
1492 1472 1479
1486 1487 1493
1491 1493 1487
1491 1489 1494
1494 1489 1490
1491 1494 1495
1495 1493 1491
1494 1490 1496
1495 1497 1493
1490 1485 1498
1496 1490 1498
1485 1499 1498
1496 1498 1500
1500 1498 1499
1500 1499 1501
1486 1493 1502
1502 1493 1497
1502 1497 1503
1503 1504 1502
1502 1492 1486
1492 1502 1504
1503 1505 1504
1504 1505 1506
1492 1504 1507
1472 1492 1507
1472 1507 1508
1456 1472 1508
1509 1507 1504
1509 1508 1507
1456 1508 1510
1509 1510 1508
1456 1510 1438
1433 1438 1510
1433 1510 1511
1509 1511 1510
1433 1511 1434
1504 1506 1512
1509 1504 1512
1509 1513 1511
1512 1513 1509
1514 1434 1511
1514 1511 1513
1437 1434 1514
1515 1512 1506
1512 1515 1513
1515 1514 1513
1515 1506 1516
1515 1517 1514
1516 1517 1515
1517 1437 1514
1516 1518 1517
1517 1519 1437
1518 1519 1517
1519 1425 1437
1518 1520 1519
1519 1521 1425
1521 1519 1520
1521 1426 1425
1521 1522 1426
1521 1520 1523
1521 1524 1522
1523 1524 1521
1524 1525 1522
1523 1526 1524
1524 1526 1525
1523 1527 1526
1526 1528 1525
1527 1529 1526
1526 1529 1528
1527 1530 1529
1529 1530 1531
1529 1531 1532
1529 1532 1533
1529 1533 1528
1534 1528 1533
1535 1534 1533
1535 1536 1534
1536 1535 1537
1537 1535 1538
1539 1540 1541
1539 1542 1540
1543 1540 1542
1542 1539 1544
1545 1544 1539
1544 1545 1546
1543 1542 1547
1548 1543 1547
1542 1544 1549
1547 1542 1549
1544 1546 1550
1550 1549 1544
1548 1547 1551
1551 1552 1548
1546 1553 1550
1546 1554 1553
1547 1549 1555
1551 1547 1555
1550 1556 1549
1556 1550 1553
1549 1557 1555
1549 1556 1557
1558 1553 1554
1558 1554 1559
1551 1555 1560
1560 1555 1557
1559 1561 1558
1559 1562 1561
1562 1563 1561
1562 1564 1563
1565 1563 1564
1566 1565 1564
1566 1567 1565
1568 1567 1566
1568 1569 1567
1570 1569 1568
1565 1567 1571
1571 1567 1569
1563 1565 1572
1565 1571 1572
1561 1563 1573
1563 1572 1573
1558 1561 1574
1561 1573 1574
1570 1575 1569
1575 1570 1576
1577 1569 1575
1571 1569 1577
1578 1575 1576
1577 1575 1578
1558 1574 1579
1579 1553 1558
1578 1576 1580
1580 1576 1581
1579 1582 1553
1553 1582 1556
1582 1583 1556
1583 1557 1556
1579 1584 1582
1583 1582 1584
1574 1585 1579
1579 1585 1584
1557 1583 1586
1583 1584 1586
1557 1586 1587
1560 1557 1587
1588 1586 1584
1588 1587 1586
1560 1587 1589
1587 1588 1589
1588 1584 1590
1590 1584 1585
1574 1591 1585
1591 1574 1573
1560 1589 1592
1592 1551 1560
1588 1593 1589
1588 1590 1593
1592 1589 1593
1590 1585 1594
1591 1594 1585
1591 1573 1595
1595 1573 1572
1592 1596 1551
1551 1596 1552
1596 1592 1597
1592 1593 1597
1598 1597 1593
1599 1593 1590
1599 1590 1594
1598 1593 1599
1552 1596 1600
1596 1597 1600
1600 1597 1598
1552 1600 1601
1602 1601 1600
1602 1600 1603
1600 1598 1603
1604 1602 1603
1604 1603 1605
1605 1603 1598
1606 1604 1605
1607 1599 1594
1598 1599 1607
1606 1605 1608
1609 1606 1608
1605 1598 1610
1598 1607 1610
1608 1605 1610
1611 1609 1608
1611 1612 1609
1613 1612 1611
1614 1612 1613
1613 1615 1614
1613 1616 1615
1617 1616 1613
1608 1610 1618
1611 1608 1618
1617 1613 1619
1620 1617 1619
1613 1611 1621
1619 1613 1621
1620 1619 1622
1623 1620 1622
1624 1618 1610
1624 1610 1607
1611 1618 1625
1621 1611 1625
1619 1621 1626
1626 1622 1619
1623 1622 1627
1628 1623 1627
1628 1627 1629
1629 1630 1628
1631 1627 1622
1629 1627 1631
1629 1632 1630
1633 1630 1632
1618 1634 1625
1618 1624 1634
1621 1625 1635
1635 1626 1621
1626 1636 1622
1631 1622 1636
1629 1631 1637
1637 1632 1629
1633 1632 1638
1639 1633 1638
1625 1634 1640
1625 1640 1635
1635 1641 1626
1641 1636 1626
1636 1642 1631
1637 1631 1642
1637 1643 1632
1638 1632 1643
1639 1638 1644
1645 1639 1644
1646 1641 1635
1646 1635 1640
1647 1636 1641
1636 1647 1642
1646 1647 1641
1643 1637 1648
1637 1642 1648
1638 1643 1649
1649 1644 1638
1645 1644 1650
1651 1645 1650
1643 1648 1652
1652 1649 1643
1649 1653 1644
1653 1650 1644
1651 1650 1654
1654 1655 1651
1652 1656 1649
1656 1653 1649
1648 1657 1652
1657 1656 1652
1642 1658 1648
1648 1658 1657
1653 1659 1650
1654 1650 1659
1654 1660 1655
1661 1655 1660
1662 1653 1656
1662 1659 1653
1654 1659 1663
1663 1660 1654
1664 1661 1660
1664 1665 1661
1642 1666 1658
1647 1666 1642
1662 1667 1659
1667 1663 1659
1663 1668 1660
1660 1668 1664
1669 1668 1663
1667 1669 1663
1670 1664 1668
1669 1670 1668
1664 1671 1665
1664 1670 1671
1672 1670 1669
1672 1671 1670
1673 1665 1671
1672 1673 1671
1673 1674 1665
1673 1675 1674
1675 1673 1672
1675 1676 1674
1675 1677 1676
1667 1678 1669
1672 1669 1678
1675 1672 1679
1679 1672 1678
1675 1680 1677
1679 1680 1675
1681 1677 1680
1679 1681 1680
1681 1682 1677
1667 1683 1678
1662 1683 1667
1679 1678 1684
1681 1679 1684
1683 1684 1678
1685 1682 1681
1681 1684 1685
1662 1686 1683
1656 1686 1662
1683 1687 1684
1687 1685 1684
1687 1683 1686
1685 1688 1682
1688 1689 1682
1656 1690 1686
1657 1690 1656
1686 1690 1691
1686 1691 1687
1691 1690 1657
1687 1692 1685
1692 1688 1685
1692 1687 1691
1689 1688 1693
1692 1693 1688
1689 1693 1694
1691 1657 1695
1658 1695 1657
1692 1691 1696
1696 1693 1692
1696 1691 1695
1694 1693 1697
1696 1697 1693
1694 1697 1698
1658 1699 1695
1666 1699 1658
1696 1695 1700
1700 1697 1696
1699 1700 1695
1698 1697 1701
1700 1701 1697
1698 1701 1702
1699 1703 1700
1703 1701 1700
1704 1702 1701
1703 1704 1701
1704 1581 1702
1580 1581 1704
1666 1705 1699
1705 1703 1699
1706 1704 1703
1706 1580 1704
1705 1706 1703
1707 1705 1666
1647 1707 1666
1646 1707 1647
1707 1708 1705
1708 1706 1705
1646 1708 1707
1709 1580 1706
1708 1709 1706
1709 1578 1580
1646 1710 1708
1710 1709 1708
1710 1646 1640
1578 1709 1711
1710 1711 1709
1578 1711 1577
1710 1640 1712
1711 1710 1712
1634 1712 1640
1713 1577 1711
1711 1712 1713
1713 1571 1577
1634 1714 1712
1713 1712 1714
1624 1714 1634
1715 1571 1713
1713 1714 1715
1715 1572 1571
1595 1572 1715
1624 1716 1714
1715 1714 1716
1715 1716 1595
1716 1624 1607
1717 1595 1716
1716 1607 1717
1717 1591 1595
1607 1594 1717
1591 1717 1594
1718 1719 1720
1718 1721 1719
1721 1718 1722
1721 1722 1723
1724 1723 1722
1724 1722 1725
1724 1725 1726
1724 1726 1727
1727 1726 1728
1727 1728 1729
1730 1729 1728
1730 1731 1729
1732 1731 1730
1732 1733 1731
1733 1732 1734
1733 1734 1735
1735 1734 1736
1735 1736 1737
1738 1737 1736
1738 1739 1737
1740 1739 1738
1740 1738 1741
1741 1742 1740
1741 1743 1742
1744 1742 1743
1744 1745 1742
1746 1745 1744
1746 1747 1745
1748 1747 1746
1748 1749 1747
1748 1750 1749
1748 1751 1750
1752 1750 1751
1752 1751 1753
1752 1753 1754
1752 1754 1755
1755 1754 1756
1755 1756 1757
1758 1757 1756
1758 1756 1759
1760 1758 1759
1760 1759 1761
1762 1760 1761
1762 1761 1763
1764 1765 1766
1765 1764 1767
1765 1767 1768
1767 1764 1769
1770 1768 1767
1770 1771 1768
1767 1769 1772
1770 1767 1772
1772 1769 1773
1772 1773 1774
1774 1773 1775
1776 1771 1770
1776 1777 1771
1770 1772 1778
1772 1774 1778
1774 1775 1779
1779 1775 1780
1781 1774 1779
1781 1778 1774
1779 1780 1782
1781 1779 1782
1783 1782 1780
1784 1770 1778
1784 1776 1770
1776 1785 1777
1785 1786 1777
1787 1778 1781
1787 1784 1778
1776 1784 1788
1776 1788 1785
1785 1789 1786
1788 1789 1785
1786 1789 1790
1786 1790 1791
1789 1792 1790
1789 1793 1792
1788 1793 1789
1793 1794 1792
1793 1795 1794
1795 1793 1788
1796 1794 1795
1797 1788 1784
1788 1797 1795
1797 1784 1787
1798 1797 1787
1796 1795 1799
1797 1799 1795
1799 1800 1796
1801 1799 1797
1799 1801 1800
1801 1797 1798
1802 1800 1801
1801 1798 1802
1802 1803 1800
1804 1803 1802
1798 1804 1802
1804 1805 1803
1805 1804 1806
1806 1804 1807
1806 1807 1808
1807 1809 1808
1798 1810 1804
1810 1807 1804
1807 1811 1809
1809 1811 1812
1811 1813 1812
1814 1807 1810
1814 1811 1807
1815 1810 1798
1815 1814 1810
1811 1816 1813
1813 1816 1817
1816 1818 1817
1819 1811 1814
1815 1819 1814
1819 1816 1811
1815 1798 1820
1798 1787 1820
1815 1821 1819
1821 1816 1819
1820 1821 1815
1816 1822 1818
1821 1822 1816
1818 1822 1823
1822 1783 1823
1822 1782 1783
1821 1782 1822
1787 1824 1820
1820 1824 1821
1821 1824 1782
1787 1781 1824
1781 1782 1824
1825 1826 1827
1825 1827 1828
1829 1825 1828
1828 1827 1830
1828 1830 1831
1828 1831 1832
1833 1834 1835
1833 1836 1834
1837 1836 1833
1837 1838 1836
1839 1838 1837
1839 1840 1838
1840 1839 1841
1840 1841 1842
1843 1842 1841
1843 1844 1842
1844 1843 1845
1844 1845 1846
1847 1846 1845
1847 1848 1846
1847 1845 1849
1850 1848 1847
1849 1850 1847
1850 1851 1848
1849 1852 1850
1853 1851 1850
1852 1853 1850
1853 1854 1851
1852 1855 1853
1856 1854 1853
1856 1857 1854
1858 1853 1855
1858 1856 1853
1858 1855 1859
1860 1858 1859
1861 1858 1860
1861 1856 1858
1861 1860 1862
1861 1863 1856
1863 1857 1856
1863 1864 1857
1865 1866 1867
1865 1868 1866
1866 1868 1869
1866 1869 1870
1870 1869 1871
1870 1871 1872
1873 1872 1871
1873 1871 1874
1873 1874 1875
1873 1875 1876
1877 1876 1875
1877 1878 1876
1877 1879 1878
1877 1880 1879
1881 1879 1880
1881 1882 1879
1883 1882 1881
1883 1884 1882
1884 1883 1885
1884 1885 1886
1886 1885 1887
1886 1887 1888
1889 1890 1891
1889 1891 1892
1889 1892 1893
1893 1894 1889
1895 1894 1893
1893 1896 1895
1897 1895 1896
1897 1896 1898
1898 1899 1897
1899 1898 1900
1900 1901 1899
1901 1900 1902
1901 1902 1903
1903 1904 1901
1905 1904 1903
1905 1906 1904
1906 1905 1907
1907 1908 1906
1908 1907 1909
1910 1908 1909
1910 1909 1911
1910 1911 1912
1913 1910 1912
1914 1915 1916
1914 1916 1917
1918 1914 1917
1918 1917 1919
1920 1918 1919
1920 1919 1921
1922 1920 1921
1922 1921 1923
1924 1922 1923
1924 1923 1925
1926 1924 1925
1926 1925 1927
1928 1926 1927
1928 1927 1929
1930 1928 1929
1930 1929 1931
1932 1930 1931
1932 1931 1933
1934 1932 1933
1934 1933 1935
1936 1934 1935
1936 1935 1937
1938 1936 1937
1938 1937 1939
1940 1938 1939
1940 1939 1941
1942 1940 1941
1942 1941 1943
1944 1942 1943
1944 1943 1945
1946 1944 1945
1946 1945 1947
1948 1946 1947
1948 1947 1949
1950 1948 1949
1950 1949 1951
1952 1950 1951
1952 1951 1953
1954 1952 1953
1954 1953 1955
1956 1954 1955
1956 1955 1957
1958 1956 1957
1958 1957 1959
1960 1958 1959
1960 1959 1961
1962 1960 1961
1962 1961 1963
1964 1965 1966
1964 1966 1967
1968 1964 1967
1968 1967 1969
1970 1968 1969
1970 1969 1971
1972 1970 1971
1972 1971 1973
1974 1972 1973
1974 1973 1975
1976 1974 1975
1976 1975 1977
1978 1976 1977
1978 1977 1979
1980 1978 1979
1980 1979 1981
1982 1980 1981
1982 1981 1983
1984 1982 1983
1984 1983 1985
1986 1984 1985
1986 1985 1987
1988 1986 1987
1988 1987 1989
1990 1991 1992
1990 1992 1993
1994 1990 1993
1994 1993 1995
1996 1994 1995
1996 1995 1997
1998 1996 1997
1998 1997 1999
2000 1998 1999
2000 1999 2001
2002 2000 2001
2002 2001 2003
2004 2002 2003
2004 2003 2005
2006 2004 2005
2006 2005 2007
2008 2006 2007
2008 2007 2009
2010 2008 2009
2010 2009 2011
2012 2010 2011
2012 2011 2013
2014 2012 2013
2014 2013 2015
2016 2017 2018
2016 2018 2019
2020 2016 2019
2020 2019 2021
2022 2020 2021
2022 2021 2023
2024 2022 2023
2024 2023 2025
2026 2024 2025
2026 2025 2027
2028 2026 2027
2028 2027 2029
2030 2028 2029
2030 2029 2031
2032 2030 2031
2032 2031 2033
2034 2032 2033
2034 2033 2035
2036 2034 2035
2036 2035 2037
2038 2036 2037
2038 2037 2039
2040 2038 2039
2040 2039 2041
2042 2043 2044
2042 2045 2043
2045 2046 2043
2045 2042 2047
2045 2048 2046
2048 2049 2046
2045 2047 2050
2048 2045 2050
2048 2051 2049
2051 2052 2049
2053 2050 2047
2053 2047 2054
2053 2054 2055
2048 2050 2056
2051 2048 2056
2051 2057 2052
2057 2058 2052
2059 2050 2053
2059 2056 2050
2053 2055 2060
2059 2053 2060
2051 2056 2061
2057 2051 2061
2057 2062 2058
2062 2063 2058
2064 2056 2059
2064 2061 2056
2057 2061 2065
2062 2057 2065
2062 2066 2063
2066 2067 2063
2068 2060 2055
2068 2055 2069
2068 2069 2070
2059 2060 2071
2064 2059 2071
2072 2061 2064
2072 2065 2061
2062 2065 2073
2066 2062 2073
2066 2074 2067
2074 2075 2067
2076 2060 2068
2076 2071 2060
2068 2070 2077
2076 2068 2077
2064 2071 2078
2072 2064 2078
2079 2065 2072
2079 2073 2065
2066 2073 2080
2074 2066 2080
2081 2071 2076
2081 2078 2071
2072 2078 2082
2079 2072 2082
2083 2073 2079
2083 2080 2073
2076 2077 2084
2081 2076 2084
2085 2078 2081
2085 2082 2078
2079 2082 2086
2083 2079 2086
2081 2084 2087
2085 2081 2087
2088 2082 2085
2088 2086 2082
2085 2087 2089
2088 2085 2089
2090 2080 2083
2083 2086 2091
2090 2083 2091
2092 2086 2088
2092 2091 2086
2088 2089 2093
2092 2088 2093
2090 2094 2080
2074 2080 2094
2095 2074 2094
2074 2095 2075
2095 2096 2075
2095 2097 2096
2097 2098 2096
2095 2094 2099
2097 2095 2099
2100 2094 2090
2100 2099 2094
2097 2101 2098
2101 2102 2098
2097 2099 2103
2101 2097 2103
2101 2104 2102
2104 2105 2102
2100 2090 2106
2090 2091 2106
2107 2099 2100
2107 2103 2099
2101 2103 2108
2104 2101 2108
2104 2109 2105
2109 2110 2105
2111 2106 2091
2111 2091 2092
2100 2106 2112
2107 2100 2112
2113 2103 2107
2113 2108 2103
2104 2108 2114
2109 2104 2114
2109 2115 2110
2115 2116 2110
2111 2092 2117
2092 2093 2117
2107 2112 2118
2113 2107 2118
2119 2108 2113
2119 2114 2108
2109 2114 2120
2115 2109 2120
2115 2121 2116
2121 2122 2116
2113 2118 2123
2119 2113 2123
2124 2114 2119
2124 2120 2114
2115 2120 2125
2121 2115 2125
2121 2126 2122
2126 2127 2122
2119 2123 2128
2124 2119 2128
2129 2120 2124
2129 2125 2120
2121 2125 2130
2126 2121 2130
2126 2131 2127
2131 2132 2127
2124 2128 2133
2129 2124 2133
2134 2125 2129
2134 2130 2125
2126 2130 2135
2131 2126 2135
2131 2136 2132
2136 2137 2132
2129 2133 2138
2134 2129 2138
2139 2130 2134
2139 2135 2130
2131 2135 2140
2136 2131 2140
2136 2141 2137
2141 2142 2137
2134 2138 2143
2139 2134 2143
2144 2135 2139
2144 2140 2135
2136 2140 2145
2141 2136 2145
2141 2146 2142
2146 2147 2142
2139 2143 2148
2144 2139 2148
2149 2140 2144
2149 2145 2140
2141 2145 2150
2146 2141 2150
2146 2151 2147
2151 2152 2147
2144 2148 2153
2149 2144 2153
2154 2145 2149
2154 2150 2145
2146 2150 2155
2151 2146 2155
2151 2156 2152
2156 2157 2152
2149 2153 2158
2154 2149 2158
2159 2150 2154
2159 2155 2150
2151 2155 2160
2156 2151 2160
2156 2161 2157
2161 2162 2157
2154 2158 2163
2159 2154 2163
2164 2155 2159
2164 2160 2155
2156 2160 2165
2161 2156 2165
2161 2166 2162
2166 2167 2162
2166 2168 2167
2166 2161 2169
2161 2165 2169
2168 2166 2170
2166 2169 2170
2168 2170 2171
2172 2171 2170
2173 2165 2160
2173 2160 2164
2164 2159 2174
2159 2163 2174
2175 2170 2169
2172 2170 2175
2176 2169 2165
2176 2165 2173
2175 2169 2176
2173 2164 2177
2164 2174 2177
2172 2175 2178
2172 2178 2179
2180 2179 2178
2175 2176 2181
2175 2181 2178
2176 2173 2182
2173 2177 2182
2176 2182 2181
2180 2178 2183
2183 2178 2181
2184 2181 2182
2183 2181 2184
2185 2182 2177
2184 2182 2185
2186 2177 2174
2185 2177 2186
2180 2183 2187
2180 2187 2188
2189 2188 2187
2183 2184 2190
2183 2190 2187
2184 2185 2191
2184 2191 2190
2189 2187 2192
2192 2187 2190
2186 2174 2193
2193 2174 2163
2185 2186 2194
2185 2194 2191
2195 2190 2191
2192 2190 2195
2189 2192 2196
2189 2196 2197
2196 2198 2197
2196 2199 2198
2192 2200 2196
2200 2199 2196
2192 2195 2200
2200 2201 2199
2202 2201 2200
2195 2202 2200
2202 2203 2201
2195 2191 2204
2195 2204 2202
2204 2191 2194
2205 2203 2202
2204 2205 2202
2205 2206 2203
2204 2194 2207
2204 2207 2205
2208 2206 2205
2207 2208 2205
2208 2209 2206
2207 2194 2210
2186 2210 2194
2186 2193 2210
2207 2211 2208
2207 2210 2211
2212 2209 2208
2211 2212 2208
2212 2213 2209
2193 2214 2210
2211 2210 2214
2211 2215 2212
2211 2214 2215
2216 2213 2212
2215 2216 2212
2216 2217 2213
2193 2218 2214
2193 2163 2218
2218 2163 2158
2215 2214 2219
2218 2219 2214
2218 2158 2220
2218 2220 2219
2220 2158 2153
2215 2221 2216
2215 2219 2221
2222 2217 2216
2221 2222 2216
2222 2223 2217
2220 2224 2219
2221 2219 2224
2220 2153 2225
2220 2225 2224
2225 2153 2148
2221 2226 2222
2221 2224 2226
2227 2223 2222
2226 2227 2222
2227 2228 2223
2225 2229 2224
2226 2224 2229
2225 2148 2230
2225 2230 2229
2230 2148 2143
2226 2231 2227
2226 2229 2231
2232 2228 2227
2231 2232 2227
2232 2233 2228
2230 2234 2229
2231 2229 2234
2230 2143 2235
2230 2235 2234
2235 2143 2138
2231 2236 2232
2231 2234 2236
2237 2233 2232
2236 2237 2232
2237 2238 2233
2235 2239 2234
2236 2234 2239
2235 2138 2240
2235 2240 2239
2240 2138 2133
2236 2241 2237
2236 2239 2241
2242 2238 2237
2241 2242 2237
2242 2243 2238
2240 2244 2239
2241 2239 2244
2240 2133 2245
2240 2245 2244
2245 2133 2128
2241 2246 2242
2241 2244 2246
2247 2243 2242
2246 2247 2242
2247 2248 2243
2245 2249 2244
2246 2244 2249
2245 2128 2250
2245 2250 2249
2250 2128 2123
2246 2251 2247
2246 2249 2251
2252 2248 2247
2251 2252 2247
2252 2253 2248
2250 2254 2249
2251 2249 2254
2250 2123 2255
2250 2255 2254
2255 2123 2118
2251 2256 2252
2251 2254 2256
2257 2253 2252
2256 2257 2252
2257 2258 2253
2255 2259 2254
2256 2254 2259
2255 2118 2260
2255 2260 2259
2260 2118 2112
2256 2261 2257
2256 2259 2261
2262 2258 2257
2261 2262 2257
2262 2263 2258
2260 2264 2259
2261 2259 2264
2260 2112 2265
2260 2265 2264
2265 2112 2106
2265 2106 2111
2265 2111 2266
2265 2266 2264
2111 2117 2266
2261 2264 2267
2261 2267 2262
2267 2264 2266
2268 2263 2262
2267 2268 2262
2268 2269 2263
2267 2266 2270
2270 2266 2117
2267 2270 2268
2271 2269 2268
2270 2271 2268
2271 2272 2269
2270 2117 2273
2270 2273 2271
2273 2117 2093
2274 2272 2271
2273 2274 2271
2274 2275 2272
2273 2093 2276
2273 2276 2274
2276 2093 2089
2277 2275 2274
2276 2277 2274
2277 2278 2275
2276 2089 2279
2276 2279 2277
2279 2089 2087
2280 2278 2277
2279 2280 2277
2280 2281 2278
2279 2087 2282
2279 2282 2280
2282 2087 2084
2283 2281 2280
2282 2283 2280
2283 2284 2281
2282 2084 2285
2282 2285 2283
2285 2084 2077
2286 2284 2283
2285 2286 2283
2286 2287 2284
2285 2077 2288
2285 2288 2286
2288 2077 2070
2288 2070 2289
2288 2289 2290
2288 2290 2286
2290 2287 2286
2290 2291 2287
2292 2293 2294
2292 2294 2295
2296 2292 2295
2296 2295 2297
2298 2296 2297
2298 2297 2299
2300 2298 2299
2300 2299 2301
2302 2300 2301
2302 2301 2303
2302 2303 2304
2302 2304 2305
2306 2305 2304
2306 2304 2307
2306 2307 2308
2306 2308 2309
2309 2308 2310
2309 2310 2311
2311 2310 2312
2311 2312 2313
2313 2312 2314
2313 2314 2315
2315 2314 2316
2315 2316 2317
2318 2319 2320
2318 2320 2321
2322 2318 2321
2322 2321 2323
2324 2322 2323
2324 2323 2325
2326 2324 2325
2326 2325 2327
2328 2326 2327
2328 2327 2329
2330 2328 2329
2330 2329 2331
2332 2333 2334
2332 2334 2335
2336 2332 2335
2336 2335 2337
2338 2336 2337
2338 2337 2339
2340 2338 2339
2340 2339 2341
2342 2340 2341
2342 2341 2343
2344 2342 2343
2344 2343 2345
2346 2347 2348
2346 2348 2349
2350 2346 2349
2350 2349 2351
2352 2350 2351
2352 2351 2353
2354 2352 2353
2354 2353 2355
2356 2354 2355
2356 2355 2357
2358 2356 2357
2358 2357 2359
2360 2361 2362
2360 2362 2363
2364 2360 2363
2364 2363 2365
2366 2364 2365
2366 2365 2367
2368 2366 2367
2368 2367 2369
2370 2368 2369
2370 2369 2371
2372 2370 2371
2372 2371 2373
2374 2375 2376
2374 2376 2377
2378 2374 2377
2378 2377 2379
2380 2378 2379
2380 2379 2381
2382 2380 2381
2382 2381 2383
2384 2382 2383
2384 2383 2385
2386 2384 2385
2386 2385 2387
2386 2387 2388
2386 2388 2389
2389 2388 2390
2389 2390 2391
2391 2390 2392
2391 2392 2393
2393 2392 2394
2393 2394 2395
2395 2394 2396
2395 2396 2397
2397 2396 2398
2397 2398 2399
2400 2399 2398
2400 2398 2401
2402 2400 2401
2402 2401 2403
2404 2402 2403
2404 2403 2405
2406 2404 2405
2406 2405 2407
2408 2406 2407
2408 2407 2409
2410 2408 2409
2410 2409 2411
2410 2411 2412
2410 2412 2413
2413 2412 2414
2413 2414 2415
2415 2414 2416
2415 2416 2417
2417 2416 2418
2417 2418 2419
2419 2418 2420
2419 2420 2421
2421 2420 2422
2421 2422 2423
2424 2425 2426
2424 2426 2427
2427 2426 2428
2429 2424 2427
2429 2430 2424
2429 2431 2430
2427 2428 2432
2432 2428 2433
2434 2429 2427
2434 2427 2432
2429 2435 2431
2434 2435 2429
2435 2436 2431
2435 2437 2436
2438 2437 2435
2432 2433 2439
2434 2432 2439
2439 2433 2440
2438 2435 2441
2434 2441 2435
2442 2438 2441
2434 2439 2443
2443 2441 2434
2439 2440 2444
2443 2439 2444
2444 2440 2445
2442 2441 2446
2443 2446 2441
2447 2442 2446
2448 2446 2443
2443 2444 2448
2447 2446 2449
2448 2449 2446
2450 2447 2449
2444 2445 2451
2451 2445 2452
2453 2448 2444
2453 2449 2448
2453 2444 2451
2450 2449 2454
2453 2454 2449
2451 2452 2455
2455 2452 2456
2457 2453 2451
2457 2454 2453
2457 2451 2455
2458 2450 2454
2457 2458 2454
2458 2459 2450
2460 2457 2455
2460 2458 2457
2461 2459 2458
2460 2461 2458
2461 2462 2459
2455 2456 2463
2460 2455 2463
2464 2461 2460
2464 2460 2463
2465 2462 2461
2464 2465 2461
2465 2466 2462
2456 2467 2463
2464 2463 2467
2456 2468 2467
2469 2465 2464
2469 2464 2467
2470 2466 2465
2469 2470 2465
2470 2471 2466
2468 2472 2467
2469 2467 2472
2468 2473 2472
2474 2471 2470
2474 2470 2469
2474 2475 2471
2473 2476 2472
2473 2477 2476
2477 2478 2476
2477 2479 2478
2478 2479 2480
2478 2480 2481
2482 2478 2481
2483 2469 2472
2483 2472 2476
2474 2469 2483
2478 2483 2476
2484 2475 2474
2483 2484 2474
2484 2485 2475
2478 2486 2483
2482 2486 2478
2483 2486 2484
2482 2484 2486
2482 2487 2484
2487 2485 2484
2487 2488 2485
2489 2490 2491
2489 2491 2492
2492 2491 2493
2494 2489 2492
2494 2495 2489
2494 2496 2495
2492 2493 2497
2497 2493 2498
2499 2494 2492
2499 2492 2497
2494 2500 2496
2499 2500 2494
2500 2501 2496
2500 2502 2501
2503 2502 2500
2503 2500 2504
2499 2504 2500
2505 2503 2504
2497 2498 2506
2506 2498 2507
2497 2508 2499
2508 2504 2499
2497 2506 2508
2505 2504 2509
2508 2509 2504
2510 2505 2509
2506 2507 2511
2508 2506 2511
2511 2507 2512
2510 2509 2513
2514 2510 2513
2515 2509 2508
2508 2511 2515
2515 2513 2509
2511 2512 2516
2516 2512 2517
2518 2515 2511
2518 2513 2515
2518 2511 2516
2514 2513 2519
2518 2519 2513
2516 2517 2520
2520 2517 2521
2522 2518 2516
2522 2519 2518
2522 2516 2520
2523 2514 2519
2522 2523 2519
2523 2524 2514
2525 2522 2520
2525 2523 2522
2526 2524 2523
2525 2526 2523
2526 2527 2524
2520 2521 2528
2525 2520 2528
2529 2526 2525
2529 2525 2528
2530 2527 2526
2529 2530 2526
2530 2531 2527
2521 2532 2528
2529 2528 2532
2521 2533 2532
2534 2530 2529
2534 2529 2532
2535 2531 2530
2534 2535 2530
2535 2536 2531
2533 2537 2532
2534 2532 2537
2533 2538 2537
2539 2535 2534
2539 2534 2537
2540 2536 2535
2539 2540 2535
2540 2541 2536
2538 2542 2537
2539 2537 2542
2538 2543 2542
2544 2540 2539
2544 2539 2542
2545 2541 2540
2544 2545 2540
2545 2546 2541
2543 2547 2542
2544 2542 2547
2543 2548 2547
2547 2548 2549
2547 2549 2550
2551 2547 2550
2551 2544 2547
2551 2545 2544
2551 2552 2545
2552 2546 2545
2552 2553 2546
2554 2555 2556
2554 2556 2557
2558 2557 2556
2558 2559 2557
2558 2560 2559
2559 2560 2561
2562 2563 2564
2562 2564 2565
2565 2566 2562
2565 2567 2566
2568 2566 2567
2567 2569 2568
2570 2571 2572
2573 2570 2572
2573 2574 2570
2575 2570 2574
2576 2574 2573
2574 2577 2575
2576 2578 2574
2574 2578 2577
2579 2578 2576
2580 2577 2578
2579 2581 2578
2580 2578 2581
2582 2581 2579
2583 2580 2581
2582 2584 2581
2583 2581 2584
2585 2584 2582
2586 2583 2584
2585 2587 2584
2586 2584 2587
2588 2587 2585
2589 2586 2587
2588 2590 2587
2589 2587 2590
2591 2590 2588
2592 2589 2590
2591 2593 2590
2592 2590 2593
2594 2593 2591
2593 2595 2592
2594 2596 2593
2593 2596 2595
2594 2597 2596
2597 2595 2596
2594 2598 2597
2597 2599 2595
2598 2600 2597
2599 2597 2600
2598 2601 2600
2599 2600 2602
2601 2603 2600
2602 2600 2603
2601 2604 2603
2602 2603 2605
2604 2606 2603
2605 2603 2606
2604 2607 2606
2605 2606 2608
2607 2609 2606
2608 2606 2609
2607 2610 2609
2608 2609 2611
2610 2612 2609
2611 2609 2612
2610 2613 2612
2611 2612 2614
2613 2615 2612
2615 2614 2612
2613 2616 2615
2615 2617 2614
2616 2618 2615
2617 2615 2618
2617 2618 2619
2616 2620 2618
2621 2618 2620
2622 2623 2624
2623 2622 2625
2622 2626 2625
2627 2628 2629
2630 2628 2627
2630 2627 2631
2632 2630 2631
2632 2633 2630
2634 2633 2632
2634 2632 2635
2635 2636 2634
2635 2637 2636
2636 2637 2638
2639 2640 2641
2639 2642 2640
2643 2642 2639
2643 2644 2642
2645 2644 2643
2645 2643 2646
2646 2647 2645
2646 2648 2647
2648 2649 2647
2648 2650 2649
2651 2649 2650
2651 2652 2649
2653 2652 2651
2653 2654 2652
2654 2653 2655
2654 2655 2656
2657 2656 2655
2657 2658 2656
2657 2659 2658
2657 2660 2659
2661 2659 2660
2661 2662 2659
2661 2663 2662
2661 2664 2663
2665 2663 2664
2665 2664 2666
2667 2668 2669
2667 2669 2670
2670 2669 2671
2670 2671 2672
2673 2672 2671
2673 2671 2674
2675 2673 2674
2675 2676 2673
2677 2676 2675
2677 2678 2676
2679 2680 2681
2679 2681 2682
2683 2679 2682
2683 2682 2684
2685 2683 2684
2685 2686 2683
2687 2688 2689
2687 2689 2690
2691 2690 2689
2691 2692 2690
2691 2693 2692
2691 2694 2693
2695 2696 2697
2695 2697 2698
2697 2699 2698
2697 2700 2699
2701 2699 2700
2701 2700 2702
2701 2702 2703
2701 2703 2704
2704 2703 2705
2704 2705 2706
2706 2705 2707
2708 2709 2710
2708 2710 2711
2708 2711 2712
2708 2712 2713
2713 2712 2714
2713 2714 2715
2716 2715 2714
2716 2714 2717
2718 2716 2717
2718 2717 2719
2718 2719 2720
2721 2722 2723
2721 2723 2724
2724 2723 2725
2724 2725 2726
2726 2725 2727
2726 2727 2728
2728 2727 2729
2728 2729 2730
2730 2729 2731
2730 2731 2732
2732 2731 2733
2732 2733 2734
2734 2733 2735
2734 2735 2736
2736 2735 2737
2736 2737 2738
2738 2737 2739
2738 2739 2740
2740 2739 2741
2740 2741 2742
2742 2741 2743
2742 2743 2744
2744 2743 2745
2744 2745 2746
2746 2745 2747
2746 2747 2748
2748 2747 2749
2748 2749 2750
2750 2749 2751
2750 2751 2752
2752 2751 2753
2752 2753 2754
2754 2753 2755
2754 2755 2756
2756 2755 2757
2756 2757 2758
2759 2760 2761
2759 2762 2760
2762 2763 2760
2762 2764 2763
2764 2765 2763
2764 2766 2765
2766 2767 2765
2766 2768 2767
2768 2769 2767
2768 2770 2769
2769 2770 2771
2769 2771 2772
2773 2772 2771
2773 2771 2774
2775 2773 2774
2775 2774 2776
2777 2778 2779
2778 2780 2779
2778 2781 2780
2780 2781 2782
2780 2782 2783
2784 2783 2782
2784 2785 2783
2784 2786 2785
2784 2787 2786
2787 2788 2786
2787 2789 2788
2790 2788 2789
2790 2791 2788
2792 2791 2790
2792 2793 2791
2793 2792 2794
2793 2794 2795
2794 2796 2795
2794 2797 2796
2797 2798 2796
2797 2799 2798
2800 2798 2799
2800 2799 2801
2802 2800 2801
2802 2801 2803
2802 2803 2804
2802 2804 2805
2805 2804 2806
2805 2806 2807
2808 2807 2806
2808 2806 2809
2810 2808 2809
2810 2811 2808
2812 2813 2814
2814 2813 2815
2814 2815 2816
2817 2816 2815
2817 2815 2818
2819 2817 2818
2819 2818 2820
2819 2820 2821
2819 2821 2822
2822 2821 2823
2822 2823 2824
2825 2824 2823
2825 2823 2826
2827 2825 2826
2827 2826 2828
2828 2829 2827
2828 2830 2829
2829 2830 2831
2829 2831 2832
2832 2831 2833
2832 2833 2834
2835 2834 2833
2835 2836 2834
2837 2836 2835
2837 2838 2836
2837 2839 2838
2837 2840 2839
2840 2841 2839
2840 2842 2841
2843 2841 2842
2843 2844 2841
2845 2844 2843
2845 2843 2846
2847 2848 2849
2847 2850 2848
2847 2851 2850
2850 2851 2852
2850 2852 2853
2853 2852 2854
2853 2854 2855
2854 2856 2855
2854 2857 2856
2858 2857 2854
2858 2859 2857
2858 2860 2859
2858 2861 2860
2861 2862 2860
2861 2863 2862
2863 2864 2862
2863 2865 2864
2865 2863 2866
2865 2866 2867
2867 2866 2868
2868 2866 2869
2870 2869 2866
2870 2866 2871
2872 2870 2871
2872 2871 2873
2874 2872 2873
2875 2876 2877
2878 2876 2875
2878 2879 2876
2880 2879 2878
2880 2878 2881
2882 2880 2881
2882 2881 2883
2882 2883 2884
2882 2884 2885
2886 2882 2885
2886 2885 2887
2888 2886 2887
2888 2889 2886
2890 2889 2888
2890 2891 2889
2892 2891 2890
2893 2891 2892
2894 2891 2893
2894 2893 2895
2894 2895 2896
2894 2896 2897
2894 2897 2898
2894 2898 2899
2899 2898 2900
2899 2900 2901
2901 2900 2902
2901 2902 2903
2903 2902 2904
2905 2906 2907
2905 2908 2906
2909 2908 2905
2909 2905 2910
2909 2910 2911
2912 2913 2914
2912 2914 2915
2916 2912 2915
2917 2915 2914
2916 2915 2918
2917 2919 2915
2920 2918 2915
2920 2915 2919
2921 2922 2923
2921 2923 2924
2925 2921 2924
2925 2924 2926
2927 2928 2929
2927 2929 2930
2931 2927 2930
2931 2930 2932
2933 2934 2935
2933 2935 2936
2937 2933 2936
2937 2936 2938
2939 2940 2941
2939 2941 2942
2943 2939 2942
2943 2942 2944
2945 2946 2947
2945 2947 2948
2945 2948 2949
2945 2949 2950
2945 2950 2951
2945 2951 2952
2953 2954 2955
2953 2955 2956
2956 2955 2957
2956 2957 2958
2958 2957 2959
2958 2959 2960
2960 2959 2961
2960 2961 2962
2962 2961 2963
2962 2963 2964
2964 2963 2965
2964 2965 2966
2967 2968 2969
2969 2968 2970
2970 2968 2971
2971 2968 2972
2972 2968 2973
2973 2968 2974
2975 2976 2977
2978 2977 2976
2978 2976 2979
2979 2980 2978
2979 2981 2980
2981 2979 2982
2981 2982 2983
2984 2983 2982
2985 2979 2976
2985 2982 2979
2984 2982 2986
2987 2984 2986
2988 2982 2985
2988 2986 2982
2987 2986 2989
2988 2989 2986
2989 2990 2987
2991 2985 2976
2991 2988 2985
2989 2992 2990
2993 2990 2992
2993 2992 2994
2988 2995 2989
2992 2989 2995
2996 2994 2992
2992 2995 2996
2996 2997 2994
2998 2995 2988
2991 2998 2988
2996 2995 2999
2998 2999 2995
2997 2996 3000
2996 2999 3000
2997 3000 3001
3002 3001 3000
2999 2998 3003
2991 3003 2998
3002 3000 3004
3005 3002 3004
3006 3000 2999
3006 3004 3000
2999 3003 3006
3005 3004 3007
3007 3004 3006
3008 3005 3007
3008 3009 3005
3007 3006 3010
3003 3010 3006
3008 3007 3010
3008 3010 3011
3012 3009 3008
3008 3011 3012
3012 3013 3009
3012 3014 3013
3012 3015 3014
3012 3011 3015
3015 3016 3014
3015 3017 3016
3011 3017 3015
3018 3016 3017
3003 3019 3010
3019 3011 3010
3018 3017 3020
3021 3018 3020
3022 3017 3011
3022 3020 3017
3021 3020 3023
3020 3022 3023
3022 3011 3024
3019 3024 3011
3019 3003 3025
2991 3025 3003
3021 3023 3026
3021 3026 3027
3023 3022 3028
3023 3028 3026
3024 3028 3022
3027 3026 3029
3028 3029 3026
3027 3029 3030
3031 3030 3029
3032 3029 3028
3028 3024 3032
3031 3029 3033
3033 3029 3032
3033 3034 3031
3033 3035 3034
3032 3035 3033
3036 3034 3035
3036 3035 3037
3032 3037 3035
3037 3038 3036
3032 3024 3039
3037 3032 3039
3037 3040 3038
3039 3040 3037
3041 3038 3040
3042 3039 3024
3039 3042 3040
3042 3024 3019
3019 3025 3042
3041 3040 3043
3043 3040 3042
3043 3042 3025
2975 3041 3043
3025 3044 3043
2975 3043 3044
3025 2991 3044
2975 3044 2976
2991 2976 3044
3045 3046 3047
3045 3047 3048
3046 3045 3049
3046 3049 3050
3048 3051 3045
3048 3052 3051
3053 3049 3045
3053 3045 3051
3050 3049 3054
3053 3054 3049
3050 3054 3055
3054 3056 3055
3054 3057 3056
3058 3057 3054
3053 3058 3054
3058 3059 3057
3060 3059 3058
3060 3058 3053
3060 3061 3059
3052 3062 3051
3052 3063 3062
3064 3053 3051
3060 3053 3064
3064 3051 3062
3065 3061 3060
3065 3066 3061
3060 3064 3067
3062 3067 3064
3060 3067 3065
3068 3062 3063
3062 3068 3067
3068 3063 3069
3070 3068 3069
3070 3071 3068
3067 3068 3071
3072 3071 3070
3066 3065 3073
3066 3073 3074
3073 3075 3074
3076 3065 3067
3067 3071 3076
3076 3073 3065
3072 3077 3071
3076 3071 3077
3072 3078 3077
3079 3075 3073
3079 3080 3075
3073 3076 3081
3076 3077 3081
3073 3081 3079
3082 3077 3078
3082 3081 3077
3082 3078 3083
3082 3083 3084
3084 3085 3082
3081 3082 3086
3082 3085 3086
3086 3079 3081
3086 3085 3087
3088 3086 3087
3080 3079 3089
3086 3089 3079
3088 3089 3086
3089 3090 3080
3091 3089 3088
3089 3091 3090
3092 3093 3094
3092 3094 3095
3092 3096 3093
3092 3095 3097
3092 3098 3096
3092 3097 3099
3092 3100 3098
3092 3099 3101
3092 3102 3100
3092 3101 3103
3092 3104 3102
3092 3103 3105
3092 3106 3104
3092 3105 3107
3092 3108 3106
3092 3107 3109
3092 3110 3108
3092 3109 3111
3092 3112 3110
3092 3111 3113
3092 3114 3112
3092 3113 3115
3092 3116 3114
3092 3115 3116
3117 3118 3119
3117 3120 3118
3117 3119 3121
3121 3119 3122
3117 3123 3120
3123 3124 3120
3121 3122 3125
3125 3122 3126
3127 3117 3121
3127 3123 3117
3127 3121 3128
3128 3121 3125
3128 3125 3129
3127 3130 3123
3131 3129 3125
3123 3132 3124
3130 3132 3123
3130 3133 3132
3134 3132 3133
3132 3135 3124
3125 3126 3136
3131 3125 3136
3136 3126 3137
3138 3131 3136
3134 3139 3132
3132 3139 3135
3140 3139 3134
3136 3137 3141
3138 3136 3141
3141 3137 3142
3143 3135 3139
3140 3143 3139
3143 3144 3135
3143 3145 3144
3138 3141 3146
3141 3142 3146
3138 3146 3147
3148 3147 3146
3140 3149 3143
3143 3149 3145
3140 3150 3149
3149 3151 3145
3152 3146 3142
3148 3146 3152
3150 3148 3152
3150 3152 3149
3149 3152 3151
3152 3142 3151
3153 3154 3155
3156 3155 3154
3153 3155 3157
3158 3153 3157
3156 3159 3155
3160 3159 3156
3158 3157 3161
3162 3158 3161
3163 3157 3155
3164 3157 3163
3164 3161 3157
3163 3155 3165
3155 3166 3165
3155 3159 3166
3159 3167 3166
3168 3161 3164
3159 3169 3167
3160 3169 3159
3169 3170 3167
3171 3169 3160
3169 3171 3170
3171 3160 3172
3170 3171 3173
3172 3173 3171
3170 3173 3174
3172 3175 3173
3174 3173 3176
3175 3176 3173
3174 3176 3177
3177 3176 3178
3175 3179 3176
3179 3178 3176
3177 3178 3180
3179 3181 3178
3178 3182 3180
3183 3178 3181
3178 3184 3182
3183 3184 3178
3184 3185 3182
3183 3186 3184
3184 3186 3185
3183 3187 3186
3186 3168 3185
3162 3186 3187
3186 3188 3168
3162 3188 3186
3168 3188 3161
3162 3161 3188
3189 3190 3191
3190 3192 3191
3189 3193 3190
3190 3194 3192
3195 3193 3189
3195 3196 3193
3197 3196 3195
3197 3195 3198
3199 3197 3198
3199 3198 3200
3194 3201 3192
3194 3202 3201
3201 3202 3203
3201 3203 3204
3204 3203 3205
3204 3205 3206
3206 3205 3207
3206 3207 3208
3208 3207 3209
3208 3209 3210
3211 3199 3200
3210 3209 3211
3211 3200 3212
3210 3211 3212
3213 3214 3215
3216 3214 3213
3217 3215 3214
3218 3214 3216
3219 3217 3214
3220 3214 3218
3221 3219 3214
3222 3214 3220
3223 3221 3214
3224 3214 3222
3225 3223 3214
3224 3226 3214
3227 3225 3214
3226 3228 3214
3227 3214 3229
3228 3230 3214
3229 3214 3231
3230 3232 3214
3231 3214 3233
3232 3234 3214
3233 3214 3235
3234 3236 3214
3235 3214 3237
3237 3214 3236
3238 3239 3240
3239 3241 3240
3239 3242 3241
3241 3242 3243
3239 3238 3244
3244 3238 3245
3246 3244 3245
3243 3242 3247
3243 3247 3248
3247 3249 3248
3247 3250 3249
3250 3251 3249
3244 3246 3252
3252 3246 3253
3254 3252 3253
3254 3255 3252
3255 3254 3256
3257 3251 3250
3256 3257 3255
3251 3257 3258
3256 3258 3257
3259 3260 3261
3262 3260 3259
3261 3260 3263
3261 3263 3264
3264 3263 3265
3262 3266 3260
3267 3266 3262
3268 3266 3267
3265 3263 3269
3265 3269 3270
3270 3269 3271
3268 3272 3266
3273 3272 3268
3274 3272 3273
3271 3269 3275
3271 3275 3276
3276 3275 3277
3274 3278 3272
3279 3278 3274
3280 3278 3279
3277 3275 3281
3277 3281 3282
3282 3281 3283
3280 3284 3278
3285 3284 3280
3286 3284 3285
3283 3281 3287
3283 3287 3288
3288 3287 3289
3286 3290 3284
3291 3290 3286
3292 3290 3291
3289 3287 3293
3292 3293 3290
3289 3293 3294
3294 3293 3292
3284 3295 3278
3290 3296 3284
3284 3296 3295
3293 3297 3290
3290 3297 3296
3287 3298 3293
3293 3298 3297
3278 3295 3299
3278 3299 3272
3287 3300 3298
3281 3300 3287
3272 3299 3301
3272 3301 3266
3281 3302 3300
3275 3302 3281
3266 3301 3303
3266 3303 3260
3275 3304 3302
3269 3304 3275
3260 3303 3305
3260 3305 3263
3263 3306 3269
3269 3306 3304
3263 3305 3306
3299 3307 3301
3299 3308 3307
3301 3307 3309
3301 3309 3303
3295 3308 3299
3303 3309 3310
3303 3310 3305
3295 3311 3308
3305 3310 3312
3305 3312 3306
3296 3311 3295
3306 3312 3313
3306 3313 3304
3296 3314 3311
3304 3313 3315
3297 3314 3296
3304 3315 3302
3297 3316 3314
3302 3315 3317
3298 3316 3297
3302 3317 3300
3298 3318 3316
3300 3317 3318
3300 3318 3298
