byte offset: 0
first index: 0
index count: 3213
topology: trianglelist
format: DXGI_FORMAT_R16_UINT

0 1 2
3 4 5
6 4 3
6 7 4
7 8 4
8 7 9
7 6 10
10 6 11
12 10 11
13 7 10
12 13 10
9 7 13
14 13 12
9 13 15
9 15 16
16 15 17
14 18 13
18 15 13
18 14 19
15 20 17
20 21 17
20 22 21
20 23 22
18 24 15
20 15 24
18 19 25
24 18 25
25 19 26
27 23 20
20 24 27
27 28 23
27 29 28
30 27 24
30 29 27
24 25 31
30 24 31
25 26 32
31 25 32
30 33 29
33 34 29
35 30 31
31 32 35
26 36 32
26 37 36
38 36 37
33 30 39
35 39 30
40 34 33
39 40 33
32 41 35
32 36 41
35 41 42
35 42 39
43 41 36
42 41 43
38 44 36
43 36 44
45 44 38
45 38 46
47 45 46
47 46 48
44 45 49
44 49 43
47 48 50
50 48 51
52 47 50
45 47 53
45 53 49
52 54 47
55 54 52
55 52 56
56 57 55
54 58 47
58 53 47
58 59 53
49 53 59
58 60 59
43 49 61
49 59 61
43 61 62
42 43 62
63 61 59
62 61 63
63 59 64
62 63 65
65 42 62
65 63 66
67 65 66
65 68 42
42 68 39
67 69 65
65 69 68
67 70 69
68 71 39
39 71 40
72 69 70
72 70 73
74 68 69
68 74 71
74 69 72
73 75 72
73 76 75
72 75 77
72 77 78
72 78 74
78 77 79
71 74 80
80 74 78
78 79 80
71 80 40
79 81 80
40 80 81
79 82 81
40 81 83
83 81 82
83 34 40
83 82 84
83 85 34
85 83 84
85 84 86
85 86 87
88 89 90
90 91 88
90 92 91
92 90 93
91 92 94
91 94 95
94 96 95
92 93 97
93 98 97
97 98 99
100 94 92
100 92 97
94 101 96
96 101 102
103 102 101
103 101 104
103 104 105
94 106 101
94 100 106
100 107 106
97 99 108
108 99 109
108 109 110
111 110 109
100 97 112
112 97 108
100 113 107
100 112 113
114 110 111
111 115 114
114 116 110
110 116 117
118 110 117
118 119 110
119 108 110
119 118 120
112 108 121
121 113 112
119 121 108
122 107 113
121 122 113
119 122 121
119 120 122
122 123 107
123 122 120
123 120 124
124 120 125
124 125 126
127 126 125
128 126 127
128 127 129
130 128 129
131 132 133
131 133 134
135 134 133
136 131 134
137 131 136
136 138 137
135 139 134
136 134 139
140 138 136
140 141 138
140 136 142
136 139 142
143 142 139
144 142 143
140 142 144
143 139 145
145 139 135
144 146 140
145 135 147
148 146 144
149 145 147
148 144 150
143 150 144
145 149 151
152 151 149
148 150 153
148 153 154
151 155 145
143 145 155
152 156 151
155 151 156
152 157 156
156 157 158
157 159 158
159 160 158
155 156 161
161 143 155
158 161 156
162 161 158
161 162 163
158 160 164
160 165 164
161 166 143
161 163 166
166 163 167
143 166 168
166 167 168
169 168 167
169 167 170
162 158 171
158 164 171
164 165 172
173 172 165
173 174 172
164 172 175
164 175 176
171 164 176
175 177 176
177 171 176
177 178 171
179 178 177
179 180 178
179 181 180
182 171 178
162 171 182
182 178 183
183 178 180
162 182 184
183 180 185
186 162 184
187 162 186
185 180 188
162 187 189
190 189 187
162 189 163
190 191 189
163 189 192
193 191 190
194 163 192
193 195 191
167 163 194
167 194 196
167 196 197
198 195 193
170 167 197
198 199 195
170 197 200
170 200 201
201 200 202
201 202 203
198 204 199
199 204 205
205 204 206
207 201 203
207 203 208
209 208 206
209 207 208
204 209 206
198 210 204
198 211 210
212 204 210
209 204 212
210 211 213
212 210 213
213 211 188
207 209 214
201 207 214
212 215 209
214 209 215
213 188 216
216 188 180
217 216 180
216 217 213
217 180 181
218 217 181
212 213 219
213 217 219
220 217 218
220 219 217
221 220 218
221 218 222
223 221 222
224 221 223
225 219 220
212 219 226
219 225 226
226 225 227
227 228 226
212 226 215
226 228 215
228 229 215
229 214 215
230 214 229
231 230 229
232 214 230
201 214 232
232 233 201
170 201 233
170 233 234
170 234 235
169 170 235
236 235 234
236 237 235
238 237 236
238 236 239
238 239 240
241 235 237
169 235 241
169 241 242
243 169 242
244 169 243
244 243 154
169 244 168
244 154 153
168 244 153
245 168 153
143 168 245
245 153 150
143 245 150
246 247 248
246 249 247
249 246 250
251 250 246
251 252 250
253 250 252
247 249 254
254 249 250
253 255 250
255 254 250
256 255 253
247 254 257
257 254 255
257 258 247
256 259 255
257 255 259
257 260 258
260 257 259
260 261 258
260 262 261
262 263 261
264 259 256
256 265 264
266 264 265
266 267 264
259 264 267
268 267 266
260 259 269
269 262 260
259 267 269
262 270 263
270 271 263
269 272 262
267 272 269
272 270 262
268 273 267
267 273 272
273 268 274
273 274 275
275 272 273
276 275 274
270 277 271
278 271 277
272 279 270
275 279 272
279 277 270
276 280 275
279 275 280
280 276 281
278 277 282
282 283 278
279 284 277
279 280 284
282 277 284
280 281 285
284 280 285
282 284 285
282 285 283
286 285 281
283 285 287
285 286 287
288 289 290
288 290 291
292 288 291
292 293 288
292 294 293
292 295 294
292 296 295
292 291 296
296 291 290
296 290 297
298 299 300
298 301 299
301 302 299
301 303 302
301 304 303
305 306 307
305 308 306
305 309 308
308 309 310
306 308 311
311 312 306
308 310 313
313 310 314
313 314 315
314 316 315
314 317 316
317 318 316
317 319 318
318 319 320
318 320 321
318 321 322
323 324 325
323 325 326
326 327 323
326 328 327
329 327 328
329 330 327
329 331 330
329 332 331
332 333 331
332 334 333
331 333 335
335 333 336
337 338 339
337 339 340
341 337 340
341 342 337
343 342 341
343 344 342
343 345 344
343 346 345
347 345 346
347 346 348
349 350 351
351 352 349
349 352 353
353 352 354
351 355 352
351 356 355
357 354 352
355 357 352
354 357 358
357 359 358
360 359 357
355 360 357
361 359 360
361 360 362
360 363 362
364 360 355
364 363 360
355 356 364
364 365 363
366 364 356
366 356 367
366 368 364
368 365 364
367 369 366
370 365 368
370 371 365
367 372 369
373 371 370
374 372 367
373 375 371
376 373 372
376 372 374
376 375 373
377 376 374
377 374 378
377 378 379
376 377 380
376 380 375
375 380 381
382 381 380
381 382 383
379 378 384
383 382 385
385 384 386
387 384 378
386 384 387
388 383 385
388 385 386
386 389 388
390 386 387
386 391 389
391 392 389
393 392 391
390 394 386
391 386 394
393 391 395
394 395 391
393 395 396
397 396 395
397 395 398
394 398 395
397 398 399
398 400 399
398 401 400
394 401 398
394 390 401
401 390 402
403 404 405
403 406 404
403 407 406
408 404 406
406 407 409
408 406 410
406 409 411
406 411 410
412 413 414
412 415 413
412 416 415
417 415 416
417 416 418
418 419 417
412 420 416
418 416 420
418 421 419
422 419 421
418 420 423
421 418 423
422 421 424
425 422 424
421 423 426
426 424 421
425 424 427
428 425 427
426 429 424
427 424 429
428 427 430
431 428 430
427 429 432
432 430 427
431 430 433
434 431 433
433 435 434
432 436 430
436 433 430
423 437 426
438 429 426
438 426 437
429 439 432
429 438 439
440 436 432
440 432 439
423 441 437
441 423 420
441 420 442
420 412 442
412 443 442
443 441 442
412 444 443
443 445 441
437 441 445
437 445 446
438 437 446
438 446 447
438 447 439
439 447 448
439 448 440
449 440 448
450 440 449
450 449 451
450 436 440
450 451 452
450 453 436
436 453 433
450 452 454
454 453 450
454 452 435
433 453 455
454 455 453
433 455 435
455 454 435
456 457 458
459 458 457
459 460 458
459 461 460
459 457 462
459 463 461
459 462 464
464 462 465
459 466 463
466 459 464
466 467 463
466 468 467
468 469 467
468 470 469
469 470 471
468 472 470
473 472 468
466 474 468
474 466 464
474 475 468
473 468 475
464 475 474
464 465 476
464 476 475
477 473 475
477 478 473
477 479 478
477 480 479
475 481 477
475 476 481
481 480 477
476 465 482
481 476 482
482 465 483
483 484 482
481 482 485
485 482 484
480 481 485
485 484 486
485 486 487
480 485 488
485 487 488
487 489 488
489 480 488
487 490 489
490 487 491
489 492 480
493 480 492
493 479 480
493 494 479
495 479 494
495 494 496
496 497 495
496 498 497
497 498 499
500 497 499
501 500 499
501 502 500
503 502 501
504 505 506
504 506 507
507 506 508
507 508 509
510 509 508
510 508 511
512 510 511
512 513 510
512 514 513
512 515 514
516 514 515
516 517 514
518 519 520
518 520 521
522 518 521
521 520 523
521 523 524
521 524 525
526 527 528
526 529 527
530 527 529
530 529 531
532 530 531
532 533 530
534 533 532
534 535 533
535 534 536
535 536 537
538 539 540
538 540 541
538 541 542
543 542 541
543 541 544
544 545 543
544 546 545
547 545 546
547 548 545
549 548 547
549 547 550
550 547 551
550 551 552
553 550 552
554 555 556
554 556 557
558 554 557
558 557 559
560 558 559
560 559 561
562 560 561
562 561 563
564 562 563
564 563 565
566 564 565
566 565 567
568 566 567
568 567 569
570 568 569
570 569 571
572 570 571
572 571 573
574 572 573
574 573 575
576 574 575
576 575 577
578 576 577
578 577 579
580 581 582
583 581 580
583 580 584
585 583 584
586 583 585
586 585 587
588 586 587
589 586 588
589 588 590
591 592 593
591 594 592
594 595 592
594 596 595
596 597 595
596 598 597
599 600 601
599 601 602
603 599 602
602 601 604
603 602 605
605 606 603
605 607 606
602 604 608
605 602 608
608 604 609
605 608 610
610 611 605
610 612 611
608 609 613
610 608 613
613 609 614
610 613 615
615 616 610
615 617 616
613 614 618
615 613 618
618 614 619
618 619 620
620 619 621
620 621 622
615 618 623
623 618 620
624 615 623
624 625 615
626 620 622
623 620 626
626 627 623
626 628 627
626 622 629
629 630 626
629 631 630
632 633 634
632 634 635
636 632 635
636 635 637
638 636 637
638 637 639
640 638 639
640 639 641
640 641 642
640 642 643
643 642 644
643 644 645
646 647 648
646 649 647
649 650 647
649 651 650
652 653 654
652 654 655
656 657 658
656 659 657
659 660 657
659 661 660
662 663 664
662 664 665
666 667 668
666 669 667
669 670 667
669 671 670
671 672 670
671 673 672
674 675 676
674 677 675
677 678 675
677 679 678
680 681 682
680 682 683
684 685 686
684 687 685
687 684 688
687 688 689
690 689 688
690 691 689
692 691 690
692 693 691
694 693 692
694 695 693
694 696 695
694 697 696
698 699 700
698 700 701
701 700 702
701 702 703
703 702 704
703 704 705
705 704 706
705 706 707
708 707 706
708 709 707
709 708 710
709 710 711
712 713 714
712 714 715
716 712 715
716 715 717
718 716 717
718 717 719
720 718 719
720 719 721
722 720 721
722 721 723
724 725 726
724 726 727
724 727 728
724 728 729
730 729 728
730 731 729
732 731 730
732 733 731
734 733 732
734 732 735
734 735 736
737 738 739
740 738 737
740 741 738
740 742 741
742 740 743
743 744 742
744 743 745
744 745 746
744 746 747
748 747 746
748 746 749
748 749 750
751 752 753
754 751 753
754 755 751
756 755 754
757 755 756
757 758 755
759 758 757
759 760 758
760 759 761
760 761 762
761 763 762
761 764 763
763 764 765
765 766 763
765 767 766
765 768 767
769 767 768
770 771 772
772 773 770
774 770 773
774 773 775
774 775 776
777 778 779
778 777 780
777 781 780
782 783 784
782 785 783
786 783 785
786 785 787
788 789 790
788 790 791
792 791 790
792 793 791
794 795 796
797 795 794
797 794 798
797 798 799
800 801 802
801 803 802
804 802 803
804 803 805
804 805 806
804 806 807
808 809 810
808 810 811
811 810 812
811 812 813
814 813 812
815 814 812
816 814 815
817 818 819
817 820 818
817 821 820
821 822 820
821 823 822
823 824 822
823 825 824
824 825 826
824 826 827
828 827 826
828 826 829
828 829 830
831 832 833
833 832 834
833 834 835
834 836 835
834 837 836
837 834 838
837 838 839
840 839 838
840 838 841
842 840 841
843 842 841
844 845 846
847 846 845
848 847 845
848 845 849
848 849 850
850 851 848
852 851 850
853 851 852
854 851 853
854 853 855
854 855 856
854 856 857
858 859 860
858 860 861
862 863 864
862 864 865
866 867 868
866 868 869
869 868 870
869 870 871
872 873 874
874 873 875
876 877 878
876 879 877
876 880 879
881 879 880
881 882 879
883 882 881
883 881 884
885 883 884
885 884 886
885 886 887
888 889 890
888 890 891
891 890 892
891 892 893
893 892 894
893 894 895
895 894 896
895 896 897
897 896 898
897 898 899
900 901 902
903 902 901
900 902 904
905 900 904
905 904 906
904 907 906
904 908 907
902 908 904
907 908 909
908 902 909
907 909 910
911 910 909
911 909 912
909 902 912
913 911 912
903 914 902
912 902 914
913 912 914
914 903 915
914 915 913
916 917 918
917 919 918
917 920 919
917 916 921
917 922 920
923 917 921
917 923 922
923 921 924
923 925 922
923 924 925
926 927 928
926 929 927
926 928 930
931 930 928
931 928 932
931 932 933
931 933 934
934 933 935
936 935 929
934 935 936
926 937 929
936 929 937
930 931 938
938 931 934
930 938 939
938 934 940
941 930 939
941 926 930
937 926 941
937 941 942
934 943 940
934 936 943
943 936 937
943 937 942
944 945 946
947 946 945
944 946 948
947 949 946
944 948 950
951 949 947
944 950 952
951 947 953
952 950 954
953 954 951
952 954 955
953 955 954
956 957 958
959 956 958
956 960 957
960 961 957
959 962 956
963 962 959
964 962 963
965 961 960
961 965 966
965 967 966
962 964 968
968 964 969
970 968 969
967 965 971
968 970 971
967 971 972
971 970 972
973 974 975
975 974 976
973 977 974
978 977 973
976 974 979
976 979 980
980 979 981
982 977 978
981 979 983
981 983 984
984 983 985
982 978 986
987 982 986
988 982 987
985 983 989
988 989 982
985 989 990
990 989 988
