byte offset: 0
first index: 0
index count: 3150
topology: trianglelist
format: DXGI_FORMAT_R16_UINT

0 1 2
3 4 5
6 7 8
9 10 11
12 13 14
12 14 15
15 16 12
15 14 17
15 18 16
19 16 18
15 17 20
20 18 15
19 18 21
22 19 21
23 20 17
23 17 24
25 23 24
25 24 26
20 27 18
27 20 23
27 21 18
22 21 28
28 29 22
27 23 30
25 30 23
27 31 21
31 28 21
31 27 30
28 32 29
32 33 29
31 34 28
34 32 28
26 35 25
26 36 35
37 35 36
37 36 38
37 38 39
31 30 40
34 31 40
32 41 33
33 41 42
33 42 43
32 44 41
42 41 44
34 45 32
32 45 44
46 43 42
46 47 43
47 46 48
47 48 49
49 48 50
49 50 51
51 50 52
51 52 53
54 50 48
52 50 54
55 48 46
54 48 55
56 54 55
42 57 46
55 46 57
55 57 58
42 59 57
59 58 57
42 44 59
60 53 52
60 61 53
52 54 62
62 60 52
62 54 56
62 63 60
64 63 62
62 56 64
64 65 63
64 66 65
67 59 44
45 67 44
64 68 66
56 68 64
67 69 59
69 67 70
59 69 58
45 71 67
70 67 71
71 45 34
66 68 72
66 72 73
69 70 74
74 58 69
71 34 75
76 71 75
34 40 75
40 76 75
77 73 72
77 78 73
70 71 79
76 79 71
40 80 76
80 40 30
80 30 81
25 81 30
81 82 80
82 76 80
83 81 25
81 83 82
78 77 84
78 84 85
86 85 84
83 25 87
87 25 35
87 35 88
88 35 37
87 89 83
87 88 89
83 90 82
83 89 90
86 84 91
91 92 86
88 37 93
89 88 93
94 82 90
82 94 76
95 76 94
95 79 76
95 94 96
94 90 96
79 95 97
95 96 97
79 97 98
98 70 79
99 93 37
89 93 100
99 100 93
89 101 90
89 100 101
102 96 90
102 90 101
96 103 97
96 102 103
104 98 97
104 97 103
99 37 105
37 39 105
39 106 105
39 107 106
107 108 106
107 109 108
109 110 108
109 111 110
112 110 111
106 108 113
110 113 108
105 106 114
106 113 114
115 99 105
105 114 115
112 116 110
117 116 112
117 118 116
110 119 113
116 119 110
120 116 118
116 120 119
120 118 121
121 122 120
114 113 123
119 123 113
120 122 124
124 122 125
120 126 119
119 126 123
120 124 126
114 123 127
127 115 114
128 123 126
127 123 128
124 129 126
128 126 129
124 125 130
130 129 124
131 130 125
131 125 132
131 132 133
134 129 130
131 134 130
129 135 128
129 134 135
131 133 136
136 133 137
131 138 134
135 134 138
136 138 131
136 137 139
139 137 140
136 141 138
139 141 136
139 140 142
142 140 143
144 128 135
127 128 144
145 127 144
135 138 146
146 138 141
144 135 147
147 145 144
147 135 146
139 148 141
142 148 139
142 143 149
149 143 150
146 141 151
151 141 148
142 152 148
149 152 142
149 150 153
153 150 154
147 146 155
155 146 151
156 148 152
151 148 156
149 157 152
153 157 149
158 147 155
155 151 159
158 155 159
160 159 151
160 151 156
158 161 147
147 161 145
160 162 159
158 159 162
156 152 163
152 157 164
152 164 163
165 156 163
165 160 156
166 163 164
166 165 163
157 167 164
164 168 166
164 167 168
157 169 167
153 169 157
169 170 167
168 167 170
153 171 169
169 171 170
153 172 171
153 154 172
173 172 154
173 154 174
172 173 175
172 175 171
92 171 175
92 170 171
91 170 92
168 170 91
168 91 84
168 84 176
176 166 168
176 84 77
176 177 166
177 165 166
176 77 178
178 77 72
177 179 165
179 160 165
180 177 176
180 176 178
180 179 177
178 72 181
180 178 181
181 72 68
179 182 160
160 182 162
180 183 179
183 182 179
181 68 184
56 184 68
180 181 185
183 180 185
181 184 186
186 184 56
181 186 185
183 187 182
162 182 187
183 185 188
186 188 185
187 183 188
186 56 189
56 55 189
55 58 189
189 190 186
186 190 188
189 58 190
187 188 191
190 191 188
190 58 192
190 192 191
74 192 58
192 74 193
192 193 191
193 74 70
194 187 191
194 191 193
162 187 194
162 194 195
195 194 193
162 195 158
193 70 196
195 193 196
98 196 70
98 195 196
98 104 195
104 158 195
104 161 158
103 161 104
103 197 161
197 103 102
197 145 161
197 102 198
197 198 145
198 102 101
198 101 199
199 145 198
199 101 100
199 200 145
145 200 127
127 200 115
199 100 201
201 200 199
201 115 200
99 201 100
115 201 99
202 203 204
202 205 203
205 202 206
205 207 203
205 206 208
209 208 206
205 210 207
210 205 208
209 211 208
211 209 212
213 207 210
213 214 207
215 214 213
215 216 214
210 208 217
217 213 210
217 208 211
211 212 218
218 212 219
217 220 213
215 213 220
217 211 221
221 211 218
221 220 217
218 219 222
222 219 223
221 218 224
224 218 222
216 215 225
216 225 226
227 226 225
227 228 226
227 229 228
221 230 220
224 230 221
222 223 231
223 232 231
223 233 232
222 231 234
232 234 231
224 222 235
222 234 235
236 232 233
236 233 237
237 238 236
237 239 238
239 240 238
239 241 240
241 242 240
241 243 242
244 238 240
242 244 240
245 236 238
244 245 238
246 245 244
232 236 247
245 247 236
245 248 247
232 247 249
249 247 248
232 249 234
250 242 243
250 243 251
242 252 244
252 242 250
252 246 244
252 250 253
254 252 253
252 254 246
254 253 255
254 255 256
257 234 249
235 234 257
254 256 258
258 246 254
257 249 259
259 260 257
249 248 259
235 257 261
260 261 257
261 224 235
256 262 258
256 263 262
264 259 248
259 264 260
261 265 224
266 265 261
224 265 230
230 265 266
267 262 263
267 263 268
260 269 261
266 261 269
230 266 270
270 220 230
270 271 220
215 220 271
271 270 272
272 270 266
273 215 271
271 272 273
268 274 267
268 275 274
276 274 275
273 277 215
277 225 215
277 278 225
278 227 225
277 273 279
277 279 278
273 272 280
273 280 279
272 266 281
281 280 272
282 281 266
282 266 269
282 283 281
281 283 280
269 284 282
282 284 283
278 285 227
279 285 278
269 286 284
286 269 260
287 280 283
279 280 288
287 288 280
279 289 285
279 288 289
290 227 285
290 285 289
283 284 291
283 291 287
292 284 286
292 291 284
290 293 227
227 293 229
229 293 294
229 294 295
295 294 296
295 296 297
297 296 298
297 298 299
300 299 298
294 301 296
298 296 301
293 302 294
294 302 301
303 293 290
293 303 302
300 298 304
305 300 304
305 304 306
298 301 307
304 298 307
308 306 304
304 307 308
308 309 306
309 308 310
302 311 301
307 301 311
308 307 312
307 311 312
308 313 310
308 312 313
313 314 310
302 315 311
315 302 303
316 312 311
315 316 311
313 312 317
316 317 312
313 318 314
318 313 317
319 314 318
319 320 314
321 320 319
322 318 317
319 318 322
317 316 323
317 323 322
321 319 324
325 321 324
319 322 326
323 326 322
324 319 326
325 324 327
328 325 327
324 326 329
327 324 329
328 327 330
330 331 328
332 323 316
315 332 316
333 332 315
323 334 326
334 329 326
332 335 323
335 332 333
335 334 323
327 329 336
330 327 336
330 337 331
337 338 331
334 339 329
339 336 329
330 336 340
337 330 340
337 341 338
342 338 341
335 343 334
343 339 334
344 340 336
339 344 336
337 340 345
341 337 345
346 343 335
343 347 339
346 347 343
348 339 347
348 344 339
346 335 349
335 333 349
348 347 350
346 350 347
344 351 340
340 352 345
340 351 352
353 351 344
353 344 348
354 352 351
354 351 353
345 352 355
352 354 356
352 356 355
345 355 357
341 345 357
357 355 358
356 358 355
341 357 359
357 358 359
341 359 360
342 341 360
361 342 360
361 362 342
360 363 361
360 359 363
364 363 359
364 359 358
365 364 358
356 365 358
365 276 364
276 365 274
356 274 365
356 366 274
366 356 354
366 267 274
366 354 367
367 354 353
366 368 267
368 262 267
367 353 369
369 353 348
370 366 367
370 368 366
370 367 369
368 371 262
370 371 368
371 258 262
369 348 372
348 350 372
370 369 373
373 369 372
371 374 258
258 374 246
370 375 371
373 375 370
376 374 371
246 374 376
376 371 375
373 372 377
350 377 372
373 378 375
378 376 375
377 378 373
246 376 379
246 379 245
245 379 248
379 376 380
378 380 376
379 380 248
377 381 378
380 378 381
380 382 248
380 381 382
264 248 382
382 383 264
382 381 383
383 260 264
384 381 377
384 383 381
350 384 377
350 385 384
385 383 384
350 346 385
383 386 260
385 386 383
286 260 386
286 386 385
286 385 292
292 385 346
292 346 349
291 292 349
291 349 387
387 287 291
387 349 333
387 388 287
387 333 388
388 288 287
388 389 288
389 388 333
389 289 288
389 333 390
333 315 390
315 303 390
389 391 289
391 389 390
391 390 303
290 289 391
303 290 391
392 393 394
392 395 393
395 392 396
395 397 393
395 396 398
398 396 399
395 400 397
400 395 398
400 401 397
398 399 402
403 402 399
403 404 402
400 405 401
405 406 401
407 406 405
400 398 408
408 398 402
408 405 400
404 409 402
408 402 409
404 410 409
407 405 411
411 412 407
408 413 405
409 413 408
413 411 405
410 414 409
409 414 413
410 415 414
411 416 412
416 417 412
413 418 411
414 418 413
416 411 418
415 419 414
414 419 418
416 420 417
420 421 417
416 418 422
419 422 418
422 420 416
415 423 419
424 423 415
419 425 422
423 425 419
422 426 420
426 422 425
420 427 421
426 427 420
424 428 423
423 428 425
426 425 429
429 425 428
430 421 427
430 431 421
426 432 427
429 432 426
424 433 428
434 433 424
435 431 430
435 436 431
437 430 427
437 427 432
438 436 435
438 439 436
440 435 430
440 430 437
439 438 441
439 441 442
441 443 442
435 444 438
435 440 444
445 443 441
445 446 443
447 441 438
447 438 444
448 445 441
448 441 447
449 446 445
449 450 446
451 450 449
451 452 450
449 453 451
445 454 449
449 454 453
445 448 454
455 453 454
455 454 456
448 456 454
457 455 456
457 456 458
448 459 456
458 456 459
459 448 447
458 459 460
459 447 461
460 459 461
461 447 444
460 461 462
461 444 463
462 461 463
463 444 440
462 463 464
465 462 464
463 440 466
464 463 466
437 466 440
465 464 467
464 466 467
437 468 466
468 467 466
468 437 432
465 467 469
470 465 469
468 432 471
429 471 432
472 468 471
472 471 429
468 473 467
472 473 468
474 469 467
474 467 473
475 470 469
475 469 474
474 476 475
477 474 473
477 473 472
474 477 476
472 429 478
477 472 478
429 428 478
475 479 470
479 475 476
479 480 470
479 481 480
477 478 482
482 478 428
482 476 477
482 428 433
483 482 433
482 483 476
483 433 434
483 434 484
484 476 483
484 434 485
484 485 486
479 476 487
484 487 476
479 488 481
487 488 479
488 489 481
484 486 490
487 484 490
490 486 491
487 492 488
489 488 492
487 490 492
491 492 490
489 492 493
491 493 492
494 495 496
497 495 494
498 497 494
495 497 499
500 497 498
501 500 498
497 502 499
502 497 500
499 502 503
502 504 503
505 500 501
506 505 501
506 507 505
502 500 508
505 508 500
507 509 505
505 509 508
507 510 509
502 511 504
511 502 508
510 512 509
510 513 512
514 512 513
509 515 508
509 512 515
511 508 515
514 516 512
516 515 512
517 516 514
518 504 511
518 519 504
520 519 518
511 515 521
516 521 515
511 521 518
517 522 516
522 521 516
523 522 517
523 524 522
522 525 521
522 524 525
518 521 525
524 526 525
527 520 518
518 525 527
525 526 527
528 520 527
526 529 527
527 529 528
529 530 528
531 532 533
531 534 532
534 531 535
534 535 536
536 535 537
538 536 537
538 537 539
540 538 539
540 541 538
542 541 540
542 543 541
544 543 542
545 543 544
545 544 546
546 547 545
544 548 546
546 549 547
550 547 549
551 546 548
551 549 546
550 549 552
552 549 551
552 553 550
554 551 548
554 548 555
552 556 553
556 557 553
556 558 557
558 559 557
558 560 559
561 560 558
561 562 560
563 558 556
563 561 558
556 552 564
556 564 563
552 551 565
564 552 565
566 562 561
566 567 562
568 561 563
568 563 564
568 566 561
569 567 566
569 570 567
571 569 566
571 566 568
571 568 572
568 564 572
571 572 573
574 565 551
574 551 554
564 565 575
575 572 564
575 565 574
573 572 576
575 576 572
573 576 577
576 575 578
575 574 578
579 577 576
576 578 579
579 580 577
581 580 579
578 582 579
581 579 582
578 574 583
578 583 582
582 583 584
584 581 582
584 585 581
586 574 587
586 587 588
587 574 554
589 587 554
589 554 590
587 591 592
587 592 593
593 594 595
593 595 596
596 595 597
596 597 598
599 600 601
599 601 602
603 604 605
603 605 606
607 608 609
607 609 610
611 612 613
611 614 612
614 615 612
614 616 615
616 617 615
617 616 618
617 618 619
618 620 619
618 621 620
621 622 620
621 623 622
624 622 623
624 623 625
624 625 626
626 625 627
624 626 628
626 627 629
630 629 627
631 628 626
631 626 629
630 632 629
631 629 632
632 630 633
634 628 631
634 635 628
632 633 636
636 633 637
636 637 638
638 637 639
638 639 640
641 638 640
641 640 642
643 636 638
643 638 641
636 644 632
636 643 644
631 632 645
644 645 632
646 641 642
646 642 647
648 643 641
648 644 643
648 641 646
649 646 647
649 647 650
651 646 649
651 648 646
651 652 648
648 652 644
651 653 652
654 631 645
654 634 631
644 655 645
655 644 652
655 654 645
653 656 652
655 652 656
653 657 656
656 658 655
655 658 654
659 656 657
656 659 658
659 657 660
659 660 661
658 659 662
659 661 662
658 663 654
658 662 663
662 664 663
664 662 661
664 661 665
666 667 654
666 668 667
667 634 654
634 667 669
634 669 670
667 671 672
667 673 671
673 674 675
673 676 674
676 677 674
676 678 677
679 680 681
679 681 682
683 684 685
683 685 686
687 688 689
687 689 690
