byte offset: 0
first index: 0
index count: 2826
topology: trianglelist
format: DXGI_FORMAT_R16_UINT

0 1 2
3 4 5
6 7 8
9 10 7
9 11 10
12 7 10
13 12 10
13 10 14
7 12 15
16 7 15
16 15 17
15 12 18
12 19 18
12 20 19
21 15 18
21 22 15
21 23 22
24 23 21
21 18 25
25 18 26
25 26 27
24 21 28
28 21 25
29 24 28
28 25 30
30 25 31
30 31 32
29 28 33
33 28 30
34 29 33
34 33 35
33 30 36
35 33 36
36 30 37
36 37 38
35 36 39
39 36 40
39 40 41
42 35 39
43 35 42
43 44 35
42 39 45
45 39 46
45 46 47
48 42 45
48 49 42
48 50 49
48 45 51
51 45 52
51 52 53
54 48 51
54 55 48
51 56 57
51 57 58
59 60 48
59 61 60
12 62 63
64 65 66
67 68 66
67 69 68
70 71 72
71 73 74
71 75 76
71 77 78
71 79 77
71 80 79
81 82 71
81 83 82
79 84 85
79 85 86
87 79 86
87 86 88
86 85 89
86 89 90
91 86 90
91 90 92
90 89 93
90 93 94
95 90 94
95 94 96
94 97 98
94 98 99
100 94 99
100 99 101
99 102 103
99 103 104
105 99 104
105 104 106
104 103 107
104 107 108
109 104 108
109 108 110
108 111 112
108 112 113
114 108 115
114 115 116
117 118 119
120 121 122
123 124 120
123 120 125
123 125 126
123 127 128
123 129 127
123 130 129
123 131 130
129 132 133
129 133 134
134 135 129
134 136 135
137 138 134
137 139 138
137 134 140
137 140 141
137 142 143
137 144 142
137 145 144
137 146 145
144 147 148
144 148 149
149 150 144
149 151 150
152 153 149
149 154 152
149 155 154
156 157 158
159 157 160
161 157 162
163 157 164
163 164 165
166 157 167
166 167 168
169 170 171
172 173 174
175 173 176
175 176 177
178 179 180
181 182 183
184 185 186
187 188 189
190 191 192
193 194 192
195 196 192
197 198 192
197 199 198
200 201 192
200 202 201
203 204 205
206 207 208
209 210 208
209 211 210
212 213 214
215 216 217
218 219 220
221 222 223
224 225 226
227 228 229
230 227 231
232 227 233
234 235 232
234 232 236
232 237 236
238 239 240
241 242 239
239 243 244
245 243 246
245 247 243
248 243 247
249 250 251
252 253 254
255 256 257
258 259 260
261 262 263
264 265 266
267 268 269
270 271 272
273 272 274
272 275 276
277 278 272
277 272 279
272 280 279
281 280 272
281 282 280
279 280 283
284 283 280
284 285 283
279 283 286
279 286 287
286 283 288
286 288 289
290 288 283
290 283 291
292 290 291
292 293 290
294 292 291
283 295 291
283 296 295
294 291 297
295 297 291
295 298 297
297 299 294
297 300 299
301 300 297
301 302 300
303 304 305
306 307 308
309 310 311
312 313 314
315 316 317
318 319 320
321 322 323
324 325 326
327 328 329
330 331 332
333 334 335
336 337 338
339 340 341
342 343 344
345 346 347
348 349 350
351 350 352
353 354 350
350 355 356
350 356 357
357 358 350
357 359 358
360 350 358
361 358 359
361 362 358
357 363 359
357 364 363
365 359 363
365 366 359
367 359 366
367 366 368
359 367 369
359 369 370
368 371 367
368 372 371
367 371 373
367 373 374
374 373 375
374 375 376
374 376 377
374 377 378
367 374 379
367 379 380
381 382 383
384 385 386
387 388 389
390 391 392
393 394 391
393 391 395
396 397 398
399 400 401
400 402 403
404 405 406
407 408 409
410 358 411
412 413 414
415 416 417
418 419 420
421 422 423
424 425 426
424 426 427
428 429 430
428 430 431
432 433 434
432 434 435
432 435 436
432 436 437
438 437 436
438 436 439
440 441 442
440 442 443
444 445 446
444 446 447
448 444 449
448 449 450
451 452 453
451 453 454
455 456 457
455 457 458
459 460 461
459 462 460
463 462 459
463 464 462
465 464 463
465 466 464
465 467 466
465 468 467
468 469 467
468 470 469
471 469 470
471 472 469
473 474 472
473 472 475
476 477 478
476 478 479
480 481 482
480 482 483
484 485 486
484 486 487
488 489 490
488 490 491
492 493 494
492 494 495
496 492 495
496 495 497
498 499 500
498 500 501
502 503 500
502 504 503
504 505 503
504 506 505
506 507 505
506 508 507
508 509 507
508 510 509
510 511 509
510 512 511
512 513 514
512 514 515
516 517 514
516 518 517
519 520 521
519 521 522
523 524 525
523 525 526
527 528 529
527 529 530
531 532 533
531 533 534
535 533 536
535 536 537
537 536 538
537 538 539
539 538 540
539 540 541
542 543 544
542 544 545
546 547 548
546 548 549
550 551 552
550 552 553
554 555 556
554 556 557
558 557 556
558 556 559
560 561 562
563 561 560
563 564 561
564 563 565
566 567 568
566 568 569
570 571 572
570 572 573
574 575 576
574 576 577
578 579 580
578 580 581
582 583 584
582 584 585
586 587 588
586 588 589
590 591 592
590 593 591
593 594 591
591 594 595
591 595 596
593 597 594
593 598 597
593 599 598
600 597 598
600 598 601
602 594 597
603 602 597
603 604 602
602 605 594
606 605 602
606 607 605
608 594 605
608 605 609
608 610 594
608 611 610
612 613 614
612 614 615
616 617 618
616 618 593
619 593 620
619 620 621
622 623 624
622 624 625
626 627 628
626 628 591
629 591 630
629 630 631
632 633 634
632 634 635
636 637 638
636 638 639
640 641 642
640 642 643
644 645 646
644 646 647
648 649 650
648 650 651
652 653 654
652 654 655
656 657 658
656 658 659
660 661 662
660 663 661
664 663 660
664 665 663
666 663 665
666 667 663
666 668 667
666 665 669
669 670 666
669 671 670
672 669 665
672 673 669
674 665 664
675 674 664
675 676 674
674 677 665
677 678 665
677 679 678
674 680 677
674 681 680
682 683 664
682 684 683
682 664 660
682 660 685
686 682 685
686 687 682
688 685 660
688 689 685
690 691 660
690 692 691
693 694 695
693 695 663
696 697 698
696 698 699
700 701 702
700 702 703
704 705 706
704 706 707
708 709 710
708 710 711
712 713 714
712 714 715
716 717 718
716 718 719
720 721 722
720 722 723
724 725 726
724 726 727
727 728 724
727 729 728
729 730 728
729 731 730
732 730 731
732 733 730
734 735 736
734 736 737
738 739 740
738 740 741
742 743 744
742 744 745
746 747 742
746 748 747
749 748 750
749 750 751
752 753 751
752 754 753
755 756 754
755 757 756
758 757 759
758 759 760
761 760 762
761 762 763
764 763 765
764 765 766
767 768 769
767 769 770
771 772 770
771 773 772
774 773 775
774 775 776
777 778 776
777 779 778
780 781 779
780 782 781
783 784 785
783 785 786
783 787 788
783 788 789
790 791 792
790 792 793
794 795 796
794 796 797
798 799 800
798 800 801
802 803 798
802 804 803
805 806 807
805 808 806
809 806 808
809 810 806
811 812 809
811 809 813
813 814 811
813 815 814
816 817 818
816 818 819
820 821 822
820 822 823
824 825 823
824 826 825
827 828 829
827 830 828
831 832 830
831 833 832
834 835 836
834 836 837
838 839 840
838 840 841
842 843 844
842 844 845
846 847 844
846 848 847
849 850 851
849 851 852
853 854 855
853 855 856
857 858 859
857 859 860
861 862 863
861 863 864
863 865 866
863 866 867
868 869 870
868 870 871
872 873 874
872 874 875
876 877 878
876 878 879
880 881 882
880 882 883
884 885 886
884 886 887
888 889 890
888 890 891
892 893 894
892 894 895
896 897 898
896 898 899
900 898 901
900 901 902
903 902 904
903 904 905
906 907 905
906 908 907
909 908 910
909 910 911
912 913 911
912 914 913
915 914 916
915 916 917
918 919 917
918 920 919
921 922 923
921 924 922
925 924 926
925 926 927
928 927 929
928 929 930
931 932 930
931 933 932
934 933 935
934 935 936
937 938 936
937 939 938
940 941 942
940 942 943
944 945 946
944 946 947
948 949 950
948 950 951
952 953 951
952 954 953
955 956 957
955 958 956
959 960 958
959 961 960
962 963 964
962 964 965
966 967 968
966 968 969
970 971 972
970 972 973
974 975 976
974 976 977
978 979 980
978 980 981
982 983 984
982 984 985
986 987 988
986 988 989
990 991 992
990 992 993
994 995 996
994 996 997
998 999 1000
998 1000 1001
1002 1003 1004
1002 1004 1005
1006 1007 1008
1006 1008 1009
1010 1011 1012
1010 1012 1013
1014 1015 1016
1014 1016 1017
1018 1019 1020
1018 1020 1021
1022 1023 1024
1022 1024 1025
1026 1025 1027
1026 1027 1028
1029 1030 1031
1029 1031 1032
1033 1034 1031
1033 1031 1035
1036 1037 1038
1036 1038 1039
1040 1041 1042
1040 1042 1043
1044 1045 1046
1044 1046 1047
1048 1047 1049
1048 1049 1050
1051 1052 1053
1051 1053 1054
1055 1056 1057
1055 1057 1058
1059 1060 1061
1059 1061 1062
1063 1064 1065
1063 1065 1066
1067 1068 1069
1067 1069 1070
1071 1072 1073
1071 1073 1074
1075 1076 1077
1075 1077 1078
1079 1080 1081
1079 1081 1082
1083 1084 1085
1083 1085 1086
1087 1088 1089
1087 1089 1090
1091 1092 1093
1091 1093 1094
1095 1094 1096
1095 1096 1097
1098 1097 1099
1098 1099 1100
1101 1102 1103
1101 1103 1104
1105 1104 1106
1105 1106 1107
1108 1107 1109
1108 1109 1110
1111 1112 1113
1111 1113 1114
1115 1116 1117
1115 1117 1118
1119 1120 1121
1119 1121 1122
1123 1124 1125
1123 1125 1126
1127 1128 1129
1127 1129 1130
1131 1127 1132
1131 1132 1133
1134 1135 1136
1134 1136 1137
1138 1139 1140
1138 1140 1141
1142 1143 1144
1142 1144 1145
1146 1147 1148
1146 1148 1149
1150 1151 1152
1150 1152 1153
1154 1155 1156
1154 1156 1157
1158 1159 1160
1158 1160 1161
1162 1163 1164
1162 1164 1165
1166 1167 1168
1166 1168 1169
1170 1171 1172
1170 1172 1173
1174 1175 1176
1174 1176 1177
1178 1177 1179
1178 1179 1180
1181 1182 1183
1181 1183 1184
1185 1186 1187
1185 1187 1188
1189 1190 1191
1189 1191 1192
1193 1192 1194
1193 1194 1195
1196 1195 1197
1196 1197 1198
1199 1200 1201
1199 1201 1202
1203 1204 1199
1203 1205 1204
1206 1207 1208
1206 1208 1209
1210 1211 1212
1210 1212 1213
1214 1215 1216
1214 1216 1217
1218 1219 1220
1218 1220 1221
1222 1223 1224
1222 1224 1225
1226 1227 1228
1226 1228 1229
1230 1231 1232
1230 1232 1233
1234 1235 1236
1234 1236 1237
1238 1239 1240
1238 1240 1241
1242 1243 1241
1242 1241 1244
1245 1246 1247
1245 1247 1248
1249 1248 1247
1249 1247 1250
1251 1252 1253
1251 1253 1254
1255 1256 1257
1255 1257 1258
1259 1260 1261
1259 1261 1262
1263 1264 1265
1263 1265 1266
1267 1268 1269
1267 1269 1270
1271 1272 1273
1271 1273 1274
1275 1276 1277
1275 1277 1278
1279 1280 1281
1279 1281 1282
1283 1284 1285
1283 1285 1286
1287 1288 1289
1287 1290 1288
1291 1292 1290
1291 1290 1293
1294 1295 1296
1294 1297 1295
1298 1295 1297
1298 1299 1295
1300 1301 1302
1300 1302 1303
1304 1305 1306
1304 1306 1307
1308 1309 1310
1308 1310 1311
1312 1313 1314
1312 1314 1315
1316 1317 1318
1316 1318 1319
1320 1319 1321
1320 1321 1322
1323 1324 1325
1323 1325 1326
1327 1326 1328
1327 1328 1329
1327 1329 1330
1327 1330 1331
1332 1333 1334
1332 1334 1335
1336 1335 1337
1336 1337 1338
1339 1340 1332
1339 1341 1340
1339 1342 1341
1339 1343 1342
1344 1345 1346
1344 1347 1345
1348 1345 1347
1348 1349 1345
1348 1347 1350
1348 1350 1351
1352 1349 1348
1352 1348 1353
1352 1353 1354
1352 1355 1349
1356 1355 1352
1356 1357 1355
1356 1352 1358
1356 1358 1359
1347 1360 1361
1347 1361 1362
1363 1364 1365
1363 1366 1364
1367 1366 1363
1367 1368 1366
1368 1369 1366
1369 1364 1366
1368 1370 1369
1369 1371 1364
1372 1371 1369
1373 1372 1369
1373 1374 1372
1375 1364 1371
1375 1376 1364
1376 1377 1364
1376 1378 1377
1379 1375 1371
1379 1371 1380
1372 1380 1371
1381 1379 1380
1381 1380 1382
1372 1382 1380
1372 1383 1382
1384 1383 1372
1384 1385 1383
1386 1387 1388
1386 1388 1389
1390 1389 1388
1390 1391 1389
1389 1392 1386
1389 1393 1392
1394 1393 1389
1394 1395 1393
1393 1396 1392
1393 1397 1396
1398 1397 1393
1398 1399 1397
1400 1396 1397
1400 1397 1401
1402 1401 1397
1402 1403 1401
1404 1405 1406
1404 1406 1407
1408 1404 1407
1404 1408 1409
1404 1409 1410
1410 1411 1404
1410 1412 1411
1408 1407 1413
1407 1414 1413
1407 1415 1414
1407 1416 1415
1407 1417 1416
1418 1419 1420
1418 1420 1421
1422 1423 1424
1422 279 1423
1425 1426 1427
1425 1427 1428
1429 1430 1431
1429 1431 1432
1433 1434 1435
1433 1435 1436
357 1437 1438
357 1438 1439
1440 1441 1442
1440 1442 1443
1444 1445 1446
1444 1446 1447
1448 1449 1450
1448 1450 1451
1452 1453 1454
1452 1454 1455
1456 1457 1458
1456 1458 1459
1460 1461 1462
1460 1462 1463
1464 1465 1466
1464 1466 1467
1468 1469 1470
1468 1470 1471
1472 1473 1474
1472 1474 1475
1476 1477 1478
1476 1478 1479
1480 1481 1482
1480 1482 1483
1484 1485 1486
1484 1486 1487
1488 1489 1490
1488 1490 1491
1492 1493 1494
1495 1492 1494
1496 1497 1498
1497 1499 1498
1500 1501 1502
1500 1502 1503
1504 1505 1506
1504 1506 1507
1508 1504 1507
1509 1507 1506
1509 1506 1510
1511 1509 1510
1511 1512 1509
1508 1507 1513
1509 1513 1507
1513 1514 1508
1513 1515 1514
1512 1516 1509
1509 1516 1513
1516 1515 1513
1512 1517 1516
1516 1518 1515
1517 1518 1516
1517 1519 1518
1520 1521 1522
1520 1522 1523
1524 1525 1526
1524 1526 1527
1528 1527 1526
1528 1529 1527
1530 1531 1532
1530 1533 1531
1534 1531 1533
1534 1535 1531
1536 1537 1538
1536 1538 1539
