byte offset: 0
first index: 0
index count: 7866
topology: trianglelist
format: DXGI_FORMAT_R16_UINT

0 1 2
2 3 4
2 4 5
6 2 5
7 2 6
7 8 2
9 2 8
6 5 10
7 6 11
10 11 6
12 8 7
12 13 8
14 8 13
15 13 12
10 5 16
5 17 16
5 18 17
10 19 11
10 16 20
20 19 10
7 11 21
12 7 22
22 7 21
22 21 23
19 24 11
11 25 21
11 24 25
24 26 25
19 27 24
20 27 19
27 28 24
21 25 29
21 29 30
25 31 29
20 32 27
32 33 27
32 34 33
35 32 20
16 35 20
36 34 32
35 36 32
36 37 34
16 38 35
39 38 16
38 40 35
40 36 35
38 41 40
42 40 41
43 37 36
40 43 36
43 44 37
42 45 40
45 43 40
46 45 42
47 44 43
45 47 43
47 48 44
47 49 48
46 50 45
50 47 45
51 50 46
47 52 49
50 52 47
51 53 50
53 52 50
54 49 52
53 54 52
53 55 54
54 56 49
55 56 54
55 57 56
55 58 57
55 59 58
60 59 55
51 61 53
61 55 53
60 55 61
51 62 61
60 61 62
60 62 63
64 65 66
67 66 68
68 66 69
70 69 66
70 71 69
68 69 72
68 72 73
68 73 74
75 72 69
72 75 76
72 76 77
75 69 78
78 69 79
78 79 80
78 22 75
22 81 75
22 82 81
78 12 22
83 12 78
83 84 12
68 85 86
87 88 89
89 90 91
89 91 92
92 91 93
93 94 95
93 96 97
93 98 99
99 98 100
99 100 101
101 102 103
103 102 104
105 106 107
108 109 107
108 110 109
111 112 109
111 113 112
114 112 115
25 116 117
118 119 120
121 122 118
122 123 118
123 124 118
123 125 124
122 126 123
126 127 123
126 128 127
127 129 123
127 130 129
127 128 131
127 131 29
29 132 127
29 133 132
134 135 136
135 137 138
139 135 140
139 141 135
141 142 135
141 143 142
144 141 145
144 145 146
147 145 141
147 148 145
145 149 146
145 150 149
151 150 145
150 152 149
151 153 150
150 154 152
153 154 150
153 155 154
156 154 157
156 157 158
159 157 154
159 160 157
157 161 162
163 161 157
161 164 165
166 167 161
161 168 169
161 170 168
171 172 173
174 175 176
177 174 178
177 178 179
180 177 179
180 179 181
182 180 181
182 181 183
184 182 185
184 185 186
187 184 188
187 188 189
187 190 191
187 191 192
191 193 192
191 194 193
194 195 193
194 196 195
196 197 195
196 198 197
199 200 201
199 202 203
204 199 203
204 205 199
204 206 205
204 203 207
208 204 207
208 209 204
208 210 209
208 207 211
212 208 211
212 213 208
212 214 213
212 211 215
216 212 215
216 215 217
212 216 218
212 218 219
220 216 217
220 217 221
222 220 221
216 220 223
216 223 224
222 225 220
226 225 222
220 225 227
220 227 228
226 229 225
230 229 226
225 231 227
225 229 231
230 232 229
232 231 229
233 232 230
233 234 232
231 235 227
236 227 235
236 235 237
232 238 231
234 238 232
231 239 235
238 239 231
235 239 240
238 241 239
241 240 239
237 235 242
235 240 242
234 243 238
243 241 238
237 242 244
245 237 244
245 244 246
237 245 247
237 247 248
249 245 246
249 246 250
251 245 249
251 252 245
253 249 250
253 250 254
255 249 253
255 256 249
257 258 242
259 258 257
257 242 260
240 260 242
240 261 260
257 260 262
261 262 260
263 261 240
241 263 240
257 262 264
257 264 265
257 265 266
259 257 266
266 265 267
266 267 268
268 259 266
268 269 259
270 263 241
243 270 241
263 271 261
261 272 262
271 272 261
270 273 263
273 271 263
274 270 243
275 273 270
274 275 270
276 274 243
276 243 234
277 276 234
277 234 278
279 276 277
279 280 276
280 274 276
281 280 279
282 280 281
280 283 274
283 275 274
282 284 280
284 283 280
282 285 284
286 285 282
287 285 286
287 288 285
285 288 289
290 288 287
291 288 290
291 292 288
292 293 288
293 294 288
294 289 288
293 295 294
295 296 294
284 285 297
285 289 297
294 296 298
298 296 299
297 300 284
284 300 283
289 301 297
297 301 300
294 302 289
298 302 294
298 299 303
299 304 303
304 305 303
304 306 305
306 307 305
300 308 283
301 309 300
300 309 308
301 310 309
289 311 301
311 310 301
289 312 311
311 312 310
289 302 312
302 313 312
302 298 313
283 308 314
283 314 275
314 315 275
275 315 273
308 316 314
314 316 315
309 317 308
308 317 316
315 318 273
316 318 315
310 319 309
309 319 317
317 320 316
316 320 318
318 321 273
273 321 271
319 322 317
317 322 320
320 323 318
318 323 321
321 324 271
271 324 272
322 325 320
320 325 323
323 326 321
321 326 324
325 327 323
323 327 326
319 328 322
322 329 325
328 329 322
325 330 327
329 330 325
331 328 319
310 331 319
324 332 272
326 333 324
324 333 332
326 327 334
326 334 333
272 332 335
272 335 262
336 262 335
336 337 262
332 338 335
336 335 338
336 338 339
333 340 332
332 340 338
334 341 333
333 341 340
327 342 334
334 342 341
343 340 341
342 343 341
344 338 340
343 344 340
327 345 342
330 345 327
342 346 343
344 343 346
344 347 338
347 348 338
347 349 348
347 344 350
344 346 350
345 351 342
342 351 346
349 347 352
347 350 352
330 353 345
345 354 351
353 354 345
346 351 355
351 354 355
350 346 356
346 355 356
350 357 352
350 356 357
352 357 358
349 352 359
352 360 359
361 353 330
329 361 330
362 361 329
328 362 329
361 363 353
362 363 361
364 362 328
331 364 328
364 365 362
331 365 364
362 365 363
363 366 353
353 366 354
331 367 365
310 367 331
363 365 368
363 368 366
367 368 365
310 369 367
310 312 369
312 313 369
367 370 368
370 366 368
369 370 367
371 354 366
370 371 366
369 372 370
313 372 369
372 371 370
371 373 354
373 355 354
313 374 372
298 374 313
298 303 374
372 375 371
375 373 371
372 374 375
375 376 373
376 355 373
374 376 375
303 377 374
374 377 376
303 305 377
376 378 355
377 378 376
378 356 355
305 379 377
377 379 378
378 380 356
379 380 378
305 381 379
305 382 381
356 380 383
356 383 357
379 384 380
381 384 379
384 383 380
357 383 385
357 385 386
381 387 384
388 387 381
388 389 387
384 390 383
387 390 384
390 385 383
389 391 387
387 391 390
390 392 385
390 391 393
390 393 392
389 394 391
394 393 391
394 389 395
389 396 395
394 395 397
398 394 397
394 398 393
398 397 399
392 400 385
401 385 400
392 402 400
401 400 403
392 393 404
398 404 393
392 404 405
398 399 406
407 406 399
403 400 408
403 408 409
400 410 408
400 411 410
409 408 412
409 412 413
414 412 408
414 408 415
398 416 404
398 406 416
404 416 417
417 416 406
417 406 418
404 417 419
420 404 419
420 419 421
419 417 422
417 423 422
417 424 423
419 422 425
426 419 425
426 425 427
425 422 428
422 429 428
422 430 429
425 428 431
425 431 432
425 432 433
431 428 434
428 435 434
428 436 435
431 434 437
431 437 438
431 438 439
437 434 440
434 441 440
434 442 441
437 440 443
443 440 444
437 443 445
437 445 446
440 447 448
443 449 450
451 452 453
453 454 455
456 457 453
456 458 457
457 459 453
457 460 459
457 461 462
457 253 461
463 253 457
463 464 253
465 466 467
468 469 470
471 472 473
474 475 476
477 478 479
480 481 478
482 478 483
482 483 484
482 485 478
482 486 485
487 482 488
487 488 489
490 491 482
490 492 491
493 494 495
495 496 497
495 498 499
495 500 498
501 500 495
501 502 500
500 503 504
505 503 500
505 500 506
507 506 500
507 508 506
505 506 509
510 509 506
510 511 509
505 509 512
513 509 511
512 509 513
512 513 514
512 515 505
516 515 512
516 517 515
515 518 505
503 505 518
517 519 515
515 519 518
519 520 518
519 521 520
517 522 519
522 523 519
522 524 523
525 522 517
525 517 526
525 526 527
525 528 522
528 529 522
528 530 529
531 528 525
532 531 525
532 525 533
531 534 528
534 535 528
534 536 535
537 534 531
538 537 531
538 531 539
537 540 534
541 540 537
540 542 534
540 543 542
544 537 545
546 547 540
548 549 550
550 551 552
550 553 554
550 555 553
556 555 550
556 557 555
558 559 555
558 560 559
558 555 561
558 561 562
563 564 558
563 558 565
565 558 566
565 566 567
565 568 569
565 570 568
571 570 565
571 572 570
573 568 570
573 570 513
513 570 574
513 574 575
513 511 573
576 573 511
576 511 577
578 573 576
578 579 573
580 579 578
580 581 579
582 581 580
582 583 581
578 576 584
580 578 585
578 584 585
582 580 586
580 585 586
587 586 585
587 585 588
589 585 584
589 584 590
576 591 584
576 592 591
593 584 591
593 591 594
582 586 595
596 582 595
595 586 597
595 597 598
599 600 582
601 595 602
603 591 604
605 591 606
605 606 607
607 608 609
610 607 609
611 607 610
610 609 612
610 612 613
613 612 614
615 616 607
615 617 616
617 618 619
617 620 621
617 622 620
622 623 620
622 624 623
625 622 617
625 617 626
627 624 622
625 627 622
627 628 624
629 627 625
625 630 629
625 631 630
631 625 632
631 632 633
634 631 633
634 633 635
635 636 634
634 636 637
638 631 634
638 639 631
640 628 627
629 640 627
628 641 624
624 641 642
624 642 643
644 640 629
629 645 644
629 646 645
640 647 628
628 648 641
647 648 628
644 649 640
649 647 640
649 650 647
647 651 648
652 651 647
652 653 651
648 654 641
641 654 655
641 655 656
651 657 648
648 657 654
651 658 657
659 658 651
659 660 658
657 661 654
654 661 662
654 662 663
658 664 657
657 664 661
658 665 664
666 665 658
666 667 665
664 668 661
661 668 669
661 669 670
665 671 664
664 671 668
671 672 668
665 673 671
673 674 671
675 673 665
675 676 673
668 677 678
679 680 673
681 503 682
503 683 684
503 685 683
503 518 685
518 686 685
518 687 686
685 686 688
685 688 683
688 686 689
686 690 689
689 690 691
692 689 691
688 689 692
692 691 693
683 688 694
694 688 692
683 694 695
696 692 693
694 692 696
696 693 697
698 696 697
698 697 699
700 694 696
700 696 698
699 701 698
699 702 701
694 700 703
694 703 704
700 705 703
698 706 700
700 706 705
698 701 706
706 707 705
706 708 707
701 708 706
708 709 707
702 710 701
701 710 708
710 711 708
702 712 710
712 713 710
712 714 713
708 715 716
717 718 719
683 720 721
722 723 724
725 726 724
724 726 727
727 726 728
729 728 726
727 728 730
724 727 731
732 724 731
732 731 733
731 727 734
734 727 735
734 735 736
731 734 737
738 731 737
738 737 739
740 737 734
741 737 740
741 740 742
740 734 743
743 734 744
743 744 745
743 746 740
747 740 746
747 746 748
746 749 748
743 750 746
746 751 749
752 751 746
752 753 751
754 755 743
754 743 756
757 758 759
760 761 758
758 762 763
758 764 762
758 765 764
758 766 765
764 767 768
764 769 767
764 770 769
764 771 770
769 772 773
769 773 774
769 774 775
769 775 776
774 777 775
774 778 777
779 775 777
774 780 781
782 783 774
777 784 785
777 785 786
786 785 787
788 775 789
788 790 775
788 791 790
792 791 788
788 793 792
788 794 793
792 795 791
796 795 792
796 797 795
792 793 798
792 798 799
800 798 793
800 801 798
795 802 791
791 802 803
791 803 804
795 805 802
806 805 795
806 807 805
805 808 802
802 808 809
802 809 810
805 811 808
812 811 805
812 813 811
811 814 808
808 814 815
808 815 816
811 817 814
811 818 817
811 819 818
820 814 817
821 814 820
821 822 814
820 817 823
823 817 824
823 824 825
823 826 820
820 826 827
820 827 828
823 829 826
830 829 823
830 831 829
829 832 826
833 834 829
826 835 836
837 838 839
840 841 842
843 844 845
846 847 848
849 850 851
852 853 854
853 855 856
853 857 855
858 857 853
858 859 857
860 861 853
860 862 861
857 863 864
857 865 863
866 865 857
866 867 865
865 868 869
865 870 868
865 871 870
865 872 871
873 874 870
873 870 875
870 876 875
870 877 876
875 878 879
875 880 878
881 880 875
881 882 880
880 883 884
885 886 880
887 888 889
890 891 892
893 894 895
896 897 895
898 895 897
896 899 897
900 897 899
896 895 901
901 895 902
901 902 903
904 896 901
904 901 905
904 905 906
896 907 899
908 899 907
908 907 909
910 907 896
911 907 910
911 910 912
904 913 896
910 896 913
914 913 904
914 915 913
916 910 913
916 913 915
917 910 916
917 918 910
919 916 915
920 919 915
920 915 921
919 922 916
923 916 922
923 922 924
925 922 919
925 919 926
925 926 927
925 928 922
929 922 928
929 928 930
931 928 925
932 931 925
932 925 933
931 934 928
935 928 934
935 936 928
937 934 931
938 937 931
938 931 939
937 940 934
941 934 940
941 942 934
937 943 940
944 940 943
944 943 945
937 946 943
947 946 937
947 948 946
949 943 950
949 950 951
952 953 954
955 899 956
957 958 959
960 961 958
958 962 963
958 963 964
965 958 964
965 964 966
964 963 967
968 967 963
968 963 969
964 967 970
964 970 971
964 971 972
970 967 973
974 973 967
974 967 975
970 973 976
970 976 977
970 977 978
976 973 979
980 979 973
980 973 981
976 979 982
982 979 983
976 982 984
976 984 985
986 979 987
982 986 988
989 990 991
992 993 994
995 996 997
998 997 999
998 1000 997
997 1000 1001
1002 1000 1003
1002 1004 1000
1000 1004 1005
1000 1005 1006
1007 1004 1008
1007 1009 1004
1004 1009 1010
1004 1010 1011
1009 1012 1013
1014 1009 1015
1016 1017 1018
1019 1017 1020
1019 1020 1021
1022 1020 1023
1022 1023 1024
1025 1026 1023
1025 1027 1026
1028 1029 1025
1029 1030 1031
1032 1033 1034
1035 1032 1036
1036 1032 1037
1037 1032 1038
1037 1038 1039
1036 1037 1040
1040 1037 1041
1041 1037 1042
1041 1042 1043
1040 1041 1044
1044 1041 1045
1045 1041 1046
1044 1045 1047
1047 1045 1048
1048 1045 1049
1049 1045 1050
1049 1050 1051
1052 1053 1049
1052 1049 1054
1054 1049 1055
1056 1052 1054
1056 997 1052
997 1057 1052
1056 1058 997
1059 997 1058
1056 1054 1060
1060 1054 1061
1062 1058 1056
1062 1056 1060
1062 1063 1058
1064 1058 1063
1064 1063 1065
1062 1060 1066
1066 1060 1067
1068 1063 1062
1068 1062 1066
1069 1063 1068
1070 1063 1069
1070 1069 1071
1068 1066 1072
1072 1066 1073
1072 1073 1074
1075 1072 1074
1075 1068 1072
1075 1074 1076
1077 1069 1068
1075 1077 1068
1078 1075 1076
1078 1076 1079
1080 1069 1077
1081 1069 1080
1082 1080 1077
1083 1077 1075
1082 1077 1083
1083 1075 1078
1083 1084 1082
1083 1085 1084
1085 1083 1078
1085 1086 1084
1087 1078 1079
1085 1078 1087
1087 1079 1088
1089 1087 1088
1085 1090 1086
1090 1085 1087
1090 1091 1086
1089 1092 1087
1090 1087 1092
1090 1093 1091
1093 1090 1092
1094 1092 1089
1093 1092 1094
1095 1093 1094
1094 1089 1096
1095 1094 1096
1095 1096 1097
1098 1095 1097
1098 1099 1095
1100 1095 1099
1101 1091 1093
1101 1093 1095
1100 1101 1095
1101 1102 1091
1102 1101 1100
1102 1100 1103
1104 1105 1106
1104 1107 1108
1104 1109 1107
1109 1110 1107
1109 1111 1110
1111 1112 1113
1112 1114 1110
1115 1104 1116
1117 1115 1116
1117 1116 1118
1119 1117 1118
1120 1121 1122
1122 1123 1124
1125 1126 1122
1125 1122 1127
1127 1122 1128
1127 1128 1129
1130 1131 1127
1130 1127 1132
1127 1133 1132
1134 1135 1132
1132 1136 1137
1132 1138 1136
1139 1138 1132
1139 1140 1138
1138 1141 1142
1138 1143 1141
1144 1143 1138
1144 1145 1143
1143 1146 1147
1143 1148 1149
1143 1150 1148
1151 1150 1143
1151 1152 1150
1152 1153 1150
1150 1153 1154
1152 1155 1153
1155 1156 1153
1155 1157 1156
1158 1155 1152
1158 1159 1155
1153 1160 1161
1162 1163 1152
1162 1152 1164
1165 1162 1166
1165 1166 1167
1167 1168 1169
1170 1171 1155
1171 1172 1155
1171 1173 1172
1174 1167 1175
1174 1176 1167
1167 1176 1177
1167 1177 1178
1179 1176 1180
1179 1181 1176
1176 1181 1182
1176 1182 1183
1184 1185 1181
1186 1181 1187
1188 1189 1190
1189 1191 1192
1193 1189 1194
1193 1194 1195
1194 1189 1196
1194 1196 1197
1198 1194 1199
1198 1199 1200
1199 1194 1201
1199 1201 1202
1203 1199 412
1203 412 1204
412 1199 1205
412 1205 1206
1207 1208 1209
1210 1211 1212
1213 1214 1215
406 1216 1217
1218 1219 1220
1221 1222 1223
1222 1224 1225
1222 1226 1227
1222 1227 1228
1228 1229 1222
1228 1230 1229
1228 1231 1232
1228 1232 1233
1228 1233 1234
1235 1228 1234
1235 1234 1236
1237 1234 1233
1238 1234 1237
1238 1237 1239
1239 1237 1240
1239 1240 1241
1237 1233 1242
1242 1240 1237
1242 1243 1240
1242 1233 1244
1245 1242 1244
1245 1244 1246
1244 1233 1247
1247 1233 1232
1246 1244 1248
1244 1247 1248
1248 1247 1249
1248 1249 1250
1246 1248 1251
1251 1248 1252
1251 1252 1253
1254 1246 1251
1254 1255 1246
1254 1256 1255
1254 1251 1257
1257 1251 1258
1257 1258 1259
1260 1254 1257
1254 1260 1261
1254 1261 1262
1260 1257 1263
1263 1257 1264
1263 1264 1265
1266 1260 1263
1260 1266 1267
1260 1267 1268
1266 1263 1269
1270 1266 1269
1269 1263 1271
1269 1271 1272
1273 1274 1266
1275 1269 1276
1277 1278 1279
1278 1280 1281
1282 1278 1283
1282 1284 1278
1284 1285 1278
1284 1286 1285
1287 1288 1284
1287 1289 1288
1288 1290 1284
1288 1291 1290
1292 1288 1293
1292 1294 1288
1294 1295 1288
1294 1296 1295
1297 1294 1298
1297 1298 1299
1297 1300 1294
1297 1301 1300
1302 1297 1303
1302 1240 1297
1240 1304 1297
1240 1305 1304
1306 1307 1232
1232 1308 1309
1232 1309 1310
1247 1232 1310
1247 1310 1311
1247 1311 1312
1310 1313 1311
1310 1309 1313
1313 1314 1311
1314 1315 1311
1314 1316 1315
1315 1316 1317
1316 1318 1317
1314 1318 1316
1314 1319 1318
1319 1314 1320
1313 1320 1314
1319 1320 1321
1322 1320 1313
1309 1322 1313
1321 1320 1323
1322 1323 1320
1321 1323 1324
1324 1323 1325
1324 1325 1326
1325 1327 1326
1328 1323 1322
1328 1325 1323
1325 1328 1329
1325 1330 1327
1325 1329 1330
1330 1331 1327
1329 1331 1330
1327 1331 1332
1332 1331 1333
1332 1333 1334
1322 1335 1328
1335 1329 1328
1322 1336 1335
1336 1337 1335
1309 1336 1322
1309 1338 1336
1309 1339 1338
1335 1340 1329
1329 1340 1341
1329 1342 1331
1329 1341 1342
1342 1343 1331
1342 1344 1343
1341 1345 1342
1341 1346 1347
1348 1349 1350
1351 1352 1353
1354 1355 1356
1357 1358 1359
1360 1361 1359
1360 1359 1362
1363 1364 1365
1366 1367 1368
1369 1370 1371
1372 1373 1371
1372 1371 1374
1375 1376 1377
1378 1376 1379
1376 1380 1381
1376 1382 1380
1383 1382 1376
1383 1384 1382
1382 1385 1386
1382 1387 1385
1388 1387 1382
1388 1389 1387
1390 1391 1387
1390 1392 1391
1393 1387 1391
1393 1391 1394
1395 1396 1391
1395 1391 1397
1398 1397 1391
1398 1399 1397
1397 1400 1401
1397 1401 1402
1397 1402 1403
1397 1403 1404
1405 1406 1407
1408 1409 1410
1411 1412 1413
1414 1415 1416
1417 1414 1418
1417 1418 1419
1420 1419 1418
1420 1418 1421
1422 1418 1414
1423 1422 1414
1422 1424 1418
1424 1422 1425
1424 1425 1426
1418 1424 1427
1418 1427 1428
1429 1424 1426
1429 1430 1424
1431 1414 1432
1422 1433 1434
1426 1435 1436
1426 1437 1435
1438 1437 1426
1438 1439 1437
1439 1440 1437
1439 1441 1440
1437 1440 1442
1437 1442 1443
1440 1444 1445
1446 1447 1440
1448 1449 1450
1448 1451 1452
1453 1448 1454
1455 1456 1448
1457 1448 1458
1457 1459 1448
1459 1460 1448
1459 1461 1460
1462 1463 1459
1462 1464 1463
1462 1459 1465
1462 1465 1466
1467 1468 1462
1467 1469 1468
1467 1462 1470
1467 1470 1471
1472 1473 1467
1474 1467 1475
1476 1477 1478
1479 1480 1478
1479 1478 1481
1482 1483 1484
1485 1484 1486
1487 1488 1484
1487 1484 1489
1490 1491 1484
1490 1492 1491
1493 1494 1495
1496 1497 1498
1499 1500 1501
1500 1502 1503
1500 1503 1504
1505 1506 1507
1508 1509 1510
1510 1511 1512
1510 1512 1513
1514 1510 1513
1514 1513 1515
1516 1510 1517
1516 1517 1518
1513 1519 1520
1513 1520 1521
1522 1513 1521
1522 1521 1523
1521 1524 1525
1521 1525 1526
1527 1521 1526
1527 1528 1521
1526 1529 1530
1526 1530 1531
1526 1531 1532
1526 1532 1533
1531 1534 1535
1531 1535 1536
1537 1531 1536
1537 1536 1538
1536 1539 1540
1541 1536 1540
1542 1543 1544
1545 1546 1547
1548 1549 1550
1551 1548 1552
1551 1552 1553
1554 1555 1552
1554 1552 1556
1556 1552 1557
1556 1557 1558
1558 1557 1559
1558 1559 1560
1561 1556 1558
1561 1562 1556
1561 1563 1562
1561 1558 1564
1564 1558 1565
1564 1565 1566
1567 1561 1564
1567 1568 1561
1567 1569 1568
1567 1564 1570
1564 1571 1570
1564 1572 1571
1573 1567 1570
1574 1567 1573
1574 1575 1567
1573 1570 1576
1570 1577 1576
1570 1578 1577
1579 1573 1576
1580 1573 1579
1580 1581 1573
1579 1576 1582
1576 1583 1582
1576 1584 1583
1585 1582 1583
1579 1582 1585
1585 1583 1586
1587 1585 1586
1587 1586 1588
1587 1588 1589
1579 1585 1590
1590 1585 1587
1590 1591 1579
1590 1592 1591
1587 1589 1593
1594 1593 1589
1595 1587 1593
1596 1595 1593
1590 1587 1597
1595 1597 1587
1598 1590 1597
1598 1599 1590
1600 1597 1595
1600 1601 1597
1602 1603 1595
1604 1605 1606
1607 1608 1605
1607 1609 1608
1610 1611 1607
1610 1612 1611
1613 1614 1610
1613 1615 1614
1616 1615 1613
1616 1617 1615
1618 1619 1620
1621 1622 1619
1623 1624 1625
1623 1626 1627
1628 1623 1627
1628 1629 1623
1628 1630 1629
1628 1627 1631
1631 1627 1632
1631 1632 1633
1634 1628 1631
1634 1635 1628
1634 1636 1635
1634 1631 1637
1637 1631 1638
1637 1638 1639
1640 1634 1637
1640 1641 1634
1640 1642 1641
1643 1642 1640
1643 1640 1644
1640 1637 1645
1644 1640 1645
1645 1637 1646
1645 1646 1647
1644 1645 1648
1648 1645 1649
1648 1649 1650
1648 1651 1644
1648 1652 1651
1653 1644 1651
1651 1654 1653
1655 1656 1644
1657 1658 1648
1657 1659 1658
1651 1660 1661
1651 1662 1660
1663 1664 1660
1665 1666 1627
1667 1668 268
268 1669 1670
1671 1672 1673
1673 1674 1675
1673 1676 1677
1673 1677 1678
1678 1679 1673
1678 1680 1679
1681 1682 1678
1681 1683 1682
1682 1684 1678
1682 1685 1684
1686 1687 1682
1686 1688 1687
1687 1689 1682
1687 1690 1689
1687 1691 1692
1687 1692 336
1687 336 1693
1687 1693 1694
1695 1696 1697
1697 1698 1699
1697 1699 1700
1700 1701 1697
1697 1701 1702
1700 1703 1701
1704 1701 1703
1704 1703 1705
1700 1706 1703
1707 1703 1706
1707 1706 1708
1700 1709 1706
1709 1700 1710
1709 1710 1711
1706 1709 349
349 1709 1712
349 1712 1713
1706 349 359
359 1714 1706
359 1715 1714
359 1716 1717
1718 1719 1720
1721 1722 1723
1724 1725 1726
1727 1725 1728
1727 1729 1725
1729 1730 1725
1731 1725 1730
1729 1732 1730
1733 1730 1732
1733 1732 1734
1735 1732 1729
1736 1735 1729
1736 1729 1737
1735 1738 1732
1739 1732 1738
1739 1738 1740
1738 1735 1741
1738 1741 1742
1743 1730 1744
1745 1746 1735
1745 1747 1746
1748 1738 1749
1748 1749 1750
1750 1751 1752
1753 1754 1755
1756 1754 1757
1758 1754 1759
1758 1760 1754
1761 1760 1762
1761 1763 1760
1764 1765 1763
1764 1763 1766
1767 1754 1768
1767 1768 1769
1768 1754 1770
1770 1771 1768
1772 1768 1771
1772 1771 1773
1770 1774 1771
1774 1775 1771
1774 1776 1775
1777 1771 1778
1777 1778 1779
1780 1781 1782
511 1783 1784
1785 1786 1787
1788 1789 1790
1791 1792 1793
1794 1795 1796
1797 1798 1799
1800 1801 1797
1802 1803 1797
1802 1797 1804
1804 1797 1805
1804 1805 1806
1807 1808 1804
1807 1804 1809
1809 1804 1810
1809 1810 1811
1812 1813 1809
1812 1809 1814
1814 1809 1815
1814 1815 1816
1817 1814 1818
1817 1819 1814
1814 1819 1820
1814 1820 1821
1819 1822 1820
1823 1822 1819
1823 1824 1822
1820 1822 1825
1820 1825 1826
1827 1820 1826
1827 1828 1820
1826 1829 1827
1825 1830 1826
1826 1830 1831
1822 1832 1825
1822 1833 1832
1825 1832 1834
1825 1835 1830
1825 1834 1835
1834 1836 1835
1834 1837 1836
1834 1832 1838
1839 1838 1832
1839 1840 1838
1835 1841 1830
1835 1842 1841
1834 1838 1843
1843 1844 1834
1843 1845 1844
1840 1846 1838
1840 1847 1846
1838 1848 1843
1838 1846 1848
1847 1849 1846
1848 1846 1849
1847 1850 1849
1848 1849 1851
1850 1852 1849
1853 1843 1848
1853 1854 1843
1849 1852 1855
1849 1855 1856
1855 1852 1857
1858 1859 1848
1860 1861 1862
1863 1861 1864
1863 1864 1865
1866 1867 1868
1869 1870 1871
1871 1872 1873
1871 1873 1874
1874 1875 1876
1874 1876 1877
1877 1878 1879
1877 1879 1880
1881 1882 1883
1884 1885 1882
1886 1882 1887
1886 1888 1882
1882 1888 1889
1882 1889 1890
1891 1892 1888
1891 1888 1893
1894 1895 1888
1894 1896 1895
1897 1898 1899
1900 1901 1902
1900 1903 1904
1905 1900 1904
1905 1906 1900
1905 1907 1906
1905 1904 1908
1909 1905 1908
1909 1908 1910
1909 1911 1905
1909 1912 1911
1913 1909 1910
1913 1827 1909
1909 1827 1914
1909 1914 1915
1827 1916 1917
1918 1919 1920
1921 1922 1923
1924 1925 1926
1927 1928 1924
1929 1927 1924
1929 1924 1930
1929 1930 1931
1929 1932 1927
1932 1933 1927
1932 1934 1933
1935 1932 1929
1935 1929 1936
1935 1936 1937
1935 1938 1932
1938 1939 1932
1938 1940 1939
1941 1938 1935
1942 1941 1935
1942 1943 1941
1941 1944 1938
1944 1945 1938
1944 1946 1945
1947 1944 1941
1948 1947 1941
1948 1949 1947
1947 1950 1944
1950 1951 1944
1950 1952 1951
1953 1950 1947
1953 1947 1954
1953 1955 1950
1955 1956 1950
1830 1955 1953
1830 1953 1957
1830 1841 1955
1958 1955 1841
1958 1959 1955
1960 1947 1961
1950 1962 1963
1964 1965 1841
1966 1967 1955
1968 1969 1927
1970 1971 1972
1973 1974 1971
1971 1975 1976
1971 1977 1975
1971 1978 1977
1971 1979 1978
1977 1980 1981
1977 1982 1980
1977 1983 1982
1982 1984 1985
1982 1986 1984
1982 1987 1986
1982 1988 1987
1982 1989 1988
1988 1990 1987
1988 1991 1990
1992 1991 1988
1992 1993 1991
1993 1994 1991
1993 1995 1994
1991 1996 1990
1991 1997 1996
1987 1990 1998
1986 1987 1999
1987 1998 1999
1990 1996 2000
1990 2000 1998
1986 1999 2001
1986 2001 2002
1986 2002 2003
1999 1998 2004
2001 1999 2005
1999 2004 2005
2006 2001 2005
2006 2007 2001
2008 2006 2005
1998 2000 2009
1998 2009 2004
1996 2010 2000
2000 2011 2009
2000 2010 2011
1996 2012 2010
2013 2012 1996
2013 2014 2012
2008 2005 2015
2005 2004 2016
2005 2016 2015
2017 2008 2015
2016 2017 2015
2017 2018 2008
2004 2009 2019
2004 2019 2016
2017 2020 2018
2018 2020 2021
2020 2022 2021
2016 2023 2017
2019 2023 2016
2023 2020 2017
2009 2024 2019
2024 2023 2019
2009 2011 2024
2020 2025 2022
2025 2026 2022
2023 2027 2020
2027 2025 2020
2024 2028 2023
2028 2027 2023
2011 2029 2024
2029 2028 2024
2030 2025 2027
2028 2030 2027
2011 2031 2029
2010 2031 2011
2029 2032 2028
2032 2030 2028
2033 2032 2029
2033 2034 2032
2031 2035 2029
2031 2036 2035
2037 2030 2032
2037 2038 2030
2030 2039 2025
2039 2040 2025
2041 2039 2030
2041 2042 2039
2043 2044 2039
2045 2046 2031
2047 2045 2031
2010 2047 2031
2012 2047 2010
2012 2048 2047
2048 2045 2047
2014 2048 2012
2048 2049 2045
2014 2050 2048
2050 2049 2048
2049 2051 2045
2045 2051 2052
2049 2053 2051
2053 2054 2051
2053 2055 2054
2056 2053 2049
2050 2056 2049
2056 2057 2053
2057 2058 2053
2057 2059 2058
2060 2050 2014
2061 2060 2014
2061 2014 2062
2063 2056 2050
2060 2063 2050
2064 2057 2056
2063 2064 2056
2064 2065 2057
2057 2065 2066
2057 2066 2067
2063 2068 2064
2068 2065 2064
2063 2069 2068
2070 2063 2060
2070 2071 2063
2072 2070 2060
2072 2060 2073
2068 2074 2065
2074 2075 2065
2068 2076 2074
2074 2076 2077
2068 2078 2076
2079 2078 2068
2079 2080 2078
2078 2080 2081
2078 2081 2082
2076 2078 2082
2076 2082 2083
2084 2076 2083
2084 2083 2085
2083 2082 2086
2082 2087 2086
2082 2088 2087
2083 2086 2089
2090 2083 2089
2090 2089 2091
2086 2092 2089
2089 2092 2093
2089 2093 2094
2086 2095 2092
2096 2095 2086
2096 2097 2095
2095 2098 2092
2099 2100 2095
2092 2101 2102
2103 2104 2105
2106 2107 2105
2106 2105 1993
1993 2105 2108
1993 2108 2109
2105 2110 2111
2105 2112 2110
2105 2113 2112
2114 2115 2112
2112 2116 2117
2118 2119 2120
2121 2122 2119
2119 2122 2123
2119 2123 2124
2125 2119 2124
2125 2124 2126
2126 2124 2127
2126 2127 2128
2124 2129 2127
2124 2130 2129
2127 2131 2132
2127 2132 2070
2133 2127 2070
2133 2070 2134
2051 2135 2136
2137 2138 2139
2140 2141 2142
2143 2144 2145
2146 2147 2148
2149 2150 2147
2149 2147 2151
2152 2153 2154
2155 2156 2157
2158 2159 2160
2161 2162 2163
2164 2165 2161
2166 2167 2165
2168 2167 2169
2168 2170 2167
2167 2170 2171
2167 2171 2172
2173 2170 2174
2173 2175 2170
2170 2175 2176
2170 2176 2177
2178 2175 2179
2180 2181 2175
2167 2182 2183
2182 2167 2184
2182 2184 2185
2186 2187 2182
2188 2189 2182
2188 2190 2189
2191 2192 2193
2194 793 2193
2193 793 2195
2193 2195 2196
2197 2193 2198
2197 2198 2199
2200 788 2201
2202 2203 2204
2205 2206 2207
2205 2208 2209
2205 2209 2210
2211 2212 2213
2214 2215 2216
2217 2218 2219
2220 2221 2222
2222 2223 2224
2225 2226 2222
2225 2222 2227
2227 2222 2228
2227 2228 2229
2230 2231 2227
2230 2227 2232
649 2232 2227
649 2227 2233
649 2234 2232
649 644 2234
2232 2234 2235
2232 2235 2236
644 2237 2234
644 2238 2237
2234 2239 2235
2234 2237 2239
2239 2240 2235
2239 2241 2240
2242 2241 2239
2242 2239 2237
2242 2243 2241
2242 2237 2244
2245 2243 2246
2237 645 2247
2237 2247 2248
2249 2250 2235
2235 2250 1419
2235 1419 2251
2250 2252 1419
2253 2250 2254
2255 2256 1419
2255 1419 2257
2255 2258 2259
2260 2261 2262
2263 2264 2265
2266 2267 2268
2269 2270 2267
2269 2267 2271
2272 2273 2274
2275 2276 2277
2278 1060 2279
1054 2280 2281
2282 2283 2284
2283 2285 2286
2283 2286 2287
2288 2289 2286
2290 2286 2289
2286 2290 2291
2286 2291 2292
2293 2286 2292
2293 2292 2294
2291 2290 2295
2291 2295 2296
2297 2295 2290
2297 2290 2298
2299 2295 2300
2301 2295 2302
2301 2302 2303
1642 2304 2305
2306 2307 1642
2306 2308 2307
2309 2310 2311
2312 2313 2314
2315 2316 2317
2318 2319 2320
2321 2322 2320
2321 2320 801
2323 2324 2325
2326 2327 2323
2326 2323 2328
2329 2330 2331
2332 2333 2329
2332 2329 2334
2334 2329 2335
2334 2335 2336
2329 2337 2338
2329 2339 2337
2340 2339 2329
2340 2341 2339
2341 2342 2339
2339 2342 2343
2339 2343 2344
2341 2345 2342
2346 2345 2341
2346 2347 2345
2345 2348 2342
2342 2348 2349
2342 2349 2350
2345 2351 2348
2352 2351 2345
2352 2353 2351
2351 2354 2348
2348 2354 2355
2348 2355 2356
2351 2357 2354
2358 2357 2351
2358 2359 2357
2357 2360 2354
2361 2362 2357
2354 2363 2364
2365 2366 2367
2368 2369 2370
2371 2372 2373
2374 2372 2375
2374 2376 2372
2377 2378 2376
2377 2379 2378
2380 2381 2382
2383 2380 2384
2383 2384 2385
2386 2384 2387
2386 2387 2388
2389 2390 2391
2392 2393 2394
2395 2396 2397
2398 2399 2395
2400 2395 2401
2400 2402 2395
2395 2402 2403
2395 2403 2404
2405 2402 2406
2405 2407 2402
2402 2407 2408
2402 2408 2409
2410 2411 2407
2410 2407 2412
2412 2407 2413
2412 2413 2414
2415 2416 2412
2415 2412 2417
2417 2412 2418
2417 2418 2419
2417 2420 2421
2417 2422 2420
2420 2422 2423
2423 2422 2424
2425 2423 2424
2425 2424 2426
2427 2422 2417
2424 2422 2427
2427 2417 2428
2424 2427 2429
2430 2429 2427
2430 2427 2431
2432 2429 2430
2433 2432 2430
2424 2429 2434
2429 2435 2434
2429 2436 2435
2437 2434 2435
2438 2424 2434
2437 2438 2434
2438 2426 2424
2438 2437 2439
2426 2438 2440
2440 2438 2441
2442 2426 2440
2442 2443 2426
2440 2444 2445
2440 2446 2444
2447 2446 2440
2447 2448 2446
2449 2450 2451
2452 2453 2454
2455 2456 2453
2457 2458 2453
2457 2459 2458
2458 2460 2453
2458 2461 2460
2462 2463 2458
2462 2464 2463
2463 2465 2458
2463 2466 2465
2467 2468 2463
2467 2469 2468
2468 2470 2463
2468 2471 2470
2472 2468 2473
2472 2474 2468
2474 2475 2468
2474 2476 2475
2477 2474 2478
2479 2480 2474
2481 2474 2482
2483 2484 2485
2486 1701 2487
2488 2489 2490
2491 2492 2493
2494 2495 2496
2497 2498 2499
2500 2501 2502
2502 2503 2504
2505 2502 2506
2505 2507 2502
2508 2502 2507
2508 2507 2509
2510 2507 2511
2510 2512 2507
2513 2507 2512
2513 2512 2514
2515 2512 2516
2515 2517 2512
2518 2512 2517
2518 2517 2519
2520 2517 2521
2520 2522 2517
2523 2517 2522
2523 2522 2524
2525 2526 2522
2522 2527 2528
2522 2529 2527
2522 2530 2529
2531 2532 2529
2529 2533 2534
2529 2534 2535
2529 2535 2536
2529 2536 2537
2535 2538 2536
2535 2539 2538
2535 2540 2539
2535 2541 2540
2540 2542 2539
2540 2543 2542
2539 2544 2545
2546 2547 13
13 2548 2549
13 2549 2550
2551 1058 2552
2553 2554 2555
2556 2557 2558
2559 2560 2561
2562 2561 2563
2564 2565 2561
2564 2561 2566
2566 2561 2567
2566 2567 2568
2569 2570 2566
2569 2566 2571
2571 2566 2572
2571 2572 2573
2571 2574 2575
2571 2575 2576
2577 2571 2576
2577 2576 2578
2575 2579 2576
2580 2576 2579
2580 2579 2581
2575 2582 2579
2583 2582 2575
2583 2584 2582
2584 2585 2582
2582 2585 2579
2584 2586 2585
2579 2587 2581
2579 2585 2587
2585 2588 2587
2585 2589 2588
2590 2587 2588
2581 2587 2590
2590 2588 2591
2592 2590 2591
2592 2591 2593
2594 2592 2593
2594 2593 2595
2596 2592 2594
2596 2590 2592
2596 2594 2597
2581 2590 2598
2596 2598 2590
2599 2581 2598
2599 2600 2581
2601 2598 2596
2601 2596 2602
2601 2602 2603
2601 2604 2598
2599 2598 2604
2605 2604 2601
2606 2605 2601
2604 2607 2599
2608 2599 2607
2608 2609 2599
2605 2610 2604
2604 2610 2607
2611 2610 2605
2611 2612 2610
2613 2611 2605
2613 2605 2614
2615 2607 2610
2615 2610 2616
2617 2607 2615
2617 2618 2607
2611 2619 2620
2611 2621 2619
2622 2621 2611
2622 2623 2621
2615 2624 2625
2615 2626 2624
2627 2626 2615
2627 2628 2626
2621 2629 2630
2621 2631 2629
2632 2631 2621
2632 2633 2631
2626 2634 2635
2626 2636 2634
2637 2636 2626
2637 2638 2636
2639 2640 2631
2639 2631 2641
2642 2641 2631
2642 2643 2641
2644 2645 2636
2644 2636 2646
2647 2646 2636
2647 2648 2646
2649 2650 2646
2651 2646 2652
2641 2653 2654
2641 2655 2653
2656 2655 2641
2656 2657 2655
2658 2659 2655
2660 2655 2661
2662 2663 2664
2665 2666 2667
2668 2669 2670
2671 2672 2673
2674 2671 2675
2674 2675 2676
2677 2678 2679
2680 2681 2682
2683 2684 2685
2686 2687 2688
2686 2689 2690
2691 2692 2693
2694 2691 2695
2694 2695 2696
2697 2698 2699
2700 2701 2699
2700 2699 2702
2703 2700 2702
2703 2704 2700
2705 2703 2706
2707 2705 2706
2707 2706 2708
2709 2710 2585
2711 2712 2713
2714 2715 2716
2717 2718 1822
2719 2720 2721
2722 2723 2724
2725 2726 2727
2728 2729 2730
2731 2732 2733
2734 2735 2736
24 2737 2738
2739 2740 2741
2742 2743 2744
2745 2746 2747
2065 2748 2749
2750 2076 2751
2752 2753 2754
2755 2756 2757
2755 2757 2758
2759 2760 2761
2759 2761 2762
2763 2764 2765
2763 2765 2766
2767 2768 2769
2767 2769 2770
2771 2772 2773
2771 2773 2774
2775 2776 2777
2775 2777 2778
2779 2780 2781
2779 2781 2782
2783 2784 2785
2783 2785 2786
2787 2788 2789
2787 2790 2788
2790 2787 2791
2792 2791 2787
2792 2793 2791
2794 2795 2796
2794 2796 2797
2798 2799 2800
2798 2800 2801
2802 2803 2804
2802 2804 2805
2806 2807 2808
2806 2808 2809
2810 2811 2812
2810 2812 2813
2814 2815 2816
2814 2816 2817
2818 2819 2820
2818 2820 2821
2822 2823 2824
2822 2824 2825
2826 2827 2828
2826 2828 2829
2830 2831 2832
2830 2832 2833
2834 2835 2836
2834 2836 2837
2838 2839 2840
2838 2840 2841
2842 2843 2844
2842 904 2843
2845 2846 2847
2845 963 2846
2848 2849 2850
2848 2850 2851
2852 2853 2854
2852 2854 2855
2856 2857 2858
2856 2858 2859
2860 2861 2862
2860 2862 2863
2864 2865 2866
2864 2866 2867
2868 2869 2870
2868 2870 2871
2872 2873 2874
2872 2874 2875
2876 2877 2878
2876 2878 2879
2880 2881 2882
2880 2882 2883
2884 2885 2886
2884 2886 2887
2888 2889 2884
2890 2884 2889
2890 2889 2891
2892 2893 2894
2892 2894 2895
2896 2897 2898
2896 2898 2899
2900 2901 2902
2900 2902 2903
2904 2905 2906
2904 2906 2907
2908 2909 2910
2908 2910 2911
2912 2913 2914
2912 2914 2915
2916 2917 2918
2916 2918 2919
2919 2920 2921
2919 2921 2922
2923 2924 2925
2923 2925 2926
2927 2928 2929
2927 2929 2930
2931 2932 2933
2931 2933 2934
2935 2936 2937
2935 2938 2936
2938 2939 2940
2938 2940 2941
2942 2943 2944
2942 2944 2945
2946 2947 2948
2946 2948 2949
2950 2951 2952
2950 2952 2953
2954 2955 2956
2954 2956 2957
2958 2959 2960
2958 2960 2961
2962 2963 2964
2962 2964 2965
2966 2967 2968
2966 2968 2969
2970 2971 2972
2970 2972 2973
2974 2975 2976
2974 2976 2977
2978 2979 2980
2978 2980 2981
2982 2983 2984
2982 2984 2985
2986 2987 2988
2986 2988 2989
2990 2991 2992
2990 2992 2993
2994 2995 2996
2996 2995 2997
2996 2997 2998
2998 2997 2999
2998 2999 3000
3001 3000 3002
3001 3002 3003
3004 3005 3006
3004 3006 3007
3008 3009 3010
3008 3010 3011
3012 3013 3014
3012 3014 3015
3016 3017 3018
3016 3018 3019
3020 3021 3022
3020 3022 3023
3024 3025 3026
3026 3027 3024
3026 3028 3027
3028 3029 3027
3028 3030 3029
3027 3029 3031
3030 3032 3029
3031 3029 3032
3030 3033 3032
3031 3032 3034
3035 2334 3032
3035 3036 2334
3037 3032 2334
3037 2334 3038
3039 3040 3041
3039 3041 3042
3043 3044 3045
3043 3045 3046
3047 3048 3049
3047 3050 3048
3050 3051 3048
3050 3052 3051
3052 3053 3051
3054 3055 3056
3054 3056 3057
3058 3059 3060
3058 3060 3061
3062 3063 3064
3062 3064 3065
3066 3067 3068
3066 3068 3069
3070 3071 3072
3070 3072 3073
3074 3075 3076
3074 3076 3077
3078 3079 3080
3078 3080 3081
3082 3083 3084
3082 3084 3085
3086 3087 3088
3086 3088 3089
3090 3091 3092
3090 3092 2341
3093 3094 3095
3093 3095 3096
3097 3096 3098
3097 3098 3099
3100 3101 3097
3100 3102 3101
3103 3104 3101
3103 3105 3104
3106 3107 3108
3106 3108 3109
3110 3111 3108
3110 3112 3111
3113 3108 3111
3114 3108 3113
3114 3113 3115
3113 3111 3116
3116 3111 3117
3116 3117 3118
3119 3117 3111
3117 3120 3118
3119 3121 3117
3117 2430 3120
3121 2430 3117
3122 3123 3124
3122 3124 3125
3126 3127 3128
3126 3128 3129
3130 3131 3132
3130 3132 3133
3134 3135 3136
3134 3136 3137
3138 3139 3140
3138 3140 3141
3142 3143 3144
3142 3144 3145
3146 3147 3148
3146 3148 3149
3150 3151 3152
3150 3152 3153
3154 3155 3156
3154 3156 3157
3158 3159 3160
3158 3160 3161
3162 3163 3164
3162 3164 3165
3166 3167 3168
3166 3168 3169
3170 3171 2575
3170 2575 3172
3173 3174 3175
3173 3175 3176
3177 3178 3179
3177 3179 3180
3181 3182 3183
3181 3183 3184
3185 3186 3187
3185 3187 3188
3189 3190 3191
3189 3191 3192
3193 3194 3195
3193 3195 3196
3197 3198 3199
3197 3199 3200
3201 3202 3203
3201 3203 3204
3205 3206 3207
3205 3207 3208
3209 3210 3211
3209 3211 3212
3213 3214 3215
3213 3215 3216
3217 3218 3219
3217 3219 3220
3221 3222 3223
3221 3223 3224
3225 3226 3227
3225 3227 3228
3229 3230 3228
3229 3231 3230
3230 3232 3233
3230 3233 3234
3235 3236 3237
3235 3237 3238
3239 3240 3241
3239 3241 3242
3243 3244 3245
3243 3245 3246
3247 3248 3249
3247 3249 3250
3251 3252 3253
3251 3253 3254
3255 3256 3257
3255 3257 3258
