byte offset: 0
first index: 0
index count: 9942
topology: trianglelist
format: DXGI_FORMAT_R16_UINT

0 1 2
3 4 5
6 7 8
9 10 11
11 12 13
13 12 14
13 15 16
13 17 15
18 17 13
18 13 19
20 19 13
20 13 21
22 17 18
23 18 19
24 22 18
24 18 23
19 20 25
20 26 25
23 19 27
19 25 27
27 25 28
29 25 26
28 25 29
30 23 27
27 28 30
22 31 17
32 17 31
32 33 17
34 22 24
35 31 22
34 35 22
36 24 23
37 23 30
36 23 37
24 38 34
24 36 38
34 38 39
40 38 36
40 39 38
41 35 34
41 34 39
42 36 37
40 36 42
35 43 31
31 43 44
31 44 45
43 35 46
35 41 46
47 43 46
47 46 48
46 41 49
49 41 39
46 49 50
51 46 50
51 50 52
52 50 53
52 53 54
55 50 49
55 53 50
54 53 56
55 56 53
54 56 57
49 39 58
58 55 49
59 58 39
58 60 55
60 58 59
55 61 56
60 61 55
39 62 59
40 62 39
56 61 63
56 63 64
65 56 64
65 64 66
63 61 67
60 67 61
63 67 68
67 69 68
60 59 70
67 60 70
59 62 71
70 59 71
67 72 69
67 70 72
71 62 73
73 62 40
70 71 74
74 72 70
69 72 75
69 75 76
71 73 77
77 74 71
74 78 72
72 78 75
76 75 79
76 79 80
81 78 74
77 81 74
75 78 82
75 82 79
81 82 78
80 79 83
80 83 84
85 83 79
85 79 86
82 86 79
87 85 86
82 88 86
81 88 82
87 86 89
88 89 86
89 90 87
89 91 90
92 90 91
88 93 89
93 91 89
81 94 88
94 93 88
92 91 95
95 96 92
91 93 97
91 97 95
95 98 96
98 99 96
100 94 81
100 81 77
94 101 93
97 93 101
98 95 102
97 102 95
98 102 103
99 98 104
103 104 98
99 104 105
97 106 102
102 106 103
97 107 106
97 101 107
94 108 101
94 100 108
77 109 100
77 73 109
110 106 107
110 103 106
111 107 101
111 101 108
110 107 111
100 112 108
100 109 112
73 113 109
73 40 113
108 114 111
108 112 114
109 115 112
109 113 115
40 116 113
40 42 116
111 117 110
111 114 117
112 118 114
112 115 118
119 115 113
119 113 116
114 120 117
114 118 120
121 110 117
121 117 120
115 122 118
115 119 122
118 123 120
118 122 123
121 124 110
125 124 121
110 124 103
126 121 120
126 120 123
127 103 124
125 127 124
121 126 128
125 121 128
127 129 103
103 129 104
127 130 129
130 104 129
131 127 125
127 131 130
130 132 104
105 104 132
105 132 133
132 134 133
132 135 134
132 136 135
136 132 130
136 137 135
136 130 138
138 130 131
136 139 137
139 136 138
139 140 137
139 141 140
139 138 142
141 139 142
140 141 143
140 143 144
144 143 145
144 145 146
146 145 147
146 147 148
147 149 148
147 150 149
147 151 150
147 152 151
145 152 147
143 153 145
145 153 152
141 154 143
143 154 153
141 155 154
141 142 155
153 154 156
155 156 154
152 153 157
153 156 157
142 158 155
155 158 156
152 157 159
159 160 152
159 161 160
142 162 158
162 142 138
162 138 163
138 131 163
164 158 162
163 164 162
156 158 165
164 165 158
157 156 166
156 165 166
167 163 131
131 125 167
168 159 157
157 166 168
169 166 165
169 165 164
163 170 164
167 170 163
170 171 164
169 164 171
169 172 166
168 166 172
173 170 167
170 173 171
174 169 171
174 172 169
167 125 175
173 167 176
167 175 176
177 171 173
177 173 176
125 178 175
125 128 178
179 176 175
179 175 178
178 128 180
180 128 126
174 171 181
177 181 171
177 176 182
179 182 176
183 182 179
179 178 184
178 180 184
183 179 184
181 177 185
182 185 177
180 126 186
186 126 123
187 184 180
183 184 187
187 180 188
186 188 180
181 185 189
185 190 189
189 174 181
182 191 185
183 191 182
189 192 174
190 192 189
193 185 191
185 193 190
186 123 194
194 123 122
195 191 183
193 191 195
192 196 174
174 196 172
194 122 197
197 122 119
197 119 198
198 119 116
199 194 197
199 197 198
198 116 200
200 116 42
201 172 196
168 172 201
199 202 194
202 186 194
203 198 200
199 198 203
200 42 204
42 37 204
203 200 205
204 205 200
199 203 206
205 206 203
207 168 201
168 207 159
159 207 208
159 208 209
199 206 210
202 199 210
211 204 37
204 212 205
211 212 204
213 212 211
37 214 211
214 213 211
37 30 214
30 215 214
215 213 214
30 28 215
205 212 216
213 216 212
205 217 206
205 216 217
217 216 218
219 218 216
216 213 219
215 220 213
28 220 215
220 221 213
221 220 28
221 219 213
221 28 222
219 221 222
219 222 223
222 28 29
29 223 222
224 218 219
219 223 224
225 206 217
217 218 226
226 225 217
225 227 206
227 210 206
228 225 226
228 226 229
218 229 226
225 228 230
225 230 227
218 231 229
218 232 231
230 233 227
227 233 210
230 234 233
235 232 218
224 235 218
235 236 232
224 236 235
232 236 237
236 238 237
233 239 210
202 210 239
240 233 234
240 234 241
242 240 241
239 243 202
202 243 186
186 243 188
233 244 239
239 244 243
233 240 244
244 188 243
242 245 240
244 240 245
245 242 246
244 247 188
244 245 247
245 246 248
247 245 248
188 247 249
247 248 249
188 249 187
249 183 187
250 248 246
249 248 250
250 246 251
252 250 251
249 253 183
249 250 253
195 183 253
195 253 250
195 250 252
252 193 195
252 254 193
190 193 254
190 254 255
256 190 255
256 257 190
258 257 256
190 257 192
258 259 257
192 257 259
260 259 258
192 259 261
192 261 196
260 262 259
261 259 262
263 196 261
201 196 263
264 262 260
264 260 265
266 264 265
266 265 267
261 262 268
263 261 268
263 269 201
207 201 269
207 269 270
207 270 271
272 262 264
272 268 262
273 263 268
263 273 269
273 268 272
269 273 274
269 274 275
276 273 272
276 272 277
278 272 264
278 264 279
280 281 282
283 284 281
283 281 285
286 285 281
286 287 285
281 288 286
281 289 288
290 289 281
290 291 289
289 292 288
292 293 288
289 294 292
295 294 289
295 296 294
297 293 292
297 298 293
297 299 298
300 298 299
301 300 299
302 299 297
302 301 299
303 302 297
297 292 304
303 297 304
292 305 304
292 294 305
305 303 304
301 306 300
306 307 300
306 308 307
308 309 307
310 308 306
310 306 301
310 311 308
311 312 308
311 313 312
305 294 314
315 305 314
303 305 315
314 294 316
316 315 314
316 294 296
317 315 316
303 315 317
318 316 296
317 316 318
318 296 319
320 313 311
321 311 310
320 311 321
322 320 321
320 323 313
324 313 323
324 323 325
322 326 320
320 326 323
321 310 327
322 321 328
327 328 321
327 310 329
310 301 329
330 329 301
330 301 302
331 330 302
331 302 303
332 331 303
332 303 317
317 333 332
317 318 333
334 333 318
334 318 335
327 329 336
337 329 330
337 336 329
338 330 331
338 337 330
339 331 332
339 338 331
340 332 333
339 332 340
340 333 341
333 342 341
343 327 336
327 343 328
344 336 337
345 337 338
345 344 337
346 338 339
346 345 338
347 339 340
347 346 339
346 347 348
346 348 349
345 346 349
347 340 350
340 351 350
350 351 352
353 347 350
353 350 354
349 353 355
349 355 356
356 355 357
358 356 357
358 357 359
349 360 345
349 356 361
349 361 360
358 362 356
361 356 362
345 360 363
360 364 363
345 363 344
361 365 360
360 365 364
361 362 366
361 366 365
367 362 358
368 367 358
368 358 369
370 366 362
367 370 362
344 363 371
363 364 372
363 372 371
344 371 373
344 373 336
343 336 373
343 373 371
343 371 374
374 371 372
328 343 374
328 374 375
322 328 375
374 372 376
375 374 376
364 377 372
376 372 377
322 375 378
375 376 379
378 375 379
376 377 380
381 379 376
381 376 380
380 382 381
380 383 382
377 383 380
381 382 384
379 381 384
377 385 383
383 385 386
379 384 387
378 379 387
388 387 384
378 387 388
388 384 389
390 322 378
378 388 390
391 385 377
364 391 377
392 386 385
391 392 385
392 393 386
390 394 322
390 395 394
322 394 326
395 326 394
392 396 393
396 397 393
390 388 398
388 399 398
388 400 399
390 401 395
390 398 401
395 401 402
398 402 401
395 403 326
404 326 403
404 323 326
405 323 404
405 406 323
395 407 403
404 403 407
395 402 408
395 408 407
409 408 402
407 408 409
409 402 410
407 409 411
412 410 402
398 412 402
412 413 410
414 412 398
414 398 415
416 407 411
404 407 416
416 411 417
418 404 416
418 419 404
420 413 412
420 412 421
420 422 413
422 420 423
416 417 424
416 424 425
424 417 426
426 427 424
428 429 430
431 430 432
431 433 430
434 430 433
434 433 435
430 434 397
430 397 436
437 430 436
437 436 438
436 397 396
439 438 436
440 438 439
436 396 441
439 436 441
396 442 441
442 439 441
396 443 442
392 443 396
444 443 392
444 392 391
445 443 444
445 442 443
391 446 444
446 445 444
391 364 446
364 447 446
365 447 364
446 447 448
365 448 447
446 448 445
365 366 448
445 448 449
366 449 448
449 442 445
370 449 366
449 450 442
449 370 450
442 450 439
450 370 367
439 450 451
450 367 451
439 451 452
451 367 453
451 453 454
367 455 456
457 451 458
318 459 460
296 461 462
463 464 465
466 467 468
469 470 471
471 472 473
474 472 471
474 471 475
471 476 475
474 477 472
478 472 477
478 479 472
474 475 480
481 477 474
482 474 480
482 481 474
483 481 482
484 483 482
484 482 480
485 480 475
485 475 486
487 484 480
485 487 480
484 488 483
484 487 488
489 488 487
490 487 485
489 487 490
485 491 490
492 491 485
493 489 490
491 493 490
494 483 488
489 495 488
495 494 488
495 496 494
494 497 483
497 494 496
495 489 498
495 498 496
491 499 493
500 493 499
501 499 491
501 502 499
493 503 489
500 503 493
504 489 503
504 498 489
500 504 503
498 504 505
505 504 500
496 498 506
505 506 498
500 499 507
507 499 508
507 508 509
500 507 510
507 511 510
507 512 511
513 510 511
513 514 510
500 510 515
500 515 505
515 510 514
505 515 516
515 514 517
516 515 517
514 518 517
516 517 518
514 519 518
520 505 516
521 505 520
505 521 506
522 520 516
522 523 520
521 524 506
496 506 524
521 520 525
526 525 520
526 527 525
528 521 525
529 528 525
529 530 528
531 521 528
521 531 524
532 531 528
533 532 528
533 534 532
531 532 535
535 532 536
524 531 537
531 535 538
531 538 537
524 537 539
540 524 539
496 524 540
541 496 540
542 541 540
541 497 496
540 539 543
542 540 543
544 543 539
544 542 543
545 539 537
544 539 545
541 546 497
497 546 483
547 546 541
483 546 547
548 541 542
548 547 541
483 547 549
483 549 481
550 549 547
549 551 481
549 550 551
547 552 550
547 548 552
550 552 551
481 551 553
481 553 477
554 477 553
478 477 554
553 551 555
551 552 556
551 556 555
554 553 557
553 555 557
548 558 552
552 559 556
552 558 559
559 558 560
548 561 558
561 560 558
548 542 561
562 561 542
561 562 560
562 542 563
562 563 564
544 563 542
544 564 563
565 560 562
562 564 565
557 555 566
555 556 567
555 567 566
556 559 568
556 568 567
557 566 569
554 557 569
554 569 570
478 554 570
566 567 571
569 566 572
566 571 572
567 568 573
567 573 571
570 569 574
569 572 574
559 575 568
568 576 573
568 575 576
559 577 575
559 560 577
578 575 577
578 577 560
579 576 575
578 579 575
578 560 580
565 580 560
581 580 565
581 565 564
582 578 580
581 582 580
583 579 578
582 583 578
573 576 584
579 585 576
585 584 576
583 586 579
586 585 579
573 584 587
571 573 587
571 587 588
572 571 588
572 588 589
574 572 589
585 590 584
587 584 591
590 591 584
588 587 592
587 591 592
593 592 591
593 594 592
588 592 595
589 588 595
595 592 596
595 596 597
589 595 598
598 595 599
598 599 600
601 589 598
574 589 601
601 598 602
602 598 603
602 603 604
605 574 601
570 574 605
606 601 602
605 601 606
607 570 605
478 570 607
608 478 607
607 605 609
609 605 606
610 607 609
610 609 611
606 602 612
612 602 613
612 613 614
609 606 615
615 606 612
616 609 615
616 615 617
615 612 618
619 615 618
618 612 620
618 620 621
622 607 623
624 618 625
626 618 627
628 629 630
631 632 514
633 634 635
634 636 637
634 518 636
638 518 634
516 518 638
516 638 639
516 639 640
638 641 639
638 642 641
638 634 642
634 643 642
634 644 643
645 642 643
645 643 646
643 647 648
643 648 649
650 643 649
650 649 651
652 649 653
652 653 654
655 649 652
655 652 656
657 658 654
659 478 660
661 662 478
663 664 665
666 664 667
668 667 669
670 671 664
672 671 673
674 675 671
676 677 675
678 677 679
680 681 677
682 681 683
684 685 681
686 685 687
686 688 685
689 690 688
691 690 692
693 694 690
695 694 696
695 697 694
698 699 697
700 699 701
702 703 699
704 667 703
704 703 705
706 707 708
709 710 708
709 708 711
712 708 713
712 714 708
715 708 714
716 708 715
717 716 715
717 715 718
718 715 719
715 720 719
718 719 721
722 718 723
712 724 725
726 718 727
718 726 728
729 730 726
731 726 732
733 734 725
733 725 735
735 725 736
735 736 737
738 725 739
738 739 740
741 742 735
741 735 743
743 735 744
743 744 745
746 747 743
746 743 748
748 743 749
748 749 750
751 752 748
751 748 753
753 748 754
753 754 755
756 757 753
756 753 758
758 753 759
758 759 760
761 762 758
761 758 763
763 764 761
763 758 765
763 765 766
767 768 763
769 770 771
772 771 773
772 774 771
775 774 776
777 771 778
779 780 774
781 780 782
783 784 780
784 785 786
784 786 787
788 789 778
788 790 789
788 791 790
788 792 791
793 792 794
795 794 796
797 798 794
797 794 799
800 801 799
802 799 803
804 805 803
806 803 807
807 808 809
807 809 810
811 812 813
814 812 815
814 816 812
817 816 818
817 819 816
820 819 817
820 821 819
822 821 820
822 823 821
824 823 825
824 826 823
827 826 824
827 828 826
829 828 827
829 830 828
831 832 830
831 830 833
834 835 836
836 837 838
836 838 839
840 841 842
843 842 844
843 844 845
843 845 846
847 848 849
849 850 851
849 851 852
849 852 853
853 852 854
853 854 855
856 854 852
856 852 857
857 852 851
858 856 857
858 857 859
535 858 859
535 860 858
538 535 859
859 857 861
857 851 861
538 859 862
859 861 862
862 861 863
861 851 864
861 864 863
851 865 864
851 866 865
867 538 862
862 863 867
867 868 538
537 538 868
537 868 869
545 537 869
870 869 868
545 869 870
871 868 867
870 868 871
872 867 863
871 867 872
545 870 873
544 545 873
544 873 874
544 874 564
875 874 873
564 874 875
876 873 870
875 873 876
877 875 876
564 875 878
878 875 877
581 564 878
879 870 871
876 870 879
581 878 880
880 582 581
871 872 881
879 871 882
871 881 882
881 872 883
872 863 883
877 876 884
885 876 879
885 884 876
886 884 885
877 884 887
886 887 884
880 888 582
888 889 582
889 583 582
888 880 890
890 889 888
880 891 890
880 892 891
880 878 892
878 893 892
878 877 893
893 891 892
893 877 894
894 891 893
877 895 894
877 887 895
895 887 896
895 897 894
894 897 891
896 897 895
889 898 583
898 586 583
890 899 889
891 899 890
900 896 887
887 886 900
886 901 900
902 898 889
899 902 889
900 903 896
901 903 900
896 903 904
901 904 903
898 905 586
902 906 898
906 905 898
905 907 586
586 907 585
907 590 585
908 906 902
906 909 905
908 909 906
905 910 907
909 910 905
907 911 590
910 911 907
908 902 912
913 908 912
899 912 902
908 914 909
913 914 908
909 915 910
914 915 909
911 916 590
590 916 591
917 591 916
917 916 918
910 919 911
915 919 910
911 920 916
919 920 911
920 921 916
920 922 921
919 923 920
923 924 920
923 925 924
915 926 919
926 923 919
927 926 915
914 927 915
926 928 923
928 929 923
928 930 929
931 928 926
927 931 926
932 927 914
913 932 914
913 933 932
932 934 927
934 931 927
932 935 934
935 936 934
931 937 928
937 938 928
937 939 938
934 940 931
940 937 931
934 941 940
941 942 940
940 943 937
940 944 943
943 945 937
943 946 945
947 948 932
949 950 943
943 951 952
953 954 955
954 956 957
958 954 957
958 959 954
960 954 959
958 957 912
899 958 912
913 912 957
961 913 957
962 958 899
891 962 899
962 963 958
958 963 959
891 964 962
964 963 962
891 897 964
964 897 965
965 963 964
896 965 897
963 966 959
963 965 966
966 967 959
896 968 965
968 966 965
896 904 968
966 968 969
969 968 904
970 966 969
969 904 971
901 971 904
972 969 971
972 971 973
901 974 971
974 975 971
974 976 975
901 977 974
974 977 978
974 978 979
980 978 977
980 977 981
901 982 977
982 981 977
901 886 982
886 983 982
982 984 981
983 984 982
981 984 985
983 985 984
981 985 986
886 987 983
885 987 886
987 988 983
987 989 988
885 990 987
990 991 987
990 992 991
993 990 885
994 990 993
994 993 995
879 993 885
996 993 879
996 997 993
996 998 997
879 882 996
882 999 996
882 1000 1001
882 881 1000
1000 881 1002
1000 1002 1003
881 883 1002
1003 1002 1004
1003 1004 1005
1002 883 1006
1002 1006 1004
1007 1005 1004
1007 1008 1005
1009 1007 1004
1009 1004 1006
1009 1006 1010
883 1011 1006
883 863 1011
1012 1006 1011
1012 1013 1006
863 1014 1011
863 864 1014
1015 1011 1014
1015 1016 1011
1017 1014 864
1017 864 1018
1019 1009 1020
1021 969 1022
1023 981 1024
1025 1026 1027
1027 1028 1029
1027 1029 985
1030 1027 985
983 1030 985
983 1031 1030
983 1032 1031
1030 1031 1033
1030 1033 1034
1030 1034 1027
1027 1034 1035
1027 1035 1036
1037 1035 1034
1037 1038 1035
1035 1039 1040
1035 1041 1039
1042 1041 1035
1042 1043 1041
1044 1045 1041
1044 1046 1045
1047 1044 1041
1047 1048 1044
1049 1046 1050
1051 1052 913
1053 913 1054
1055 1056 1057
1058 1059 1057
1060 1061 1059
1062 1057 1063
1064 1065 1063
1066 1063 1067
1068 1067 1069
1070 1071 1069
1072 1069 1073
1074 1075 1073
1076 1073 1077
1078 1079 1077
1078 1077 1080
1081 1080 1082
1083 1084 1082
1085 1082 1086
1087 1088 1086
1087 1086 1089
1090 1089 1091
1092 1093 1091
1094 1091 1095
1096 1097 1095
1096 1095 1059
1098 1099 1100
1101 1102 1099
1101 1099 1103
1104 1105 1099
1104 1099 1106
1107 1106 1099
1108 1107 1099
1109 1107 1108
1109 1110 1107
1110 1111 1107
1107 1111 1112
1110 1113 1111
1114 1115 1110
1104 1116 1117
1118 1119 1110
1110 1120 1118
1121 1118 1122
1123 1124 1118
1125 1116 1126
1125 1127 1116
1127 1128 1116
1127 1129 1128
1130 1131 1116
1130 1132 1131
1133 1127 1134
1133 1135 1127
1135 1136 1127
1135 1137 1136
1138 1135 1139
1138 1140 1135
1140 1141 1135
1140 1142 1141
1143 1140 1144
1143 1145 1140
1145 1146 1140
1145 1147 1146
1148 1145 1149
1148 1150 1145
1150 1151 1145
1150 1152 1151
1153 1150 1154
1153 1155 1150
1155 1153 1156
1155 1157 1150
1155 1158 1157
1159 1155 1160
1161 1162 1163
1164 1165 1163
1164 1163 1166
1167 1168 1166
1167 1166 1169
1170 1167 1169
1170 1169 1171
1172 1170 1171
1172 1171 1173
1174 1175 1173
1174 1173 1176
1177 1174 1176
1177 1176 1178
1179 1177 1178
1179 1178 1180
1181 1182 1180
1181 1180 1183
1184 1185 1186
1187 1188 1185
1187 1185 1189
1190 1191 1192
1193 1194 1191
1193 1195 1194
1193 1196 1195
1197 472 1198
957 1199 1200
1201 475 1202
959 1203 1204
1205 1206 491
1207 1208 1209
1210 1211 1212
1213 1214 1215
1213 1216 1217
1216 1213 1218
1213 1219 1218
1220 1213 1217
1220 1221 1213
1217 1222 1220
1222 1223 1220
1223 1224 1220
1223 1225 1224
1217 1216 1226
1217 1227 1222
1226 1227 1217
1228 1226 1216
1228 1216 1229
1230 1216 1218
1216 1230 1231
1216 1231 1232
1226 1233 1227
1234 1233 1226
1234 1226 1235
1236 1222 1227
1237 1227 1233
1236 1227 1237
1237 1233 1238
1239 1238 1233
1239 1233 1240
1236 1237 1241
1238 1241 1237
1222 1236 1242
1222 1242 1243
1222 1243 1223
1223 1243 1244
1242 1244 1243
1223 1244 1245
1245 1246 1223
1238 1247 1241
1248 1247 1238
1248 1238 1249
1236 1241 1250
1251 1242 1236
1251 1236 1250
1252 1250 1241
1247 1252 1241
1253 1250 1252
1251 1250 1253
1247 1254 1252
1253 1252 1254
1255 1254 1247
1247 1256 1255
1253 1254 1257
1255 1257 1254
1251 1253 1258
1258 1253 1257
1259 1242 1251
1260 1251 1258
1260 1259 1251
1259 1261 1242
1242 1261 1244
1255 1262 1257
1262 1255 1263
1262 1263 1264
1258 1257 1265
1265 1257 1262
1266 1262 1264
1265 1262 1266
1266 1264 1267
1258 1265 1268
1258 1268 1260
1265 1266 1269
1265 1269 1268
1266 1270 1269
1266 1271 1270
1260 1268 1272
1268 1269 1273
1268 1273 1272
1269 1274 1273
1269 1275 1274
1260 1272 1276
1276 1259 1260
1277 1272 1273
1277 1276 1272
1259 1276 1278
1278 1276 1277
1278 1261 1259
1279 1277 1273
1279 1273 1280
1281 1278 1277
1282 1281 1277
1282 1277 1283
1278 1284 1261
1281 1284 1278
1285 1261 1284
1285 1244 1261
1286 1284 1281
1286 1285 1284
1281 1287 1286
1281 1288 1287
1289 1244 1285
1289 1245 1244
1290 1285 1286
1290 1289 1285
1286 1291 1290
1286 1292 1291
1293 1245 1289
1293 1294 1245
1295 1289 1290
1295 1293 1289
1290 1296 1295
1290 1297 1296
1295 1298 1293
1298 1299 1293
1298 1300 1299
1295 1301 1298
1302 1301 1295
1302 1303 1301
1304 1298 1301
1305 1304 1301
1305 1301 1306
1304 1307 1298
1307 1308 1298
1309 1304 1305
1310 1309 1305
1311 1310 1305
1311 1312 1310
1313 1307 1304
1313 1314 1307
1309 1315 1304
1313 1304 1315
1315 1309 1316
1315 1316 1317
1313 1315 1317
1309 1318 1316
1309 1310 1318
1313 1317 1319
1319 1320 1313
1321 1318 1310
1321 1310 1322
1307 1323 1324
1313 1325 1326
1327 1328 1310
1327 1329 1328
1245 1330 1331
1255 1332 1333
1334 1335 1336
1337 1338 1339
1337 1340 1341
1341 1342 1337
1337 1342 1343
1344 1340 1337
1344 1337 1345
1346 1340 1344
1346 1344 1347
1347 1344 1348
1347 1348 1349
1340 1350 1341
1346 1351 1340
1351 1350 1340
1352 1341 1350
1352 1353 1341
1354 1342 1341
1341 1355 1354
1341 1356 1355
1351 1357 1350
1358 1350 1357
1358 1359 1350
1360 1351 1346
1361 1357 1351
1360 1361 1351
1361 1362 1357
1363 1357 1362
1363 1364 1357
1360 1365 1361
1365 1362 1361
1366 1360 1346
1366 1346 1367
1346 1347 1367
1368 1367 1347
1368 1366 1367
1368 1347 1369
1369 1347 1370
1365 1371 1362
1372 1362 1371
1372 1373 1362
1360 1374 1365
1375 1360 1366
1375 1374 1360
1376 1365 1374
1371 1365 1376
1377 1376 1374
1375 1377 1374
1371 1376 1378
1378 1376 1377
1379 1371 1378
1371 1379 1380
1378 1377 1381
1381 1379 1378
1375 1382 1377
1381 1377 1382
1383 1375 1366
1384 1382 1375
1384 1375 1383
1383 1366 1385
1368 1385 1366
1381 1386 1379
1387 1379 1386
1387 1386 1388
1381 1382 1389
1389 1386 1381
1388 1386 1390
1389 1390 1386
1388 1390 1391
1392 1389 1382
1392 1382 1384
1393 1390 1389
1393 1389 1392
1390 1393 1394
1390 1394 1395
1384 1396 1392
1392 1397 1393
1392 1396 1397
1393 1397 1398
1393 1398 1399
1384 1400 1396
1400 1384 1383
1401 1397 1396
1401 1396 1400
1383 1402 1400
1402 1401 1400
1402 1383 1385
1403 1397 1401
1403 1404 1397
1405 1401 1402
1406 1401 1405
1406 1407 1401
1402 1385 1408
1405 1402 1408
1409 1408 1385
1409 1385 1368
1410 1405 1408
1410 1408 1409
1405 1410 1411
1405 1411 1412
1368 1413 1409
1368 1369 1413
1414 1410 1409
1414 1409 1413
1410 1414 1415
1410 1415 1416
1417 1413 1369
1417 1369 1418
1419 1414 1413
1419 1413 1417
1414 1419 1420
1414 1420 1421
1422 1419 1417
1422 1417 1423
1422 1423 1424
1422 1425 1419
1425 1426 1419
1425 1427 1426
1422 1428 1425
1422 1429 1428
1429 1422 1430
1431 1425 1428
1431 1432 1425
1433 1428 1429
1433 1429 1434
1428 1435 1431
1433 1436 1428
1428 1436 1435
1437 1431 1435
1437 1438 1431
1437 1439 1438
1440 1435 1436
1440 1436 1441
1441 1436 1433
1442 1435 1440
1442 1437 1435
1441 1433 1443
1443 1433 1444
1445 1437 1442
1445 1446 1437
1433 1447 1448
1449 1450 1437
1449 1451 1450
1429 1452 1453
1369 1454 1455
1379 1456 1457
1458 1459 1460
1458 1460 1461
1462 1458 1461
1463 1461 1460
1462 1461 1464
1465 1462 1464
1463 1466 1461
1467 1466 1463
1464 1461 1468
1468 1461 1466
1467 1469 1466
1469 1467 1470
1468 1466 1471
1471 1466 1469
1469 1470 1472
1473 1472 1470
1471 1469 1474
1474 1469 1472
1473 1475 1472
1475 1473 1476
1472 1477 1474
1472 1475 1477
1475 1476 1478
1478 1476 1479
1477 1475 1480
1478 1480 1475
1478 1481 1480
1479 1482 1478
1482 1481 1478
1479 1483 1482
1484 1477 1480
1480 1481 1484
1485 1482 1483
1485 1483 1486
1485 1486 1487
1485 1487 1488
1485 1488 1489
1489 1488 1490
1491 1482 1485
1489 1491 1485
1489 1490 1492
1492 1490 1493
1482 1494 1481
1491 1494 1482
1489 1495 1491
1492 1495 1489
1496 1494 1491
1496 1481 1494
1495 1497 1491
1496 1491 1497
1497 1498 1496
1496 1499 1481
1499 1496 1498
1500 1481 1499
1500 1484 1481
1499 1498 1501
1501 1500 1499
1500 1502 1484
1484 1502 1477
1503 1477 1502
1503 1474 1477
1500 1504 1502
1503 1502 1504
1505 1474 1503
1505 1471 1474
1501 1506 1500
1506 1504 1500
1503 1504 1507
1505 1503 1507
1508 1471 1505
1508 1468 1471
1506 1509 1504
1507 1504 1509
1505 1507 1510
1510 1508 1505
1501 1511 1506
1511 1509 1506
1507 1509 1512
1510 1507 1512
1508 1513 1468
1464 1468 1513
1514 1464 1513
1465 1464 1514
1508 1515 1513
1515 1514 1513
1510 1516 1508
1516 1515 1508
1465 1514 1517
1465 1517 1518
1517 1519 1518
1515 1520 1514
1517 1514 1520
1512 1509 1521
1511 1521 1509
1510 1512 1522
1516 1510 1522
1516 1523 1515
1520 1515 1523
1512 1521 1524
1522 1512 1524
1516 1522 1525
1523 1516 1525
1522 1524 1526
1525 1522 1526
1525 1526 1527
1523 1525 1528
1525 1527 1528
1527 1529 1528
1530 1523 1528
1520 1523 1530
1529 1530 1528
1531 1520 1530
1517 1520 1531
1530 1529 1532
1531 1530 1532
1531 1533 1517
1517 1533 1519
1532 1534 1531
1531 1534 1533
1535 1519 1533
1534 1535 1533
1535 1536 1519
1537 1536 1535
1537 1538 1536
1539 1532 1529
1532 1539 1534
1534 1540 1535
1541 1535 1540
1541 1542 1535
1543 1541 1540
1543 1540 1544
1534 1544 1540
1534 1539 1544
1545 1544 1539
1546 1544 1545
1546 1547 1544
1539 1529 1548
1545 1539 1548
1548 1529 1549
1550 1545 1548
1548 1549 1550
1549 1529 1551
1527 1551 1529
1552 1549 1551
1549 1553 1550
1549 1552 1553
1527 1554 1551
1552 1551 1554
1555 1545 1550
1545 1555 1556
1545 1556 1557
1550 1558 1555
1550 1553 1558
1558 1559 1555
1558 1560 1559
1553 1561 1558
1562 1558 1561
1562 1561 1563
1552 1564 1553
1553 1564 1561
1564 1565 1561
1565 1566 1561
1565 1567 1566
1552 1568 1564
1554 1568 1552
1564 1569 1565
1568 1569 1564
1554 1570 1568
1568 1571 1569
1570 1571 1568
1572 1570 1554
1527 1572 1554
1527 1573 1572
1527 1526 1573
1574 1573 1526
1574 1526 1524
1524 1575 1574
1524 1521 1575
1576 1575 1521
1576 1521 1511
1577 1576 1511
1577 1511 1501
1501 1578 1577
1498 1578 1501
1579 1572 1573
1580 1573 1574
1580 1579 1573
1574 1575 1581
1574 1581 1580
1582 1575 1576
1582 1581 1575
1583 1576 1577
1583 1582 1576
1584 1577 1578
1584 1583 1577
1580 1581 1585
1582 1585 1581
1498 1586 1578
1586 1584 1578
1579 1587 1572
1572 1587 1570
1588 1579 1580
1580 1585 1588
1588 1589 1579
1587 1579 1589
1590 1582 1583
1582 1590 1585
1585 1591 1588
1589 1588 1591
1590 1592 1585
1585 1592 1591
1593 1570 1587
1587 1589 1594
1593 1587 1594
1595 1593 1594
1570 1593 1596
1570 1596 1571
1597 1596 1593
1571 1596 1597
1597 1593 1595
1589 1598 1594
1595 1594 1598
1571 1597 1599
1569 1571 1599
1589 1591 1600
1589 1600 1598
1595 1601 1597
1597 1601 1599
1569 1599 1602
1602 1565 1569
1602 1603 1565
1601 26 1599
1602 1599 26
1604 1600 1591
1604 1591 1605
1605 1591 1592
1600 236 1598
1598 1606 1595
1606 1598 236
1600 1607 236
1607 1600 1604
236 1607 238
1608 238 1607
1608 1607 1604
224 1606 236
1604 1609 1608
1604 1605 1609
1606 224 223
1609 1605 1610
1605 1592 1610
1609 1610 1611
1595 1606 1612
1606 223 1612
1613 1595 1612
223 1613 1612
1595 1613 1601
223 1614 1613
29 1614 223
1613 1615 1601
1613 1614 1615
1614 29 1615
26 1601 1615
26 1615 29
1610 1592 1616
1590 1616 1592
1617 1611 1610
1617 1618 1611
1619 1618 1617
1616 1590 1620
1590 1583 1620
1610 1616 1621
1610 1621 1617
1616 1620 1621
1619 1617 1622
1621 1622 1617
1622 1623 1619
1583 1624 1620
1621 1620 1624
1583 1584 1624
1621 1625 1622
1621 1624 1625
1622 1626 1623
1625 1626 1622
1624 1627 1625
1625 1627 1626
1628 1623 1626
1627 1628 1626
1628 1629 1623
1630 1629 1628
1631 1624 1584
1624 1631 1627
1627 1631 1632
1631 1584 1633
1632 1631 1633
1586 1633 1584
1627 1634 1628
1627 1632 1634
1635 1628 1634
1635 1630 1628
1635 1634 1632
1636 1633 1586
1632 1633 1636
1630 1635 1637
1630 1637 1638
1639 1638 1637
1639 1640 1638
1641 1640 1639
1635 1632 1642
1637 1635 1642
1632 1643 1642
1632 1636 1643
1637 1642 1644
1644 1639 1637
1643 1644 1642
1636 1586 1645
1498 1645 1586
1636 1646 1643
1636 1645 1646
1647 1645 1498
1647 1646 1645
1497 1647 1498
1648 1643 1646
1643 1648 1644
1647 1497 1649
1495 1649 1497
1650 1646 1647
1648 1646 1650
1650 1647 1651
1647 1649 1651
1648 1650 1652
1651 1652 1650
1653 1644 1648
1648 1652 1653
1649 1654 1651
1651 1654 1652
1655 1649 1495
1649 1655 1654
1653 1656 1644
1644 1656 1639
1657 1653 1652
1656 1653 1657
1655 1495 1658
1492 1658 1495
1639 1656 1659
1656 1657 1659
1660 1652 1654
1657 1652 1660
1654 1655 1661
1658 1661 1655
1662 1658 1492
1492 1493 1662
1639 1659 1663
1641 1639 1663
1663 1664 1641
1663 1665 1664
1659 1665 1663
1665 1666 1664
1660 1654 1667
1654 1661 1667
1658 1668 1661
1662 1668 1658
1669 1662 1493
1669 1493 1670
1667 1661 1671
1671 1661 1668
1672 1668 1662
1672 1662 1669
1671 1668 1672
1673 1660 1667
1667 1671 1673
1674 1669 1670
1674 1670 1675
1676 1672 1669
1671 1672 1676
1676 1669 1674
1677 1674 1675
1677 1675 1678
1677 1678 1679
1677 1679 1680
1681 1677 1680
1681 1682 1677
1682 1674 1677
1682 1676 1674
1671 1676 1683
1682 1683 1676
1673 1671 1683
1682 1684 1683
1685 1684 1682
1685 1686 1684
1673 1683 1687
1687 1683 1684
1687 1688 1673
1673 1688 1660
1688 1657 1660
1688 1689 1657
1659 1657 1689
1687 1690 1688
1690 1689 1688
1687 1684 1691
1690 1687 1691
1692 1691 1684
1692 1684 1693
1659 1689 1694
1659 1694 1665
1690 1695 1689
1694 1689 1695
1690 1691 1696
1695 1690 1696
1697 1696 1691
1697 1691 1698
1699 1665 1694
1665 1699 1666
1694 1695 1700
1699 1694 1700
1695 1696 1701
1701 1700 1695
1702 1701 1696
1702 1696 1703
1701 1704 1700
1704 1699 1700
1705 1704 1701
1705 1706 1704
1707 1666 1699
1704 1707 1699
1708 1707 1704
1708 1709 1707
1707 1710 1666
1711 1710 1707
1711 1712 1710
1713 1714 1715
1713 1716 1714
1717 1716 1718
1717 1718 1719
1720 1721 1722
1720 1722 1723
1724 1725 1726
1724 1726 1727
1728 1729 1730
1728 1730 1731
1732 1733 1734
1732 1734 1735
1736 1737 1738
1736 1738 1739
1740 1741 1742
1740 1742 1743
1744 1745 1746
1744 1746 1747
1748 1749 1750
1748 1750 1751
1752 1753 1754
1752 1754 1755
1756 1757 1758
1756 1758 1759
1760 1761 1762
1760 1762 1763
1764 1765 1766
1764 1766 1767
1768 1769 1770
1768 1770 1771
1772 1773 1774
1772 1774 1775
1776 1777 1778
1776 1778 1779
1780 1781 1782
1780 1782 1783
1784 1785 1786
1784 1786 1787
1788 1789 1790
1788 1790 1791
1792 1793 1794
1792 1794 1795
1796 1797 1798
1796 1798 1799
20 1800 1801
20 1801 1802
20 1802 26
1602 26 1802
1803 1602 1802
1803 1804 1602
1805 1806 1565
1805 1565 1807
1808 1809 1810
1808 1810 1811
1811 1810 1812
1812 1810 1813
1814 1812 1813
1815 1814 1813
1814 1816 1812
1813 1810 1817
1817 1810 1818
1817 1818 1819
1816 1814 1820
1816 1820 1821
1820 1822 1821
1817 1823 1813
1815 1813 1823
1817 1824 1823
1825 1824 1817
1825 1826 1824
1824 1827 1823
1827 1815 1823
1824 1828 1827
1829 1828 1824
1829 1830 1828
1814 1815 1831
1814 1831 1820
1820 1832 1822
1833 1822 1832
1834 1832 1820
1834 1820 1831
1833 1832 1835
1834 1835 1832
1833 1835 1836
1833 1836 1837
1838 1837 1836
1835 1834 1839
1835 1840 1836
1835 1839 1840
1834 1841 1839
1842 1834 1831
1834 1842 1841
1842 1843 1841
1839 1841 1844
1839 1844 1840
1841 1843 1844
1842 1831 1845
1845 1846 1842
1842 1846 1843
1843 1846 1847
1831 1848 1845
1848 1846 1845
1847 1846 1848
1815 1848 1831
1848 1815 1849
1847 1848 1849
1849 1815 1850
1827 1850 1815
1851 1849 1850
1851 1850 1827
1851 1847 1849
1851 1827 1852
1828 1852 1827
1847 1851 1853
1852 1853 1851
1844 1843 1854
1854 1855 1844
1840 1844 1855
1840 1855 1856
1836 1840 1856
1836 1856 1857
1857 1856 1855
1836 1857 1858
1838 1836 1858
1859 1838 1858
1859 1860 1838
1861 1860 1859
1861 1862 1860
1858 1863 1859
1858 1857 1863
1859 1863 1864
1859 1864 1865
1854 1866 1855
1857 1855 1867
1855 1866 1867
1857 1868 1863
1857 1867 1868
1863 1868 1869
1863 1869 1870
1871 1869 1868
1871 1868 1872
1872 1868 1867
1872 1867 1866
1866 1854 1873
1843 1873 1854
1843 1874 1873
1847 1874 1843
1847 1875 1874
1847 1853 1875
1876 1872 1866
1877 1872 1876
1877 1878 1872
1866 1873 1879
1876 1866 1879
1879 1873 1880
1881 1876 1879
1879 1880 1881
1880 1873 1882
1874 1882 1873
1881 1883 1876
1884 1876 1883
1884 1883 1885
1881 1880 1886
1886 1880 1882
1887 1883 1881
1881 1886 1887
1887 1888 1883
1889 1883 1888
1889 1888 1890
1891 1888 1887
1887 1886 1892
1887 1892 1891
1891 1893 1888
1894 1888 1893
1894 1893 1895
1886 1896 1892
1886 1882 1897
1886 1897 1896
1898 1891 1892
1896 1898 1892
1891 1899 1893
1900 1893 1899
1900 1901 1893
1898 1902 1891
1891 1902 1899
1903 1902 1898
1904 1899 1902
1903 1904 1902
1904 1905 1899
1906 1899 1905
1906 1907 1899
1898 1908 1903
1896 1908 1898
1903 1908 1909
1909 1908 1896
1903 1909 1910
1909 1911 1910
1909 1896 1912
1896 1897 1912
1909 1913 1911
1911 1913 1914
1913 1915 1914
1916 1909 1912
1916 1913 1909
1897 1917 1912
1912 1917 1916
1913 1918 1915
1916 1918 1913
1915 1918 1919
1915 1919 1920
1919 1921 1920
1916 1922 1918
1919 1918 1922
1919 1923 1921
1924 1921 1923
1924 1923 1925
1926 1923 1919
1919 1922 1926
1927 1922 1916
1927 1916 1917
1917 1897 1928
1928 1897 1882
1917 1928 1929
1929 1927 1917
1930 1928 1882
1928 1930 1929
1874 1930 1882
1874 1929 1930
1874 1875 1929
1875 1931 1929
1931 1927 1929
1875 1853 1931
1932 1922 1927
1926 1922 1932
1931 1932 1927
1926 1932 1933
1933 1932 1931
1934 1931 1853
1933 1931 1934
1934 1935 1933
1933 1936 1926
1933 1935 1936
1926 1936 1923
1937 1923 1936
1937 1936 1938
1939 1936 1935
1939 1935 1940
1934 1853 1941
1852 1941 1853
1934 1942 1935
1941 1942 1934
1943 1941 1852
1828 1943 1852
1941 1943 1944
1943 1828 1944
1945 1942 1941
1941 1944 1945
1946 1935 1942
1945 1946 1942
1828 1947 1944
1948 1947 1828
1948 1949 1947
1947 1950 1944
1945 1944 1950
1951 1950 1947
1951 1952 1950
1935 1946 1953
1954 1935 1953
1954 1953 1955
1953 1946 1956
1946 1945 1956
1957 1953 1956
1957 1956 1958
1959 1945 1950
1959 1956 1945
1958 1956 1959
1960 1959 1950
1958 1959 1961
1960 1961 1959
1962 1963 1964
1962 1964 1965
1966 1967 1968
1966 1968 1969
1970 1971 1972
1970 1972 1973
1974 1975 1976
1974 1976 1977
1978 1979 1980
1978 1980 1981
1982 1983 1984
1982 1984 1985
1986 1987 1988
1986 1988 1989
1990 1991 1992
1990 1992 1993
1994 1995 1996
1994 1996 1997
1998 1999 2000
1998 2000 2001
2002 2003 2004
2002 2004 2005
2005 2004 2006
2004 2007 2006
2004 2008 2007
2009 2008 2004
2009 2010 2008
2006 2007 2011
2006 2011 2012
2012 2011 2013
2012 2013 2014
2015 2006 2012
2005 2006 2015
2015 2012 2016
2016 2012 2017
2016 2017 2018
2019 2016 2018
2019 2020 2016
2020 2015 2016
2021 2005 2015
2020 2021 2015
2021 2022 2005
2023 2005 2022
2023 2022 2024
2025 2021 2020
2026 2025 2020
2026 2020 2027
2028 2022 2021
2025 2028 2021
2028 2029 2022
2030 2022 2029
2030 2029 2031
2032 2028 2025
2033 2032 2025
2033 2025 2034
2035 2029 2028
2032 2035 2028
2035 2036 2029
2037 2029 2036
2037 2036 2038
2039 2038 2036
2039 2036 2040
2040 2036 2035
2041 2035 2032
2040 2035 2041
2041 2032 2042
2042 2032 2043
2042 2043 2044
2045 2040 2041
2046 2040 2045
2046 2047 2040
2048 2041 2042
2045 2041 2048
2048 2042 2049
2049 2042 2050
2049 2050 2051
2052 2045 2048
2053 2045 2052
2053 2054 2045
2055 2048 2049
2052 2048 2055
2055 2049 2056
2056 2049 2057
2056 2057 2058
2059 2056 2058
2059 2058 2060
2061 2055 2056
2061 2056 2059
2062 2052 2055
2062 2055 2061
2063 2052 2062
2063 2064 2052
2065 2061 2059
2066 2065 2059
2066 2059 2067
2065 2068 2061
2068 2062 2061
2068 2069 2062
2070 2062 2069
2070 2071 2062
2072 2073 2074
2072 2075 2073
2076 2075 2072
2076 2077 2075
2078 2077 2076
2078 2079 2077
2080 2079 2078
2080 2081 2079
2082 2081 2080
2082 2083 2081
2084 2083 2082
2084 2085 2083
2086 2085 2084
2086 2087 2085
2088 2087 2086
2088 2089 2087
2090 2089 2088
2090 2091 2089
2092 2093 2094
2092 2094 2095
2096 2094 2097
2096 2097 2098
2099 2097 2100
2099 2100 2101
2102 2100 2103
2102 2103 2104
2105 2103 2106
2105 2106 2107
2108 2106 2109
2108 2109 2110
2111 2112 2109
2111 2109 2113
726 2114 2115
726 2116 2114
2117 2114 2118
2119 2118 2114
2119 2114 2120
2121 2120 2114
2121 2122 2120
2123 2120 2122
2123 2124 2120
2125 2120 2124
2125 2124 2126
2127 2126 2124
1118 2128 2124
1118 2124 2129
2130 2131 2132
2130 2133 2131
2130 2134 2133
2133 2134 2135
2133 2135 2136
2131 2133 2136
2131 2136 2137
2138 2136 2139
2138 2139 2140
2139 2136 2141
2139 2141 2142
2139 2143 2144
2139 2144 2145
2146 2139 2145
2146 2145 2147
2145 2148 2149
2145 2149 2150
2151 2145 2150
2151 2150 2152
2150 2153 2154
2150 2154 2155
2155 2154 2156
2157 2150 2155
2157 2155 2158
2159 2155 2160
2159 2160 2161
2162 2161 2160
2163 2164 2165
2163 2165 2166
2167 2168 2169
2167 2169 2170
2171 2172 2173
2171 2173 2174
2175 2176 2177
2175 2177 2178
2179 2180 2175
2179 2181 2180
2182 2183 2184
2182 2185 2183
2186 2185 2187
2186 2188 2185
2189 2190 2188
2189 2188 2191
2192 2193 2194
2192 2194 2195
2196 2197 2192
2196 2198 2197
2199 2200 2198
2199 2198 2201
2202 2203 2204
2202 2204 2205
2206 2207 2208
2206 2208 2209
2210 2211 2212
2210 2212 2213
2214 2215 2216
2214 2216 2217
2218 2219 2220
2218 2220 2221
2222 2220 2223
2222 2223 2224
2225 2226 2227
2225 2227 2228
2229 2230 2231
2229 2231 2232
2233 2234 2229
2233 2235 2234
2073 2236 2237
2073 2237 2238
2239 2240 2241
2239 2242 2240
2242 2243 2240
2240 2243 2244
2240 2244 2245
2246 2240 2245
2246 2245 2247
2248 2244 2243
2249 2244 2248
2248 2243 2250
2245 2244 2251
2249 2251 2244
2250 2252 2248
2250 2253 2252
2254 2252 2253
2245 2251 2255
2256 2245 2255
2256 2255 2257
2255 2251 2258
2249 2258 2251
2255 2258 2259
2260 2255 2259
2260 2259 2261
2248 2252 2262
2248 2262 2249
2254 2263 2252
2263 2254 2264
2265 2252 2263
2265 2262 2252
2263 2264 2266
2265 2263 2266
2264 2267 2266
2264 2268 2267
2269 2267 2268
2261 2259 2270
2261 2270 2271
2266 2272 2265
2266 2267 2273
2266 2273 2272
2265 2272 2274
2275 2262 2265
2265 2274 2275
2275 2274 2276
2272 2277 2274
2272 2273 2277
2274 2277 2276
2275 2278 2262
2278 2275 2279
2275 2276 2279
2276 2280 2279
2262 2278 2281
2281 2278 2279
2281 2279 2280
2249 2262 2281
2281 2282 2249
2281 2280 2282
2282 2283 2249
2249 2283 2258
2282 2284 2283
2284 2258 2283
2282 2280 2284
2284 2285 2258
2259 2258 2285
2286 2284 2280
2285 2284 2286
2259 2285 2287
2287 2288 2259
2259 2288 2270
2287 2285 2289
2285 2286 2289
2289 2288 2287
2270 2288 2290
2291 2270 2290
2291 2290 2292
2293 2290 2288
2289 2293 2288
2294 2290 2293
2295 2290 2294
2295 2294 2296
2297 2296 2294
2297 2294 2298
2294 2293 2298
2299 2297 2298
2299 2298 2300
2301 2298 2293
2300 2298 2301
2302 2300 2301
2293 2303 2301
2293 2289 2303
2301 2303 2302
2304 2300 2302
2304 2305 2300
2289 2306 2303
2302 2303 2306
2286 2306 2289
2286 2307 2306
2302 2306 2308
2307 2308 2306
2309 2307 2286
2286 2280 2309
2280 2310 2309
2280 2276 2310
2309 2311 2307
2310 2311 2309
2308 2312 2302
2313 2302 2312
2313 2314 2302
2307 2315 2308
2307 2311 2316
2307 2316 2315
2315 2317 2308
2308 2317 2312
2315 2316 2318
2315 2318 2317
2317 2319 2312
2320 2312 2319
2320 2321 2312
2318 2322 2317
2317 2322 2319
2316 2323 2318
2311 2324 2316
2316 2324 2323
2318 2325 2322
2325 2318 2323
2322 2326 2319
2327 2319 2326
2327 2328 2319
2322 2329 2326
2330 2329 2322
2330 2322 2325
2330 2325 2331
2325 2323 2331
2323 2332 2331
2330 2331 2333
2334 2333 2331
2332 2334 2331
2332 2335 2334
2336 2335 2332
2323 2337 2332
2337 2323 2324
2332 2337 2338
2339 2337 2324
2338 2337 2339
2336 2332 2340
2332 2338 2340
2341 2336 2340
2338 2341 2340
2342 2339 2324
2342 2324 2311
2342 2311 2343
2310 2343 2311
2343 2344 2342
2342 2344 2339
2310 2344 2343
2338 2339 2345
2345 2339 2344
2310 2346 2344
2276 2346 2310
2336 2341 2347
2336 2347 2348
2338 2349 2341
2338 2345 2349
2350 2348 2347
2350 2351 2348
2350 2352 2351
2350 2353 2352
2341 2354 2347
2341 2349 2354
2350 2347 2354
2345 2344 2355
2355 2344 2346
2356 2349 2345
2356 2354 2349
2350 2354 2357
2357 2358 2350
2357 2359 2358
2345 2355 2360
2345 2360 2356
2361 2357 2354
2361 2354 2356
2362 2357 2361
2362 2363 2357
2364 2361 2356
2364 2356 2360
2365 2361 2364
2365 2366 2361
2367 2360 2355
2367 2355 2346
2368 2364 2360
2368 2360 2367
2369 2364 2368
2369 2370 2364
2371 2367 2346
2368 2367 2371
2371 2346 2372
2276 2372 2346
2277 2372 2276
2373 2372 2277
2373 2371 2372
2273 2373 2277
2368 2371 2374
2374 2375 2368
2374 2376 2375
2377 2374 2371
2373 2377 2371
2273 2378 2373
2267 2378 2273
2373 2378 2379
2373 2379 2377
2267 2379 2378
2377 2380 2374
2379 2380 2377
2380 2381 2374
2380 2382 2381
2383 2382 2380
2379 2383 2380
2383 2384 2382
2267 2385 2379
2385 2383 2379
2269 2385 2267
2385 2386 2383
2386 2385 2269
2386 2387 2383
2386 2388 2387
2386 2269 2389
2389 2390 2386
2389 2391 2390
2392 2393 2394
2392 2394 2395
2396 2397 2398
2396 2398 2399
2400 2401 2402
2400 2402 2403
2404 2405 2406
2404 2406 2407
2408 2409 2410
2408 2410 2411
2412 2413 2414
2412 2414 2415
2416 2417 2418
2416 2418 2419
2420 2421 2422
2420 2422 2423
2424 2425 2426
2424 2426 2427
2428 2429 2430
2428 2430 2431
2432 2433 2434
2432 2434 2435
2435 2436 2432
2432 2436 2437
2432 2437 2438
2438 2439 2432
2438 2440 2439
2436 2441 2437
2436 2442 2441
2442 2443 2441
2442 2444 2443
2445 2442 2436
2435 2445 2436
2445 2446 2442
2446 2447 2442
2446 2448 2447
2446 2449 2448
2446 2450 2449
2445 2450 2446
2435 2451 2445
2445 2451 2450
2435 2452 2451
2453 2452 2435
2453 2454 2452
2451 2455 2450
2450 2455 2456
2450 2456 2457
2452 2458 2451
2451 2458 2455
2452 2459 2458
2460 2459 2452
2460 2461 2459
2458 2462 2455
2455 2462 2463
2455 2463 2464
2459 2465 2458
2458 2465 2462
2459 2466 2465
2467 2466 2459
2467 2468 2466
2466 2468 2469
2466 2469 2470
2470 2465 2466
2471 2462 2465
2470 2471 2465
2471 2472 2462
2472 2473 2462
2472 2474 2473
2475 2471 2470
2470 2476 2475
2470 2477 2476
2478 2472 2471
2475 2478 2471
2478 2479 2472
2479 2480 2472
2479 2481 2480
2482 2478 2475
2475 2483 2482
2475 2484 2483
2485 2479 2478
2482 2485 2478
2485 2486 2479
2486 2487 2479
2486 2488 2487
2489 2488 2486
2489 2490 2488
2491 2486 2485
2491 2489 2486
2492 2485 2482
2492 2491 2485
2482 2493 2492
2482 2494 2493
2491 2495 2489
2489 2495 2496
2489 2496 2497
2491 2498 2495
2492 2498 2491
2492 2499 2498
2492 2500 2499
2492 2501 2500
2502 2503 2504
2502 2504 2505
2506 2502 2505
2506 2505 2507
2508 2506 2507
2508 2507 2509
2510 2508 2509
2510 2509 2511
2512 2510 2511
2512 2511 2513
2514 2512 2513
2514 2513 2515
2516 2514 2515
2516 2515 2517
2518 2516 2517
2518 2517 2519
2520 2518 2519
2520 2519 2521
2522 2523 2524
2522 2524 2525
2526 2527 2524
2526 2528 2527
2529 2530 2527
2529 2531 2530
2532 2533 2530
2532 2534 2533
2535 2536 2533
2535 2537 2536
2538 2539 2536
2538 2540 2539
2539 2541 2542
2539 2542 2543
2544 2545 2546
2544 2546 2547
2544 2547 2548
2547 2549 2548
2547 2550 2549
2546 2550 2547
2546 2551 2550
2552 2553 2550
2552 2554 2553
2555 2550 2553
2555 2553 2556
2553 2557 2558
2553 2559 2557
2560 2559 2553
2560 2561 2559
2559 2562 2563
2559 2564 2562
2565 2564 2559
2565 2566 2564
2564 2567 2568
2564 2569 2567
2569 2570 2567
2571 2569 2564
2571 2572 2569
2573 2574 2569
2573 2575 2574
2576 2574 2575
2577 2578 2579
2577 2579 2580
2581 2582 2583
2581 2583 2584
2585 2586 2587
2585 2587 2588
2589 2590 2591
2589 2591 2592
2593 2589 2594
2593 2594 2595
2596 2597 2595
2596 2595 2598
2599 2600 2598
2599 2598 2601
2602 2603 2601
2602 2601 2604
2605 2606 2607
2605 2607 2608
2609 2605 2610
2609 2610 2611
2612 2613 2611
2612 2611 2614
2615 2616 2617
2615 2617 2618
2619 2620 2621
2619 2621 2622
2623 2624 2625
2623 2625 2626
2627 2628 2629
2627 2629 2630
2631 2632 2633
2631 2633 2634
2635 2636 2633
2635 2637 2636
2638 2639 2640
2638 2640 2641
2642 2643 2644
2642 2644 2645
2646 2642 2647
2646 2647 2648
2649 2650 2504
2649 2504 2651
2652 2653 2654
2652 2655 2653
2656 2653 2655
2656 2657 2653
2658 2657 2656
2658 2659 2657
2658 2660 2659
2658 2661 2660
2660 2661 2662
2660 2662 2663
2663 2662 2664
2663 2664 2665
2666 2665 2664
2666 2664 2667
2668 2669 2670
2668 2670 2671
2672 2671 2670
2672 2670 2673
2674 2672 2673
2674 2673 2675
2676 2677 2678
2676 2678 2679
2680 2679 2678
2680 2678 2681
2682 2680 2681
2682 2681 2683
2684 2685 2686
2684 2686 2687
2688 2687 2686
2688 2686 2689
2690 2688 2689
2690 2689 2691
2690 2691 2692
2690 2692 2693
2692 2694 2693
2692 2695 2694
2695 2696 2694
2695 2697 2696
2698 2696 2697
2698 2699 2696
2700 2701 2702
2700 2702 2703
2700 2703 2704
2700 2704 2705
2705 2704 2706
2705 2706 2707
2708 2709 2710
2708 2710 2711
2708 2711 2712
2708 2712 2713
2713 2712 2714
2713 2714 2715
2716 2717 2718
2718 2719 2716
2718 2720 2719
2721 2719 2722
2723 2719 2721
2719 2723 2724
2725 2726 2727
2725 2727 2728
2729 2730 2731
2729 2731 2732
2733 2734 2731
2733 2735 2734
2736 2737 2738
2736 2738 2739
2740 2741 2742
2740 2742 2743
2744 2740 2745
2744 2745 2746
2747 2748 2749
2747 2749 2750
2750 2749 2751
2750 2751 2752
2753 2752 2751
2753 2754 2752
2755 2754 2753
2755 2753 2756
2756 2757 2755
2756 2758 2757
2751 2759 2753
2756 2753 2759
2749 2760 2751
2751 2760 2759
2756 2759 2761
2761 2762 2756
2761 2763 2762
2760 2749 2764
2760 2764 2765
2760 1230 2759
2761 2759 1230
2760 2766 1230
2761 1230 1218
1218 2767 2761
1218 2768 2767
2769 2770 2749
2769 2749 2771
2772 2773 2774
2772 2775 2773
2773 2775 2776
2777 2778 2779
2777 2779 2780
2781 2782 2783
2783 2784 2781
2783 2785 2784
2786 2787 2784
2788 2786 2784
2784 2789 2788
2790 2791 2792
2790 2792 2793
2794 2795 2796
2794 2796 2797
2798 2799 2796
2798 2800 2799
2801 2802 2803
2801 2803 2804
2805 2806 2807
2805 2807 2808
2809 2807 2810
2809 2810 2811
2812 2813 2814
2812 2814 2815
2815 2816 2812
2815 2817 2816
2818 2816 2817
2818 2817 2819
2820 2818 2819
2820 2821 2818
2821 2820 2822
2821 2822 2823
2824 2816 2818
2824 2818 2821
2812 2816 2825
2824 2825 2816
2824 2821 2826
2826 2821 2827
2826 2827 2828
2829 2812 2825
2829 2825 2830
1354 2825 2824
1354 2824 2826
1354 2831 2825
1354 2826 1342
1342 2826 2832
1342 2832 2833
2834 2835 2812
2834 2812 2836
2837 2838 2839
2837 2839 2840
2839 2841 2840
2842 2843 2844
2842 2844 2845
2846 2847 2848
2846 2848 2849
2850 2849 2848
2850 2848 2851
2852 2848 2847
2853 2851 2848
2852 2854 2848
2853 2848 2854
2852 2855 2854
2853 2854 2855
2852 2856 2855
2853 2855 2857
2856 2858 2855
2857 2855 2858
2859 2860 2861
2859 2861 2862
2863 2860 2859
2862 2861 2864
2862 2864 2865
2863 2866 2860
2867 2866 2863
2865 2864 2868
2865 2868 2869
2867 2870 2866
2871 2870 2867
2869 2868 2872
2869 2872 2873
2871 2874 2870
2875 2874 2871
2873 2872 2876
2873 2876 2877
2875 2878 2874
2879 2878 2875
2877 2876 2880
2877 2880 2881
2879 2882 2878
2883 2882 2879
2881 2880 2884
2881 2884 2885
2883 2886 2882
2887 2886 2883
2885 2884 2888
2885 2888 2889
2889 2890 2887
2887 2890 2886
2889 2888 2890
2880 2876 2891
2880 2891 2892
2884 2880 2892
2876 2893 2891
2884 2892 2894
2888 2884 2894
2876 2872 2893
2888 2894 2895
2890 2888 2895
2872 2896 2893
2890 2895 2897
2886 2890 2897
2872 2868 2896
2886 2897 2898
2868 2899 2896
2882 2886 2898
2868 2864 2899
2882 2898 2900
2864 2901 2899
2878 2882 2900
2864 2861 2901
2878 2900 2902
2861 2903 2901
2874 2878 2902
2861 2860 2903
2874 2902 2904
2860 2905 2903
2870 2874 2904
2860 2866 2905
2870 2904 2906
2866 2870 2906
2866 2906 2905
