byte offset: 0
first index: 0
index count: 12963
topology: trianglelist
format: DXGI_FORMAT_R16_UINT

0 1 2
0 2 3
4 5 1
4 1 0
6 7 5
6 5 4
8 9 7
8 7 6
10 11 9
10 9 8
12 13 11
12 11 10
14 15 13
14 13 12
16 17 15
16 15 14
18 19 17
18 17 16
20 21 19
20 19 18
22 23 21
22 21 20
3 2 23
3 23 22
24 25 26
24 26 27
25 28 29
25 29 26
28 30 31
28 31 29
30 32 33
30 33 31
34 33 32
27 35 24
36 37 38
36 38 39
40 41 37
40 37 36
42 43 41
42 41 40
44 45 43
44 43 42
46 47 45
46 45 44
48 49 47
48 47 46
50 51 52
50 52 53
39 38 51
39 51 50
54 55 56
54 56 57
58 59 60
58 60 61
62 63 59
62 59 58
64 65 66
64 66 67
68 69 65
68 65 64
70 71 69
70 69 68
72 73 71
72 71 70
74 75 73
74 73 72
61 60 75
61 75 74
76 55 54
76 54 77
76 77 78
57 56 79
80 81 82
80 82 83
81 84 85
81 85 82
84 86 85
83 87 80
88 89 90
88 90 91
89 92 93
89 93 90
94 93 92
95 88 91
96 97 98
96 98 99
100 96 99
100 99 101
102 100 101
102 101 103
104 102 103
104 103 105
106 104 105
106 105 107
108 106 107
108 107 109
110 108 109
110 109 111
112 110 111
112 111 113
114 115 116
114 116 117
117 116 118
119 115 114
119 114 120
119 120 121
122 123 124
122 124 125
125 124 126
125 126 127
127 126 128
127 128 129
130 131 132
130 132 133
134 130 133
134 133 135
122 134 135
122 135 123
124 123 136
124 136 137
126 124 137
126 137 138
128 126 138
128 138 139
132 140 141
132 141 133
133 141 142
133 142 135
135 142 136
135 136 123
136 143 144
136 144 137
137 144 145
137 145 138
146 139 138
146 138 145
141 140 147
141 147 148
142 141 148
142 148 149
136 142 149
136 149 143
150 151 152
150 152 153
154 150 153
154 153 155
154 155 156
157 158 159
160 159 161
160 161 162
162 161 152
162 152 151
153 152 163
153 163 164
155 153 164
155 164 165
155 165 166
158 167 159
161 159 167
161 167 168
152 161 168
152 168 163
165 169 166
158 170 167
163 171 172
163 172 164
164 172 173
164 173 165
165 173 169
170 174 167
168 167 174
168 174 175
163 168 175
163 175 171
172 171 122
172 122 125
173 172 125
173 125 127
173 127 129
173 129 169
174 170 131
174 131 130
174 130 134
174 134 175
175 134 122
175 122 171
144 176 145
149 177 178
143 179 180
143 180 144
177 148 147
177 147 181
143 149 178
143 178 179
176 182 146
176 146 145
183 184 185
183 185 186
178 187 188
178 188 189
186 185 180
186 180 190
179 178 189
179 189 191
187 192 193
187 193 188
190 180 179
190 179 191
177 181 192
177 192 187
176 185 184
176 184 182
180 185 176
144 180 176
149 148 177
177 187 178
156 155 166
157 159 160
194 195 196
194 196 197
195 198 199
195 199 196
198 200 201
198 201 199
202 203 204
202 204 205
205 204 206
205 206 207
207 206 194
207 194 197
208 197 196
208 196 209
209 196 199
209 199 210
210 199 201
210 201 211
202 205 212
202 212 213
205 207 214
205 214 212
207 197 208
207 208 214
208 209 215
208 215 216
209 210 217
209 217 215
210 211 218
210 218 217
219 213 212
219 212 220
220 212 214
220 214 221
221 214 208
221 208 216
222 151 150
222 150 223
223 150 154
223 154 224
154 156 224
157 225 226
160 162 227
160 227 225
162 151 222
162 222 227
228 222 223
228 223 229
229 223 224
229 224 230
224 231 230
226 225 232
232 225 227
232 227 233
233 227 222
233 222 228
230 231 234
226 232 235
228 229 236
228 236 237
229 230 238
229 238 236
230 234 238
235 232 239
239 232 233
239 233 240
240 233 228
240 228 237
194 237 236
194 236 195
195 236 238
195 238 198
238 234 200
238 200 198
203 235 239
203 239 204
239 240 206
239 206 204
240 237 194
240 194 206
215 217 241
221 242 243
216 215 244
216 244 245
243 246 219
243 219 220
242 221 216
242 216 245
241 217 218
241 218 247
248 249 250
248 250 251
242 252 253
242 253 254
244 248 251
244 251 255
252 242 245
252 245 256
254 253 257
254 257 258
245 244 255
245 255 256
258 246 243
258 243 254
241 247 249
241 249 248
244 241 248
215 241 244
221 243 220
243 242 254
156 231 224
157 160 225
259 260 261
259 261 262
263 264 265
263 265 266
265 267 268
265 268 269
270 271 269
270 269 272
273 270 272
273 272 274
260 273 274
260 274 261
275 276 260
275 260 259
277 263 266
277 266 278
279 278 266
279 266 271
280 279 271
280 271 270
281 280 270
281 270 273
276 281 273
276 273 260
282 276 275
282 275 283
282 284 281
282 281 276
285 277 278
285 278 286
287 286 278
287 278 279
288 287 279
288 279 280
289 282 283
289 283 290
291 285 286
291 286 292
293 292 286
293 286 287
294 293 287
294 287 288
295 294 288
295 288 284
289 295 284
289 284 282
296 289 290
296 290 297
298 291 292
298 292 299
300 299 292
300 292 293
301 300 293
301 293 294
302 301 294
302 294 295
296 302 295
296 295 289
303 296 297
303 297 304
303 305 302
303 302 296
306 298 299
306 299 307
308 307 299
308 299 300
309 308 300
309 300 301
305 309 301
305 301 302
310 303 304
310 304 311
312 306 307
312 307 313
313 307 308
313 308 314
315 314 308
315 308 309
316 315 309
316 309 305
310 316 305
310 305 303
317 310 311
317 311 318
319 312 313
319 313 320
320 313 314
320 314 321
322 321 314
322 314 315
323 322 315
323 315 316
317 323 316
317 316 310
324 317 318
324 318 325
324 326 323
324 323 317
327 319 320
327 320 328
328 320 321
328 321 329
330 329 321
330 321 322
326 330 322
326 322 323
331 324 325
331 325 332
333 327 328
333 328 334
334 328 329
334 329 335
336 335 329
336 329 330
337 336 330
337 330 326
331 337 326
331 326 324
338 331 332
338 332 339
340 333 334
340 334 341
341 334 335
341 335 342
343 342 335
343 335 336
344 343 336
344 336 337
338 344 337
338 337 331
345 338 339
345 339 346
347 348 340
347 340 341
345 349 344
345 344 338
347 341 342
347 342 350
351 350 342
351 342 343
349 351 343
349 343 344
352 353 345
352 345 346
354 355 348
354 348 347
354 347 350
354 350 356
357 356 350
357 350 351
358 357 351
358 351 349
353 358 349
353 349 345
359 360 353
359 353 352
361 362 355
361 355 354
361 354 356
361 356 363
364 363 356
364 356 357
365 364 357
365 357 358
360 365 358
360 358 353
366 367 360
366 360 359
368 369 362
368 362 361
367 370 365
367 365 360
368 361 363
368 363 371
372 371 363
372 363 364
370 372 364
370 364 365
373 374 367
373 367 366
375 376 369
375 369 368
375 368 371
375 371 377
378 377 371
378 371 372
379 378 372
379 372 370
374 379 370
374 370 367
380 381 374
380 374 373
382 376 375
382 375 383
383 375 377
383 377 384
385 384 377
385 377 378
386 385 378
386 378 379
381 386 379
381 379 374
387 388 381
387 381 380
389 382 383
389 383 390
390 383 384
390 384 391
392 391 384
392 384 385
393 392 385
393 385 386
394 395 388
394 388 387
396 389 390
396 390 397
397 390 391
397 391 398
399 398 391
399 391 392
400 399 392
400 392 393
395 400 393
395 393 388
401 402 395
401 395 394
403 396 397
403 397 404
404 397 398
404 398 405
405 398 399
405 399 406
407 406 399
407 399 400
402 407 400
402 400 395
408 409 402
408 402 401
410 403 404
410 404 411
411 404 405
411 405 412
412 405 406
412 406 413
414 413 406
414 406 407
415 416 409
415 409 408
417 410 411
417 411 418
418 411 412
418 412 419
419 412 413
419 413 420
421 420 413
421 413 414
416 421 414
416 414 409
422 423 416
422 416 415
424 417 418
424 418 425
425 418 419
425 419 426
426 419 420
426 420 427
428 427 420
428 420 421
423 428 421
423 421 416
429 430 423
429 423 422
431 424 425
431 425 432
432 425 426
432 426 433
433 426 427
433 427 434
435 434 427
435 427 428
436 437 430
436 430 429
438 431 432
438 432 439
439 432 433
439 433 440
440 433 434
440 434 441
442 441 434
442 434 435
437 442 435
437 435 430
443 444 437
443 437 436
445 438 439
445 439 446
446 439 440
446 440 447
447 440 441
447 441 448
449 448 441
449 441 442
444 449 442
444 442 437
450 451 444
450 444 443
452 445 446
452 446 453
453 446 447
453 447 454
454 447 448
454 448 455
456 455 448
456 448 449
457 458 451
457 451 450
459 460 452
459 452 453
459 453 454
459 454 461
461 454 455
461 455 462
463 462 455
463 455 456
458 463 456
458 456 451
464 465 458
464 458 457
466 467 460
466 460 459
466 459 461
466 461 468
468 461 462
468 462 469
465 470 463
465 463 458
471 472 465
471 465 464
473 474 467
473 467 466
473 466 468
473 468 475
476 475 468
476 468 469
477 478 472
477 472 471
479 480 474
479 474 473
479 473 475
479 475 481
482 481 475
482 475 476
483 484 485
483 485 486
487 486 488
487 489 483
487 483 486
490 491 489
490 489 487
492 490 487
492 487 488
493 494 491
493 491 495
495 491 490
495 490 496
497 496 490
497 490 492
498 493 495
498 495 499
499 495 496
499 496 500
501 500 496
501 496 497
502 501 497
502 497 503
504 505 506
504 506 507
508 498 499
508 499 267
267 499 500
267 500 268
509 268 500
509 500 501
510 509 501
510 501 502
505 510 502
505 502 506
262 261 505
262 505 504
264 508 267
264 267 265
261 274 510
261 510 505
511 512 480
511 480 479
513 481 482
514 512 511
514 511 515
516 517 518
516 518 519
280 281 284
280 284 288
407 402 409
407 409 414
449 444 451
449 451 456
515 511 513
515 513 520
511 479 481
511 481 513
265 269 271
265 271 266
272 269 268
272 268 509
386 381 388
386 388 393
428 423 430
428 430 435
509 510 274
509 274 272
514 515 521
517 515 520
517 520 518
502 522 506
492 503 497
470 469 462
470 462 463
472 523 470
472 470 465
478 524 523
478 523 472
525 526 478
525 478 477
526 524 478
527 528 526
527 526 525
529 530 516
531 529 516
519 531 516
532 533 534
533 528 527
517 530 521
516 530 517
533 527 534
521 515 517
484 535 485
494 489 491
536 537 538
539 540 541
539 541 542
543 544 545
543 545 546
547 548 544
547 544 543
549 548 547
549 547 550
551 549 550
551 550 552
553 551 552
553 552 554
555 553 554
555 554 556
557 555 556
557 556 558
559 557 558
559 558 560
561 562 563
564 565 566
564 566 567
568 564 567
568 567 569
568 569 570
568 570 571
571 570 572
571 572 573
573 572 574
573 574 575
575 574 576
575 576 577
577 576 578
577 578 579
579 578 559
579 559 560
580 581 582
580 582 583
583 582 584
583 584 585
585 584 586
585 586 587
587 586 588
587 588 589
589 588 590
589 590 591
591 590 592
591 592 593
593 592 594
593 594 595
596 595 594
597 598 599
597 599 600
601 602 598
601 598 597
603 604 602
603 602 601
605 606 604
605 604 603
607 608 609
607 609 610
600 599 608
600 608 607
611 612 613
614 615 616
614 616 617
618 619 620
618 620 621
622 618 621
622 621 623
624 625 622
624 622 623
626 627 625
626 625 624
628 629 627
628 627 626
630 631 629
630 629 628
632 633 631
632 631 630
634 635 633
634 633 632
636 637 638
639 640 641
639 641 642
643 644 640
643 640 639
643 645 646
643 646 644
645 647 648
645 648 646
647 649 650
647 650 648
649 651 652
649 652 650
651 653 654
651 654 652
653 635 634
653 634 654
655 656 657
655 657 658
656 659 660
656 660 657
659 661 662
659 662 660
661 663 664
661 664 662
663 665 666
663 666 664
665 667 668
665 668 666
667 669 670
667 670 668
671 670 669
672 673 674
672 674 675
676 672 675
676 675 677
678 676 677
678 677 679
680 678 679
680 679 681
682 683 684
682 684 685
673 682 685
673 685 674
686 687 688
686 688 689
689 688 690
689 690 691
691 690 692
691 692 693
686 694 695
686 695 687
696 697 698
696 698 699
700 696 699
700 699 701
702 700 701
702 701 703
694 702 703
694 703 695
704 705 706
704 706 707
707 706 708
707 708 709
709 708 710
709 710 711
711 710 712
711 712 713
713 712 714
713 714 715
715 714 716
715 716 717
717 716 718
717 718 719
719 718 705
719 705 704
720 713 715
721 715 717
722 717 719
723 719 704
723 704 707
724 707 709
725 709 711
720 711 713
722 719 723
724 709 725
725 711 720
720 715 721
721 717 722
723 707 724
726 727 728
726 728 729
727 730 731
727 731 728
730 732 733
730 733 731
732 734 735
732 735 733
734 736 737
734 737 735
736 738 739
736 739 737
738 740 741
738 741 739
740 726 729
740 729 741
742 736 734
743 738 736
744 740 738
745 726 740
745 727 726
746 730 727
747 732 730
742 734 732
744 745 740
746 747 730
747 742 732
742 743 736
743 744 738
745 746 727
748 749 750
748 750 751
752 753 754
752 754 755
756 757 758
756 758 759
760 761 762
760 762 763
764 765 766
764 766 767
768 769 770
768 770 771
772 773 774
772 774 775
775 776 777
775 777 772
778 779 780
778 780 781
782 783 784
782 784 785
786 787 788
786 788 789
790 791 792
790 792 793
794 795 796
794 796 797
798 799 800
798 800 801
802 803 804
802 804 805
803 802 806
803 806 807
808 809 810
808 810 811
812 813 814
812 814 815
811 810 816
811 816 817
818 819 820
818 820 821
817 816 822
817 822 823
821 820 809
821 809 808
824 825 813
824 813 812
823 822 825
823 825 824
826 827 828
826 828 829
830 826 829
830 829 831
832 830 831
833 828 827
834 835 836
834 836 837
838 839 840
838 840 841
835 842 843
835 843 836
844 845 846
844 846 847
842 848 849
842 849 843
845 834 837
845 837 846
850 838 841
850 841 851
848 850 851
848 851 849
852 853 854
852 854 855
856 857 853
856 853 852
858 857 856
859 855 854
860 861 862
860 862 863
864 860 863
864 863 865
866 864 865
866 865 867
868 866 867
868 867 869
870 868 869
870 869 871
861 872 873
861 873 862
874 875 876
874 876 877
878 875 874
878 874 879
880 881 882
880 882 883
884 880 883
884 883 885
886 884 885
886 885 887
888 886 887
888 887 889
890 891 892
890 892 893
894 890 893
894 893 895
896 894 895
896 895 897
881 896 897
881 897 882
898 899 900
898 900 901
902 898 901
902 901 903
904 902 903
904 903 905
906 904 905
906 905 907
908 909 910
908 910 911
912 908 911
912 911 913
914 912 913
914 913 915
899 914 915
899 915 900
916 917 918
916 918 919
920 916 919
920 919 921
922 920 921
922 921 923
924 922 923
924 923 925
926 927 928
926 928 929
930 926 929
930 929 931
932 930 931
932 931 933
917 932 933
917 933 918
934 935 936
934 936 937
938 934 937
938 937 939
940 938 939
940 939 941
942 940 941
942 941 943
944 945 946
944 946 947
948 944 947
948 947 949
950 948 949
950 949 951
935 950 951
935 951 936
952 953 954
955 956 957
955 957 958
958 957 953
958 953 952
955 959 956
960 961 962
963 964 965
963 965 966
966 965 961
966 961 960
963 967 964
968 969 970
971 972 973
971 973 974
974 973 969
974 969 968
971 975 972
976 977 978
979 980 981
979 981 982
982 981 977
982 977 976
979 983 980
984 985 986
987 988 989
987 989 990
988 984 986
988 986 989
987 990 991
992 993 994
995 996 997
995 997 998
996 992 994
996 994 997
995 998 999
1000 1001 1002
1003 1004 1005
1003 1005 1006
1004 1000 1002
1004 1002 1005
1003 1006 1007
1008 1009 1010
1011 1012 1013
1011 1013 1014
1012 1008 1010
1012 1010 1013
1011 1014 1015
1016 1017 1018
1016 1018 1019
1020 1021 1017
1020 1017 1016
1022 1023 1021
1022 1021 1020
1024 1025 1023
1024 1023 1022
1026 1027 1028
1026 1028 1029
1030 1031 1027
1030 1027 1026
1032 1033 1031
1032 1031 1030
1019 1018 1033
1019 1033 1032
1034 1035 1036
1034 1036 1037
1038 1039 1035
1038 1035 1034
1040 1041 1039
1040 1039 1038
1042 1043 1041
1042 1041 1040
1044 1045 1046
1044 1046 1047
1048 1049 1045
1048 1045 1044
1050 1051 1049
1050 1049 1048
1037 1036 1051
1037 1051 1050
1052 1053 1054
1052 1054 1055
1056 1057 1053
1056 1053 1052
1058 1059 1057
1058 1057 1056
1060 1061 1059
1060 1059 1058
1062 1063 1064
1062 1064 1065
1066 1067 1063
1066 1063 1062
1068 1069 1067
1068 1067 1066
1055 1054 1069
1055 1069 1068
1070 1071 1072
1073 1074 1075
1073 1075 1076
1074 1070 1072
1074 1072 1075
1073 1076 1077
1078 1079 1080
1081 1082 1083
1081 1083 1084
1082 1078 1080
1082 1080 1083
1081 1084 1085
1086 1087 1088
1089 1090 1091
1089 1091 1092
1090 1086 1088
1090 1088 1091
1089 1092 1093
1094 1095 1096
1097 1098 1099
1097 1099 1100
1100 1099 1095
1100 1095 1094
1097 1101 1098
1102 1103 1104
1105 1106 1107
1105 1107 1108
1108 1107 1103
1108 1103 1102
1105 1109 1106
1110 1111 1112
1113 1114 1115
1113 1115 1116
1116 1115 1111
1116 1111 1110
1113 1117 1114
1118 1119 1120
1118 1121 1122
1118 1122 1119
1123 1124 1125
1125 1124 1122
1125 1122 1121
1120 1119 1126
1120 1126 1127
1128 1129 1130
1128 1130 1131
1132 1133 1134
1132 1134 1135
1136 1131 1130
1136 1130 1137
1133 1138 1139
1133 1139 1134
1140 1141 1142
1140 1142 1143
1141 1136 1137
1141 1137 1142
1138 1144 1145
1138 1145 1139
1140 1143 1146
1140 1146 1147
1135 1148 1149
1135 1149 1132
1150 1151 1152
1150 1152 1153
1154 1155 1129
1154 1129 1128
1156 1124 1123
1156 1123 1157
1158 1159 1160
1161 1162 1158
1161 1158 1160
1163 1164 1165
1164 1162 1161
1164 1161 1165
1159 1166 1167
1159 1167 1160
1168 1169 1170
1168 1170 1171
1172 1173 1174
1172 1174 1175
1170 1169 1176
1170 1176 1177
1178 1179 1173
1178 1173 1172
1180 1181 1182
1180 1182 1183
1177 1176 1181
1177 1181 1180
1145 1144 1179
1145 1179 1178
1182 1184 1185
1182 1185 1183
1175 1174 1186
1175 1186 1187
1188 1189 1190
1188 1190 1191
1192 1168 1171
1192 1171 1193
1156 1194 1163
1156 1163 1165
1194 1156 1157
1195 1196 1197
1195 1197 1198
1199 1200 1201
1202 1203 1204
1205 1206 1207
1205 1207 1208
1205 1208 1209
1210 1211 1212
1211 1209 1208
1211 1208 1212
1206 1213 1214
1206 1214 1207
1215 1216 1217
1215 1217 1218
1219 1220 1221
1219 1221 1222
1223 1224 1217
1223 1217 1216
1222 1221 1225
1222 1225 1226
1227 1228 1229
1227 1229 1230
1230 1229 1224
1230 1224 1223
1226 1225 1231
1226 1231 1232
1227 1233 1234
1227 1234 1228
1220 1219 1235
1220 1235 1236
1237 1238 1239
1237 1239 1240
1241 1215 1218
1241 1218 1242
1243 1244 1210
1243 1210 1212
1245 1246 1247
1248 1246 1245
1248 1245 1249
1250 1251 1252
1252 1251 1248
1252 1248 1249
1247 1246 1253
1247 1253 1254
1255 1256 1257
1255 1257 1258
1259 1260 1261
1259 1261 1262
1257 1263 1264
1257 1264 1258
1265 1259 1262
1265 1262 1266
1267 1268 1269
1267 1269 1270
1263 1267 1270
1263 1270 1264
1231 1265 1266
1231 1266 1232
1269 1268 1271
1269 1271 1272
1260 1273 1274
1260 1274 1261
1275 1276 1277
1275 1277 1278
1279 1280 1256
1279 1256 1255
1243 1251 1250
1243 1250 1281
1281 1244 1243
1282 1283 1284
1283 1285 1286
1283 1287 1285
1288 1289 1287
1288 1290 1289
1288 1291 1290
1291 1292 1293
1291 1294 1292
1291 1295 1294
1295 1296 1297
1295 1298 1296
1299 1300 1298
1299 1301 1300
1299 1282 1301
1282 1302 1303
1282 1284 1302
1291 1293 1290
1283 1288 1287
1283 1286 1284
1295 1297 1294
1295 1299 1298
1282 1303 1301
1304 1305 1306
1304 1306 1307
1308 1309 1310
1308 1310 1311
1312 1313 1314
1312 1314 1315
1316 1317 1318
1316 1318 1319
1320 1321 1322
1320 1322 1323
1324 1325 1326
1324 1326 1327
1328 1329 1330
1328 1330 1331
1330 1329 1332
1330 1332 1333
1334 1335 1336
1336 1337 1338
1336 1338 1339
1340 1339 1341
1340 1341 1342
1340 1342 1343
1343 1344 1345
1343 1345 1346
1343 1346 1347
1347 1348 1349
1347 1349 1350
1351 1350 1352
1351 1352 1353
1351 1353 1334
1334 1354 1355
1334 1355 1335
1343 1342 1344
1336 1339 1340
1336 1335 1337
1347 1346 1348
1347 1350 1351
1334 1353 1354
1356 1357 1358
1356 1358 1359
1360 1361 1362
1360 1362 1363
1364 1365 1366
1364 1366 1367
1368 1369 1370
1368 1370 1371
1372 1373 1374
1372 1374 1375
1376 1377 1378
1376 1378 1379
1380 1381 1382
1380 1382 1383
1382 1384 1385
1382 1385 1383
1386 1387 1388
1386 1388 1389
1390 1391 1387
1390 1387 1386
1392 1393 1394
1392 1394 1395
1389 1388 1393
1389 1393 1392
1396 1397 1398
1396 1398 1399
1400 1398 1397
1400 1397 1401
1399 1402 1403
1399 1403 1396
1401 1391 1390
1401 1390 1400
1404 1405 1406
1404 1406 1407
1408 1404 1407
1408 1407 1409
1410 1408 1409
1410 1409 1411
1412 1410 1411
1412 1411 1413
1414 1412 1413
1414 1413 1415
1416 1414 1415
1416 1415 1417
1418 1416 1417
1418 1417 1419
1405 1418 1419
1405 1419 1406
1420 1421 1422
1420 1422 1423
1424 1425 1421
1424 1421 1420
1426 1427 1425
1426 1425 1424
1428 1429 1427
1428 1427 1426
1430 1431 1429
1430 1429 1428
1432 1433 1431
1432 1431 1430
1434 1435 1433
1434 1433 1432
1423 1422 1435
1423 1435 1434
1436 1437 1438
1439 1440 1441
1439 1441 1442
1442 1441 1443
1442 1443 1444
1445 1446 1447
1445 1447 1448
1448 1447 1449
1448 1449 1450
1450 1449 1451
1450 1451 1452
1452 1451 1453
1452 1453 1454
1454 1453 1455
1454 1455 1456
1456 1455 1440
1456 1440 1439
1457 1458 1459
1457 1459 1460
1458 1436 1438
1458 1438 1459
1457 1460 1461
1462 1463 1464
1465 1466 1467
1465 1467 1468
1466 1469 1470
1466 1470 1467
1471 1472 1473
1471 1473 1474
1472 1475 1476
1472 1476 1473
1475 1477 1478
1475 1478 1476
1477 1479 1480
1477 1480 1478
1479 1481 1482
1479 1482 1480
1481 1465 1468
1481 1468 1482
1483 1484 1485
1483 1485 1486
1486 1485 1463
1486 1463 1462
1483 1487 1484
1488 1489 1490
1488 1490 1491
1492 1488 1491
1492 1491 1493
1494 1492 1493
1494 1493 1495
1496 1494 1495
1496 1495 1497
1498 1496 1497
1498 1497 1499
1500 1498 1499
1500 1499 1501
1502 1500 1501
1502 1501 1503
1504 1502 1503
1504 1503 1505
1506 1504 1505
1506 1505 1507
1508 1506 1507
1508 1507 1509
1510 1508 1509
1510 1509 1511
1512 1510 1511
1512 1511 1513
1514 1512 1513
1514 1513 1515
1516 1514 1515
1516 1515 1517
1518 1519 1520
1518 1520 1521
1522 1523 1524
1522 1524 1525
1526 1527 1523
1526 1523 1522
1528 1529 1527
1528 1527 1526
1530 1531 1529
1530 1529 1528
1532 1533 1531
1532 1531 1530
1534 1535 1533
1534 1533 1532
1536 1537 1535
1536 1535 1534
1538 1539 1537
1538 1537 1536
1540 1541 1539
1540 1539 1538
1542 1543 1541
1542 1541 1540
1544 1545 1543
1544 1543 1542
1546 1547 1545
1546 1545 1544
1521 1520 1547
1521 1547 1546
1548 1549 1550
1548 1550 1551
1551 1550 1552
1551 1552 1553
1553 1552 1554
1553 1554 1555
1555 1554 1556
1555 1556 1557
1557 1556 1558
1557 1558 1559
1559 1558 1560
1559 1560 1561
1562 1563 1564
1562 1564 1565
1565 1564 1566
1565 1566 1567
1568 1569 1563
1568 1563 1562
1570 1571 1569
1570 1569 1568
1572 1573 1571
1572 1571 1570
1574 1575 1573
1574 1573 1572
1576 1577 1575
1576 1575 1574
1578 1579 1580
1578 1580 1581
1582 1583 1579
1582 1579 1578
1584 1585 1583
1584 1583 1582
1586 1587 1585
1586 1585 1584
1567 1566 1587
1567 1587 1586
1588 1589 1590
1588 1590 1591
1589 1592 1593
1589 1593 1590
1594 1595 1596
1594 1596 1597
1595 1598 1599
1595 1599 1596
1600 1601 1602
1600 1602 1603
1604 1605 1606
1604 1606 1607
1608 1609 1610
1608 1610 1611
1604 1612 1613
1604 1613 1605
1608 1611 1614
1608 1614 1615
1616 1617 1618
1616 1618 1619
1620 1621 1622
1620 1622 1623
1621 1624 1625
1621 1625 1622
1626 1627 1628
1626 1628 1629
1627 1630 1631
1627 1631 1628
1632 1633 1634
1632 1634 1635
1636 1637 1638
1636 1638 1639
1640 1641 1642
1640 1642 1643
1636 1644 1645
1636 1645 1637
1640 1643 1646
1640 1646 1647
1648 1649 1650
1648 1650 1651
1652 1653 1654
1652 1654 1655
1653 1656 1657
1653 1657 1654
1658 1659 1660
1658 1660 1661
1659 1662 1663
1659 1663 1660
1664 1665 1666
1664 1666 1667
1668 1669 1670
1668 1670 1671
1672 1673 1674
1672 1674 1675
1668 1676 1677
1668 1677 1669
1672 1675 1678
1672 1678 1679
1680 1681 1682
1680 1682 1683
1684 1685 1686
1684 1686 1687
1688 1689 1685
1688 1685 1684
1690 1691 1689
1690 1689 1688
1692 1693 1691
1692 1691 1690
1694 1695 1696
1694 1696 1697
1698 1699 1695
1698 1695 1694
1700 1701 1699
1700 1699 1698
1702 1703 1701
1702 1701 1700
1704 1705 1703
1704 1703 1702
1706 1707 1705
1706 1705 1704
1708 1709 1707
1708 1707 1706
1710 1711 1709
1710 1709 1708
1712 1713 1711
1712 1711 1710
1714 1715 1713
1714 1713 1712
1716 1717 1715
1716 1715 1714
1687 1686 1717
1687 1717 1716
1718 1719 1720
1721 1722 1723
1724 1725 1726
1727 1728 1729
1730 1731 1732
1733 1734 1735
1736 1737 1738
1739 1740 1741
1729 1731 1730
1729 1728 1731
1732 1731 1734
1732 1734 1733
1735 1737 1736
1735 1734 1737
1738 1737 1740
1738 1740 1739
1741 1720 1719
1741 1740 1720
1718 1723 1722
1718 1720 1723
1721 1725 1724
1721 1723 1725
1726 1728 1727
1726 1725 1728
1720 1742 1743
1720 1743 1723
1740 1744 1742
1740 1742 1720
1737 1745 1744
1737 1744 1740
1734 1746 1745
1734 1745 1737
1731 1747 1746
1731 1746 1734
1728 1748 1747
1728 1747 1731
1725 1749 1748
1725 1748 1728
1723 1743 1749
1723 1749 1725
1750 1751 1752
1753 1754 1755
1753 1755 1752
1756 1757 1758
1759 1760 1761
1759 1761 1756
1762 1763 1764
1762 1764 1765
1766 1767 1768
1768 1767 1769
1770 1771 1772
1770 1772 1773
1774 1775 1776
1777 1778 1775
1777 1775 1774
1756 1774 1757
1779 1780 1781
1779 1781 1782
1783 1784 1785
1783 1785 1786
1787 1788 1789
1789 1790 1791
1792 1793 1794
1792 1794 1795
1796 1797 1798
1799 1800 1801
1799 1801 1796
1802 1803 1804
1802 1804 1805
1806 1807 1808
1808 1807 1809
1810 1811 1812
1813 1814 1811
1813 1811 1810
1796 1810 1797
1815 1816 1817
1815 1817 1818
1819 1765 1764
1819 1764 1820
1821 1822 1823
1823 1824 1825
1826 1827 1828
1829 1830 1831
1832 1833 1834
1832 1834 1829
1835 1836 1837
1835 1837 1838
1839 1840 1841
1841 1840 1842
1843 1844 1792
1845 1799 1798
1846 1800 1799
1846 1799 1845
1829 1845 1830
1847 1848 1849
1847 1849 1850
1851 1805 1804
1851 1804 1852
1853 1854 1855
1855 1856 1857
1858 1859 1773
1860 1861 1776
1775 1778 1862
1775 1862 1860
1863 1864 1785
1863 1785 1784
1865 1866 1867
1867 1866 1868
1869 1870 1871
1869 1871 1828
1872 1832 1831
1873 1833 1832
1873 1832 1872
1860 1872 1861
1874 1875 1876
1874 1876 1877
1878 1838 1837
1878 1837 1879
1880 1881 1882
1882 1883 1884
1770 1859 1885
1773 1859 1770
1753 1751 1886
1752 1751 1753
1843 1792 1795
1843 1795 1887
1828 1827 1869
1869 1827 1888
1880 1882 1884
1865 1867 1889
1787 1789 1791
1766 1768 1890
1821 1823 1825
1806 1808 1891
1853 1855 1857
1839 1841 1892
1818 1876 1782
1818 1782 1781
1818 1817 1877
1818 1877 1876
1817 1850 1849
1817 1849 1877
1774 1776 1757
1756 1758 1759
1810 1812 1797
1796 1798 1799
1845 1798 1830
1829 1831 1832
1872 1831 1861
1860 1776 1775
1893 1894 1895
1893 1895 1896
1897 1898 1894
1897 1894 1893
1899 1900 1901
1899 1901 1902
1903 1904 1900
1903 1900 1899
1905 1906 1904
1905 1904 1903
1902 1901 1898
1902 1898 1897
1907 1908 1909
1907 1909 1910
1896 1895 1908
1896 1908 1907
1911 1912 1913
1911 1913 1914
1915 1911 1914
1915 1914 1916
1917 1915 1916
1912 1918 1913
1919 1920 1921
1919 1921 1922
1923 1924 1925
1923 1925 1926
1927 1928 1929
1927 1929 1930
1931 1932 1933
1931 1933 1934
1935 1927 1930
1935 1930 1936
1937 1938 1939
1937 1939 1940
1941 1942 1943
1941 1943 1944
1945 1946 1947
1945 1947 1948
1949 1950 1951
1949 1951 1952
1953 1949 1952
1953 1952 1954
1955 1953 1954
1955 1954 1956
1924 1923 1929
1924 1929 1928
1957 1958 1959
1957 1959 1960
1957 1960 1961
1957 1961 1962
1963 1964 1965
1963 1965 1966
1967 1968 1969
1967 1969 1970
1971 1972 1973
1971 1973 1974
1955 1956 1968
1955 1968 1967
1975 1976 1977
1975 1977 1978
1938 1979 1980
1938 1980 1939
1932 1981 1982
1932 1982 1933
1979 1931 1934
1979 1934 1980
1983 1984 1985
1983 1985 1986
1926 1925 1966
1926 1966 1965
1981 1987 1988
1981 1988 1982
1974 1973 1964
1974 1964 1963
1950 1989 1990
1950 1990 1951
1958 1991 1992
1958 1992 1959
1961 1988 1987
1961 1987 1962
1976 1937 1940
1976 1940 1977
1993 1994 1995
1993 1995 1996
1993 1997 1998
1993 1998 1994
1999 2000 2001
1999 2001 2002
1921 1920 2003
1921 2003 2004
2003 2005 2006
2003 2006 2004
1985 1984 1941
1985 1941 1944
1946 2007 2008
1946 2008 1947
2009 2010 2011
2012 2013 2014
2012 2014 2015
2016 2017 2018
2016 2018 2019
2007 2020 2021
2007 2021 2008
2010 2009 2022
2010 2022 2023
2020 2009 2011
2020 2011 2021
2024 2025 2026
2024 2026 2027
2023 2022 2028
2023 2028 2029
2030 2031 2032
2030 2032 2033
2031 2034 2035
2031 2035 2032
2012 1945 1948
2012 1948 2013
2015 2014 2025
2015 2025 2024
2005 2036 2037
2005 2037 2006
2038 1935 1936
2038 1936 2039
1970 1969 1972
1970 1972 1971
1997 1975 1978
1997 1978 1998
1996 1995 2001
1996 2001 2000
2029 2028 2040
2029 2040 2041
2035 2034 2042
2035 2042 2043
2019 2043 2042
2019 2042 2016
2033 2041 2040
2033 2040 2030
2044 2018 2017
2044 2017 2045
2027 2026 2046
2047 2048 2049
2047 2049 2050
2051 2052 2053
2051 2053 2054
2050 2049 2055
2050 2055 2056
2057 2058 2059
2057 2059 2060
2061 2057 2060
2061 2060 2062
2058 2063 2064
2058 2064 2059
2065 2066 2067
2065 2067 2068
2068 2067 2052
2068 2052 2051
2061 2062 2066
2061 2066 2065
2069 2070 2071
2069 2071 2072
2053 2073 2074
2053 2074 2054
2063 2075 2064
2056 2055 2075
2056 2075 2063
2071 2070 2048
2071 2048 2047
2076 2077 2078
2076 2078 2079
2077 2080 2081
2077 2081 2078
2073 2082 2083
2073 2083 2074
2079 2069 2072
2079 2072 2076
2084 2083 2082
2084 2082 2085
2081 2080 2086
2087 2088 2089
2087 2089 2090
2091 2092 2093
2091 2093 2094
2095 2096 2097
2095 2097 2098
2099 2100 2101
2099 2101 2102
2103 2104 2096
2103 2096 2095
2105 2106 2107
2105 2107 2108
2109 2110 2111
2109 2111 2112
2113 2114 2115
2113 2115 2116
2117 2118 2119
2117 2119 2120
2121 2122 2118
2121 2118 2117
2123 2124 2122
2123 2122 2121
2094 2098 2097
2094 2097 2091
2125 2126 2127
2125 2127 2128
2125 2129 2130
2125 2130 2126
2131 2132 2133
2131 2133 2134
2135 2136 2137
2135 2137 2138
2139 2140 2141
2139 2141 2142
2123 2135 2138
2123 2138 2124
2143 2144 2145
2143 2145 2146
2108 2107 2147
2108 2147 2148
2102 2101 2149
2102 2149 2150
2148 2147 2100
2148 2100 2099
2151 2152 2153
2151 2153 2154
2092 2133 2132
2092 2132 2093
2150 2149 2155
2150 2155 2156
2140 2131 2134
2140 2134 2141
2120 2119 2157
2120 2157 2158
2128 2127 2159
2128 2159 2160
2130 2129 2156
2130 2156 2155
2146 2145 2106
2146 2106 2105
2161 2162 2163
2161 2163 2164
2161 2164 2165
2161 2165 2166
2167 2168 2169
2167 2169 2170
2089 2171 2172
2089 2172 2090
2172 2171 2173
2172 2173 2174
2153 2110 2109
2153 2109 2154
2116 2115 2175
2116 2175 2176
2177 2178 2179
2180 2181 2182
2180 2182 2183
2184 2185 2186
2184 2186 2187
2176 2175 2188
2176 2188 2189
2179 2190 2191
2179 2191 2177
2189 2188 2178
2189 2178 2177
2192 2193 2194
2192 2194 2195
2190 2196 2197
2190 2197 2191
2198 2199 2200
2198 2200 2201
2201 2200 2202
2201 2202 2203
2180 2183 2114
2180 2114 2113
2181 2192 2195
2181 2195 2182
2174 2173 2204
2174 2204 2205
2206 2207 2104
2206 2104 2103
2136 2139 2142
2136 2142 2137
2166 2165 2144
2166 2144 2143
2162 2170 2169
2162 2169 2163
2196 2208 2209
2196 2209 2197
2202 2210 2211
2202 2211 2203
2185 2184 2211
2185 2211 2210
2199 2198 2209
2199 2209 2208
2212 2213 2187
2212 2187 2186
2193 2214 2194
2215 2216 2217
2215 2217 2218
2219 2220 2221
2219 2221 2222
2216 2223 2224
2216 2224 2217
2225 2226 2227
2225 2227 2228
2229 2230 2226
2229 2226 2225
2228 2227 2231
2228 2231 2232
2233 2234 2235
2233 2235 2236
2234 2219 2222
2234 2222 2235
2229 2233 2236
2229 2236 2230
2237 2238 2239
2237 2239 2240
2221 2220 2241
2221 2241 2242
2232 2231 2243
2223 2232 2243
2223 2243 2224
2239 2215 2218
2239 2218 2240
2244 2245 2246
2244 2246 2247
2247 2246 2248
2247 2248 2249
2242 2241 2250
2242 2250 2251
2245 2244 2238
2245 2238 2237
2252 2253 2251
2252 2251 2250
2248 2254 2249
2255 2256 2257
2255 2257 2258
2259 2260 2256
2259 2256 2255
2261 2262 2263
2261 2263 2264
2265 2266 2260
2265 2260 2259
2267 2268 2269
2270 2271 2266
2270 2266 2265
2272 2273 2274
2275 2276 2271
2275 2271 2270
2277 2278 2276
2277 2276 2275
2278 2277 2279
2278 2279 2280
2281 2282 2283
2280 2279 2284
2280 2284 2285
2285 2284 2286
2285 2286 2287
2288 2289 2290
2291 2292 2293
2288 2290 2294
2261 2268 2295
2281 2296 2297
2281 2297 2282
2281 2298 2296
2299 2300 2301
2299 2302 2300
2302 2303 2304
2305 2302 2299
2306 2307 2308
2306 2309 2307
2305 2309 2303
2305 2310 2309
2272 2310 2305
2272 2274 2310
2272 2269 2273
2311 2306 2308
2311 2268 2306
2269 2268 2311
2268 2312 2313
2268 2314 2312
2268 2315 2314
2264 2263 2316
2305 2303 2302
2317 2318 2319
2320 2321 2322
2320 2323 2321
2324 2323 2320
2324 2325 2323
2324 2326 2325
2324 2327 2326
2283 2317 2319
2283 2282 2317
2320 2289 2288
2320 2328 2289
2328 2322 2329
2320 2322 2328
2330 2317 2331
2293 2331 2317
2293 2332 2331
2293 2333 2332
2334 2292 2335
2293 2292 2334
2293 2334 2333
2336 2337 2293
2336 2294 2337
2288 2294 2336
2338 2262 2261
2339 2262 2338
2340 2262 2339
2340 2267 2262
2341 2267 2340
2342 2267 2341
2342 2268 2267
2343 2268 2342
2295 2268 2343
2303 2344 2304
2303 2297 2344
2299 2298 2281
2299 2301 2298
2292 2329 2322
2292 2322 2335
2293 2337 2291
2322 2321 2318
2322 2318 2345
2345 2318 2317
2345 2317 2330
2281 2327 2324
2281 2283 2327
2282 2297 2303
2303 2309 2306
2267 2269 2272
2268 2261 2264
2268 2264 2315
2346 2347 2348
2346 2348 2349
2350 2349 2348
2350 2348 2351
2352 2350 2351
2352 2351 2353
2354 2352 2353
2354 2353 2355
2356 2354 2355
2356 2355 2357
2358 2356 2357
2358 2357 2359
2360 2361 2362
2360 2362 2363
2360 2363 2364
2365 2366 2367
2365 2367 2368
2369 2365 2368
2369 2368 2370
2371 2372 2373
2371 2373 2374
2375 2369 2370
2375 2370 2376
2372 2377 2378
2372 2378 2373
2379 2375 2376
2379 2376 2380
2377 2381 2382
2377 2382 2378
2381 2379 2380
2381 2380 2382
2383 2384 2385
2383 2385 2386
2387 2383 2386
2387 2386 2388
2389 2390 2391
2389 2391 2392
2393 2387 2388
2393 2388 2394
2390 2395 2396
2390 2396 2391
2397 2393 2394
2397 2394 2398
2395 2399 2400
2395 2400 2396
2399 2397 2398
2399 2398 2400
2401 2402 2403
2401 2403 2404
2405 2401 2404
2405 2404 2406
2407 2408 2409
2407 2409 2410
2411 2405 2406
2411 2406 2412
2408 2413 2414
2408 2414 2409
2415 2411 2412
2415 2412 2416
2413 2417 2418
2413 2418 2414
2417 2415 2416
2417 2416 2418
2419 2420 2421
2419 2421 2422
2423 2419 2422
2423 2422 2424
2425 2426 2427
2425 2427 2428
2429 2423 2424
2429 2424 2430
2426 2431 2432
2426 2432 2427
2433 2429 2430
2433 2430 2434
2431 2435 2436
2431 2436 2432
2435 2433 2434
2435 2434 2436
2437 2438 2439
2437 2439 2440
2441 2437 2440
2441 2440 2442
2443 2444 2445
2443 2445 2446
2447 2441 2442
2447 2442 2448
2444 2449 2450
2444 2450 2445
2451 2447 2448
2451 2448 2452
2449 2453 2454
2449 2454 2450
2453 2451 2452
2453 2452 2454
2455 2456 2457
2455 2457 2458
2459 2455 2458
2459 2458 2460
2461 2462 2463
2461 2463 2464
2465 2459 2460
2465 2460 2466
2462 2467 2468
2462 2468 2463
2469 2465 2466
2469 2466 2470
2467 2471 2472
2467 2472 2468
2471 2469 2470
2471 2470 2472
2473 2474 2475
2473 2475 2476
2477 2473 2476
2477 2476 2478
2479 2477 2478
2479 2478 2480
2481 2479 2480
2481 2480 2482
2483 2484 2485
2483 2485 2486
2484 2487 2488
2484 2488 2485
2263 2489 2490
2263 2490 2491
2487 2492 2493
2487 2493 2488
2494 2495 2496
2492 2497 2498
2492 2498 2493
2499 2500 2501
2497 2502 2503
2497 2503 2498
2502 2504 2505
2502 2505 2503
2504 2506 2507
2504 2507 2505
2508 2509 2510
2506 2511 2512
2506 2512 2507
2511 2513 2514
2511 2514 2512
2515 2516 2517
2518 2519 2520
2515 2521 2516
2490 2522 2496
2508 2510 2523
2508 2523 2524
2508 2524 2525
2526 2527 2528
2526 2528 2529
2529 2530 2531
2532 2526 2529
2533 2534 2535
2533 2535 2536
2532 2531 2536
2532 2536 2537
2499 2532 2537
2499 2537 2500
2499 2501 2495
2538 2534 2533
2538 2533 2496
2495 2538 2496
2496 2313 2312
2496 2312 2539
2496 2539 2540
2491 2316 2263
2532 2529 2531
2541 2542 2543
2544 2545 2546
2544 2546 2547
2548 2544 2547
2548 2547 2549
2548 2549 2550
2548 2550 2551
2509 2542 2541
2509 2541 2510
2544 2515 2517
2544 2517 2552
2552 2553 2545
2544 2552 2545
2554 2555 2541
2519 2541 2555
2519 2555 2556
2519 2556 2557
2558 2559 2520
2519 2557 2558
2519 2558 2520
2560 2519 2561
2560 2561 2521
2515 2560 2521
2562 2490 2489
2563 2562 2489
2564 2563 2489
2564 2489 2494
2565 2564 2494
2566 2565 2494
2566 2494 2496
2567 2566 2496
2522 2567 2496
2531 2530 2568
2531 2568 2523
2526 2508 2525
2526 2525 2527
2545 2553 2520
2545 2520 2559
2519 2518 2561
2545 2569 2543
2545 2543 2546
2569 2554 2541
2569 2541 2543
2508 2548 2551
2508 2551 2509
2510 2531 2523
2531 2533 2536
2494 2499 2495
2491 2490 2496
2491 2496 2540
2570 2347 2346
2570 2346 2571
2570 2571 2572
2570 2572 2573
2573 2572 2574
2573 2574 2575
2575 2574 2576
2575 2576 2577
2577 2576 2578
2577 2578 2579
2579 2578 2580
2579 2580 2581
2582 2583 2584
2582 2584 2585
2584 2586 2585
2587 2588 2589
2587 2589 2590
2590 2589 2591
2590 2591 2592
2593 2594 2595
2593 2595 2596
2592 2591 2597
2592 2597 2598
2599 2600 2594
2599 2594 2593
2598 2597 2601
2598 2601 2602
2603 2604 2600
2603 2600 2599
2602 2601 2604
2602 2604 2603
2605 2606 2607
2605 2607 2608
2608 2607 2609
2608 2609 2610
2611 2612 2613
2611 2613 2614
2610 2609 2615
2610 2615 2616
2617 2618 2612
2617 2612 2611
2616 2615 2619
2616 2619 2620
2621 2622 2618
2621 2618 2617
2620 2619 2622
2620 2622 2621
2623 2624 2625
2623 2625 2626
2626 2625 2627
2626 2627 2628
2629 2630 2631
2629 2631 2632
2628 2627 2633
2628 2633 2634
2635 2636 2630
2635 2630 2629
2634 2633 2637
2634 2637 2638
2639 2640 2636
2639 2636 2635
2638 2637 2640
2638 2640 2639
2641 2642 2643
2641 2643 2644
2644 2643 2645
2644 2645 2646
2647 2648 2649
2647 2649 2650
2646 2645 2651
2646 2651 2652
2653 2654 2648
2653 2648 2647
2652 2651 2655
2652 2655 2656
2657 2658 2654
2657 2654 2653
2656 2655 2658
2656 2658 2657
2659 2660 2661
2659 2661 2662
2662 2661 2663
2662 2663 2664
2665 2666 2667
2665 2667 2668
2664 2663 2669
2664 2669 2670
2671 2672 2666
2671 2666 2665
2670 2669 2673
2670 2673 2674
2675 2676 2672
2675 2672 2671
2674 2673 2676
2674 2676 2675
2677 2678 2679
2677 2679 2680
2680 2679 2681
2680 2681 2682
2683 2684 2685
2683 2685 2686
2682 2681 2687
2682 2687 2688
2689 2690 2684
2689 2684 2683
2688 2687 2691
2688 2691 2692
2693 2694 2690
2693 2690 2689
2692 2691 2694
2692 2694 2693
2695 2696 2697
2695 2697 2698
2698 2697 2699
2698 2699 2700
2700 2699 2701
2700 2701 2702
2702 2701 2481
2702 2481 2482
2257 2703 2258
2258 2703 2704
2258 2704 2705
2706 2707 2708
2704 2486 2705
2709 2710 2711
2704 2712 2486
2486 2712 2483
2713 2714 2715
2713 2715 2716
2717 2713 2716
2717 2716 2718
2719 2720 2721
2719 2721 2722
2723 2717 2718
2723 2718 2724
2725 2726 2727
2728 2723 2724
2728 2724 2729
2730 2731 2732
2733 2728 2729
2733 2729 2734
2735 2733 2734
2735 2734 2736
2736 2737 2738
2736 2738 2735
2739 2740 2741
2737 2742 2743
2737 2743 2738
2742 2744 2745
2742 2745 2743
2746 2747 2748
2749 2750 2751
2746 2752 2747
2719 2753 2727
2739 2741 2754
2739 2754 2755
2739 2755 2756
2757 2758 2759
2757 2759 2760
2760 2761 2762
2763 2757 2760
2764 2765 2766
2764 2766 2767
2763 2762 2767
2763 2767 2768
2730 2763 2768
2730 2768 2731
2730 2732 2726
2769 2765 2764
2769 2764 2727
2726 2769 2727
2727 2770 2771
2727 2771 2772
2727 2772 2773
2720 2774 2721
2763 2760 2762
2775 2776 2777
2778 2779 2780
2778 2780 2781
2782 2778 2781
2782 2781 2783
2782 2783 2784
2782 2784 2785
2740 2776 2775
2740 2775 2741
2778 2746 2748
2778 2748 2786
2786 2787 2779
2778 2786 2779
2788 2789 2775
2750 2775 2789
2750 2789 2790
2750 2790 2791
2792 2793 2751
2750 2791 2792
2750 2792 2751
2794 2750 2795
2794 2795 2752
2746 2794 2752
2796 2719 2722
2797 2796 2722
2798 2797 2722
2798 2722 2725
2799 2798 2725
2800 2799 2725
2800 2725 2727
2801 2800 2727
2753 2801 2727
2762 2761 2802
2762 2802 2754
2757 2739 2756
2757 2756 2758
2751 2793 2779
2751 2779 2787
2750 2749 2795
2779 2803 2777
2779 2777 2780
2803 2788 2775
2803 2775 2777
2739 2782 2785
2739 2785 2740
2741 2762 2754
2762 2764 2767
2725 2730 2726
2727 2773 2720
2727 2720 2719
2804 2805 2806
2804 2806 2807
2807 2806 2808
2807 2808 2809
2721 2810 2811
2721 2811 2812
2809 2808 2813
2809 2813 2814
2815 2816 2817
2814 2813 2818
2814 2818 2819
2820 2821 2822
2819 2818 2823
2819 2823 2824
2824 2823 2825
2824 2825 2826
2826 2825 2827
2826 2827 2828
2829 2830 2831
2828 2827 2832
2828 2832 2833
2833 2832 2834
2833 2834 2835
2836 2837 2838
2839 2840 2841
2836 2838 2842
2811 2816 2843
2829 2844 2845
2829 2845 2830
2829 2846 2844
2847 2848 2849
2847 2850 2848
2850 2851 2852
2853 2850 2847
2854 2855 2856
2854 2857 2855
2853 2857 2851
2853 2858 2857
2820 2858 2853
2820 2822 2858
2820 2817 2821
2859 2854 2856
2859 2816 2854
2817 2816 2859
2816 2771 2770
2816 2860 2771
2816 2861 2860
2810 2721 2774
2853 2851 2850
2862 2863 2864
2865 2866 2867
2865 2868 2866
2869 2868 2865
2869 2870 2868
2869 2871 2870
2869 2872 2871
2831 2862 2864
2831 2830 2862
2865 2837 2836
2865 2873 2837
2873 2867 2874
2865 2867 2873
2875 2862 2876
2841 2876 2862
2841 2877 2876
2841 2878 2877
2879 2840 2880
2841 2840 2879
2841 2879 2878
2881 2882 2841
2881 2842 2882
2836 2842 2881
2883 2812 2811
2884 2812 2883
2885 2812 2884
2885 2815 2812
2886 2815 2885
2887 2815 2886
2887 2816 2815
2888 2816 2887
2843 2816 2888
2851 2889 2852
2851 2845 2889
2847 2846 2829
2847 2849 2846
2867 2880 2840
2867 2840 2874
2841 2882 2839
2867 2866 2863
2867 2863 2890
2890 2863 2862
2890 2862 2875
2829 2872 2869
2829 2831 2872
2830 2845 2851
2851 2857 2854
2815 2817 2820
2810 2861 2816
2810 2816 2811
2715 2714 2891
2714 2892 2891
2714 2893 2892
2892 2893 2805
2892 2805 2894
2805 2804 2894
2895 2896 2897
2898 2899 2900
2898 2900 2901
2902 2903 2904
2902 2904 2905
2905 2906 2902
2907 2908 2909
2910 2911 2912
2910 2912 2913
2914 2909 2908
2914 2908 2915
2909 2916 2917
2909 2917 2907
2915 2918 2914
2919 2920 2921
2919 2921 2922
2923 2924 2925
2923 2925 2926
2927 2928 2929
2927 2929 2930
2931 2932 2933
2931 2933 2934
2935 2936 2937
2935 2937 2938
2939 2940 2941
2939 2941 2942
2943 2944 2945
2943 2945 2946
2947 2948 2949
2947 2949 2950
2951 2952 2953
2951 2953 2954
2955 2956 2957
2955 2957 2958
2959 2960 2961
2959 2961 2962
2963 2964 2965
2963 2965 2966
2897 2896 2967
2897 2967 2903
2968 2969 2970
2968 2970 2916
2971 2972 2936
2971 2936 2935
2973 2974 2975
2973 2975 2976
2903 2967 2904
2916 2970 2917
2976 2975 2940
2976 2940 2939
2895 2897 2977
2895 2977 2978
2979 2908 2907
2979 2907 2980
2981 2982 2983
2981 2983 2984
2985 2986 2987
2988 2979 2980
2988 2980 2989
2985 2987 2990
2985 2990 2991
2983 2982 2992
2983 2992 2993
2994 2995 2996
2994 2996 2997
2896 2895 2993
2896 2993 2992
2981 2984 2998
2981 2998 2999
3000 3001 3002
3003 3004 3005
3003 3005 3006
3007 3008 2913
3007 2913 2912
3000 3002 2924
3000 2924 2923
3004 3009 3010
3004 3010 3005
2899 2999 2998
2899 2998 2900
2918 3011 2914
3012 2978 2977
2906 2977 2902
3011 2969 2968
3011 2968 2914
2906 3012 2977
2918 3013 3011
2906 3014 3012
3015 2997 3016
3017 3009 3018
3019 2987 3020
3021 3002 3022
3023 2994 2997
3015 3023 2997
2986 3020 2987
3024 3010 3009
3017 3024 3009
3001 3022 3002
3025 3026 3027
3028 3029 3030
3028 3030 3031
3032 3033 3034
3032 3034 3035
3033 3032 3036
3037 3038 3039
3040 3041 3042
3040 3042 3043
3044 3045 3039
3044 3039 3038
3038 3037 3046
3038 3046 3047
3045 3044 3048
3049 3050 3051
3049 3051 3052
3053 3054 3055
3053 3055 3056
3057 3058 3059
3057 3059 3060
3061 3062 3063
3061 3063 3064
3065 3066 3067
3065 3067 3068
3069 3070 3071
3069 3071 3072
3073 3074 3075
3073 3075 3076
3077 3078 3079
3077 3079 3080
3081 3082 3083
3081 3083 3084
3085 3086 3087
3085 3087 3088
3089 3090 3091
3089 3091 3092
3093 3094 3095
3093 3095 3096
3026 3035 3097
3026 3097 3027
3098 3047 3099
3098 3099 3100
3101 3065 3068
3101 3068 3102
3103 3104 3105
3103 3105 3106
3035 3034 3097
3047 3046 3099
3104 3069 3072
3104 3072 3105
3025 3107 3108
3025 3108 3026
3109 3110 3037
3109 3037 3039
3111 3112 3113
3111 3113 3114
3115 3116 3110
3115 3110 3109
3117 3118 3119
3117 3119 3120
3113 3121 3122
3113 3122 3114
3123 3124 3125
3123 3125 3126
3027 3122 3121
3027 3121 3025
3111 3127 3128
3111 3128 3112
3129 3130 3131
3129 3131 3132
3133 3042 3041
3133 3041 3134
3135 3053 3056
3135 3056 3136
3132 3131 3137
3132 3137 3138
3031 3030 3128
3031 3128 3127
3048 3044 3139
3140 3108 3107
3036 3032 3108
3139 3098 3100
3139 3044 3098
3036 3108 3140
3048 3139 3141
3036 3140 3142
3143 3144 3145
3146 3147 3148
3146 3148 3149
3150 3151 3152
3150 3152 3153
3151 3150 3154
3155 3156 3157
3158 3159 3160
3158 3160 3161
3162 3163 3157
3162 3157 3156
3156 3155 3164
3156 3164 3165
3163 3162 3166
3167 3168 3169
3167 3169 3170
3171 3172 3173
3171 3173 3174
3175 3176 3177
3175 3177 3178
3179 3180 3181
3179 3181 3182
3183 3184 3185
3183 3185 3186
3187 3188 3189
3187 3189 3190
3191 3192 3193
3191 3193 3194
3195 3196 3197
3195 3197 3198
3199 3200 3201
3199 3201 3202
3203 3204 3205
3203 3205 3206
3207 3208 3209
3207 3209 3210
3211 3212 3213
3211 3213 3214
3144 3153 3215
3144 3215 3145
3216 3165 3217
3216 3217 3218
3219 3183 3186
3219 3186 3220
3221 3222 3223
3221 3223 3224
3153 3152 3215
3165 3164 3217
3222 3187 3190
3222 3190 3223
3143 3225 3226
3143 3226 3144
3227 3228 3155
3227 3155 3157
3229 3230 3231
3229 3231 3232
3233 3234 3235
3236 3237 3228
3236 3228 3227
3233 3238 3239
3233 3239 3234
3231 3240 3241
3231 3241 3232
3242 3243 3244
3242 3244 3245
3145 3241 3240
3145 3240 3143
3229 3246 3247
3229 3247 3230
3248 3249 3250
3251 3252 3253
3251 3253 3254
3255 3160 3159
3255 3159 3256
3248 3171 3174
3248 3174 3249
3254 3253 3257
3254 3257 3258
3149 3148 3247
3149 3247 3246
3166 3162 3259
3260 3226 3225
3154 3150 3226
3259 3216 3218
3259 3162 3216
3154 3226 3260
3166 3259 3261
3154 3260 3262
3263 3264 3243
3265 3266 3258
3267 3268 3234
3269 3270 3249
3271 3243 3242
3263 3243 3271
3235 3234 3268
3272 3258 3257
3265 3258 3272
3250 3249 3270
3273 3274 3275
3276 3277 3278
3276 3278 3279
3280 3281 3282
3280 3282 3283
3283 3284 3280
3285 3286 3287
3288 3289 3290
3288 3290 3291
3292 3287 3286
3292 3286 3293
3287 3294 3295
3287 3295 3285
3293 3296 3292
3297 3298 3299
3297 3299 3300
3301 3302 3303
3301 3303 3304
3305 3306 3307
3305 3307 3308
3309 3310 3311
3309 3311 3312
3313 3314 3315
3313 3315 3316
3317 3318 3319
3317 3319 3320
3321 3322 3323
3321 3323 3324
3325 3326 3327
3325 3327 3328
3329 3330 3331
3329 3331 3332
3333 3334 3335
3333 3335 3336
3337 3338 3339
3337 3339 3340
3341 3342 3343
3341 3343 3344
3275 3274 3345
3275 3345 3281
3346 3347 3348
3346 3348 3294
3349 3350 3314
3349 3314 3313
3351 3352 3353
3351 3353 3354
3281 3345 3282
3294 3348 3295
3354 3353 3318
3354 3318 3317
3273 3275 3355
3273 3355 3356
3357 3286 3285
3357 3285 3358
3359 3360 3361
3359 3361 3362
3363 3357 3358
3363 3358 3364
3365 3366 3367
3365 3367 3368
3361 3360 3369
3361 3369 3370
3371 3372 3373
3371 3373 3374
3274 3273 3370
3274 3370 3369
3359 3362 3375
3359 3375 3376
3377 3378 3379
3377 3379 3380
3381 3382 3291
3381 3291 3290
3383 3384 3302
3383 3302 3301
3378 3385 3386
3378 3386 3379
3277 3376 3375
3277 3375 3278
3296 3387 3292
3388 3356 3355
3284 3355 3280
3387 3347 3346
3387 3346 3292
3284 3388 3355
3296 3389 3387
3284 3390 3388
3391 3392 3393
3391 3393 3394
3395 3396 3392
3395 3392 3391
3393 3397 3398
3393 3398 3394
3397 3399 3400
3397 3400 3398
3400 3399 3401
3400 3401 3402
3403 3404 3405
3403 3405 3406
3406 3407 3408
3406 3408 3403
3409 3405 3404
3409 3404 3410
3411 3412 3409
3411 3409 3410
3413 3412 3411
3413 3411 3414
3415 3416 3417
3415 3417 3418
3415 3419 3420
3415 3420 3416
3421 3422 3423
3421 3423 3424
3425 3418 3417
3425 3417 3426
3425 3426 3427
3425 3427 3428
3429 3430 3431
3429 3431 3432
3433 3429 3432
3433 3432 3434
3435 3436 3437
3435 3437 3438
3439 3440 3435
3439 3435 3438
3441 3442 3437
3441 3437 3436
3441 3443 3444
3441 3444 3442
3445 3446 3433
3445 3433 3434
3447 3448 3449
3447 3449 3450
3451 3452 3453
3451 3453 3454
3455 3456 3449
3457 3458 3459
3457 3459 3460
3458 3461 3462
3458 3462 3459
3463 3464 3465
3463 3465 3466
3467 3468 3469
3467 3469 3470
3456 3450 3449
3471 3472 3473
3471 3473 3474
3475 3476 3477
3475 3477 3478
3479 3480 3476
3479 3476 3475
3468 3481 3469
3469 3481 3482
3483 3457 3460
3483 3460 3484
3485 3486 3487
3485 3487 3488
3489 3490 3491
3489 3491 3492
3493 3487 3494
3495 3496 3497
3495 3497 3498
3498 3497 3499
3498 3499 3500
3501 3502 3503
3501 3503 3504
3505 3506 3507
3505 3507 3508
3494 3487 3486
3509 3510 3511
3509 3511 3512
3513 3514 3515
3513 3515 3516
3517 3513 3516
3517 3516 3518
3508 3507 3519
3507 3520 3519
3521 3522 3496
3521 3496 3495
3523 3524 3525
3523 3525 3526
3527 3528 3524
3527 3524 3523
3529 3530 3531
3529 3531 3532
3533 3534 3530
3533 3530 3529
3535 3536 3534
3535 3534 3533
3537 3538 3536
3537 3536 3535
3539 3540 3538
3539 3538 3537
3526 3525 3540
3526 3540 3539
3541 3542 3543
3541 3543 3544
3545 3546 3547
3545 3547 3548
3549 3550 3542
3549 3542 3541
3548 3547 3551
3548 3551 3552
3553 3554 3550
3553 3550 3549
3552 3551 3555
3552 3555 3556
3557 3558 3554
3557 3554 3553
3556 3555 3559
3556 3559 3560
3561 3562 3558
3561 3558 3557
3560 3559 3563
3560 3563 3564
3565 3566 3562
3565 3562 3561
3564 3563 3567
3564 3567 3568
3569 3570 3566
3569 3566 3565
3568 3567 3571
3568 3571 3572
3544 3543 3570
3544 3570 3569
3572 3571 3546
3572 3546 3545
3556 3560 3545
3556 3545 3548
3560 3564 3572
3560 3572 3545
3548 3552 3556
3564 3568 3572
3561 3557 3544
3561 3544 3569
3557 3553 3541
3557 3541 3544
3549 3541 3553
3565 3561 3569
3573 3574 3575
3573 3575 3576
3574 3577 3578
3574 3578 3575
3577 3579 3580
3577 3580 3578
3579 3581 3582
3579 3582 3580
3583 3584 3585
3583 3585 3586
3584 3587 3588
3584 3588 3585
3587 3589 3590
3587 3590 3588
3589 3591 3592
3589 3592 3590
3591 3593 3594
3591 3594 3592
3593 3595 3596
3593 3596 3594
3595 3597 3598
3595 3598 3596
3597 3599 3600
3597 3600 3598
3599 3601 3602
3599 3602 3600
3601 3603 3604
3601 3604 3602
3603 3605 3606
3603 3606 3604
3605 3573 3576
3605 3576 3606
3607 3608 3609
3607 3609 3610
3608 3611 3612
3608 3612 3609
3611 3613 3614
3611 3614 3612
3613 3615 3616
3613 3616 3614
3615 3617 3618
3615 3618 3616
3617 3619 3620
3617 3620 3618
3621 3620 3619
3622 3607 3610
3623 3624 3625
3624 3626 3625
3626 3627 3625
3627 3628 3625
3628 3629 3625
3629 3630 3625
3630 3631 3625
3631 3623 3625
3632 3633 3634
3632 3634 3635
3636 3637 3633
3636 3633 3632
3638 3639 3637
3638 3637 3636
3640 3641 3639
3640 3639 3638
3642 3643 3641
3642 3641 3640
3644 3645 3646
3644 3646 3647
3648 3649 3645
3648 3645 3644
3650 3651 3649
3650 3649 3648
3652 3653 3651
3652 3651 3650
3635 3634 3653
3635 3653 3652
3654 3631 3630
3654 3630 3655
3656 3623 3631
3656 3631 3654
3656 3657 3623
3657 3658 3624
3657 3624 3623
3658 3659 3626
3658 3626 3624
3660 3627 3626
3660 3626 3659
3661 3628 3627
3661 3627 3660
3661 3662 3628
3662 3663 3629
3662 3629 3628
3663 3655 3630
3663 3630 3629
3664 3665 3666
3666 3665 3667
3667 3665 3668
3668 3665 3669
3669 3665 3670
3670 3665 3671
3671 3665 3672
3672 3665 3664
3673 3674 3675
3673 3675 3676
3677 3673 3676
3677 3676 3678
3679 3677 3678
3679 3678 3680
3681 3679 3680
3681 3680 3682
3683 3681 3682
3683 3682 3684
3685 3686 3687
3685 3687 3688
3689 3685 3688
3689 3688 3690
3691 3689 3690
3691 3690 3692
3693 3691 3692
3693 3692 3694
3674 3693 3694
3674 3694 3675
3695 3696 3671
3695 3671 3672
3697 3695 3672
3697 3672 3664
3697 3664 3698
3698 3664 3666
3698 3666 3699
3699 3666 3667
3699 3667 3700
3701 3700 3667
3701 3667 3668
3702 3701 3668
3702 3668 3669
3702 3669 3703
3703 3669 3670
3703 3670 3704
3704 3670 3671
3704 3671 3696
3705 3706 3707
3705 3707 3708
3709 3710 3711
3709 3711 3712
3713 3714 3715
3713 3715 3716
3716 3715 3717
3716 3717 3718
3718 3717 3719
3718 3719 3720
3720 3719 3721
3720 3721 3722
3722 3721 3706
3722 3706 3705
3708 3707 3710
3708 3710 3709
3723 3724 3725
3723 3725 3726
3727 3728 3729
3727 3729 3730
3724 3731 3732
3724 3732 3725
3733 3727 3730
3733 3730 3734
3731 3735 3736
3731 3736 3732
3737 3733 3734
3737 3734 3738
3735 3739 3740
3735 3740 3736
3741 3737 3738
3741 3738 3742
3739 3743 3744
3739 3744 3740
3745 3741 3742
3745 3742 3746
3743 3747 3748
3743 3748 3744
3749 3745 3746
3749 3746 3750
3747 3751 3752
3747 3752 3748
3753 3749 3750
3753 3750 3754
3751 3723 3726
3751 3726 3752
3728 3753 3754
3728 3754 3729
3755 3756 3757
3755 3757 3758
3759 3760 3761
3759 3761 3762
3762 3761 3763
3762 3763 3764
3764 3763 3765
3764 3765 3766
3766 3765 3767
3766 3767 3768
3768 3767 3769
3768 3769 3770
3770 3769 3771
3770 3771 3772
3772 3771 3773
3772 3773 3774
3774 3773 3760
3774 3760 3759
3775 3776 3777
3775 3777 3778
3779 3780 3781
3779 3781 3782
3758 3757 3783
3758 3783 3784
3785 3786 3787
3785 3787 3788
3784 3783 3776
3784 3776 3775
3788 3787 3756
3788 3756 3755
3778 3777 3780
3778 3780 3779
3789 3790 3791
3789 3791 3792
3791 3793 3794
3791 3794 3792
3790 3789 3795
3794 3793 3796
3797 3798 3799
3797 3799 3800
3800 3799 3801
3800 3801 3802
3802 3801 3803
3802 3803 3804
3804 3803 3805
3804 3805 3806
3807 3808 3798
3807 3798 3797
3809 3810 3808
3809 3808 3807
3811 3812 3810
3811 3810 3809
3813 3814 3812
3813 3812 3811
3815 3816 3817
3815 3817 3818
3816 3819 3820
3816 3820 3817
3818 3821 3815
3822 3820 3819
3823 3824 3825
3825 3826 3827
3825 3827 3828
3828 3829 3830
3828 3830 3831
3831 3832 3833
3831 3833 3834
3834 3835 3836
3834 3836 3837
3837 3838 3839
3837 3839 3840
3840 3841 3842
3840 3842 3843
3843 3844 3845
3843 3845 3823
3823 3846 3824
3837 3836 3838
3840 3839 3841
3843 3842 3844
3823 3845 3846
3825 3824 3826
3828 3827 3829
3831 3830 3832
3834 3833 3835
3847 3848 3849
3847 3850 3851
3852 3853 3854
3855 3856 3857
3858 3859 3860
3861 3862 3863
3864 3865 3866
3867 3868 3869
3858 3860 3861
3861 3860 3862
3858 3857 3859
3855 3857 3858
3852 3854 3855
3855 3854 3856
3847 3851 3870
3870 3851 3871
3849 3848 3872
3847 3849 3850
3864 3866 3867
3867 3869 3848
3867 3866 3868
3848 3869 3872
3861 3863 3864
3864 3863 3865
3873 3874 3875
3873 3875 3876
3877 3878 3874
3877 3874 3873
3879 3880 3878
3879 3878 3877
3881 3882 3880
3881 3880 3879
3883 3884 3885
3883 3885 3886
3887 3888 3884
3887 3884 3883
3889 3890 3888
3889 3888 3887
3891 3892 3890
3891 3890 3889
3893 3894 3892
3893 3892 3891
3895 3896 3894
3895 3894 3893
3897 3898 3896
3897 3896 3895
3899 3900 3898
3899 3898 3897
3901 3902 3900
3901 3900 3899
3903 3904 3902
3903 3902 3901
3905 3906 3904
3905 3904 3903
3876 3875 3906
3876 3906 3905
3907 3908 3909
3910 3907 3909
3911 3910 3912
3913 3911 3912
3914 3913 3915
3916 3914 3915
3917 3916 3918
3919 3917 3918
3920 3919 3921
3922 3920 3921
3923 3922 3924
3925 3923 3924
3926 3925 3927
3928 3926 3927
3929 3928 3930
3908 3929 3930
3919 3918 3921
3922 3921 3924
3925 3924 3927
3928 3927 3930
3909 3908 3930
3910 3909 3912
3913 3912 3915
3916 3915 3918
3931 3932 3933
3931 3933 3934
3935 3931 3934
3935 3934 3936
3937 3935 3936
3937 3936 3938
3939 3937 3938
3939 3938 3940
3941 3939 3940
3941 3940 3942
3943 3941 3942
3943 3942 3944
3945 3943 3944
3946 3933 3932
3947 3948 3949
3947 3949 3950
3950 3949 3951
3950 3951 3952
3952 3951 3953
3952 3953 3954
3954 3953 3955
3954 3955 3956
3957 3958 3948
3957 3948 3947
3959 3960 3958
3959 3958 3957
3961 3962 3960
3961 3960 3959
3963 3964 3962
3963 3962 3961
3965 3966 3967
3965 3967 3968
3969 3970 3966
3969 3966 3965
3971 3970 3969
3967 3972 3973
3974 3975 3976
3977 3976 3978
3979 3980 3981
3979 3982 3983
3984 3985 3986
3987 3988 3979
3989 3990 3991
3989 3991 3992
3990 3993 3994
3990 3994 3991
3993 3995 3996
3993 3996 3994
3995 3997 3998
3995 3998 3996
3999 3989 3992
3999 3992 4000
4001 3999 4000
4001 4000 4002
4003 4001 4002
4003 4002 4004
4005 4003 4004
4005 4004 4006
4007 4008 4009
4010 4011 4012
4013 4014 4015
4016 4014 4017
4016 4017 4018
4018 4017 4019
4018 4019 4020
4020 4019 4021
4020 4021 4022
4022 4021 4023
4022 4023 4024
4025 4026 4027
4025 4027 4028
4028 4027 4029
4028 4029 4030
4029 4031 4030
4032 4033 4034
4032 4034 4035
4036 4037 4038
4030 4039 4040
4035 4034 4041
4035 4041 4042
4043 4044 4045
4043 4045 4046
4047 4048 4049
4047 4049 4050
4051 4052 4053
4051 4053 4054
4055 4056 4057
4055 4057 4058
4059 4060 4061
4059 4061 4062
4063 4064 4065
4063 4065 4066
4067 4068 4069
4067 4069 4070
4067 4071 4068
4072 4073 4074
4072 4074 4075
4076 4077 4078
4079 4080 4081
4036 4038 4082
4039 4030 4083
4041 4046 4045
4041 4045 4042
4084 4085 4086
4087 4088 4089
4087 4089 4090
4091 4092 4093
4091 4093 4094
4092 4087 4090
4092 4090 4093
4088 4095 4096
4088 4096 4089
4097 4098 4099
4097 4099 4100
4101 4102 4103
4101 4103 4104
4097 4105 4106
4098 4096 4095
4098 4095 4099
4107 4108 4109
4107 4109 4110
4111 4112 4085
4113 4114 4115
4113 4115 4111
4116 4117 4118
4116 4118 4119
4015 4014 4120
4120 4014 4016
4120 4016 4121
4122 4123 4116
4116 4124 4117
4117 4010 4012
4117 4012 4118
4125 4126 4127
4125 4127 4106
4116 4123 4124
4128 4129 4130
4131 4132 4133
4131 4133 4134
4135 4136 4137
4135 4137 4138
4138 4137 4139
4138 4139 4140
4130 4129 4141
4142 4143 4144
4142 4144 4145
4128 4138 4140
4084 4086 4146
4084 4147 4148
4084 4146 4147
4149 4150 4151
4149 4152 4153
4149 4151 4152
4125 4106 4154
4155 4125 4154
4155 4154 4156
4154 4106 4157
4032 4035 4158
4032 4158 4159
4160 4034 4033
4160 4033 4161
4083 4030 4031
4083 4031 4162
4036 4163 4164
4036 4082 4163
4165 4166 4167
4167 4166 4168
4009 4169 4170
4171 4172 4009
4171 4009 4173
4007 4009 4172
4174 4175 4008
4174 4008 4176
4177 4009 4178
4177 4178 4179
4009 4180 4181
4009 4177 4180
4009 4181 4169
4178 4009 4008
4178 4008 4175
4165 4009 4170
4165 4170 4166
4011 4010 4182
4011 4182 4183
4184 4185 4186
4184 4186 4187
4188 4183 4182
4188 4182 4189
4189 4190 4191
4189 4191 4188
4190 4192 4193
4190 4193 4191
4194 4195 4196
4194 4196 4197
4192 4194 4197
4192 4197 4193
4085 4112 4086
4113 4111 4085
4113 4085 4198
4199 4200 4201
4097 4106 4127
4128 4130 4135
4128 4135 4138
4105 4097 4100
4202 4203 4204
4205 4206 4207
4208 4209 4210
4211 4210 4212
4211 4212 4213
4214 4211 4213
4214 4213 4215
4216 4214 4215
4216 4215 4217
4218 4216 4217
4218 4217 4219
4220 4221 4222
4220 4222 4223
4224 4220 4223
4224 4223 4225
4224 4225 4226
4227 4228 4229
4227 4229 4230
4231 4232 4233
4225 4234 4235
4228 4236 4237
4228 4237 4229
4238 4239 4240
4238 4240 4241
4242 4243 4244
4242 4244 4245
4246 4247 4248
4246 4248 4249
4250 4251 4252
4250 4252 4253
4254 4255 4256
4254 4256 4257
4258 4259 4260
4258 4260 4261
4262 4263 4264
4262 4264 4265
4266 4267 4268
4266 4268 4269
4270 4266 4269
4271 4272 4273
4274 4275 4276
4231 4277 4232
4235 4278 4225
4238 4241 4237
4238 4237 4236
4279 4280 4198
4281 4282 4283
4281 4283 4284
4285 4286 4091
4285 4091 4094
4284 4283 4286
4284 4286 4285
4287 4288 4282
4287 4282 4281
4289 4290 4291
4289 4291 4292
4293 4294 4295
4293 4295 4296
4104 4297 4298
4104 4298 4101
4299 4300 4301
4299 4301 4302
4295 4303 4304
4288 4287 4294
4288 4294 4293
4107 4110 4305
4107 4305 4306
4113 4198 4307
4308 4187 4186
4308 4186 4309
4310 4311 4312
4310 4312 4313
4209 4314 4210
4314 4315 4212
4314 4212 4210
4316 4312 4317
4312 4311 4318
4206 4205 4311
4206 4311 4310
4319 4303 4320
4319 4320 4321
4312 4318 4317
4114 4308 4309
4114 4309 4115
4322 4323 4324
4325 4326 4327
4325 4327 4328
4326 4329 4330
4326 4330 4327
4323 4331 4324
4326 4322 4329
4279 4332 4280
4279 4333 4334
4279 4334 4332
4335 4336 4337
4335 4338 4339
4335 4339 4336
4319 4340 4303
4340 4319 4341
4340 4341 4342
4340 4343 4303
4227 4344 4345
4227 4345 4228
4230 4229 4346
4230 4346 4347
4278 4348 4226
4278 4226 4225
4231 4349 4350
4231 4350 4277
4351 4352 4167
4351 4167 4168
4353 4352 4354
4352 4351 4354
4203 4355 4356
4357 4358 4171
4357 4171 4173
4203 4359 4358
4203 4358 4357
4202 4359 4203
4204 4360 4361
4204 4361 4362
4363 4203 4364
4363 4364 4365
4203 4366 4367
4203 4367 4364
4203 4356 4366
4204 4203 4363
4204 4363 4360
4355 4203 4353
4355 4353 4354
4368 4205 4207
4368 4207 4369
4370 4371 4368
4370 4368 4369
4371 4370 4372
4371 4372 4373
4373 4372 4374
4373 4374 4375
4376 4377 4196
4376 4196 4195
4375 4374 4377
4375 4377 4376
4198 4280 4307
4378 4379 4380
4295 4320 4303
4322 4326 4325
4322 4325 4323
4304 4296 4295
4381 4072 4075
4381 4075 4382
4383 4384 4385
4383 4385 4386
4387 4388 4389
4387 4389 4390
4388 4391 4392
4388 4392 4389
4391 4393 4394
4391 4394 4392
4393 4395 4396
4393 4396 4394
4395 4397 4398
4395 4398 4396
4399 4398 4397
4400 4401 4402
4400 4402 4403
4401 4404 4405
4401 4405 4402
4404 4406 4407
4404 4407 4405
4406 4408 4409
4406 4409 4407
4408 4103 4102
4408 4102 4409
4403 4410 4400
4302 4411 4412
4302 4412 4299
4413 4414 4415
4413 4415 4416
4414 4417 4418
4414 4418 4415
4417 4419 4420
4417 4420 4418
4419 4421 4422
4419 4422 4420
4423 4422 4421
4305 4424 4425
4305 4425 4306
4426 4427 4428
4426 4428 4429
4427 4430 4431
4427 4431 4428
4430 4432 4433
4430 4433 4431
4434 4335 4149
4434 4149 4435
4335 4337 4150
4335 4150 4149
4337 4109 4108
4337 4108 4150
4106 4105 4200
4106 4200 4199
4380 4304 4303
4380 4303 4378
4436 4437 4438
4436 4438 4439
4437 4440 4441
4437 4441 4438
4440 4442 4443
4440 4443 4441
4442 4444 4445
4442 4445 4443
4439 4446 4436
4351 4168 4447
4351 4447 4448
4449 4448 4447
4449 4447 4450
4451 4452 4453
4451 4453 4454
4455 4456 4457
4455 4457 4458
4459 4460 4461
4459 4461 4462
4463 4464 4465
4463 4465 4466
4467 4468 4469
4467 4469 4470
4471 4472 4473
4471 4473 4474
4475 4476 4477
4475 4477 4478
4479 4480 4481
4479 4481 4482
4483 4484 4485
4483 4485 4486
4487 4488 4489
4487 4489 4490
4491 4492 4493
4494 4495 4496
4494 4496 4497
4498 4492 4499
4498 4499 4500
4500 4499 4495
4500 4495 4494
4501 4502 4493
4501 4493 4503
4504 4492 4498
4492 4504 4505
4506 4507 4508
4507 4506 4509
4507 4509 4510
4507 4511 4512
4507 4510 4511
4513 4514 4515
4516 4517 4518
4516 4518 4519
4520 4521 4522
4520 4522 4515
4521 4516 4519
4521 4519 4522
4515 4514 4523
4524 4520 4515
4525 4524 4526
4525 4526 4527
4528 4529 4525
4528 4530 4529
4528 4531 4532
4528 4532 4530
4505 4503 4492
4533 4502 4501
4533 4501 4508
4534 4527 4535
4534 4535 4536
4533 4508 4507
4506 4508 4505
4506 4505 4504
4492 4503 4493
4514 4536 4535
4514 4535 4523
4527 4534 4528
4515 4523 4526
4525 4527 4528
4526 4524 4515
4537 4538 4539
4540 4541 4542
4540 4542 4543
4544 4545 4546
4547 4548 4549
4547 4549 4550
4551 4552 4553
4554 4555 4556
4554 4556 4557
4558 4559 4560
4561 4562 4563
4561 4563 4564
4565 4566 4567
4565 4567 4568
4569 4570 4566
4569 4566 4565
4571 4572 4570
4571 4570 4569
4573 4574 4572
4573 4572 4571
4575 4576 4574
4575 4574 4573
4577 4578 4576
4577 4576 4575
4579 4580 4578
4579 4578 4577
4581 4582 4580
4581 4580 4579
4583 4584 4582
4583 4582 4581
4585 4586 4584
4585 4584 4583
4587 4588 4586
4587 4586 4585
4589 4590 4588
4589 4588 4587
4591 4592 4590
4591 4590 4589
4593 4594 4592
4593 4592 4591
4595 4596 4597
4595 4597 4598
4599 4600 4601
4599 4601 4602
4603 4599 4602
4603 4602 4604
4605 4603 4604
4605 4604 4606
4607 4605 4606
4607 4606 4608
4609 4607 4608
4609 4608 4610
4611 4609 4610
4611 4610 4612
4613 4611 4612
4613 4612 4614
4615 4613 4614
4615 4614 4616
4617 4615 4616
4617 4616 4618
4619 4617 4618
4619 4618 4620
4621 4619 4620
4621 4620 4622
4623 4621 4622
4623 4622 4624
4596 4623 4624
4596 4624 4597
4625 4626 4627
4625 4627 4628
4626 4629 4630
4626 4630 4627
4629 4631 4632
4629 4632 4630
4631 4633 4634
4631 4634 4632
4633 4635 4636
4633 4636 4634
4635 4637 4638
4635 4638 4636
