byte offset: 0
first index: 7152
index count: 1860
topology: trianglelist
format: DXGI_FORMAT_R16_UINT

1544 1545 1546
1544 1546 1547
1548 1549 1550
1551 1545 1544
1552 1553 1554
1555 1556 1546
1555 1546 1557
1558 1557 1559
1560 1561 1562
1559 1561 1560
598 597 1563
1564 1565 1566
1564 1566 1567
1564 1568 1569
1564 1569 1570
1564 1570 1571
1564 1571 1572
1564 1572 1573
1565 1564 1574
1574 1564 1575
1575 1564 1576
1576 1564 1573
1557 1558 1555
1546 1556 1547
1577 1545 1551
1577 1551 1578
1577 1578 1579
1579 600 599
1579 599 1577
594 1563 597
594 597 595
1559 1580 1581
1550 1549 592
1550 592 591
1553 1549 1548
1553 1548 1554
1552 1562 1561
1552 1561 1553
1564 1567 1568
1558 1559 1581
1559 1582 1580
1559 1560 1582
1583 1584 1585
1583 1585 1586
1587 1588 1589
1590 1583 1586
1591 1592 1593
1594 1595 1596
1597 1598 1585
1597 1585 1599
1600 1601 1602
1603 1604 1598
1605 1606 1607
1604 1605 1607
1608 1609 1610
1611 1612 1613
1611 1614 1612
1611 1615 1616
1611 1617 1615
1611 1618 1617
1611 1619 1618
1611 1620 1619
1613 1621 1611
1621 1622 1611
1622 1623 1611
1623 1620 1611
1598 1597 1603
1585 1584 1599
1624 1625 1590
1624 1590 1586
1624 1626 1625
1626 1624 1627
1626 1627 1628
1600 1602 1610
1600 1610 1609
1604 1629 1630
1592 1608 1610
1592 1610 1593
1588 1591 1593
1588 1593 1589
1596 1595 1587
1596 1587 1589
1594 1596 1607
1594 1607 1606
1602 1601 1627
1601 1628 1627
1611 1616 1614
1603 1629 1604
1604 1630 1631
1604 1631 1605
1632 1633 1634
1633 1632 1635
1633 1635 1636
1637 1638 1639
1637 1639 1640
1641 1642 1643
1641 1643 1644
1645 1646 1647
1645 1647 1648
1649 1650 1646
1649 1646 1645
1636 1635 1638
1636 1638 1637
1651 1652 1653
1648 1647 1654
1648 1654 1655
1159 1656 1657
1159 1657 1156
1159 1172 1658
1159 1658 1656
1659 1660 1661
1658 1172 1173
1658 1173 1662
1663 1160 1156
1663 1156 1657
1664 1662 1173
1664 1173 1665
1666 1667 1668
1666 1668 1669
1670 1162 1160
1670 1160 1663
1666 1669 1671
1672 1673 1664
1672 1664 1665
1674 1167 1675
1676 1675 1162
1674 1164 1167
1677 1168 1164
1678 1679 1675
1678 1675 1680
1162 1670 1676
1676 1680 1675
1675 1170 1162
1167 1170 1675
1674 1677 1164
1668 1667 1679
1668 1679 1678
1681 1682 1673
1681 1673 1672
1661 1660 1682
1661 1682 1681
1655 1654 1652
1655 1652 1651
1640 1639 1642
1640 1642 1641
1644 1643 1650
1644 1650 1649
1683 1684 1685
1683 1685 1686
1687 1688 1689
1690 1691 1692
1690 1692 1693
1693 1692 1694
1693 1694 1695
1696 1697 1698
1696 1698 1699
1700 1701 1702
1700 1702 1703
1702 1704 1705
1702 1705 1703
1705 1704 1706
1705 1706 1707
1708 1709 1710
1711 1712 1713
1711 1707 1706
1711 1706 1712
1714 1715 1716
1691 1690 1684
1691 1684 1683
1717 1718 1719
1717 1719 1720
1721 1722 1723
1721 1723 1724
1725 1726 1727
1725 1727 1728
1729 1730 1731
1729 1731 1732
1731 1733 1734
1731 1734 1732
1735 1736 1737
1735 1737 1738
1739 1740 1741
1739 1741 1742
1743 1744 1745
1746 1741 1740
1746 1740 1747
1748 1749 1750
1748 1750 1751
1747 1749 1748
1747 1748 1746
1752 1720 1719
1752 1719 1753
1752 1753 1754
1752 1754 1755
1756 1757 1755
1756 1755 1754
1751 1750 1758
1751 1758 1759
1760 1761 1757
1760 1757 1756
1716 1715 1709
1716 1709 1708
1762 1763 1764
1763 1765 1766
1763 1766 1764
1765 1737 1736
1765 1736 1766
1767 1768 1769
1768 1770 1771
1768 1771 1769
1770 1772 1771
1773 1774 1775
1773 1775 1776
1773 1776 1777
1773 1777 1778
1779 1780 1781
1779 1781 1782
1783 1780 1779
1783 1779 1784
1785 1783 1784
1785 1784 1786
1787 1788 1789
1777 1790 1778
1786 1791 1785
1782 1781 1792
1789 1788 1775
1789 1775 1774
1793 1794 1795
1793 1795 1796
1797 1798 1799
1797 1799 1800
1797 1800 1794
1797 1794 1793
1801 1802 1803
1804 1805 1806
1804 1806 1807
1808 1802 1801
1808 1801 1809
1805 1808 1809
1805 1809 1806
1810 1799 1798
1811 1812 1813
1814 1815 1816
1817 1818 1819
1820 1821 1822
1820 1822 1823
1824 1825 1826
1824 1826 1827
1828 1829 1830
1831 1832 1833
1829 1834 1835
1829 1835 1830
1832 1836 1837
1832 1837 1833
1836 1826 1837
1827 1822 1821
1827 1821 1838
1827 1826 1839
1827 1839 1840
1834 1826 1825
1834 1825 1835
1826 1836 1841
1826 1841 1839
1836 1832 1842
1836 1842 1841
1832 1831 1842
1826 1834 1837
1834 1829 1843
1834 1843 1837
1829 1828 1843
1844 1845 1846
1844 1846 1847
1848 1849 1850
1851 1852 1853
1851 1853 1854
1854 1853 1855
1854 1855 1856
1856 1855 1857
1856 1857 1858
1859 1860 1861
1859 1861 1862
1863 1864 1865
1866 1867 1868
1866 1868 1869
1870 1871 1821
1870 1821 1820
1862 1861 1852
1862 1852 1851
1872 1860 1859
1872 1859 1873
1874 1846 1845
1874 1845 1875
1876 1877 1878
1848 1874 1849
1879 1880 1881
1879 1881 1882
1883 1879 1882
1883 1882 1884
1885 1886 1887
1880 1874 1888
1880 1888 1881
1867 1849 1875
1867 1875 1889
1868 1867 1889
1868 1889 1890
1849 1874 1875
1821 1871 1891
1821 1891 1892
1759 1758 1893
1819 1818 1761
1819 1761 1760
1858 1857 1894
1887 1886 1883
1887 1883 1884
1698 1701 1700
1698 1700 1699
1827 1838 1824
1838 1821 1892
1695 1694 1697
1695 1697 1696
1728 1727 1730
1728 1730 1729
1869 1868 1871
1869 1871 1870
1868 1890 1891
1868 1891 1871
1721 1724 1726
1721 1726 1725
1734 1733 1735
1734 1735 1738
1823 1822 1827
1823 1827 1840
1895 1796 1795
1807 1896 1804
1686 1685 1745
1686 1745 1744
1688 1687 1718
1688 1718 1717
1844 1847 1864
1844 1864 1863
1872 1873 1878
1872 1878 1877
1888 1874 1848
1850 1849 1867
1850 1867 1866
1897 1898 1899
1899 1900 1901
1899 1901 1897
1902 1903 1904
1902 1904 1905
1906 1907 1908
1906 1908 1909
1910 1911 1912
1910 1912 1913
1914 1910 1913
1914 1913 1915
1900 1902 1905
1900 1905 1901
1916 1917 1918
1911 1919 1920
1911 1920 1912
1205 1204 1921
1205 1921 1922
1205 1922 1923
1205 1923 1219
1924 1925 1926
1923 1927 1221
1923 1221 1219
1928 1921 1204
1928 1204 1208
1929 1930 1221
1929 1221 1927
1931 1932 1933
1931 1933 1934
1935 1928 1208
1935 1208 1210
1931 1936 1932
1937 1930 1929
1937 1929 1938
1939 1940 1213
1941 1210 1940
1939 1213 1212
1942 1212 1216
1943 1944 1940
1943 1940 1945
1210 1941 1935
1941 1940 1944
1940 1210 1218
1213 1940 1218
1939 1212 1942
1933 1943 1945
1933 1945 1934
1946 1937 1938
1946 1938 1947
1925 1946 1947
1925 1947 1926
1919 1916 1918
1919 1918 1920
1903 1906 1909
1903 1909 1904
1907 1914 1915
1907 1915 1908
1948 1949 1950
1948 1950 1951
1952 1953 1954
1955 1956 1957
1955 1957 1958
1956 1959 1960
1956 1960 1957
1961 1962 1963
1961 1963 1964
1965 1966 1967
1965 1967 1968
1967 1966 1969
1967 1969 1970
1969 1971 1972
1969 1972 1970
1973 1974 1975
1976 1977 1978
1976 1978 1972
1976 1972 1971
1979 1980 1981
1958 1948 1951
1958 1951 1955
1982 1983 1984
1982 1984 1985
1986 1987 1988
1986 1988 1989
1990 1991 1992
1990 1992 1993
1994 1995 1996
1994 1996 1997
1996 1995 1998
1996 1998 1999
2000 2001 2002
2000 2002 2003
2004 2005 2006
2004 2006 2007
2008 2009 2010
2011 2012 2007
2011 2007 2006
2013 2014 2015
2013 2015 2016
2012 2011 2013
2012 2013 2016
2017 2018 1984
2017 1984 1983
2017 2019 2020
2017 2020 2018
2021 2020 2019
2021 2019 2022
2014 2023 2024
2014 2024 2015
2025 2021 2022
2025 2022 2026
1980 1973 1975
1980 1975 1981
2027 2028 2029
2029 2028 2030
2029 2030 2031
2031 2030 2003
2031 2003 2002
2032 2033 2034
2034 2033 2035
2034 2035 2036
2036 2035 2037
2038 2039 2040
2038 2040 2041
2038 2042 2043
2038 2043 2039
2044 2045 2046
2044 2046 2047
2048 2049 2044
2048 2044 2047
2050 2051 2049
2050 2049 2048
2052 2053 2054
2043 2042 2055
2051 2050 2056
2045 2057 2046
2053 2041 2040
2053 2040 2054
2058 2059 2060
2058 2060 2061
2062 2063 2064
2062 2064 2065
2062 2058 2061
2062 2061 2063
2066 2067 2068
2069 2070 2071
2069 2071 2072
2073 2074 2066
2073 2066 2068
2072 2071 2074
2072 2074 2073
2075 2065 2064
2076 2077 2078
2079 2080 2081
2082 2083 2084
2085 2086 2087
2085 2087 2088
2089 2090 2091
2089 2091 2092
2093 2094 2095
2096 2097 2098
2095 2094 2099
2095 2099 2100
2098 2097 2101
2098 2101 2102
2102 2101 2091
2090 2103 2088
2090 2088 2087
2090 2104 2105
2090 2105 2091
2100 2099 2092
2100 2092 2091
2091 2105 2106
2091 2106 2102
2102 2106 2107
2102 2107 2098
2098 2107 2096
2091 2101 2100
2100 2101 2108
2100 2108 2095
2095 2108 2093
2109 2110 2111
2109 2111 2112
2113 2114 2115
2116 2117 2118
2116 2118 2119
2117 2120 2121
2117 2121 2118
2120 2122 2123
2120 2123 2121
2124 2125 2126
2124 2126 2127
2128 2129 2130
2131 2132 2133
2131 2133 2134
2135 2085 2088
2135 2088 2136
2125 2116 2119
2125 2119 2126
2137 2138 2124
2137 2124 2127
2139 2140 2112
2139 2112 2111
2141 2142 2143
2113 2115 2139
2144 2145 2146
2144 2146 2147
2148 2149 2145
2148 2145 2144
2150 2151 2152
2147 2146 2153
2147 2153 2139
2134 2154 2140
2134 2140 2115
2133 2155 2154
2133 2154 2134
2115 2140 2139
2088 2156 2157
2088 2157 2136
2023 2158 2024
2083 2025 2026
2083 2026 2084
2122 2159 2123
2151 2149 2148
2151 2148 2152
1963 1962 1965
1963 1965 1968
2090 2089 2103
2103 2156 2088
1959 1961 1964
1959 1964 1960
1991 1994 1997
1991 1997 1992
2132 2135 2136
2132 2136 2133
2133 2136 2157
2133 2157 2155
1986 1990 1993
1986 1993 1987
1998 2001 2000
1998 2000 1999
2086 2104 2090
2086 2090 2087
2160 2060 2059
2070 2069 2161
1949 2010 2009
1949 2009 1950
1954 1982 1985
1954 1985 1952
2109 2128 2130
2109 2130 2110
2137 2143 2142
2137 2142 2138
2153 2113 2139
2114 2131 2134
2114 2134 2115
2162 2163 2164
2162 2164 2165
2162 2166 2167
2168 2165 2164
2169 2170 2171
2169 2172 2173
2169 2171 2172
2172 2171 2174
2163 2167 2175
2167 2163 2162
2176 2177 2178
2176 2178 2179
2176 2180 2181
2182 2178 2177
2183 2184 2185
2183 2186 2187
2183 2187 2184
2187 2188 2184
2179 2189 2180
2180 2176 2179
