byte offset: 0
first index: 0
index count: 7194
topology: trianglelist
format: DXGI_FORMAT_R16_UINT

0 1 2
0 3 4
0 5 3
3 5 6
7 6 5
7 5 8
8 9 7
8 10 9
10 11 9
10 12 11
13 8 5
13 10 8
5 0 14
14 13 5
10 15 12
13 16 10
16 15 10
17 12 15
17 18 12
17 19 18
17 20 19
17 21 20
17 22 21
15 22 17
22 23 21
24 22 15
24 15 16
22 25 23
24 25 22
23 25 26
23 26 27
28 27 26
28 29 27
30 28 26
25 30 26
30 31 28
32 31 30
25 33 30
24 33 25
32 30 34
33 34 30
32 34 35
34 36 35
33 37 34
36 34 37
37 33 24
36 37 38
37 24 39
38 37 39
38 39 40
16 39 24
39 41 40
16 42 39
39 42 41
13 42 16
43 41 42
13 44 42
43 42 44
14 44 13
14 43 44
14 45 43
0 45 14
0 46 45
0 47 46
47 0 48
49 50 47
50 51 52
53 54 55
53 56 57
53 57 58
57 59 58
60 58 59
60 61 58
61 60 62
61 62 63
63 62 64
63 64 65
66 58 61
66 61 63
58 67 53
67 58 66
63 65 68
66 63 69
69 63 68
70 68 65
70 65 71
70 71 72
70 72 73
70 73 74
70 74 75
68 70 75
75 74 76
77 68 75
77 69 68
75 76 78
77 75 78
76 79 78
76 80 79
81 79 80
81 80 82
83 79 81
78 79 83
83 81 84
85 83 84
78 83 86
77 78 86
85 87 83
86 83 87
85 88 87
87 88 89
86 87 90
89 90 87
90 77 86
89 91 90
90 92 77
91 92 90
91 93 92
69 77 92
92 93 94
69 92 95
92 94 95
66 69 95
96 95 94
66 95 97
96 97 95
67 66 97
67 97 96
67 96 98
53 67 98
53 98 99
53 99 100
100 101 53
100 102 103
104 102 105
106 107 108
109 110 111
112 113 114
112 115 113
115 116 113
112 117 115
112 118 117
115 119 116
117 119 115
116 119 120
116 120 121
119 122 120
119 123 122
117 123 119
122 123 124
124 123 125
123 117 125
126 124 125
127 117 118
117 127 125
125 127 128
127 118 129
128 127 129
128 129 130
128 130 131
126 125 132
125 128 132
126 132 133
132 134 133
132 135 134
135 132 128
135 136 134
128 131 137
135 128 137
138 137 131
138 135 137
138 131 139
138 139 140
135 141 136
138 141 135
136 141 142
142 141 138
136 142 143
144 143 142
138 140 145
142 138 145
145 140 146
144 142 147
144 147 148
142 145 149
145 146 149
142 149 147
148 147 150
150 147 149
148 150 151
150 149 152
152 149 146
152 146 153
154 155 156
154 157 155
158 155 157
154 159 157
154 160 159
161 159 160
162 159 161
161 160 163
161 163 164
157 159 165
162 165 159
158 157 166
157 165 166
161 164 167
162 161 167
168 158 166
168 169 158
166 165 170
162 170 165
166 170 168
171 169 168
171 172 169
173 167 164
173 164 174
174 175 173
176 173 175
176 175 177
173 176 178
178 167 173
178 176 179
179 180 178
181 180 179
182 180 181
178 183 167
180 183 178
184 172 171
184 185 172
186 185 184
186 187 185
171 188 184
186 184 188
189 187 186
189 190 187
182 191 180
192 191 182
183 193 167
162 167 193
171 194 188
194 171 168
194 168 170
190 189 195
190 195 196
197 196 195
195 198 197
197 199 196
199 197 200
198 200 197
199 200 201
200 202 201
200 203 202
203 200 204
198 204 200
203 204 205
206 205 204
206 204 207
207 204 198
207 208 206
209 195 189
195 210 198
209 210 195
211 209 189
211 189 186
186 188 211
212 211 188
194 212 188
213 209 211
212 213 211
214 210 209
213 214 209
198 210 215
214 215 210
207 198 216
198 215 216
216 217 207
207 217 208
218 216 215
216 218 217
219 215 214
218 215 219
213 220 214
219 214 220
219 220 221
213 222 220
222 221 220
222 213 212
223 218 219
223 217 218
224 208 217
224 225 208
226 225 224
219 221 227
223 219 227
228 224 217
228 217 223
226 224 229
230 226 229
230 229 231
229 232 231
224 233 229
229 233 232
224 228 233
233 234 232
235 223 227
235 227 221
228 236 233
233 236 234
237 228 223
228 237 236
235 237 223
234 236 238
237 238 236
234 238 239
235 240 237
237 240 238
239 238 241
239 241 242
241 238 243
240 243 238
242 241 244
244 241 243
242 244 245
244 243 246
243 247 246
240 248 243
243 248 247
249 240 235
249 248 240
247 248 250
249 250 248
247 250 251
249 235 252
235 221 252
253 250 249
252 253 249
251 250 254
253 254 250
251 254 255
254 256 255
221 257 252
252 257 253
258 254 253
257 258 253
254 259 256
258 259 254
259 260 256
221 261 257
222 261 221
259 262 260
262 263 260
264 257 261
257 264 258
265 261 222
264 261 265
266 262 259
266 259 258
262 267 263
267 262 266
268 263 267
258 264 269
265 269 264
258 269 266
265 222 270
222 212 270
270 212 271
194 271 212
271 194 170
271 170 272
162 272 170
270 271 273
273 271 272
274 272 162
273 272 274
274 162 193
265 270 275
270 273 275
276 274 193
183 276 193
274 277 273
275 273 277
276 277 274
265 275 278
265 278 269
275 277 279
279 277 276
278 275 279
280 276 183
279 276 280
269 278 281
278 279 281
280 183 282
180 282 183
283 282 180
280 282 283
283 180 191
279 280 284
279 284 281
280 283 284
269 281 285
266 269 285
283 191 286
192 286 191
287 284 283
283 286 287
288 281 284
288 285 281
287 288 284
289 286 192
287 286 289
289 192 290
291 289 290
266 285 292
267 266 292
288 287 293
287 289 293
291 294 289
293 289 294
295 294 291
285 288 296
285 296 292
288 293 296
292 297 267
292 296 297
268 267 297
295 298 294
293 294 298
298 296 293
298 297 296
268 297 298
298 295 299
298 299 268
300 301 302
300 303 301
304 303 300
303 305 301
304 306 303
307 306 304
303 308 305
306 308 303
309 305 308
309 310 305
309 311 310
311 312 310
307 313 306
306 314 308
313 314 306
307 315 313
316 315 307
308 317 309
308 314 317
318 317 314
313 319 314
315 319 313
318 314 319
309 317 320
318 320 317
315 321 319
321 318 319
316 322 315
323 321 315
323 315 322
316 324 322
324 323 322
316 325 324
326 324 325
326 325 327
321 328 318
323 328 321
324 329 323
326 329 324
323 330 328
329 330 323
328 331 318
328 332 331
328 330 332
318 331 333
318 333 320
330 334 332
320 333 335
330 336 334
329 336 330
334 336 337
329 337 336
334 337 338
326 339 329
329 339 337
338 337 340
341 338 340
342 339 326
326 327 342
337 339 343
337 343 340
342 343 339
341 340 344
344 340 343
327 345 342
327 346 345
347 343 342
344 343 347
347 342 345
348 341 344
347 348 344
349 341 348
347 350 348
350 349 348
345 350 347
350 351 349
352 351 350
346 353 345
352 353 346
345 353 350
352 350 353
354 355 356
354 356 357
357 356 358
354 357 359
354 359 360
357 358 361
359 357 361
358 362 361
358 363 362
361 362 364
361 364 365
359 361 365
364 366 365
366 367 365
365 367 359
368 367 366
369 360 359
359 367 369
367 370 369
369 371 360
370 371 369
370 372 371
370 373 372
368 374 367
367 374 370
368 375 374
374 375 376
374 376 377
377 370 374
377 376 378
370 379 373
377 379 370
380 373 379
380 379 377
380 381 373
380 382 381
377 378 383
380 377 383
378 384 383
384 380 383
378 385 384
386 384 385
380 387 382
384 387 380
387 388 382
386 389 384
386 390 389
384 391 387
387 391 388
384 389 391
390 392 389
392 391 389
390 393 392
392 394 391
394 388 391
394 395 388
396 397 398
396 399 397
399 396 400
397 399 401
397 401 402
403 402 401
404 403 401
403 405 402
403 406 405
399 407 401
404 401 407
399 400 408
399 408 407
403 409 406
404 409 403
400 410 408
400 411 410
408 412 407
404 407 412
408 410 412
411 413 410
411 414 413
415 406 409
415 416 406
416 415 417
418 417 415
418 419 417
415 420 418
420 415 409
420 421 418
421 420 422
423 421 422
424 423 422
420 409 425
422 420 425
414 426 413
414 427 426
428 426 427
428 427 429
413 426 430
428 430 426
431 428 429
431 429 432
424 422 433
434 424 433
425 409 435
404 435 409
413 430 436
436 410 413
436 412 410
437 431 432
437 432 438
438 439 437
437 439 440
438 441 439
442 439 441
440 439 442
442 441 443
444 442 443
444 445 442
445 446 442
440 442 446
445 447 446
448 446 447
448 449 446
449 440 446
449 448 450
451 431 437
437 440 452
451 437 452
453 431 451
453 428 431
428 453 430
454 430 453
436 430 454
455 453 451
454 453 455
456 451 452
455 451 456
440 457 452
456 452 457
449 458 440
440 458 457
449 450 459
458 449 459
460 457 458
458 459 460
461 456 457
460 461 457
455 456 462
461 462 456
461 463 462
455 462 464
464 462 463
464 454 455
465 461 460
459 465 460
466 459 450
466 450 467
468 466 467
461 469 463
465 469 461
470 459 466
470 465 459
468 471 466
472 471 468
472 473 471
471 473 474
466 471 475
471 474 475
466 475 470
475 474 476
477 469 465
477 463 469
470 475 478
475 476 478
479 465 470
470 478 479
477 465 479
476 480 478
479 478 480
476 481 480
477 479 482
479 480 482
481 483 480
481 484 483
483 485 480
482 480 485
484 486 483
486 485 483
484 487 486
486 488 485
485 488 489
482 485 490
485 489 490
491 477 482
491 482 490
489 492 490
491 490 492
489 493 492
491 494 477
477 494 463
493 495 492
493 496 495
495 496 497
498 491 492
494 491 498
498 492 495
463 494 499
494 498 499
495 497 500
500 497 501
502 498 495
499 498 502
502 495 500
463 499 503
464 463 503
500 501 504
504 501 505
506 503 499
499 502 506
507 464 503
506 507 503
508 502 500
508 500 504
504 505 509
509 508 504
510 509 505
502 511 506
507 506 511
502 508 511
507 512 464
464 512 454
512 513 454
436 454 513
513 412 436
513 514 412
404 412 514
512 515 513
515 514 513
516 404 514
515 516 514
516 435 404
507 517 512
512 517 515
518 435 516
425 435 518
516 515 519
517 519 515
518 516 519
507 520 517
507 511 520
517 521 519
521 518 519
520 521 517
522 425 518
521 522 518
511 523 520
520 523 521
522 524 425
422 425 524
525 422 524
522 525 524
525 433 422
521 526 522
521 523 526
522 526 525
511 527 523
508 527 511
525 528 433
434 433 528
529 525 526
525 529 528
530 526 523
530 523 527
529 526 530
531 434 528
529 531 528
531 532 434
533 532 531
508 534 527
509 534 508
530 535 529
529 535 531
533 531 536
535 536 531
537 533 536
527 538 530
527 534 538
530 538 535
534 509 539
534 539 538
510 539 509
537 536 540
535 540 536
540 535 538
540 538 539
510 540 539
540 541 537
540 510 541
542 543 544
542 544 545
546 542 545
545 544 547
546 545 548
549 546 548
545 547 550
548 545 550
551 550 547
551 547 552
551 552 553
553 552 554
549 548 555
548 550 556
555 548 556
549 555 557
558 549 557
550 551 559
550 559 556
560 556 559
551 561 559
560 559 561
555 556 562
557 555 562
560 562 556
557 562 563
563 562 560
558 557 564
565 557 563
565 564 557
558 564 566
566 564 565
558 566 567
568 567 566
568 569 567
563 560 570
565 563 570
566 565 571
568 566 571
565 570 572
571 565 572
570 560 573
570 573 574
570 574 572
560 575 573
560 561 575
572 574 576
561 577 575
572 576 578
571 572 578
576 579 578
571 578 579
576 580 579
568 571 581
571 579 581
580 582 579
583 582 580
584 568 581
568 584 569
579 585 581
579 582 585
584 581 585
583 586 582
586 585 582
569 584 587
569 587 588
589 584 585
586 589 585
589 587 584
590 586 583
589 586 590
591 590 583
589 590 592
592 590 591
587 589 592
592 591 593
594 592 593
588 587 595
594 588 595
587 592 595
594 595 592
596 597 598
596 598 599
600 596 599
600 601 596
598 602 599
602 600 599
598 603 602
604 601 600
604 605 601
603 606 602
603 607 606
608 602 606
602 609 600
608 609 602
609 604 600
610 609 608
609 610 604
610 608 611
610 611 612
613 605 604
613 604 610
613 614 605
610 612 615
613 610 615
616 614 613
615 616 613
616 617 614
616 618 617
616 619 618
619 616 620
615 620 616
612 620 615
612 621 620
622 623 624
622 625 623
626 625 622
626 622 627
623 625 628
628 625 626
623 628 629
630 626 627
630 627 631
629 628 632
629 632 633
634 632 628
628 626 635
634 628 635
635 626 630
636 634 635
635 630 636
636 637 634
636 638 637
639 630 631
639 636 630
639 631 640
636 641 638
639 641 636
642 639 640
641 639 642
642 640 643
642 643 644
642 644 645
645 646 642
641 642 646
638 641 646
638 646 647
648 649 650
649 648 651
652 653 654
652 654 655
656 655 654
656 654 657
657 658 656
657 659 658
660 658 659
660 661 658
661 660 662
661 662 663
663 662 664
663 664 665
665 664 666
667 665 668
669 667 670
669 666 671
672 673 666
674 675 671
674 673 675
676 677 678
676 679 677
680 681 682
682 683 680
684 685 686
684 687 685
688 685 687
688 689 685
689 688 690
689 690 691
692 691 690
692 690 693
693 694 692
693 695 694
695 696 694
695 697 696
697 698 696
699 700 697
701 702 699
701 703 698
704 698 705
706 707 703
705 707 706
708 709 710
709 708 711
712 713 714
712 715 713
716 712 714
715 717 713
716 718 712
715 712 719
719 712 718
716 720 718
716 721 720
721 722 720
723 722 721
720 724 718
718 725 719
718 724 725
722 726 720
720 726 724
724 727 725
724 728 727
728 724 726
727 729 725
730 719 725
730 725 729
730 729 731
727 732 729
731 729 732
730 733 719
715 719 733
722 734 726
735 734 722
723 735 722
736 735 723
736 723 737
735 738 734
736 738 735
726 734 739
739 734 738
737 740 736
741 740 737
736 742 738
740 742 736
726 739 743
728 726 743
739 738 744
742 744 738
739 745 743
745 728 743
739 746 745
739 744 746
745 747 728
748 746 744
749 728 747
749 747 750
728 749 727
751 749 750
751 727 749
751 750 752
742 753 744
748 744 753
752 754 751
752 755 754
756 753 742
740 756 742
757 748 753
756 757 753
757 758 748
759 756 740
741 759 740
757 760 758
760 761 758
762 757 756
759 762 756
762 760 757
741 763 759
763 762 759
741 764 763
760 762 765
763 765 762
760 766 761
760 765 766
764 767 763
764 768 767
769 765 763
769 763 767
768 769 767
766 765 769
768 770 769
771 761 766
766 769 771
770 771 769
772 761 771
770 772 771
773 751 754
727 751 773
773 754 774
775 773 774
727 773 776
775 776 773
727 776 777
727 777 732
774 754 778
778 754 755
778 755 779
775 780 776
780 777 776
781 732 777
731 732 781
782 731 781
780 783 777
781 777 783
775 784 780
783 780 784
783 784 785
775 786 784
785 787 783
781 783 787
782 781 787
782 787 788
782 788 789
782 789 790
312 782 790
791 786 775
312 792 782
311 792 312
782 792 731
731 792 311
731 311 793
730 731 793
309 793 311
791 775 794
775 774 794
791 794 795
791 795 796
794 774 797
794 797 795
774 778 797
796 795 798
798 799 796
797 778 800
778 779 800
795 797 801
795 801 798
797 800 801
798 802 799
801 802 798
803 800 779
803 779 804
800 805 801
800 803 805
801 805 802
806 803 804
805 803 806
806 804 807
799 802 808
799 808 809
802 805 810
805 806 810
802 810 808
806 807 811
810 806 811
809 808 812
812 813 809
808 810 814
808 814 812
810 811 814
815 811 807
815 807 816
812 817 813
817 812 814
811 818 814
811 815 818
817 814 818
819 815 816
818 815 819
819 816 820
821 819 820
818 819 822
817 818 822
821 822 819
823 813 817
817 822 823
823 822 821
823 824 813
823 821 824
309 825 793
309 320 825
825 320 826
320 335 826
335 827 826
335 828 827
827 828 829
825 826 830
830 826 827
831 793 825
830 831 825
830 827 832
831 830 832
831 832 833
834 793 831
833 834 831
730 793 834
730 834 733
833 733 834
827 829 835
832 827 835
836 835 829
836 829 837
832 835 838
833 832 838
838 835 836
837 839 836
840 839 837
838 836 841
841 836 839
840 842 839
841 839 843
843 839 842
838 841 844
844 841 843
833 838 845
838 844 845
840 846 842
840 847 846
848 846 847
848 847 849
842 846 850
850 846 848
843 842 851
842 850 851
844 843 852
852 843 851
845 844 853
852 853 844
845 853 854
852 855 853
852 851 856
852 856 855
856 851 850
857 855 856
858 845 854
858 854 859
845 858 833
860 858 859
861 833 858
860 861 858
733 833 861
856 850 862
857 856 862
863 861 860
863 860 864
733 861 865
863 865 861
715 733 865
862 850 866
850 848 866
857 862 867
862 866 867
857 867 868
864 869 863
870 869 864
863 871 865
871 715 865
871 863 869
866 848 872
848 849 872
868 867 873
874 868 873
867 866 875
866 872 875
867 875 873
849 876 872
876 875 872
849 877 876
871 878 715
715 878 717
871 869 879
878 871 879
880 717 878
878 879 880
880 881 717
875 882 873
874 873 882
879 869 883
870 883 869
880 884 881
885 881 884
880 879 886
879 883 886
880 886 884
887 883 870
887 886 883
887 870 888
889 884 886
887 889 886
888 890 887
889 887 890
891 890 888
885 884 892
889 892 884
889 890 893
892 889 893
894 885 892
892 893 894
894 895 885
891 896 890
893 890 896
894 897 895
897 898 895
894 893 899
893 896 899
894 899 897
900 899 896
897 899 900
901 896 891
900 896 901
901 891 902
903 901 902
903 900 901
903 902 904
903 904 905
903 905 906
903 906 900
906 905 907
906 907 908
908 900 906
907 898 908
897 909 898
897 900 909
908 909 900
908 898 909
910 876 877
910 877 911
910 911 912
876 910 913
910 912 913
876 913 914
876 914 875
875 914 882
913 882 914
912 915 913
913 915 882
912 916 915
915 874 882
915 916 874
917 918 919
917 919 920
921 918 917
920 919 922
921 917 923
920 924 917
924 923 917
921 923 925
921 925 926
926 925 927
928 926 927
925 923 929
923 924 930
923 930 929
927 925 931
925 929 931
929 930 932
929 932 933
933 931 929
932 930 934
935 930 924
935 934 930
935 936 934
932 934 937
936 937 934
935 924 938
920 938 924
927 931 939
940 927 939
928 927 940
941 928 940
941 942 928
940 939 943
941 940 943
931 944 939
944 943 939
942 941 945
946 942 945
941 943 947
945 941 947
931 948 944
933 948 931
944 949 943
947 943 949
944 948 950
950 948 933
944 950 951
944 951 949
950 933 952
953 949 951
954 952 933
954 955 952
933 932 954
956 955 954
956 954 932
956 957 955
947 949 958
953 958 949
957 956 959
957 959 960
961 947 958
945 947 961
962 958 953
961 958 962
962 953 963
964 945 961
946 945 964
962 963 965
965 963 966
967 961 962
964 961 967
967 962 965
946 964 968
968 964 967
946 968 969
965 970 967
968 967 970
965 966 971
965 971 970
969 968 972
969 972 973
974 968 970
974 972 968
973 972 974
971 974 970
973 974 975
976 971 966
971 976 974
975 974 976
977 976 966
975 976 977
978 959 956
932 978 956
978 979 959
980 979 978
932 981 978
980 978 981
932 982 981
932 937 982
979 983 959
983 960 959
983 984 960
980 981 985
985 981 982
986 982 937
936 986 937
987 986 936
985 982 988
986 988 982
980 985 989
988 989 985
988 990 989
980 989 991
990 988 992
986 992 988
987 992 986
987 993 992
987 994 993
987 995 994
554 995 987
996 980 991
554 987 997
553 554 997
987 936 997
936 553 997
936 998 553
935 998 936
551 553 998
996 999 980
980 999 979
996 1000 999
996 1001 1000
999 1002 979
999 1000 1002
979 1002 983
1001 1003 1000
1003 1001 1004
1002 1005 983
983 1005 984
1000 1006 1002
1000 1003 1006
1002 1006 1005
1003 1004 1007
1006 1003 1007
1008 984 1005
1008 1009 984
1005 1006 1010
1005 1010 1008
1006 1007 1010
1011 1009 1008
1010 1011 1008
1011 1012 1009
1004 1013 1007
1004 1014 1013
1007 1015 1010
1010 1015 1011
1007 1013 1015
1011 1016 1012
1015 1016 1011
1014 1017 1013
1017 1014 1018
1013 1019 1015
1013 1017 1019
1015 1019 1016
1020 1012 1016
1020 1021 1012
1017 1018 1022
1022 1019 1017
1016 1019 1023
1016 1023 1020
1022 1023 1019
1024 1021 1020
1023 1024 1020
1024 1025 1021
1026 1025 1024
1023 1027 1024
1022 1027 1023
1026 1024 1027
1028 1022 1018
1022 1028 1027
1028 1026 1027
1028 1018 1029
1028 1029 1026
551 998 1030
551 1030 561
1031 1030 998
561 1030 1032
1032 1030 1031
1033 1031 998
1034 1031 1033
935 1033 998
935 938 1033
1034 1033 938
561 1032 1035
561 1035 577
577 1035 1036
1032 1036 1035
577 1036 1037
1036 1038 1037
1031 1039 1032
1032 1039 1036
1031 1034 1039
1036 1040 1038
1039 1040 1036
1041 1038 1040
1041 1042 1038
1039 1043 1040
1034 1043 1039
1043 1041 1040
1042 1041 1044
1045 1042 1044
1043 1046 1041
1046 1044 1041
1045 1044 1047
1046 1048 1044
1048 1047 1044
1043 1049 1046
1049 1048 1046
1034 1050 1043
1043 1050 1049
1045 1047 1051
1045 1051 1052
1053 1052 1051
1053 1054 1052
1047 1055 1051
1055 1053 1051
1048 1056 1047
1047 1056 1055
1049 1057 1048
1057 1056 1048
1050 1058 1049
1057 1049 1058
1050 1059 1058
1057 1058 1060
1057 1061 1056
1057 1060 1061
1061 1055 1056
1062 1061 1060
1063 1059 1050
1063 1064 1059
1050 1034 1063
1065 1064 1063
1066 1063 1034
1065 1063 1066
938 1066 1034
1061 1067 1055
1062 1067 1061
1068 1065 1066
1068 1069 1065
938 1070 1066
1068 1066 1070
920 1070 938
1067 1071 1055
1055 1071 1053
1062 1072 1067
1067 1072 1071
1062 1073 1072
1069 1068 1074
1075 1069 1074
1068 1070 1076
1076 1070 920
1076 1074 1068
1071 1077 1053
1053 1077 1054
1073 1078 1072
1079 1078 1073
1072 1080 1071
1071 1080 1077
1072 1078 1080
1054 1077 1081
1081 1077 1080
1054 1081 1082
1076 920 1083
920 922 1083
1079 1084 1078
1080 1078 1084
1083 1085 1076
1076 1085 1074
1086 1083 922
1083 1086 1085
1086 922 1087
1085 1088 1074
1075 1074 1088
1086 1087 1089
1090 1089 1087
1086 1091 1085
1085 1091 1088
1086 1089 1091
1092 1075 1088
1092 1088 1091
1092 1093 1075
1094 1091 1089
1092 1091 1094
1093 1092 1095
1094 1095 1092
1096 1093 1095
1090 1097 1089
1094 1089 1097
1094 1098 1095
1097 1098 1094
1099 1097 1090
1097 1099 1098
1099 1090 1100
1096 1095 1101
1098 1101 1095
1099 1100 1102
1102 1100 1103
1099 1104 1098
1098 1104 1101
1099 1102 1104
1105 1101 1104
1102 1105 1104
1106 1096 1101
1105 1106 1101
1106 1107 1096
1108 1107 1106
1108 1106 1105
1108 1109 1107
1108 1110 1109
1108 1111 1110
1108 1105 1111
1111 1112 1110
1111 1113 1112
1112 1113 1103
1113 1111 1105
1102 1103 1114
1113 1114 1103
1113 1105 1114
1102 1114 1105
1115 1082 1081
1115 1116 1082
1115 1117 1116
1081 1118 1115
1115 1118 1117
1081 1119 1118
1081 1080 1119
1080 1084 1119
1118 1119 1084
1117 1118 1120
1118 1084 1120
1117 1120 1121
1120 1084 1079
1120 1079 1121
1122 1123 1124
1125 1124 1123
1126 1122 1124
1126 1127 1122
1125 1128 1124
1126 1124 1128
1129 1128 1125
1130 1127 1126
1130 1131 1127
1129 1132 1128
1133 1132 1129
1126 1128 1134
1134 1130 1126
1132 1134 1128
1134 1135 1130
1136 1131 1130
1136 1137 1131
1136 1138 1137
1133 1139 1132
1139 1133 1140
1141 1130 1135
1141 1136 1130
1142 1139 1140
1143 1142 1140
1143 1144 1142
1145 1142 1144
1139 1142 1145
1145 1144 1146
1145 1146 1147
1148 1132 1139
1139 1145 1148
1145 1147 1149
1148 1145 1149
1149 1147 1150
1148 1151 1132
1132 1151 1134
1148 1149 1152
1151 1148 1152
1151 1152 1153
1151 1154 1134
1153 1154 1151
1154 1135 1134
1149 1150 1155
1156 1152 1149
1156 1149 1155
1150 1157 1155
1156 1155 1157
1150 1158 1157
1159 1153 1152
1152 1156 1159
1160 1159 1156
1161 1157 1158
1161 1158 1162
1161 1162 1163
1156 1157 1164
1160 1156 1164
1165 1164 1157
1165 1157 1161
1165 1160 1164
1161 1163 1166
1165 1161 1166
1163 1167 1166
1163 1168 1167
1167 1168 1169
1165 1166 1170
1166 1167 1171
1166 1171 1170
1167 1169 1172
1171 1167 1172
1173 1165 1170
1165 1173 1160
1173 1170 1174
1174 1170 1171
1169 1175 1172
1169 1176 1175
1176 1177 1175
1176 1178 1177
1179 1172 1175
1177 1179 1175
1178 1180 1177
1177 1180 1179
1178 1181 1180
1180 1181 1182
1171 1172 1183
1179 1183 1172
1180 1184 1179
1183 1179 1184
1180 1182 1185
1180 1185 1184
1182 1184 1185
1182 1186 1184
1186 1187 1184
1183 1184 1187
1186 1188 1187
1189 1187 1188
1190 1171 1183
1190 1183 1187
1189 1190 1187
1174 1171 1190
1189 1174 1190
1189 1191 1174
1192 1174 1191
1192 1173 1174
1160 1173 1192
1160 1192 1193
1193 1194 1160
1193 1195 1194
1159 1160 1194
1195 1196 1194
1159 1194 1196
1195 1197 1196
1198 1159 1196
1198 1153 1159
1199 1196 1197
1199 1197 1200
1201 1199 1200
1198 1196 1202
1202 1196 1199
1203 1198 1202
1203 1202 1204
1202 1199 1204
1201 1205 1199
1205 1204 1199
1206 1205 1201
1206 1201 1207
1208 1206 1207
1205 1209 1204
1209 1205 1206
1198 1210 1153
1203 1210 1198
1203 1204 1211
1209 1211 1204
1208 1212 1206
1209 1206 1213
1212 1213 1206
1208 1214 1212
1208 1215 1214
1216 1214 1215
1216 1215 1217
1212 1214 1218
1218 1214 1216
1219 1216 1217
1218 1216 1219
1219 1217 1220
1212 1221 1213
1212 1218 1221
1209 1213 1222
1221 1222 1213
1209 1223 1211
1209 1222 1223
1224 1219 1220
1224 1220 1225
1226 1219 1224
1226 1224 1225
1226 1218 1219
1226 1225 1227
1218 1228 1221
1218 1226 1228
1228 1226 1227
1221 1228 1222
1228 1227 1229
1228 1229 1230
1228 1230 1222
1231 1222 1230
1231 1223 1222
1223 1231 1232
1223 1232 1211
1203 1211 1232
1203 1232 1233
1203 1233 1234
1203 1234 1235
1234 1236 1235
1210 1203 1235
1236 1210 1235
1234 1237 1236
1238 1236 1237
1236 1239 1210
1210 1239 1153
1238 1240 1236
1241 1240 1238
1236 1242 1239
1242 1236 1240
1239 1242 1243
1239 1244 1153
1153 1244 1154
1242 1240 1245
1243 1242 1245
1241 1246 1240
1246 1245 1240
1247 1246 1241
1247 1241 1248
1249 1247 1248
1246 1250 1245
1250 1246 1247
1239 1251 1244
1239 1243 1251
1243 1245 1252
1250 1252 1245
1154 1244 1253
1254 1244 1251
1254 1253 1244
1255 1254 1251
1154 1253 1256
1154 1256 1135
1256 1253 1257
1257 1253 1254
1243 1258 1251
1258 1255 1251
1243 1259 1258
1259 1255 1258
1243 1260 1259
1260 1243 1252
1259 1261 1255
1260 1252 1262
1263 1255 1261
1264 1262 1252
1250 1264 1252
1264 1265 1262
1263 1266 1255
1267 1266 1263
1255 1268 1254
1266 1268 1255
1264 1250 1269
1250 1247 1269
1265 1264 1270
1264 1269 1270
1265 1270 1271
1272 1269 1247
1249 1272 1247
1273 1270 1269
1272 1273 1269
1274 1271 1270
1273 1274 1270
1274 1275 1271
1276 1275 1274
1249 1277 1272
1249 1278 1277
1279 1273 1272
1274 1273 1279
1279 1272 1277
1276 1274 1280
1274 1279 1280
1281 1276 1280
1281 1280 1282
1279 1282 1280
1283 1281 1282
1279 1284 1282
1283 1282 1284
1277 1284 1279
1285 1283 1284
1286 1277 1278
1286 1278 1285
1277 1286 1284
1285 1284 1286
1268 1287 1254
1257 1254 1287
1268 1288 1287
1289 1288 1268
1266 1289 1268
1290 1289 1266
1267 1290 1266
1291 1290 1267
1291 1267 1292
1291 1292 1293
1290 1294 1289
1291 1294 1290
1289 1295 1288
1294 1295 1289
1296 1287 1288
1296 1288 1295
1296 1297 1287
1257 1287 1297
1296 1295 1298
1257 1297 1299
1300 1298 1295
1294 1300 1295
1300 1301 1298
1300 1302 1301
1299 1303 1257
1256 1257 1303
1299 1304 1303
1303 1135 1256
1304 1305 1303
1303 1305 1135
1304 1306 1305
1307 1305 1306
1308 1135 1305
1307 1308 1305
1309 1308 1307
1308 1141 1135
1309 1310 1308
1310 1141 1308
1310 1309 1311
1310 1312 1141
1136 1141 1312
1310 1311 1313
1312 1310 1313
1136 1312 1314
1136 1314 1138
1315 1313 1311
1315 1311 1316
1312 1313 1317
1314 1312 1317
1315 1317 1313
1138 1314 1318
1314 1317 1318
1138 1318 1319
1318 1320 1319
1321 1315 1316
1321 1316 1322
1315 1323 1317
1323 1318 1317
1323 1315 1321
1322 1324 1321
1323 1321 1324
1322 1325 1324
1323 1326 1318
1318 1326 1320
1324 1326 1323
1327 1324 1325
1324 1327 1326
1327 1320 1326
1327 1325 1328
1327 1328 1320
1291 1329 1294
1300 1294 1329
1329 1291 1330
1291 1293 1330
1300 1329 1331
1300 1331 1302
1331 1329 1332
1329 1330 1332
1333 1332 1330
1334 1330 1293
1333 1330 1334
1334 1293 1335
1302 1331 1336
1331 1332 1336
1336 1332 1333
1302 1336 1337
1336 1338 1337
1335 1339 1334
1333 1334 1339
1335 1340 1339
1336 1341 1338
1336 1333 1341
1342 1338 1341
1343 1339 1340
1333 1339 1343
1343 1340 1344
1342 1341 1345
1333 1345 1341
1333 1343 1345
1344 1342 1345
1344 1345 1343
1346 1347 1348
1349 1348 1347
1350 1347 1346
1350 1346 1351
1349 1347 1352
1350 1352 1347
1353 1349 1352
1354 1350 1351
1354 1351 1355
1353 1352 1356
1357 1353 1356
1350 1358 1352
1358 1350 1354
1356 1352 1358
1358 1354 1359
1360 1354 1355
1360 1355 1361
1360 1361 1362
1357 1356 1363
1363 1364 1357
1365 1359 1354
1365 1354 1360
1366 1364 1363
1367 1364 1366
1367 1366 1368
1369 1368 1366
1363 1369 1366
1369 1370 1368
1369 1371 1370
1372 1363 1356
1363 1372 1369
1369 1373 1371
1372 1373 1369
1373 1374 1371
1372 1356 1375
1356 1358 1375
1372 1376 1373
1375 1376 1372
1375 1377 1376
1375 1358 1378
1377 1375 1378
1378 1358 1359
1373 1379 1374
1380 1373 1376
1380 1379 1373
1374 1379 1381
1380 1381 1379
1374 1381 1382
1383 1376 1377
1376 1383 1380
1384 1380 1383
1380 1385 1381
1384 1385 1380
1386 1382 1381
1386 1387 1382
1386 1388 1387
1389 1381 1385
1389 1386 1381
1389 1385 1384
1386 1390 1388
1389 1390 1386
1388 1390 1391
1388 1391 1392
1391 1393 1392
1389 1394 1390
1390 1395 1391
1390 1394 1395
1391 1396 1393
1395 1396 1391
1397 1394 1389
1389 1384 1397
1397 1398 1394
1398 1395 1394
1393 1396 1399
1393 1399 1400
1400 1399 1401
1400 1401 1402
1403 1399 1396
1401 1399 1403
1402 1401 1404
1401 1403 1404
1402 1404 1405
1404 1406 1405
1395 1407 1396
1403 1396 1407
1404 1403 1408
1407 1408 1403
1404 1409 1406
1404 1408 1409
1406 1409 1408
1406 1408 1410
1410 1408 1411
1407 1411 1408
1410 1411 1412
1413 1412 1411
1414 1407 1395
1414 1411 1407
1413 1411 1414
1398 1414 1395
1413 1414 1398
1413 1398 1415
1416 1415 1398
1416 1398 1397
1384 1416 1397
1384 1417 1416
1417 1384 1418
1417 1418 1419
1383 1418 1384
1419 1418 1420
1383 1420 1418
1419 1420 1421
1422 1420 1383
1422 1383 1377
1423 1421 1420
1423 1424 1421
1425 1424 1423
1422 1426 1420
1426 1423 1420
1427 1426 1422
1427 1428 1426
1426 1428 1423
1425 1423 1429
1429 1423 1428
1430 1425 1429
1430 1431 1425
1432 1431 1430
1429 1428 1433
1433 1430 1429
1422 1377 1434
1427 1422 1434
1427 1435 1428
1433 1428 1435
1432 1430 1436
1433 1437 1430
1436 1430 1437
1432 1436 1438
1432 1438 1439
1440 1439 1438
1440 1441 1439
1436 1442 1438
1442 1440 1438
1443 1441 1440
1442 1443 1440
1443 1444 1441
1436 1437 1445
1436 1445 1442
1433 1446 1437
1445 1437 1446
1433 1435 1447
1433 1447 1446
1448 1444 1443
1448 1449 1444
1450 1448 1443
1450 1449 1448
1450 1443 1442
1450 1451 1449
1442 1445 1452
1442 1452 1450
1452 1451 1450
1445 1446 1452
1452 1453 1451
1452 1454 1453
1452 1446 1454
1455 1454 1446
1455 1446 1447
1447 1456 1455
1447 1435 1456
1427 1456 1435
1427 1457 1456
1427 1458 1457
1427 1459 1458
1458 1459 1460
1434 1459 1427
1460 1459 1434
1458 1460 1461
1462 1461 1460
1460 1434 1463
1434 1377 1463
1462 1460 1464
1465 1462 1464
1463 1377 1466
1377 1378 1466
1467 1464 1460
1460 1463 1467
1463 1468 1467
1467 1469 1464
1468 1469 1467
1465 1464 1470
1470 1464 1469
1471 1465 1470
1471 1472 1465
1473 1472 1471
1470 1469 1474
1474 1471 1470
1463 1466 1475
1463 1475 1468
1468 1476 1469
1474 1469 1476
1378 1477 1466
1478 1475 1466
1478 1466 1477
1479 1475 1478
1378 1480 1477
1378 1359 1480
1480 1481 1477
1481 1478 1477
1468 1475 1482
1482 1475 1479
1468 1482 1483
1483 1482 1479
1468 1483 1484
1484 1476 1468
1483 1479 1485
1484 1486 1476
1487 1485 1479
1488 1476 1486
1474 1476 1488
1488 1486 1489
1487 1479 1490
1491 1487 1490
1488 1492 1474
1474 1492 1471
1489 1493 1488
1488 1493 1492
1489 1494 1493
1495 1471 1492
1473 1471 1495
1496 1493 1494
1496 1494 1497
1498 1496 1497
1499 1492 1493
1495 1492 1499
1499 1493 1496
1473 1495 1500
1473 1500 1501
1502 1495 1499
1496 1502 1499
1502 1500 1495
1498 1503 1496
1496 1503 1502
1504 1503 1498
1504 1505 1503
1502 1503 1505
1506 1505 1504
1502 1505 1507
1506 1507 1505
1500 1502 1507
1508 1507 1506
1509 1508 1501
1509 1501 1500
1500 1507 1509
1508 1509 1507
1490 1479 1510
1479 1478 1510
1510 1478 1511
1481 1511 1478
1490 1510 1512
1510 1511 1513
1512 1510 1513
1514 1490 1512
1491 1490 1514
1515 1491 1514
1515 1516 1491
1515 1517 1516
1514 1512 1518
1515 1514 1518
1512 1513 1519
1518 1512 1519
1520 1513 1511
1520 1519 1513
1520 1511 1521
1481 1521 1511
1520 1522 1519
1481 1523 1521
1524 1519 1522
1518 1519 1524
1524 1522 1525
1524 1525 1526
1523 1481 1527
1480 1527 1481
1523 1527 1528
1527 1480 1359
1528 1527 1529
1527 1359 1529
1528 1529 1530
1531 1530 1529
1532 1529 1359
1531 1529 1532
1533 1531 1532
1532 1359 1365
1533 1532 1534
1534 1532 1365
1534 1535 1533
1534 1365 1536
1360 1536 1365
1534 1537 1535
1536 1537 1534
1360 1538 1536
1360 1362 1538
1539 1535 1537
1539 1540 1535
1536 1541 1537
1538 1541 1536
1539 1537 1541
1362 1542 1538
1538 1542 1541
1362 1543 1542
1542 1543 1544
1545 1540 1539
1545 1546 1540
1539 1541 1547
1547 1541 1542
1547 1545 1539
1546 1545 1548
1547 1548 1545
1546 1548 1549
1547 1542 1550
1542 1544 1550
1548 1547 1550
1551 1549 1548
1548 1550 1551
1551 1550 1544
1551 1552 1549
1551 1544 1552
1515 1518 1553
1524 1553 1518
1553 1554 1515
1515 1554 1517
1524 1555 1553
1524 1526 1555
1555 1556 1553
1553 1556 1554
1557 1554 1556
1558 1517 1554
1557 1558 1554
1558 1559 1517
1526 1560 1555
1555 1560 1556
1560 1557 1556
1526 1561 1560
1560 1561 1562
1559 1558 1563
1557 1563 1558
1559 1563 1564
1560 1562 1565
1560 1565 1557
1566 1565 1562
1567 1564 1563
1557 1567 1563
1567 1568 1564
1566 1569 1565
1557 1565 1569
1557 1569 1567
1568 1567 1569
1568 1569 1566
