byte offset: 0
first index: 0
index count: 11550
topology: trianglelist
format: DXGI_FORMAT_R16_UINT

0 1 2
3 4 1
4 3 5
1 6 3
1 7 6
1 8 7
1 9 8
10 9 1
10 11 9
8 9 12
13 12 9
13 14 12
3 6 15
16 3 15
16 17 3
17 18 3
17 19 18
17 20 19
17 21 20
22 17 16
22 21 17
15 23 16
6 24 15
15 24 23
25 22 16
25 16 23
22 26 21
26 27 21
28 21 27
28 27 29
22 30 26
22 31 30
22 25 31
26 32 27
25 33 31
34 27 32
25 35 33
35 25 23
36 33 35
36 35 37
35 23 38
38 39 35
38 40 39
24 38 23
34 41 27
41 34 42
27 41 43
27 43 44
24 45 38
45 46 38
45 47 46
45 24 48
6 48 24
41 42 49
49 42 50
48 51 45
52 45 51
52 51 53
54 53 51
54 51 55
56 48 6
7 56 6
48 57 51
55 51 57
56 57 48
49 50 58
59 58 50
7 60 56
56 61 57
61 56 60
55 57 62
62 57 61
60 7 63
7 8 63
59 64 58
65 64 59
65 59 66
66 67 65
66 68 67
68 69 67
68 70 69
70 71 69
72 69 71
70 73 71
74 67 69
72 74 69
75 65 67
74 75 67
64 65 76
75 76 65
77 58 64
64 76 77
73 78 71
73 79 78
79 80 78
79 81 80
82 75 74
82 76 75
77 83 58
83 49 58
71 78 84
71 84 72
78 85 84
78 86 85
76 87 77
87 83 77
88 74 72
82 74 88
88 72 89
90 72 84
90 91 72
82 92 76
76 92 87
93 92 82
93 87 92
94 82 88
93 82 94
87 95 83
93 63 87
95 87 63
60 63 93
60 93 94
95 63 8
96 83 95
96 95 8
83 96 49
8 12 96
49 96 12
49 12 41
41 12 97
41 97 98
60 94 99
61 60 99
99 94 100
94 88 100
101 100 88
101 88 102
99 103 61
62 61 103
104 62 103
103 105 104
100 106 105
100 107 106
99 108 103
99 100 108
103 108 105
100 105 108
104 109 62
110 62 109
110 55 62
55 110 111
55 111 112
113 105 106
114 105 113
105 114 115
105 115 104
113 106 116
104 115 117
104 117 118
119 116 106
109 104 120
104 118 120
110 109 121
109 120 121
120 118 122
122 118 123
124 121 120
120 122 124
125 122 123
125 123 126
122 127 124
122 125 127
126 128 125
129 128 126
128 129 130
131 125 128
131 127 125
131 128 130
129 132 130
129 133 132
133 134 132
134 133 135
132 136 130
134 136 132
134 135 137
135 119 137
134 138 136
138 134 137
137 119 139
119 106 139
139 106 140
139 140 141
137 139 142
138 137 142
142 139 143
144 138 142
144 145 138
138 146 136
138 145 146
147 146 145
147 148 146
149 146 148
149 150 146
136 146 150
136 150 151
130 136 151
152 151 150
152 153 151
130 151 154
154 151 153
155 130 154
155 131 130
154 153 156
157 155 154
157 154 156
158 131 155
159 155 157
159 158 155
160 158 159
158 161 131
127 131 161
157 162 159
160 159 162
163 162 157
156 163 157
160 164 158
164 161 158
127 161 165
165 124 127
166 162 163
160 162 166
165 167 124
124 167 121
168 121 167
110 121 168
169 167 165
168 167 169
161 170 165
169 165 170
168 171 110
172 110 171
172 171 173
169 174 168
168 174 171
161 175 170
164 175 161
176 169 170
169 176 174
174 177 171
178 171 177
178 179 171
176 180 174
174 180 177
175 164 181
181 164 182
164 160 182
182 160 183
175 181 184
184 170 175
181 185 184
160 186 183
186 187 183
160 166 186
184 188 170
176 170 188
189 184 185
188 184 189
176 188 190
188 189 190
176 190 191
176 191 180
192 187 186
192 193 187
194 193 192
195 193 194
189 185 196
185 197 196
198 196 197
199 196 198
200 190 189
200 191 190
191 201 180
201 177 180
199 195 202
195 194 202
203 189 196
200 189 203
204 196 199
204 199 202
203 196 204
200 205 191
191 205 201
206 200 203
205 200 206
205 206 207
201 205 207
206 203 208
204 208 203
209 201 207
202 210 204
204 210 208
201 209 211
201 211 177
212 211 209
212 209 213
214 177 211
214 215 177
202 216 210
194 216 202
208 210 217
208 217 218
219 210 216
219 217 210
220 218 217
220 221 218
217 219 222
217 222 220
223 221 220
223 224 221
220 225 223
220 222 225
226 224 223
225 226 223
226 227 224
225 228 226
228 225 229
222 229 225
228 229 230
222 231 229
231 222 219
231 219 232
232 219 216
232 216 233
194 233 216
234 233 194
234 194 235
236 234 235
194 237 235
236 238 234
239 238 236
239 240 238
194 192 237
241 237 192
241 192 186
186 242 241
186 166 242
166 243 242
166 163 243
163 244 243
163 245 244
156 245 163
244 245 246
246 245 156
244 246 247
246 156 153
248 246 153
248 249 246
249 247 246
249 250 247
250 249 251
252 251 249
250 251 253
253 251 254
251 255 254
253 254 256
251 257 255
256 254 258
256 258 259
259 258 260
261 260 258
261 262 260
262 263 260
262 264 263
258 265 261
258 266 265
254 266 258
266 267 265
254 268 266
266 268 267
254 255 268
269 267 268
269 268 270
271 268 255
271 255 272
255 273 274
255 275 276
277 275 278
279 280 255
279 281 280
282 139 283
284 148 285
148 286 287
148 288 289
148 289 290
291 249 292
251 293 294
295 251 296
106 297 298
72 299 300
301 84 302
303 304 84
305 84 306
305 306 307
308 309 142
145 310 311
145 312 313
312 145 314
312 314 315
316 317 318
319 320 321
322 321 323
323 324 322
321 322 325
321 325 326
321 326 327
321 327 328
329 321 328
329 328 330
327 331 328
332 328 331
332 331 333
322 334 325
335 334 322
335 322 336
336 322 337
336 337 338
336 338 339
336 339 340
341 335 336
341 336 340
334 335 342
325 334 343
334 342 343
344 335 341
344 342 335
341 340 345
345 340 346
347 346 340
347 348 346
341 345 349
341 349 350
341 350 344
345 346 351
344 350 352
353 351 346
344 352 354
354 342 344
355 354 352
355 356 354
354 357 342
357 354 358
357 358 359
343 342 357
353 346 360
360 361 353
346 362 360
346 363 362
343 357 364
364 357 365
364 365 366
364 367 343
325 343 367
360 368 361
368 369 361
367 364 370
371 370 364
371 372 370
373 370 372
373 374 370
375 325 367
326 325 375
367 370 376
374 376 370
375 367 376
368 377 369
378 369 377
326 375 379
375 376 380
380 379 375
374 381 376
381 380 376
379 382 326
326 382 327
378 377 383
384 378 383
384 385 378
385 384 386
385 386 387
387 386 388
387 388 389
389 388 390
391 390 388
389 390 392
393 388 386
391 388 393
394 386 384
393 386 394
383 395 384
394 384 395
396 383 377
383 396 395
392 390 397
392 397 398
398 397 399
398 399 400
401 393 394
401 394 395
396 377 402
402 377 368
390 403 397
390 391 403
397 403 404
397 404 405
395 396 406
406 396 402
407 391 393
401 407 393
407 408 391
409 403 391
409 391 410
401 395 411
395 406 411
412 401 411
412 411 406
413 407 401
412 413 401
406 402 414
412 406 382
414 382 406
379 412 382
379 413 412
414 327 382
415 414 402
415 327 414
402 368 415
327 415 331
368 331 415
368 360 331
360 416 331
360 417 416
379 418 413
380 418 379
418 419 413
413 419 407
420 407 419
420 421 407
418 380 422
381 422 380
423 422 381
422 423 424
419 424 425
419 425 426
418 422 427
418 427 419
422 424 427
419 427 424
423 381 428
429 428 381
429 381 374
374 430 429
374 431 430
432 425 424
433 432 424
424 434 433
424 423 434
432 435 425
423 436 434
437 436 423
425 435 438
428 439 423
437 423 439
429 440 428
428 440 439
439 441 437
441 442 437
443 439 440
439 443 441
444 442 441
444 445 442
441 443 446
441 446 444
445 444 447
448 445 447
447 449 448
450 447 444
450 444 446
450 449 447
448 449 451
448 451 452
452 451 453
453 454 452
451 449 455
453 451 455
453 456 454
454 456 438
453 455 457
457 456 453
456 458 438
425 438 458
458 459 425
458 460 459
456 461 458
457 461 456
461 462 458
463 461 457
463 457 464
457 455 465
457 465 464
466 464 465
466 465 467
468 467 465
468 465 469
455 469 465
455 470 469
449 470 455
471 469 470
471 470 472
449 473 470
473 472 470
474 473 449
474 449 450
473 475 472
476 473 474
476 475 473
477 474 450
478 476 474
478 474 477
477 450 479
446 479 450
446 480 479
480 446 443
480 443 481
443 440 481
482 481 440
429 482 440
483 480 481
482 483 481
482 429 484
485 484 429
485 486 484
479 480 487
483 487 480
483 482 488
482 484 488
489 487 483
483 488 489
479 487 490
491 479 490
491 477 479
492 477 491
493 490 487
492 478 477
493 487 494
489 494 487
494 495 493
492 496 478
476 478 496
492 497 496
498 476 496
497 498 496
475 476 498
494 499 495
489 499 494
500 495 499
500 501 495
489 502 499
500 499 502
503 501 500
503 504 501
505 503 500
500 502 505
505 506 503
507 506 505
502 507 505
508 506 507
489 509 502
502 509 507
489 488 509
488 510 509
507 509 510
488 484 510
511 510 484
511 484 512
507 513 508
507 510 513
514 508 513
514 515 508
516 513 510
516 510 517
518 519 458
520 521 467
467 522 523
467 524 525
467 525 526
527 528 529
530 529 531
532 531 529
529 533 532
532 534 531
529 535 533
536 535 529
537 533 535
536 472 535
534 538 531
531 538 539
534 540 538
531 539 541
540 542 538
540 543 542
543 544 542
535 472 475
535 475 545
537 535 545
475 498 545
498 537 545
498 546 537
497 546 498
497 547 546
548 547 497
548 549 547
549 548 550
549 550 551
552 551 550
552 553 551
554 553 552
554 552 555
556 553 554
556 554 557
558 556 557
558 557 559
531 560 561
562 563 531
425 564 565
391 566 567
568 569 403
570 403 571
572 573 403
572 574 573
575 576 577
539 578 577
539 579 580
581 582 539
581 539 583
538 583 539
538 584 583
538 542 584
584 585 583
586 583 585
586 587 583
584 588 585
542 588 584
542 589 588
589 542 544
589 544 590
590 544 591
590 591 592
593 539 594
593 594 595
596 461 597
464 598 599
464 600 601
601 602 464
601 603 602
604 605 606
607 608 609
607 610 611
607 612 610
613 607 611
613 614 607
615 616 607
611 617 618
619 620 611
621 607 622
621 622 623
624 622 607
624 625 622
622 626 627
628 629 622
630 631 622
630 632 631
622 633 630
622 634 633
630 635 636
637 638 630
630 639 640
630 640 641
630 641 642
630 642 643
641 644 642
641 645 646
641 646 647
645 641 648
645 648 649
650 651 641
645 652 653
654 655 645
656 657 645
656 658 657
645 659 656
645 660 659
656 661 662
663 664 656
656 665 666
656 667 665
668 667 656
668 656 669
667 670 671
672 673 667
674 675 667
674 676 675
677 674 667
677 678 674
674 679 680
674 680 681
679 674 682
679 682 683
684 685 679
684 686 685
687 684 679
687 679 688
674 689 690
691 692 674
679 693 694
695 696 679
684 697 698
699 700 684
684 701 702
684 703 701
704 703 684
704 705 703
703 706 707
708 709 703
710 703 611
710 611 711
712 611 703
712 713 611
714 715 716
717 714 718
717 718 719
720 714 717
721 720 717
722 720 721
722 721 723
720 724 714
714 724 725
725 724 726
725 726 727
720 728 724
720 729 728
714 725 730
730 731 714
730 732 731
725 733 730
733 734 730
733 735 734
725 736 733
737 736 725
737 725 738
733 736 739
736 740 739
736 741 740
733 739 742
733 742 743
733 743 744
745 742 739
739 746 745
739 747 746
745 748 742
742 748 749
742 749 750
751 748 745
745 752 751
745 753 752
751 754 748
754 755 748
754 756 755
757 754 751
754 757 758
754 758 759
757 751 760
760 751 761
760 761 762
760 763 757
757 763 764
757 764 765
760 766 763
767 766 760
767 768 766
766 769 763
770 763 769
770 771 763
766 772 769
769 772 773
774 772 766
774 775 772
776 773 772
776 777 773
769 773 778
778 779 769
778 780 779
781 778 773
782 778 781
782 783 778
781 773 721
784 721 773
784 785 721
721 717 781
786 781 717
786 717 787
769 788 789
778 790 791
792 793 773
794 795 721
781 796 797
798 799 736
800 801 760
742 802 803
804 805 772
806 807 751
808 809 739
754 810 811
757 812 813
717 814 815
763 816 817
818 819 766
733 820 821
748 822 823
730 824 825
826 827 745
828 829 720
830 831 724
832 833 725
834 835 836
837 838 834
837 834 839
840 834 838
840 841 834
838 842 843
838 844 842
838 843 845
838 845 846
847 848 834
847 849 848
834 850 847
834 851 850
847 850 852
853 854 847
853 855 854
847 854 856
847 856 857
858 834 859
860 861 847
854 862 863
864 854 865
854 866 867
854 868 866
869 868 854
869 870 868
871 868 872
868 873 874
875 868 876
875 876 877
878 876 868
878 879 876
880 876 881
880 881 882
881 876 883
881 883 884
885 886 876
887 888 881
887 881 889
881 890 889
881 891 890
892 893 889
892 894 893
895 892 889
895 889 896
897 898 892
897 892 899
898 900 892
898 901 900
902 903 898
902 898 904
905 898 903
905 903 906
907 889 908
909 910 892
892 911 912
898 913 914
915 916 898
917 903 918
903 919 920
919 903 921
903 920 922
903 923 921
919 921 924
919 925 926
919 926 927
928 925 919
928 919 929
919 930 931
932 933 919
925 934 935
936 937 925
938 939 925
938 925 940
941 940 925
941 925 942
940 943 944
940 944 945
946 943 940
946 947 943
948 940 949
940 950 951
952 953 943
943 954 955
943 956 957
943 958 956
958 943 959
958 959 960
961 958 962
961 962 963
962 958 964
962 964 965
962 966 967
962 967 968
969 966 962
969 962 970
958 971 972
973 974 958
966 975 976
977 966 978
966 979 980
966 981 979
966 982 981
966 983 982
984 981 985
981 986 987
988 981 843
988 843 989
990 843 981
990 991 843
992 993 843
843 994 995
838 996 997
998 838 999
1000 1001 1002
1003 1001 1004
1005 1001 1003
1005 1006 1001
1001 1007 1004
1001 1008 1007
1009 1007 1008
1008 1001 1010
1008 1010 1011
1004 1007 1012
1004 1012 1013
1014 1007 1009
1014 1009 1015
1009 1008 1016
1017 1016 1008
1017 1018 1016
1019 1009 1016
1020 1019 1016
1020 1021 1019
1019 1022 1009
1022 1023 1009
1022 1024 1023
1024 1022 1025
1022 1019 1026
1026 1019 1027
1026 1027 1028
1022 1026 1029
1030 1029 1026
1031 1022 1029
1031 1029 1032
1030 1033 1029
1030 1034 1033
1030 1026 1035
1035 1026 1036
1035 1036 1037
1038 1030 1035
1035 1039 1038
1035 1040 1039
1038 1041 1030
1042 1030 1041
1042 1043 1030
1038 1044 1041
1041 1044 1045
1041 1045 1046
1038 1047 1044
1048 1044 1047
1038 1049 1047
1038 1050 1049
1051 1044 1048
1051 1052 1044
1052 1053 1044
1048 1047 1054
1047 1055 1054
1047 1056 1055
1048 1054 1057
1058 1057 1054
1058 1054 1059
1048 1057 1060
1048 1060 1061
1048 1061 1062
1063 1060 1057
1063 1064 1060
1064 1063 1065
1066 1060 1064
1066 1064 1067
1057 1068 1063
1057 1069 1068
1063 1070 1065
1063 1071 1070
1064 1065 1072
1073 1064 1072
1073 1074 1064
1075 1072 1065
1072 1075 1076
1072 1076 1077
1075 1065 1078
1065 1079 1078
1065 1080 1079
1078 1081 1075
1075 1081 1082
1075 1082 1083
1081 1084 1082
1078 1085 1081
1086 1081 1085
1086 1087 1081
1086 1088 1087
1089 1085 1078
1089 1078 1090
1086 1085 1091
1086 1091 1092
1085 1093 1091
1085 1094 1093
1095 1092 1091
1095 1096 1092
1086 1092 1097
1097 1098 1086
1097 1099 1098
1100 1097 1092
1101 1097 1100
1101 1102 1097
1100 1092 1103
1104 1100 1103
1092 1105 1103
1092 1106 1105
1104 1107 1100
1104 1108 1107
1104 1103 1109
1103 1110 1109
1103 1111 1110
1112 1104 1109
1113 1112 1109
1113 1109 1114
1112 1115 1104
1116 1104 1115
1104 1116 1117
1116 1115 1118
1003 1115 1112
1119 1003 1112
1119 1120 1003
1003 1121 1115
1121 1122 1115
1121 1123 1122
1003 1004 1121
1124 1121 1004
1124 1004 1125
1126 1112 1127
1115 1128 1129
1130 1003 1131
1121 1132 1133
1004 1134 1135
1100 1136 1137
1138 1109 1139
1140 1103 1141
1142 1008 1143
1007 1144 1145
1146 1147 1029
1148 1149 1016
1019 1150 1151
1152 1009 1153
1154 1155 1063
1075 1156 1157
1064 1158 1159
1072 1160 1161
1162 1163 1065
1086 1164 1165
1166 1167 1078
1168 1169 1085
1170 1171 1091
1172 1173 1057
1060 1174 1175
1176 1041 1177
1178 1054 1179
1047 1180 1181
1182 1183 1048
1184 1185 1186
1187 1184 1188
1187 1188 1189
1190 1189 1188
1191 1192 1193
1194 1195 1196
1197 1198 1199
1200 1201 1202
1203 1204 1205
1206 1207 1208
1209 1210 1211
1212 1213 1214
1215 1216 1217
1218 1219 1220
1221 1222 1223
1224 1225 1226
1227 1228 1229
1230 1231 1232
1233 1234 1235
1236 1237 1238
1239 1240 1241
1242 1243 1244
1245 1246 1247
1248 1249 1250
1251 1252 1253
1254 1255 1256
1257 1258 1259
1260 1261 1262
1263 1264 1265
1266 1267 1268
1269 1270 1271
1272 1273 1270
1272 1274 1273
1275 1276 1277
1278 1279 1280
1281 1282 1283
1284 1285 1286
1287 1288 1289
1290 1291 1292
1293 1294 1295
1296 1297 1298
1299 1300 1301
1302 1301 1303
1302 1303 1304
1305 1306 1307
1308 1309 1310
1311 1312 1313
1314 1315 1316
1317 1318 1319
1320 1321 1322
1323 1324 1325
1326 1327 1328
1329 1330 1331
1329 1332 1333
1329 1334 1335
1329 1336 1337
1329 1338 1339
1329 1340 1341
1342 1343 1344
1342 1345 1346
1342 1347 1348
1342 1349 1350
1342 1351 1352
1342 1353 1354
1355 1356 1357
1355 1358 1359
1355 1360 1361
1355 1362 1363
1355 1364 1365
1355 1366 1367
1368 1369 1370
1368 1371 1372
1368 1373 1374
1368 1375 1376
1368 1377 1378
1368 1379 1380
1381 1382 1383
1381 1384 1385
1381 1386 1387
1381 1388 1389
1381 1390 1391
1381 1392 1393
1394 1395 1396
1394 1397 1398
1394 1399 1400
1394 1401 1402
1394 1403 1404
1394 1405 1406
1407 1408 1409
1407 1410 1411
1407 1412 1413
1407 1414 1415
1407 1416 1417
1407 1418 1419
1420 1421 1422
1420 1423 1424
1420 1425 1426
1420 1427 1428
1420 1429 1430
1420 1431 1432
1433 1434 1435
1436 1433 1437
1438 1437 1433
1433 1439 1438
1433 1440 1439
1441 1440 1433
1441 1442 1440
1440 1443 1439
1444 1440 1442
1440 1444 1443
1445 1443 1444
1439 1443 1446
1438 1439 1447
1439 1446 1447
1445 1448 1443
1446 1443 1448
1446 1448 1449
1446 1449 1450
1450 1447 1446
1451 1447 1450
1448 1452 1449
1450 1453 1451
1451 1453 1454
1438 1447 1455
1451 1455 1447
1448 1456 1452
1456 1448 1445
1452 1456 1457
1456 1445 1457
1452 1457 1458
1458 1457 1459
1458 1459 1460
1461 1438 1455
1438 1461 1437
1462 1457 1445
1457 1462 1459
1463 1460 1459
1464 1460 1463
1460 1464 1465
1465 1464 1466
1467 1459 1462
1467 1463 1459
1468 1462 1445
1469 1462 1468
1469 1467 1462
1468 1445 1470
1467 1469 1471
1445 1444 1470
1467 1471 1472
1472 1463 1467
1472 1471 1473
1470 1444 1474
1470 1474 1475
1444 1442 1474
1476 1475 1474
1476 1477 1475
1474 1442 1478
1474 1478 1479
1472 1480 1463
1464 1463 1480
1472 1473 1481
1481 1480 1472
1473 1482 1481
1473 1483 1482
1483 1484 1482
1483 1485 1484
1486 1484 1485
1486 1487 1484
1488 1487 1486
1489 1482 1484
1487 1489 1484
1490 1481 1482
1489 1490 1482
1481 1491 1480
1490 1491 1481
1488 1492 1487
1493 1492 1488
1491 1494 1480
1464 1480 1494
1494 1495 1464
1490 1496 1491
1491 1496 1494
1497 1494 1496
1490 1498 1496
1489 1498 1490
1498 1499 1496
1487 1500 1489
1500 1487 1492
1489 1501 1498
1500 1501 1489
1501 1502 1498
1501 1503 1502
1500 1504 1501
1500 1505 1504
1500 1492 1506
1507 1500 1506
1507 1506 1508
1509 1506 1492
1493 1509 1492
1510 1509 1493
1509 1511 1506
1512 1506 1511
1510 1513 1509
1514 1513 1510
1514 1515 1513
1516 1513 1515
1517 1509 1513
1516 1517 1513
1517 1511 1509
1518 1517 1516
1518 1519 1517
1519 1511 1517
1520 1521 1511
1522 1523 1524
1525 1437 1522
1437 1526 1522
1437 1461 1526
1522 1526 1527
1522 1527 1528
1528 1529 1522
1528 1530 1529
1531 1526 1461
1526 1532 1527
1526 1531 1532
1531 1461 1533
1461 1455 1533
1533 1455 1534
1451 1534 1455
1451 1535 1534
1531 1533 1536
1533 1534 1536
1537 1536 1534
1531 1536 1538
1532 1531 1538
1538 1536 1539
1532 1538 1540
1540 1538 1541
1540 1541 1542
1543 1532 1540
1544 1543 1540
1544 1545 1543
1546 1532 1543
1546 1527 1532
1547 1527 1546
1547 1528 1527
1548 1528 1547
1548 1549 1528
1543 1550 1546
1547 1546 1550
1543 1551 1550
1551 1543 1552
1551 1552 1553
1547 1550 1554
1555 1547 1554
1555 1556 1547
1550 1557 1554
1557 1558 1554
1557 1559 1558
1551 1560 1550
1550 1560 1557
1559 1557 1561
1560 1561 1557
1551 1562 1560
1563 1562 1551
1560 1562 1564
1565 1564 1562
1566 1564 1565
1566 1567 1564
1560 1564 1568
1567 1568 1564
1560 1568 1561
1567 1569 1568
1570 1568 1569
1570 1561 1568
1570 1571 1561
1559 1561 1571
1570 1572 1571
1573 1571 1572
1573 1572 1574
1575 1559 1571
1575 1571 1576
1559 1577 1578
1559 1578 1579
1580 1581 1582
1583 1584 1580
1585 1586 1584
1584 1586 1587
1588 1589 1584
1589 1590 1591
1592 1580 1593
1592 1593 1594
1595 1594 1593
1595 1596 1594
1597 1596 1595
1597 1598 1596
1598 1599 1596
1598 1600 1599
1596 1601 1594
1596 1602 1601
1603 1604 1594
1603 1594 1605
1606 1536 1607
1608 1562 1609
1534 1610 1611
1612 1613 1496
1494 1614 1615
1616 1617 1618
1617 1619 1620
1621 1617 1620
1620 1622 1621
1620 1623 1622
1620 1624 1623
1621 1625 1617
1626 1625 1621
1626 1621 1627
1617 1625 1628
1629 1617 1628
1629 1628 1630
1625 1631 1628
1632 1631 1625
1632 1625 1633
1631 1634 1628
1631 1635 1634
1631 1636 1635
1628 1634 1637
1638 1628 1637
1638 1637 1639
1634 1640 1637
1634 1641 1640
1634 1642 1641
1640 1643 1637
1637 1643 1644
1644 1645 1637
1644 1646 1645
1647 1643 1640
1647 1640 1648
1644 1643 1649
1650 1649 1643
1650 1643 1651
1644 1649 1652
1653 1652 1649
1653 1654 1652
1655 1644 1652
1644 1655 1656
1644 1656 1657
1658 1655 1652
1659 1658 1652
1659 1660 1658
1661 1655 1658
1661 1658 1662
1661 1662 1663
1664 1655 1661
1665 1655 1664
1665 1666 1655
1667 1664 1661
1667 1661 1668
1667 1668 1669
1670 1664 1667
1671 1670 1667
1671 1672 1670
1673 1664 1670
1674 1664 1673
1674 1675 1664
1676 1673 1670
1677 1676 1670
1677 1678 1676
1676 1679 1673
1679 1676 1680
1673 1679 1681
1679 1680 1682
1679 1682 1683
1684 1685 1673
1686 1687 1688
1686 150 1687
1689 150 1686
1690 153 1691
153 1690 1692
1693 1694 1695
1693 1695 469
1696 1693 469
1697 1698 472
472 1699 1697
1700 1701 1702
1700 1702 1703
1703 1702 1704
1703 1704 1705
1705 1704 1706
1705 1706 1707
1707 1706 1708
1707 1708 1709
1710 1709 1708
1710 1711 1709
1712 1713 1714
1712 1715 1713
1715 1712 1716
1715 1716 1717
1716 1718 1717
1716 1719 1718
1720 1718 1719
1721 1716 1712
1721 1719 1716
1720 1719 1722
1722 1723 1720
1721 1724 1719
1722 1719 1724
1722 1725 1723
1726 1723 1725
1722 1724 1727
1727 1725 1722
1726 1725 1728
1729 1726 1728
1729 1728 1730
1731 1728 1725
1727 1731 1725
1730 1728 1732
1731 1732 1728
1730 1732 1733
1734 1733 1732
1732 1731 1734
1734 1735 1733
1735 1734 1736
1735 1736 1737
1731 1738 1734
1736 1734 1738
1731 1727 1739
1731 1739 1738
1737 1736 1740
1737 1740 1741
1742 1736 1738
1742 1740 1736
1741 1740 1743
1741 1743 1744
1745 1743 1740
1745 1740 1742
1746 1744 1743
1746 1743 1745
1746 1747 1744
1748 1747 1746
1738 1749 1742
1738 1739 1749
1750 1739 1727
1750 1727 1724
1751 1745 1742
1751 1742 1749
1748 1746 1752
1753 1748 1752
1746 1745 1754
1754 1745 1751
1752 1746 1754
1755 1749 1739
1755 1739 1750
1724 1756 1750
1724 1721 1756
1753 1752 1757
1758 1753 1757
1759 1751 1749
1759 1749 1755
1760 1755 1750
1760 1750 1756
1760 1759 1755
1754 1751 1761
1759 1761 1751
1754 1762 1752
1762 1757 1752
1761 1762 1754
1758 1757 1763
1762 1763 1757
1764 1758 1763
1764 1763 1765
1766 1764 1765
1762 1767 1763
1767 1765 1763
1761 1768 1762
1768 1767 1762
1759 1769 1761
1768 1761 1769
1766 1765 1770
1770 1771 1766
1767 1772 1765
1772 1770 1765
1770 1773 1771
1774 1771 1773
1774 1773 1775
1776 1773 1770
1772 1776 1770
1777 1775 1773
1776 1777 1773
1777 1778 1775
1772 1767 1779
1768 1779 1767
1780 1776 1772
1772 1779 1780
1781 1777 1776
1780 1781 1776
1778 1777 1782
1781 1782 1777
1778 1782 1783
1784 1779 1768
1780 1779 1784
1785 1781 1780
1780 1784 1785
1786 1782 1781
1785 1786 1781
1783 1782 1787
1786 1787 1782
1783 1787 1788
1789 1786 1785
1789 1785 1784
1784 1768 1790
1768 1769 1790
1787 1786 1791
1789 1791 1786
1788 1787 1792
1787 1791 1792
1788 1792 1793
1792 1794 1793
1795 1784 1790
1789 1784 1795
1789 1796 1791
1792 1791 1796
1792 1797 1794
1792 1796 1797
1798 1794 1797
1798 1799 1794
1797 1796 1800
1797 1800 1801
1789 1802 1796
1795 1802 1789
1796 1802 1803
1796 1803 1804
1795 1790 1805
1769 1805 1790
1795 1806 1802
1806 1795 1805
1807 1802 1806
1807 1806 1808
1806 1805 1809
1809 1810 1806
1809 1811 1810
1769 1812 1805
1812 1809 1805
1769 1813 1812
1769 1759 1813
1760 1813 1759
1812 1814 1809
1813 1814 1812
1814 1815 1809
1814 1816 1815
1813 1817 1814
1817 1813 1760
1817 1818 1814
1817 1819 1818
1817 1760 1820
1821 1817 1820
1821 1820 1822
1820 1760 1756
1820 1756 1823
1824 1820 1823
1824 1823 1825
1826 1823 1756
1827 1823 1826
1827 1826 1828
1826 1756 1721
1721 1712 1826
1829 1826 1712
1829 1712 1830
1831 1832 1833
1831 1834 1832
1834 1835 1832
1834 1836 1835
1836 1837 1835
1836 1838 1837
1838 1839 1837
1838 1840 1839
1841 1839 1840
1841 1840 1842
1843 1844 1845
1843 1845 1846
1846 1847 1843
1846 1848 1847
1847 1848 1849
1847 1849 1850
1851 1850 1849
1852 1843 1847
1852 1847 1850
1851 1853 1850
1853 1851 1854
1852 1850 1855
1853 1855 1850
1853 1854 1856
1857 1856 1854
1853 1858 1855
1858 1853 1856
1857 1859 1856
1860 1859 1857
1860 1861 1859
1862 1856 1859
1858 1856 1862
1861 1863 1859
1862 1859 1863
1861 1864 1863
1865 1863 1864
1863 1865 1862
1865 1864 1866
1866 1867 1865
1866 1868 1867
1862 1865 1869
1867 1869 1865
1862 1870 1858
1862 1869 1870
1868 1871 1867
1868 1872 1871
1873 1869 1867
1873 1867 1871
1872 1874 1871
1872 1875 1874
1876 1871 1874
1876 1873 1871
1877 1874 1875
1877 1876 1874
1877 1875 1878
1879 1877 1878
1869 1873 1880
1869 1880 1870
1881 1858 1870
1881 1855 1858
1882 1873 1876
1882 1880 1873
1879 1883 1877
1884 1883 1879
1877 1885 1876
1885 1882 1876
1883 1885 1877
1886 1870 1880
1886 1881 1870
1855 1881 1887
1855 1887 1852
1884 1888 1883
1889 1888 1884
1890 1880 1882
1890 1886 1880
1891 1881 1886
1891 1887 1881
1891 1886 1890
1885 1892 1882
1890 1882 1892
1885 1883 1893
1893 1883 1888
1892 1885 1893
1889 1894 1888
1893 1888 1894
1895 1894 1889
1895 1896 1894
1897 1896 1895
1893 1894 1898
1898 1894 1896
1892 1893 1899
1899 1893 1898
1890 1892 1900
1899 1900 1892
1897 1901 1896
1901 1897 1902
1898 1896 1903
1903 1896 1901
1901 1902 1904
1905 1904 1902
1905 1906 1904
1907 1901 1904
1903 1901 1907
1908 1904 1906
1907 1904 1908
1908 1906 1909
1903 1910 1898
1899 1898 1910
1911 1903 1907
1903 1911 1910
1912 1907 1908
1911 1907 1912
1909 1913 1908
1912 1908 1913
1909 1914 1913
1915 1899 1910
1911 1915 1910
1916 1911 1912
1911 1916 1915
1914 1917 1913
1914 1918 1917
1919 1912 1913
1916 1912 1919
1919 1913 1917
1918 1920 1917
1918 1921 1920
1920 1921 1922
1923 1916 1919
1923 1915 1916
1917 1924 1919
1917 1920 1924
1923 1919 1924
1915 1925 1899
1899 1925 1900
1920 1926 1924
1923 1924 1926
1920 1922 1927
1920 1927 1926
1928 1927 1922
1928 1922 1929
1927 1930 1926
1927 1931 1930
1923 1932 1915
1932 1925 1915
1923 1926 1933
1932 1923 1933
1926 1934 1933
1926 1935 1934
1932 1936 1925
1900 1925 1936
1932 1933 1937
1937 1936 1932
1938 1937 1933
1938 1939 1937
1937 1940 1936
1940 1937 1941
1940 1941 1942
1900 1936 1943
1943 1936 1940
1900 1943 1944
1900 1944 1890
1891 1890 1944
1943 1940 1945
1944 1943 1945
1945 1940 1946
1945 1946 1947
1944 1945 1948
1948 1891 1944
1948 1945 1949
1948 1949 1950
1948 1951 1891
1952 1951 1948
1952 1953 1951
1951 1887 1891
1951 1954 1887
1955 1954 1951
1955 1956 1954
1957 1887 1954
1958 1957 1954
1958 1959 1957
1957 1852 1887
1852 1957 1843
1960 1843 1957
1960 1961 1843
1962 1963 1964
1962 1965 1963
1962 1966 1965
1962 1967 1966
1968 1967 1962
1969 1968 1962
1969 1970 1968
1968 1971 1967
1972 1967 1971
1972 1973 1967
1972 1974 1973
1972 1971 1975
1976 1972 1975
1976 1975 1977
1978 1971 1968
1978 1975 1971
1978 1968 1979
1979 1968 1980
1979 1980 1981
1978 1982 1975
1983 1982 1978
1984 1975 1982
1984 1982 1985
1983 1986 1982
1983 1987 1986
1988 1978 1979
1983 1978 1988
1988 1979 1989
1989 1979 1990
1989 1990 1991
1992 1988 1989
1989 1993 1992
1989 1994 1993
1995 1983 1988
1992 1995 1988
1995 1996 1983
1983 1996 1997
1983 1997 1998
1999 1995 1992
2000 1999 1992
2000 1992 2001
1995 2002 1996
1996 2002 2003
1996 2003 2004
1999 2005 1995
1995 2005 2002
2006 2002 2005
2002 2006 2007
2002 2007 2008
2006 2005 2009
1999 2009 2005
2010 2006 2009
2010 2011 2006
1999 2012 2009
2012 2013 2009
2012 2014 2013
2012 2015 2014
2012 2016 2015
1999 2017 2012
1999 2018 2017
2019 2020 2021
2019 2021 2022
2023 2019 2022
2019 2023 2024
2024 2023 2025
2023 2022 2026
2025 2023 2026
2019 2024 2027
2027 2028 2019
2027 2029 2028
2027 2024 2030
2027 2030 2031
2032 2027 2031
2032 2031 2033
2034 2030 2024
2034 2024 2035
2024 2025 2035
2036 2034 2035
2036 2035 2037
2025 2037 2035
2038 2036 2037
2038 2039 2036
2038 2040 2039
2025 2041 2037
2038 2037 2041
2038 2042 2040
2038 2041 2043
2042 2038 2043
2044 2040 2042
2044 2045 2040
2044 2042 2046
2042 2043 2046
2045 2044 2047
2044 2046 2047
2045 2047 2048
2048 2047 2049
2049 2047 2046
2048 2049 2050
2049 2046 2051
2050 2049 2051
2043 2051 2046
2050 2051 2052
2043 2053 2051
2052 2051 2053
2053 2043 2041
2052 2053 2054
2053 2041 2055
2055 2041 2025
2053 2055 2056
2053 2056 2054
2055 2025 2057
2057 2056 2055
2025 2026 2057
2026 2058 2057
2057 2058 2056
2026 2059 2058
2059 2026 2022
2059 2022 2060
2061 2060 2022
2061 2062 2060
2063 2058 2059
2063 2059 2060
2056 2058 2064
2063 2064 2058
2065 2054 2056
2056 2064 2065
2065 2066 2054
2067 2054 2066
2064 2068 2065
2068 2066 2065
2067 2066 2069
2070 2067 2069
2063 2060 2071
2072 2071 2060
2072 2073 2071
2074 2064 2063
2064 2074 2068
2071 2075 2063
2074 2063 2075
2068 2076 2066
2069 2066 2076
2070 2069 2077
2077 2078 2070
2069 2079 2077
2069 2076 2079
2077 2080 2078
2077 2079 2080
2080 2081 2078
2082 2079 2076
2080 2079 2082
2080 2083 2081
2080 2082 2083
2083 2084 2081
2083 2085 2084
2083 2082 2085
2085 2086 2084
2082 2076 2087
2087 2076 2068
2087 2085 2082
2085 2088 2086
2087 2088 2085
2089 2086 2088
2087 2068 2090
2088 2087 2090
2074 2090 2068
2089 2088 2091
2088 2090 2091
2091 2092 2089
2074 2093 2090
2093 2091 2090
2093 2074 2075
2091 2094 2092
2093 2094 2091
2095 2092 2094
2093 2075 2096
2096 2094 2093
2095 2094 2097
2096 2097 2094
2098 2095 2097
2099 2096 2075
2071 2099 2075
2099 2071 2100
2099 2100 2101
2099 2102 2096
2102 2097 2096
2103 2102 2099
2103 2104 2102
2098 2097 2105
2102 2105 2097
2105 2106 2098
2105 2107 2106
2108 2105 2102
2108 2109 2105
2110 2111 2112
2110 2113 2111
2113 2110 2114
2110 2115 2114
2115 2116 2114
2113 2114 2117
2116 2117 2114
2110 2118 2115
2119 2118 2110
2119 2120 2118
2118 2121 2115
2118 2122 2121
2123 2122 2118
2123 2124 2122
2115 2121 2125
2115 2125 2126
2115 2126 2116
2126 2125 2127
2126 2127 2128
2116 2126 2128
2127 2129 2128
2127 2130 2129
2129 2130 2131
2116 2128 2132
2132 2128 2129
2129 2131 2133
2132 2129 2134
2134 2129 2133
2131 2135 2133
2131 2136 2135
2135 2137 2133
2134 2133 2137
2138 2135 2136
2135 2138 2137
2138 2136 2139
2139 2140 2138
2137 2138 2140
2139 2141 2140
2137 2140 2142
2142 2140 2141
2134 2137 2142
2142 2141 2143
2134 2142 2144
2144 2142 2143
2144 2132 2134
2144 2143 2145
2144 2146 2132
2146 2116 2132
2144 2147 2146
2144 2145 2147
2146 2148 2116
2148 2146 2147
2116 2148 2117
2149 2117 2148
2148 2147 2149
2149 2150 2117
2150 2113 2117
2150 2151 2113
2151 2152 2113
2151 2153 2152
2154 2150 2149
2154 2151 2150
2147 2155 2149
2154 2149 2155
2145 2156 2147
2147 2156 2155
2145 2157 2156
2157 2145 2158
2155 2156 2159
2159 2156 2157
2157 2158 2160
2161 2160 2158
2154 2162 2151
2163 2151 2162
2163 2162 2164
2165 2154 2155
2155 2159 2165
2166 2162 2154
2165 2166 2154
2159 2157 2167
2160 2167 2157
2161 2168 2160
2168 2161 2169
2160 2168 2170
2160 2170 2167
2168 2169 2171
2168 2171 2170
2171 2169 2172
2167 2170 2173
2171 2173 2170
2171 2172 2174
2171 2174 2173
2174 2172 2175
2174 2175 2176
2174 2176 2173
2176 2175 2177
2167 2173 2178
2178 2159 2167
2178 2173 2176
2176 2177 2179
2178 2176 2179
2180 2179 2177
2178 2181 2159
2179 2181 2178
2165 2159 2181
2180 2182 2179
2179 2182 2181
2182 2180 2183
2165 2181 2184
2184 2181 2182
2166 2165 2184
2182 2183 2185
2184 2182 2185
2185 2183 2186
2166 2184 2187
2185 2187 2184
2185 2186 2188
2185 2188 2187
2188 2186 2189
2190 2166 2187
2166 2190 2162
2191 2162 2190
2191 2190 2192
2190 2187 2193
2193 2187 2188
2193 2194 2190
2193 2195 2194
2188 2189 2196
2193 2188 2196
2197 2196 2189
2197 2198 2196
2196 2199 2193
2196 2200 2199
2201 2202 2203
2201 2203 2204
2205 2201 2204
2205 2204 2206
2206 2207 2205
2206 2208 2207
2209 2207 2208
2209 2208 2210
2211 2212 2213
2211 2213 2214
2215 2211 2214
2215 2214 2216
2217 2218 2219
2217 2220 2218
2221 2220 2217
2221 2222 2220
2223 2224 2225
2223 2226 2224
2227 2226 2223
2227 2228 2226
2229 2230 2231
2229 2231 2232
2233 2229 2232
2233 2232 2234
2235 2236 2237
2235 2237 2238
2239 2240 2241
2239 2241 2242
2243 2244 2245
2243 2245 2246
2247 2248 2249
2247 2249 2250
2251 2252 2253
2251 2253 2254
2255 2256 2257
2255 2258 2256
2256 2258 2259
2256 2259 2260
2259 2261 2260
2259 2262 2261
2261 2262 2263
2261 2263 2264
2263 2265 2264
2263 2266 2265
2266 2267 2265
2266 2268 2267
2269 2270 2271
2271 2270 2272
2273 2274 2275
2273 2275 2276
2277 2276 2275
2277 2275 2278
2279 2277 2278
2279 2278 2280
2281 2282 2283
2281 2284 2282
2281 2285 2284
2281 2286 2285
2287 2288 2289
2287 2289 2290
2291 2292 2293
2291 2293 2294
2295 2296 2297
2295 2297 2298
2299 2300 2301
2301 2300 2302
2303 2304 2305
2303 2305 2306
2307 2308 2309
2307 2309 2310
2311 2312 2313
2311 2313 2314
2315 2316 2317
2315 2317 2318
2319 2320 2321
2319 2321 2322
2323 2324 2325
2323 2325 2326
2327 2328 2329
2327 2329 2330
2331 2327 2332
2331 2332 2333
2332 2334 2335
2332 2335 2336
2337 2338 2339
2337 2339 2340
2341 2342 2343
2341 2343 2344
2345 2346 2344
2345 2344 2347
2348 2349 2350
2348 2350 2351
2352 2353 2354
2352 2354 2355
2356 2357 2358
2356 2358 2359
2360 2361 2362
2360 2362 2363
2364 2365 2366
2364 2366 2367
2368 2369 2370
2368 2371 2369
2372 2371 2373
2372 2373 2374
2375 2376 2377
2375 2377 2378
2379 2380 2381
2379 2381 2382
2383 2384 2385
2383 2385 2386
2387 2388 2389
2387 2389 2390
2391 2392 2393
2391 2393 2394
2395 2396 2397
2395 2397 2398
2399 2400 2398
2399 2398 2401
2402 2403 2404
2402 2404 2405
2406 2407 2408
2406 2408 2409
2410 2411 2412
2410 2412 2413
2414 2415 2416
2414 2417 2415
2418 2417 2419
2418 2419 2420
2421 2422 2423
2421 2423 2424
2425 2426 2427
2425 2427 2428
2428 2427 2429
2428 2430 2425
2428 2429 2431
2432 2431 2429
2428 2433 2430
2433 2428 2431
2430 2433 2434
2430 2434 2435
2435 2434 2436
2435 2436 2437
2434 2438 2436
2434 2439 2438
2433 2439 2434
2439 2440 2438
2433 2431 2441
2433 2441 2439
2432 2442 2431
2441 2431 2442
2439 2443 2440
2443 2439 2441
2432 2444 2442
2432 2445 2444
2441 2442 2446
2443 2441 2446
2447 2446 2442
2443 2446 2447
2447 2442 2444
2440 2443 2448
2443 2447 2448
2440 2448 2449
2445 2450 2444
2445 2451 2450
2452 2447 2444
2452 2448 2447
2452 2444 2450
2453 2449 2448
2452 2453 2448
2453 2454 2449
2451 2455 2450
2451 2456 2455
2457 2452 2450
2457 2453 2452
2457 2450 2455
2455 2458 2457
2459 2454 2453
2457 2459 2453
2458 2459 2457
2459 2460 2454
2456 2461 2455
2455 2461 2458
2456 2462 2461
2461 2462 2463
2461 2463 2464
2458 2461 2464
2458 2464 2465
2466 2458 2465
2458 2467 2459
2460 2459 2467
2466 2467 2458
2460 2467 2468
2469 2467 2466
2469 2468 2467
2470 2471 2472
2470 2473 2471
2473 2474 2471
2473 2470 2475
2473 2476 2474
2477 2474 2476
2473 2475 2478
2478 2476 2473
2475 2479 2478
2475 2480 2479
2480 2481 2479
2480 2482 2481
2479 2481 2483
2479 2483 2484
2478 2479 2484
2484 2483 2485
2478 2486 2476
2478 2484 2486
2477 2476 2487
2486 2487 2476
2484 2485 2488
2488 2486 2484
2477 2487 2489
2477 2489 2490
2486 2491 2487
2488 2491 2486
2492 2487 2491
2488 2492 2491
2492 2489 2487
2485 2493 2488
2488 2493 2492
2485 2494 2493
2490 2489 2495
2490 2495 2496
2497 2489 2492
2497 2492 2493
2497 2495 2489
2498 2493 2494
2497 2493 2498
2498 2494 2499
2496 2495 2500
2496 2500 2501
2502 2495 2497
2502 2497 2498
2502 2500 2495
2500 2502 2503
2504 2498 2499
2502 2498 2504
2503 2502 2504
2504 2499 2505
2501 2500 2506
2500 2503 2506
2501 2506 2507
2506 2508 2507
2506 2509 2508
2503 2509 2506
2503 2510 2509
2511 2510 2503
2503 2504 2512
2505 2512 2504
2511 2503 2512
2505 2513 2512
2514 2511 2512
2514 2512 2513
2515 2516 2517
2515 2517 2518
2517 2519 2520
2517 2520 2521
2522 2523 2524
2522 2524 2525
2525 2524 2526
2525 2526 2527
2528 2527 2526
2528 2526 2529
2528 2529 2530
2528 2530 2531
2532 2531 2530
2532 2533 2531
2532 2534 2533
2532 2535 2534
2536 2534 2535
2536 2535 2537
2536 2537 2538
2536 2538 2539
2540 2541 2542
2540 2542 2543
2542 2544 2545
2542 2545 2546
2547 2548 2549
2547 2550 2548
2550 2551 2548
2550 2552 2551
2553 2551 2552
2553 2554 2551
2553 2555 2554
2553 2556 2555
2557 2555 2556
2557 2556 2558
2557 2558 2559
2557 2559 2560
2561 2560 2559
2561 2562 2560
2561 2563 2562
2561 2564 2563
2565 2566 2567
2565 2568 2566
2568 2565 2569
2568 2569 2570
2571 2569 2565
2568 2570 2572
2571 2565 2573
2574 2573 2565
2574 2575 2573
2576 2571 2573
2576 2577 2571
2576 2578 2577
2573 2579 2576
2573 2580 2579
2568 2572 2581
2568 2581 2582
2568 2582 2583
2584 2581 2572
2584 2572 2585
2586 2581 2584
2586 2587 2581
2588 2584 2585
2588 2585 2589
2584 2588 2590
2584 2590 2591
2592 2588 2589
2592 2589 2593
2594 2592 2593
2595 2588 2592
2595 2596 2588
2594 2597 2592
2598 2592 2597
2598 2597 2599
2600 2597 2594
2600 2601 2597
2602 2597 2601
2602 2601 2603
2601 2600 2578
2601 2578 2604
2604 2605 2601
2604 2606 2605
2576 2604 2578
2607 2604 2576
2607 2576 2608
2609 2610 2611
2609 2611 2612
2613 2612 2611
2613 2614 2612
2612 2614 2615
2616 2613 2611
2616 2617 2613
2618 2616 2611
2618 2611 2619
2612 2615 2620
2620 2621 2612
2620 2622 2621
2615 2623 2620
2623 2624 2620
2623 2625 2624
2615 2626 2623
2617 2616 2627
2617 2627 2628
2616 2629 2627
2616 2630 2629
2631 2623 2626
2631 2626 2632
2633 2631 2632
2623 2631 2634
2623 2634 2635
2636 2628 2627
2636 2637 2628
2636 2638 2637
2639 2636 2627
2639 2627 2640
2636 2641 2638
2641 2636 2642
2641 2642 2643
2644 2638 2641
2644 2641 2645
2645 2641 2646
2645 2646 2647
2645 2633 2644
2645 2648 2633
2648 2645 2649
2648 2649 2650
2633 2648 2631
2648 2651 2631
2648 2652 2651
2653 2654 2655
2653 2655 2656
2653 2656 2657
2653 2657 2658
2659 2658 2657
2659 2660 2658
2661 2660 2659
2661 2659 2662
2661 2662 2663
2661 2663 2664
2664 2663 2665
2664 2665 2666
2666 2665 2667
2666 2667 2668
2669 2668 2667
2669 2670 2668
2670 2669 2671
2670 2671 2672
2673 2672 2671
2673 2674 2672
2675 2674 2673
2675 2676 2674
2677 2678 2679
2677 2679 2680
2680 2681 2677
2680 2682 2681
2683 2677 2681
2680 2684 2682
2683 2685 2677
2686 2677 2685
2686 2685 2687
2688 2685 2683
2688 2683 2689
2688 2689 2690
2685 2688 2691
2685 2691 2692
2680 2693 2684
2680 2694 2693
2680 2695 2694
2696 2684 2693
2696 2697 2684
2698 2696 2693
2698 2693 2699
2700 2697 2696
2700 2701 2697
2696 2702 2700
2696 2703 2702
2704 2701 2700
2704 2705 2701
2706 2705 2704
2707 2704 2700
2707 2700 2708
2706 2704 2709
2710 2709 2704
2710 2711 2709
2712 2706 2709
2712 2709 2713
2714 2713 2709
2714 2715 2713
2713 2690 2712
2713 2716 2690
2716 2713 2717
2716 2717 2718
2688 2690 2716
2719 2688 2716
2719 2720 2688
2721 2722 2723
2721 2724 2722
2725 2722 2724
2725 2724 2726
2724 2727 2726
2728 2722 2725
2728 2725 2729
2730 2722 2728
2730 2731 2722
2724 2732 2727
2732 2724 2733
2732 2733 2734
2727 2732 2735
2735 2732 2736
2735 2736 2737
2727 2735 2738
2729 2739 2728
2729 2740 2739
2728 2739 2741
2728 2741 2742
2743 2738 2735
2743 2744 2738
2745 2744 2743
2735 2746 2743
2735 2747 2746
2748 2739 2740
2748 2740 2749
2748 2749 2750
2751 2739 2748
2751 2752 2739
2748 2750 2753
2753 2754 2748
2753 2755 2754
2756 2753 2750
2756 2757 2753
2757 2758 2753
2757 2759 2758
2757 2756 2745
2757 2745 2760
2760 2761 2757
2760 2762 2761
2745 2743 2760
2760 2743 2763
2760 2763 2764
2765 2766 2767
2765 2768 2766
2765 2769 2768
2765 2770 2769
2771 2769 2770
2771 2770 2772
2773 2771 2772
2773 2774 2771
2773 2775 2774
2773 2776 2775
2776 2777 2775
2776 2778 2777
2778 2779 2777
2778 2780 2779
2781 2779 2780
2781 2780 2782
2782 2783 2781
2782 2784 2783
2785 2783 2784
2785 2784 2786
2787 2785 2786
2787 2786 2788
2789 2790 2791
2792 2790 2789
2792 2793 2794
2792 2794 2795
2795 2796 2792
2797 2798 2799
2797 2800 2798
2801 2798 2800
2801 2802 2798
2803 2802 2801
2803 2801 2804
2805 2803 2804
2805 2806 2803
2807 2806 2805
2807 2805 2808
2809 2807 2808
2809 2810 2807
2811 2810 2809
2811 2809 2812
2813 2811 2812
2813 2812 2814
2813 2814 2815
2813 2815 2816
2817 2816 2815
2817 2818 2816
2819 2818 2817
2819 2817 2820
2821 2819 2820
2821 2822 2819
2821 2823 2822
2821 2824 2823
2825 2823 2824
2825 2826 2823
2827 2828 2829
2827 2829 2830
2831 2832 2833
2831 2833 2834
2835 2831 2834
2835 2836 2831
2837 2836 2835
2837 2835 2838
2839 2840 2841
2839 2841 2842
2842 2841 2843
2841 2844 2843
2844 2845 2843
2844 2846 2845
2844 2847 2846
2848 2849 2850
2848 2850 2851
2850 2852 2851
2850 2853 2852
2853 2854 2852
2853 2855 2854
2856 2857 2858
2859 2856 2858
2859 2860 2861
2859 2862 2860
2862 2859 2863
2864 2865 2866
2864 2866 2867
2868 2867 2866
2868 2866 2869
2870 2868 2869
2870 2871 2868
2872 2871 2870
2872 2870 2873
2874 2872 2873
2874 2875 2872
2876 2875 2874
2876 2874 2877
2878 2876 2877
2878 2879 2876
2880 2879 2878
2880 2881 2879
2880 2882 2881
2880 2883 2882
2884 2882 2883
2884 2883 2885
2886 2884 2885
2886 2887 2884
2888 2887 2886
2888 2886 2889
2888 2889 2890
2888 2890 2891
2892 2891 2890
2892 2890 2893
2894 2895 2896
2894 2896 2897
2898 2899 2900
2898 2901 2899
2902 2901 2898
2902 2898 2903
2904 2902 2903
2904 2905 2902
2906 2907 2908
2906 2909 2907
2909 2910 2907
2907 2910 2911
2911 2910 2912
2911 2912 2913
2911 2913 2914
2915 2916 2917
2915 2918 2916
2916 2918 2919
2916 2919 2920
2920 2919 2921
2920 2921 2922
2923 2924 2925
2923 2925 2926
2927 2928 2929
2927 2929 2930
2931 2932 2933
2931 2933 2934
2935 2936 2937
2935 2937 2938
2939 2940 2941
2939 2941 2942
2943 2944 2945
2943 2946 2944
2947 2948 2946
2947 2946 2949
2950 2951 2949
2950 2952 2951
2953 2954 2955
2953 2955 2956
2957 2958 2959
2957 2959 2960
2961 2962 2963
2961 2964 2962
2964 2961 2965
2964 2965 2966
2967 2966 2965
2967 2968 2966
2967 2969 2968
2967 2970 2969
2971 2972 2973
2971 2973 2974
2975 2976 2973
2975 2977 2976
2978 2979 2980
2978 2980 2981
2982 2983 2984
2982 2984 2985
2986 2987 2988
2986 2988 2989
2990 2991 2992
2990 2992 2993
2994 2995 2996
2997 2996 2995
2997 2998 2996
2999 2998 2997
2999 3000 2998
3000 2999 3001
3000 3001 3002
3003 3002 3001
3003 3004 3002
3004 3003 3005
3006 3007 3008
3007 3006 3009
3007 3009 3010
3011 3010 3009
3011 3009 3012
3012 3013 3011
3012 3014 3013
3014 3015 3013
3014 3016 3015
3016 3017 3015
3018 3019 3020
3018 3021 3019
3021 3018 3022
3021 3022 3023
3022 3024 3023
3022 3025 3024
3024 3025 3026
3024 3026 3027
3027 3026 3028
3027 3028 3029
3028 3030 3029
3028 3031 3030
3032 3030 3031
3032 3033 3030
3034 3033 3032
3034 3032 3035
3036 3034 3035
3036 3037 3034
3037 3036 3038
3037 3038 3039
3040 3039 3038
3040 3038 3041
3042 3040 3041
3042 3041 3043
3044 3045 3046
3044 3046 3047
3048 3049 3050
3048 3050 3051
3052 3053 3054
3052 3054 3055
3056 3057 3058
3056 3058 3059
3060 3061 3062
3060 3062 3063
3064 3065 3066
3064 3066 3067
3068 3069 3070
3068 3070 3071
3072 3073 3074
3072 3074 3075
3076 3077 3078
3076 3078 3079
3080 3081 3082
3080 3082 3083
3084 3085 3086
3084 3086 3087
3088 3089 3090
3088 3090 3091
3092 3093 3094
3092 3094 3095
3096 3097 3098
3096 3098 3099
3100 3101 3102
3100 3102 3103
3104 3105 3106
3104 3106 3107
3108 3109 3110
3108 3110 3111
3112 3113 3114
3112 3114 3115
3116 3117 3118
3116 3118 3119
3120 3121 3122
3120 3122 3123
3124 3125 3126
3124 3126 3127
3128 3129 3130
3128 3130 3131
3132 3133 3134
3132 3134 3135
3136 3137 3138
3136 3138 3139
3140 3141 3142
3140 3142 3143
3144 3145 3146
3144 3146 3147
3148 3149 3150
3148 3150 3151
3152 3153 3154
3152 3154 3155
3156 3157 3158
3156 3158 3159
3160 3159 3158
3160 3161 3159
3161 3160 3162
3161 3162 3163
3164 3163 3162
3164 3165 3163
3164 3166 3165
3164 3167 3166
3167 3168 3166
3167 3169 3168
3168 3169 3170
3168 3170 3171
3172 3171 3170
3172 3173 3171
3172 3174 3173
3172 3175 3174
3174 3175 3176
3174 3176 3177
3178 3179 3180
3178 3180 3181
3182 3183 3184
3182 3184 3185
3186 3187 3188
3186 3188 3189
3190 3191 3192
3190 3192 3193
3194 3195 3196
3194 3197 3195
3194 3198 3197
3194 3199 3198
3200 3199 3194
3200 3201 3199
3194 3202 3203
3194 3203 3204
3205 3206 3199
3205 3207 3206
3205 3199 3208
3205 3208 3209
3210 3205 3209
3210 3211 3205
3212 3211 3210
3211 3213 3205
3211 3214 3213
3212 3215 3211
3214 3211 3215
3214 3215 3216
3217 3216 3215
3217 3215 3218
3219 3218 3215
3219 3215 3220
3218 3221 3222
3218 3223 3221
3223 3218 3224
3223 3224 3225
3223 3226 3227
3223 3227 3228
3223 3229 3230
3223 3230 3231
3232 3233 3234
3232 3234 3235
3236 3237 3238
3236 3238 3239
3240 3241 3242
3240 3242 3243
3244 3245 3246
3244 3246 3247
3248 3249 3250
3248 3250 3251
3252 3253 3254
3252 3254 3255
3256 3257 3258
3256 3258 3259
3260 3261 3262
3260 3262 3263
3264 3265 3266
3264 3266 3267
3268 3269 3270
3268 3270 3271
3272 3273 3274
3272 3274 3275
3276 3277 3278
3276 3278 3279
3280 3281 3282
3280 3282 3283
3284 3285 3286
3284 3286 3287
3288 3289 3290
3288 3290 3291
3292 3293 3294
3292 3294 3295
3296 3297 3298
3296 3298 3299
3300 3301 3302
3300 3302 3303
3304 3305 3306
3304 3306 3307
3308 3309 3310
3308 3310 3311
3312 3313 3314
3312 3314 3315
3316 3317 3318
3316 3318 3319
3320 3321 3322
3320 3322 3323
3324 3325 3326
3324 3326 3327
3328 3329 3330
3328 3330 3331
3332 3333 3334
3332 3334 3335
3336 3337 3338
3336 3338 3339
3340 3341 3342
3340 3342 3343
3344 3345 3346
3344 3346 3347
3348 3349 3350
3348 3350 3351
3352 3353 3354
3352 3354 3355
3356 3357 3358
3356 3358 3359
3360 3361 3362
3360 3362 3363
3364 3365 3366
3364 3366 3367
3368 3369 3370
3368 3370 3371
3372 3373 3374
3372 3374 3375
3376 3377 3378
3376 3378 3379
3380 3381 3382
3380 3382 3383
3384 3385 3386
3384 3386 3387
3388 3389 3390
3388 3390 3391
3392 3393 3394
3392 3394 3395
3396 3397 3398
3396 3398 3399
3400 3401 3402
3400 3402 3403
3404 3405 3406
3404 3406 3407
3408 3409 3410
3408 3410 3411
3412 3413 3414
3412 3414 3415
3416 3417 3418
3416 3418 3419
3420 3421 3422
3420 3422 3423
3424 3425 3426
3424 3426 3427
3428 3429 3430
3428 3430 3431
3432 3433 3434
3432 3434 3435
3436 3437 3438
3436 3438 3439
3440 3441 3442
3440 3442 3443
3444 3445 3446
3444 3446 3447
3448 3449 3450
3448 3450 3451
3452 3453 3454
3452 3454 3455
3456 3457 3458
3456 3458 3459
3460 3461 3462
3460 3462 3463
3464 3465 3466
3464 3466 3467
3468 3469 3470
3468 3470 3471
3472 3473 3474
3472 3474 3475
3476 3477 3478
3476 3478 3479
3480 3481 3482
3480 3482 3483
3484 3485 3486
3484 3486 3487
3488 3489 3490
3488 3490 3491
3492 3493 3494
3492 3494 3495
3496 3497 3498
3496 3498 3499
3500 3501 3502
3500 3502 3503
3504 3505 3506
3504 3506 3507
3508 3509 3510
3508 3510 3511
3512 3513 3514
3512 3514 3515
3516 3517 3518
3516 3518 3519
3520 3521 3522
3520 3522 3523
3524 3525 3526
3524 3526 3527
3528 3529 3530
3528 3530 3531
3532 3533 3534
3532 3534 3535
3536 3537 3538
3536 3538 3539
3540 3541 3542
3540 3542 3543
3544 3545 3546
3544 3546 3547
3548 3549 3550
3548 3550 3551
3552 3553 3554
3552 3554 3555
3556 3557 3558
3556 3558 3559
3560 3561 3562
3560 3562 3563
3564 3562 3565
3564 3566 3562
3566 3567 3568
3566 3568 3569
3570 3571 3563
3570 3572 3571
3573 3570 3574
3573 3574 3575
3576 3577 3574
3576 3574 3578
3578 3579 3580
3578 3581 3579
3582 3581 3583
3582 3583 3584
3585 3586 3583
3585 3583 3587
3588 3589 3587
3588 3590 3589
3588 3591 3592
3588 3593 3591
3594 3595 3593
3594 3593 3596
3597 3598 3599
3597 3600 3598
3601 3602 3598
3601 3598 3603
3603 3604 3605
3603 3605 3606
3607 3600 3608
3607 3608 3609
3610 3611 3607
3610 3612 3611
3613 3611 3614
3613 3615 3611
3616 3615 3617
3616 3618 3615
3619 3618 3620
3619 3620 3621
3622 3619 3623
3622 3624 3619
3625 3624 3626
3625 3626 3627
3625 3628 3629
3625 3629 3630
3631 3632 3630
3631 3630 3633
3634 3635 3636
3634 3636 3637
3634 3638 3639
3634 3640 3638
3641 3642 3637
3641 3643 3642
3644 3645 3642
3644 3642 3646
3647 3648 3640
3647 3649 3648
3647 3650 3651
3647 3652 3650
3652 3653 3654
3652 3655 3653
3656 3657 3655
3656 3655 3658
3658 3659 3660
3658 3661 3659
3662 3663 3661
3662 3661 3664
3665 3664 3666
3665 3666 3667
3668 3669 3666
3668 3670 3669
3671 3672 3673
3671 3674 3672
3671 3675 3676
3671 3676 3677
3678 3674 3679
3678 3679 3680
3681 3682 3679
3681 3679 3683
3684 3677 3685
3684 3685 3686
3684 3687 3688
3684 3688 3689
3689 3690 3691
3689 3691 3692
3693 3692 3694
3693 3695 3692
3696 3695 3697
3696 3698 3695
3699 3698 3700
3699 3701 3698
3702 3701 3703
3702 3703 3704
3705 3702 3706
3705 3706 3707
3708 3709 3710
3708 3710 3711
3712 1437 3713
1437 3714 3713
3715 3716 3717
3715 3717 3718
3719 3720 1442
3719 1442 3721
3722 3723 3724
3722 3724 3725
3726 3727 3728
3726 3728 3729
3730 3731 3732
3730 1589 3731
3733 3730 3734
3733 3735 3730
3735 3736 3737
3735 3737 3738
3739 3738 3740
3739 3740 3741
3741 3742 3739
3741 3743 3742
3744 3742 3743
3744 3743 3745
3746 3745 3743
3746 3747 3745
3748 3743 3741
3748 3749 3743
3741 3750 3751
3741 3751 3752
3753 1464 3754
1464 3755 3754
3756 1453 3757
3758 3757 1453
3758 1453 3759
3760 3761 3759
3760 3762 3761
3763 3762 3760
3763 3760 3764
1465 3765 3764
1465 3766 3765
1465 3767 3766
3768 1451 3769
3768 3770 1451
3771 3772 3773
3771 3773 3774
3773 3775 3774
3773 3776 3775
3775 3776 3777
3775 3777 3778
3779 3778 3777
3779 3777 3780
3781 3782 3783
3781 3784 3782
3781 3783 3785
3785 3783 3786
3785 3786 3787
3788 3787 3786
3781 3785 3789
3787 3789 3785
3788 3790 3787
3791 3790 3788
3781 3792 3784
3781 3789 3792
3787 3793 3789
3793 3787 3790
3791 3794 3790
3795 3794 3791
3796 3792 3789
3793 3796 3789
3793 3790 3797
3794 3797 3790
3795 3798 3794
3798 3795 3799
3793 3800 3796
3797 3800 3793
3794 3801 3797
3801 3794 3798
3798 3799 3802
3803 3802 3799
3797 3804 3800
3801 3804 3797
3801 3798 3805
3805 3798 3802
3803 3806 3802
3806 3803 3807
3801 3808 3804
3805 3808 3801
3805 3802 3809
3806 3809 3802
3806 3807 3810
3811 3810 3807
3805 3812 3808
3812 3805 3809
3806 3813 3809
3810 3813 3806
3811 3814 3810
3815 3814 3811
3815 3816 3814
3812 3809 3817
3813 3817 3809
3818 3808 3812
3818 3812 3817
3819 3810 3814
3810 3819 3813
3820 3814 3816
3819 3814 3820
3820 3816 3821
3813 3822 3817
3822 3813 3819
3820 3823 3819
3822 3819 3823
3824 3820 3821
3820 3824 3823
3824 3821 3825
3822 3826 3817
3818 3817 3826
3818 3827 3808
3827 3804 3808
3828 3822 3823
3822 3828 3826
3829 3823 3824
3828 3823 3829
3825 3830 3824
3829 3824 3830
3825 3831 3830
3831 3832 3830
3833 3818 3826
3827 3818 3833
3827 3834 3804
3834 3800 3804
3835 3826 3828
3833 3826 3835
3829 3836 3828
3835 3828 3836
3830 3832 3837
3837 3832 3838
3839 3837 3838
3840 3829 3830
3840 3830 3837
3829 3840 3836
3839 3841 3837
3841 3840 3837
3842 3841 3839
3843 3841 3842
3836 3840 3844
3841 3844 3840
3843 3845 3841
3845 3844 3841
3846 3845 3843
3847 3835 3836
3836 3844 3847
3846 3848 3845
3849 3848 3846
3845 3850 3844
3850 3847 3844
3848 3850 3845
3847 3851 3835
3851 3833 3835
3849 3852 3848
3852 3849 3853
3852 3853 3854
3848 3855 3850
3855 3848 3852
3850 3856 3847
3851 3847 3856
3856 3850 3855
3854 3857 3852
3855 3852 3857
3854 3858 3857
3856 3855 3859
3859 3855 3857
3860 3857 3858
3859 3857 3860
3860 3858 3861
3851 3856 3862
3862 3856 3859
3860 3863 3859
3862 3859 3863
3861 3864 3860
3860 3864 3863
3861 3865 3864
3862 3866 3851
3851 3866 3833
3867 3862 3863
3862 3867 3866
3868 3864 3865
3868 3865 3869
3870 3863 3864
3867 3863 3870
3870 3864 3868
3866 3871 3833
3827 3833 3871
3834 3827 3871
3872 3868 3869
3872 3869 3873
3867 3874 3866
3866 3874 3871
3870 3875 3867
3867 3875 3874
3868 3876 3870
3868 3872 3876
3870 3876 3875
3834 3871 3877
3877 3871 3874
3873 3878 3872
3873 3879 3878
3872 3880 3876
3872 3878 3880
3881 3874 3875
3877 3874 3881
3882 3875 3876
3882 3876 3880
3881 3875 3882
3877 3883 3834
3834 3883 3800
3796 3800 3883
3879 3884 3878
3879 3885 3884
3884 3885 3886
3887 3880 3878
3887 3878 3884
3880 3888 3882
3881 3882 3888
3880 3887 3888
3881 3889 3877
3877 3889 3883
3796 3883 3890
3890 3883 3889
3884 3886 3891
3891 3886 3892
3893 3887 3884
3893 3884 3891
3891 3892 3894
3894 3893 3891
3784 3894 3892
3881 3888 3895
3881 3895 3889
3896 3888 3887
3896 3887 3893
3895 3888 3896
3894 3897 3893
3784 3897 3894
3897 3896 3893
3898 3889 3895
3890 3889 3898
3895 3896 3899
3898 3895 3899
3897 3900 3896
3899 3896 3900
3901 3900 3897
3901 3897 3784
3899 3900 3902
3902 3898 3899
3900 3901 3902
3902 3903 3898
3903 3902 3901
3898 3904 3890
3898 3903 3904
3905 3901 3784
3903 3901 3905
3784 3906 3905
3906 3903 3905
3906 3904 3903
3906 3784 3792
3890 3904 3907
3904 3906 3907
3906 3792 3907
3890 3907 3796
3796 3907 3792
3908 3909 3910
3911 3910 3909
3908 3910 3912
3912 3913 3908
3912 3914 3913
3914 3915 3913
3910 3916 3912
3916 3914 3912
3914 3917 3915
3918 3915 3917
3911 3919 3910
3910 3919 3916
3916 3920 3914
3917 3914 3920
3918 3917 3921
3921 3922 3918
3923 3916 3919
3920 3916 3923
3917 3920 3924
3924 3921 3917
3921 3925 3922
3925 3926 3922
3920 3923 3927
3927 3924 3920
3924 3928 3921
3925 3921 3928
3925 3929 3926
3930 3926 3929
3927 3931 3924
3931 3928 3924
3925 3928 3932
3929 3925 3932
3930 3929 3933
3934 3930 3933
3931 3935 3928
3935 3932 3928
3929 3932 3936
3936 3933 3929
3934 3933 3937
3938 3934 3937
3935 3939 3932
3936 3932 3939
3936 3940 3933
3937 3933 3940
3938 3937 3941
3942 3938 3941
3942 3941 3943
3936 3939 3944
3944 3940 3936
3935 3945 3939
3945 3944 3939
3941 3937 3946
3937 3940 3946
3943 3941 3947
3941 3946 3947
3943 3947 3948
3944 3949 3940
3949 3946 3940
3950 3947 3946
3949 3950 3946
3951 3948 3947
3950 3951 3947
3951 3952 3948
3953 3949 3944
3945 3953 3944
3935 3954 3945
3931 3954 3935
3955 3950 3949
3953 3955 3949
3956 3951 3950
3955 3956 3950
3957 3952 3951
3956 3957 3951
3957 3958 3952
3957 3959 3958
3960 3953 3945
3954 3960 3945
3931 3961 3954
3961 3931 3927
3955 3953 3962
3960 3962 3953
3956 3955 3963
3955 3962 3963
3957 3956 3964
3956 3963 3964
3965 3959 3957
3957 3964 3965
3965 3966 3959
3965 3967 3966
3965 3968 3967
3968 3965 3964
3967 3968 3969
3968 3970 3969
3971 3964 3963
3968 3964 3971
3968 3972 3970
3972 3968 3971
3973 3970 3972
3962 3974 3963
3971 3963 3974
3973 3972 3975
3976 3973 3975
3972 3971 3977
3977 3971 3974
3975 3972 3977
3962 3978 3974
3978 3962 3960
3976 3975 3979
3980 3976 3979
3980 3979 3981
3975 3977 3982
3979 3975 3982
3977 3974 3983
3983 3974 3978
3982 3977 3983
3984 3981 3979
3979 3982 3984
3984 3985 3981
3982 3983 3986
3986 3984 3982
3987 3985 3984
3986 3987 3984
3987 3988 3985
3983 3978 3989
3986 3983 3989
3987 3986 3990
3986 3989 3990
3988 3987 3991
3987 3990 3991
3988 3991 3992
3989 3978 3993
3978 3960 3993
3994 3990 3989
3989 3993 3994
3995 3992 3991
3995 3996 3992
3991 3990 3997
3994 3997 3990
3991 3997 3995
3993 3960 3998
3954 3998 3960
3961 3998 3954
3999 3996 3995
3999 4000 3996
3994 3993 4001
3993 3998 4001
4002 3997 3994
3994 4001 4002
3995 3997 4003
3995 4003 3999
4002 4003 3997
3961 4004 3998
4001 3998 4004
4000 3999 4005
4000 4005 4006
4002 4001 4007
4001 4004 4007
4008 3999 4003
4008 4005 3999
4009 4003 4002
4002 4007 4009
4009 4008 4003
4010 4004 3961
3961 3927 4010
4010 3927 3923
4011 4006 4005
4011 4012 4006
4011 4013 4012
4014 4008 4009
4014 4009 4007
4015 4005 4008
4015 4011 4005
4014 4015 4008
4007 4004 4016
4010 4016 4004
4010 3923 4017
4017 4016 4010
4011 4018 4013
4018 4019 4013
4014 4007 4020
4007 4016 4020
4011 4015 4021
4011 4021 4018
4018 4022 4019
4021 4022 4018
3911 4019 4022
4015 4014 4023
4015 4023 4021
4023 4014 4020
4021 4024 4022
3911 4022 4024
4024 4021 4023
4025 4020 4016
4017 4025 4016
4023 4020 4026
4025 4026 4020
4024 4023 4027
4027 4023 4026
4024 4027 4028
4024 4028 3911
4027 4026 4029
4025 4029 4026
4027 4029 4028
4025 4030 4029
4030 4028 4029
4031 4025 4017
4031 4030 4025
4032 3911 4028
4030 4032 4028
3911 4032 4033
4033 4032 4030
4033 4030 4031
3919 3911 4033
4017 4034 4031
4031 4034 4033
3919 4033 4034
4017 3923 4034
3923 3919 4034
