byte offset: 0
first index: 0
index count: 8748
topology: trianglelist
format: DXGI_FORMAT_R16_UINT

0 1 2
2 3 4
5 6 7
8 9 10
11 9 12
13 14 15
16 17 18
19 20 21
22 23 24
25 23 26
27 23 28
29 23 30
31 23 32
33 23 34
35 23 36
37 23 38
39 23 40
41 23 42
43 23 44
45 23 46
47 23 48
49 50 51
52 53 54
55 53 56
57 53 58
59 58 53
59 53 60
53 61 60
53 62 61
63 62 53
63 64 62
65 62 64
66 61 62
65 66 62
67 60 61
66 68 61
67 61 68
67 69 60
60 69 70
60 70 71
67 68 72
69 67 73
73 67 72
69 73 74
66 75 68
76 72 68
68 75 76
77 76 75
77 75 78
79 78 75
79 75 80
66 80 75
81 80 66
81 82 80
81 66 65
76 83 72
84 83 76
84 85 83
86 72 83
87 86 83
86 88 72
73 72 88
65 89 81
81 89 90
81 90 91
92 90 89
65 93 89
93 65 94
93 94 95
96 89 93
92 89 96
95 97 93
96 93 97
73 88 98
73 98 99
100 73 99
100 99 101
92 96 102
97 103 96
103 102 96
95 104 97
97 105 103
104 105 97
106 104 95
107 106 95
107 108 106
106 108 109
106 109 110
106 111 104
110 111 106
104 112 105
111 112 104
102 113 92
102 114 113
103 114 102
92 113 115
92 115 116
116 117 92
103 118 114
119 118 103
105 119 103
119 120 118
121 120 119
121 119 105
121 122 120
123 105 112
123 121 105
124 122 121
124 125 122
124 126 125
123 112 127
123 127 128
111 127 112
121 123 129
121 129 124
123 128 129
124 130 126
130 131 126
130 132 131
124 129 133
124 133 130
133 132 130
128 133 129
133 134 132
133 135 134
128 135 133
128 136 135
127 111 137
110 137 111
128 127 138
127 137 138
128 139 136
128 138 139
136 139 140
136 140 141
142 139 138
142 138 137
142 140 139
141 140 143
141 143 144
144 143 145
144 145 146
147 146 145
140 148 143
140 142 148
145 143 148
142 137 149
150 142 149
150 148 142
151 149 137
150 149 151
151 137 110
151 110 152
152 110 153
152 153 154
155 148 150
150 151 156
155 150 156
145 148 157
155 157 148
151 152 158
158 156 151
145 157 159
160 157 155
157 160 159
145 159 161
147 145 161
147 161 162
162 161 159
147 162 163
164 159 160
162 159 164
165 163 162
165 166 163
165 167 166
165 162 168
164 168 162
165 169 167
168 169 165
169 170 167
169 171 170
170 171 172
171 173 172
168 174 169
174 171 169
164 160 175
164 176 168
175 176 164
177 174 168
177 168 176
175 160 178
160 155 178
178 155 179
155 156 179
179 156 180
158 180 156
181 180 158
152 181 158
152 182 181
181 183 180
179 180 184
184 180 185
184 185 186
184 186 187
184 187 188
189 179 184
178 179 189
189 184 188
190 178 189
175 178 190
191 189 188
190 189 191
190 192 175
191 193 190
190 193 192
175 192 194
175 194 176
195 176 194
192 195 194
195 177 176
195 196 177
196 174 177
196 197 174
174 197 171
171 197 198
171 198 173
199 197 196
198 197 199
200 173 198
200 201 173
202 201 200
202 203 201
198 204 200
198 199 204
205 200 204
205 206 200
195 207 196
208 199 196
208 196 207
209 204 199
209 199 208
210 204 209
210 211 204
207 195 212
192 212 195
207 213 208
209 208 213
214 212 192
214 192 193
207 212 215
207 215 213
215 212 216
214 216 212
213 215 216
209 213 217
209 217 218
209 218 219
213 220 217
213 216 220
221 217 220
221 220 222
214 223 216
220 216 224
216 223 224
223 225 224
220 224 226
224 225 226
227 220 226
227 226 228
229 226 225
229 225 230
214 231 223
193 231 214
223 232 225
231 233 223
233 232 223
234 225 232
235 232 233
235 234 232
234 236 225
237 225 236
237 236 238
239 235 233
240 234 235
240 235 239
241 236 234
240 241 234
231 242 233
239 233 242
241 243 236
243 244 236
243 245 244
241 240 246
243 241 247
241 246 247
247 246 248
246 240 249
240 239 249
243 247 250
251 243 250
251 250 252
246 249 253
253 248 246
239 254 249
254 253 249
254 255 253
247 256 250
247 248 256
250 256 257
258 250 257
258 257 259
239 260 254
260 239 242
260 242 261
261 242 231
262 254 260
262 260 261
261 231 263
193 263 231
263 264 261
262 261 264
265 263 193
263 265 264
191 265 193
266 265 191
266 264 265
191 188 266
267 264 266
267 266 188
267 262 264
262 268 254
254 268 255
269 268 262
269 262 267
269 255 268
267 188 270
271 270 188
271 272 270
267 270 273
267 273 269
270 274 273
269 275 255
269 273 276
269 276 275
277 276 273
277 273 278
273 279 278
280 255 275
281 275 276
280 275 281
282 280 281
255 280 283
284 255 283
284 253 255
253 284 248
285 284 283
285 248 284
280 286 283
285 283 286
287 248 285
286 287 285
286 288 287
280 289 286
282 289 280
288 286 289
287 290 248
248 290 256
290 257 256
287 257 290
287 291 257
288 291 287
292 289 282
288 289 292
291 293 257
294 257 293
292 282 295
292 295 296
288 292 296
282 297 295
288 296 298
299 297 282
298 300 288
288 300 291
298 301 300
300 301 302
303 291 300
303 293 291
300 302 303
304 293 303
305 303 302
305 302 306
299 282 307
282 281 307
308 299 307
281 308 307
308 309 299
281 310 308
281 276 310
311 309 308
311 312 309
310 276 313
314 313 276
314 315 313
316 313 315
316 317 313
318 308 310
310 313 318
318 311 308
317 318 313
319 312 311
319 320 312
321 311 318
317 321 318
321 319 311
322 320 319
322 323 320
324 319 321
324 321 317
324 322 319
325 322 324
325 326 322
323 322 326
327 325 324
324 317 327
323 326 328
329 328 326
330 327 317
330 317 331
329 326 332
332 326 325
332 333 329
327 334 325
335 334 327
335 336 334
337 325 334
337 338 325
332 325 101
339 101 325
339 325 340
99 332 101
332 341 333
99 341 332
342 333 341
343 333 342
344 341 99
342 341 344
344 99 98
345 343 342
345 346 343
342 347 345
342 348 347
344 348 342
348 349 347
350 344 98
344 350 348
351 349 348
351 348 350
350 98 352
98 88 352
350 352 353
88 353 352
350 353 351
88 86 353
351 354 349
349 354 355
351 356 354
353 356 351
86 356 353
86 357 356
358 359 86
360 69 361
362 69 363
364 69 365
366 367 368
369 370 367
369 371 370
372 373 371
372 374 373
375 376 377
377 378 379
380 381 377
380 377 382
383 382 377
383 377 384
377 385 384
386 382 383
387 382 386
384 388 383
383 389 386
383 388 389
386 389 390
386 390 391
384 392 388
393 392 384
393 384 394
395 389 388
389 395 396
389 396 397
392 398 388
395 388 398
392 399 398
399 392 400
399 400 401
402 398 399
402 399 403
402 403 404
402 404 405
402 405 406
402 407 398
407 402 408
407 408 409
410 395 398
410 398 407
411 395 410
411 412 395
407 413 410
407 414 413
415 416 410
415 410 417
418 419 420
421 422 419
421 423 422
424 425 426
427 428 429
430 431 432
433 432 434
433 434 435
436 437 438
439 438 440
439 440 441
442 443 444
445 446 270
447 448 449
450 451 452
453 454 455
456 293 457
458 459 460
461 462 463
464 465 463
466 467 463
468 469 463
470 471 463
472 473 463
474 475 463
476 477 463
478 479 463
480 481 463
482 483 463
484 485 463
486 487 463
488 489 490
491 492 493
494 495 493
496 497 493
498 493 497
498 499 493
493 499 500
493 500 501
501 502 493
501 503 502
504 503 501
505 501 500
504 501 505
499 506 500
505 500 507
506 507 500
499 508 506
508 509 506
508 510 509
499 511 508
499 512 511
506 513 507
509 513 506
505 507 514
515 507 513
514 507 515
514 515 516
514 516 517
505 514 518
518 514 519
518 519 520
521 505 518
522 521 518
522 523 521
521 504 505
515 513 524
524 525 515
524 526 525
527 524 513
527 528 524
527 513 529
509 529 513
504 521 530
521 531 530
521 532 531
504 530 533
534 504 533
534 533 535
530 536 533
535 533 537
536 537 533
538 536 530
539 538 530
540 527 529
541 527 540
541 540 542
540 543 542
542 543 544
543 545 544
544 545 546
543 547 545
545 547 548
549 543 540
547 543 549
540 529 550
549 540 550
551 550 529
551 549 550
551 529 509
548 547 552
548 552 553
547 549 554
551 554 549
547 554 552
551 509 555
554 551 555
553 552 556
553 556 557
556 552 558
559 552 554
559 558 552
554 555 559
560 558 559
555 560 559
560 561 558
509 562 555
555 562 560
509 563 562
564 560 562
565 564 562
565 566 564
567 561 560
564 567 560
567 568 561
569 568 567
569 567 570
570 571 569
567 572 570
567 564 572
570 573 571
573 570 572
574 571 573
574 573 575
576 574 575
573 572 577
575 573 577
576 575 578
578 579 576
575 577 580
578 575 580
572 581 577
580 577 581
564 582 572
572 582 581
583 581 582
583 584 581
580 581 585
585 581 586
585 586 587
588 585 587
588 589 585
585 590 580
578 580 590
585 589 590
564 591 582
591 592 582
591 593 592
564 594 591
564 595 594
596 578 590
589 596 590
596 597 578
598 597 596
578 597 579
579 597 598
579 598 599
598 600 599
600 598 601
600 601 602
602 601 603
602 603 604
601 598 605
603 601 605
598 596 606
598 606 605
589 607 596
607 606 596
607 608 606
609 605 606
603 605 609
589 610 607
610 608 607
604 603 611
604 611 612
613 612 611
613 611 614
614 615 613
614 616 615
617 611 603
614 611 617
608 618 606
609 606 618
619 603 609
617 603 619
614 617 620
621 614 620
618 622 609
619 609 622
619 622 623
618 624 622
608 624 618
622 624 623
617 625 620
619 625 617
626 620 625
608 627 624
623 624 627
619 628 625
619 623 628
628 629 625
628 623 629
630 625 629
630 631 625
630 632 631
623 633 629
633 630 629
623 627 634
623 634 633
635 627 608
636 634 627
635 636 627
635 608 637
610 637 608
638 635 637
610 638 637
633 639 630
640 630 639
640 641 630
634 642 633
633 642 639
636 643 634
634 643 642
635 644 636
643 636 644
638 645 635
635 645 644
646 639 642
647 639 646
647 648 639
649 642 643
646 642 649
650 646 649
646 650 651
646 651 652
649 643 653
643 644 653
654 649 653
650 649 654
655 653 644
654 653 655
656 644 645
655 644 656
655 657 654
650 654 657
656 645 658
658 645 638
655 656 659
655 659 657
658 659 656
658 638 660
658 661 659
660 661 658
660 638 662
610 662 638
663 662 610
589 663 610
663 589 664
663 664 665
666 659 661
660 667 661
667 666 661
667 660 668
660 662 668
667 668 669
669 666 667
662 670 668
669 668 670
663 671 662
662 671 670
671 663 672
673 670 671
673 671 674
666 675 659
657 659 675
669 676 666
669 670 677
676 669 677
675 666 678
678 666 676
677 670 679
680 679 670
680 681 679
682 679 681
682 683 679
677 679 684
683 684 679
676 677 685
684 685 677
678 676 686
686 676 685
684 687 685
683 688 684
688 687 684
686 685 689
687 689 685
690 688 683
691 690 683
691 683 692
690 693 688
688 694 687
693 694 688
695 693 690
695 690 696
695 696 697
687 698 689
687 694 699
687 699 698
698 700 689
701 698 699
701 700 698
702 689 700
702 686 689
693 703 694
704 694 703
704 699 694
693 705 703
705 704 703
695 706 693
693 706 705
707 706 695
707 695 708
701 699 709
699 704 710
699 710 709
711 686 702
711 712 686
686 712 678
678 712 713
713 712 711
678 713 714
675 678 714
675 714 715
657 675 715
715 716 657
716 715 717
650 657 716
716 718 650
716 717 718
719 650 718
719 720 650
717 721 718
717 722 721
723 715 714
714 724 723
714 713 724
725 715 723
725 717 715
724 725 723
726 724 713
724 727 725
727 724 726
726 713 728
713 711 728
729 728 711
729 711 702
726 728 730
729 730 728
729 702 731
700 731 702
700 732 731
701 732 700
701 733 732
733 731 732
701 734 733
709 734 701
709 735 734
736 735 709
736 709 710
733 737 731
738 736 710
739 731 737
739 729 731
739 737 740
741 739 740
729 739 742
741 742 739
742 741 743
729 742 730
742 743 744
730 742 744
743 745 744
746 744 745
738 710 747
738 747 748
747 710 704
738 748 749
747 704 750
748 747 750
705 750 704
730 744 751
726 730 751
746 752 744
744 752 751
753 726 751
752 753 751
727 726 753
754 750 705
748 750 754
755 752 746
755 746 756
756 757 755
756 758 757
759 727 753
725 727 759
760 753 752
760 752 755
759 753 760
755 761 760
755 762 761
760 763 759
760 764 763
725 759 765
725 765 717
766 765 759
766 759 767
768 717 765
768 769 717
770 771 508
772 773 508
774 775 508
776 777 778
779 780 778
779 781 780
782 781 783
782 783 784
785 786 787
786 788 789
786 790 791
786 791 792
793 786 792
793 794 786
786 794 795
796 793 792
797 796 792
794 793 798
793 796 799
793 799 798
796 800 799
796 801 800
794 798 802
803 794 802
803 804 794
798 805 802
806 802 805
806 805 807
798 799 808
809 808 799
809 799 810
798 811 805
798 808 811
811 812 805
813 805 812
813 812 814
815 814 812
815 812 816
811 817 812
818 812 817
818 817 819
811 808 820
811 820 817
821 820 808
821 808 822
817 820 823
817 823 824
825 826 820
825 820 827
828 829 830
831 830 832
831 832 833
834 835 836
837 838 839
840 841 842
843 841 844
843 844 845
846 847 848
849 847 850
849 850 851
852 853 854
855 856 857
858 671 859
860 861 862
863 864 865
663 866 867
868 869 870
871 872 620
873 874 527
875 876 877
878 879 877
878 880 879
881 880 882
881 882 883
884 883 885
884 885 886
887 886 888
887 888 889
890 891 892
893 894 895
896 897 898
899 900 901
902 903 904
905 906 907
908 909 910
911 912 913
914 915 916
917 918 919
920 921 922
923 924 925
926 927 928
929 930 931
932 933 934
935 936 937
938 939 940
941 942 943
944 945 946
947 948 949
950 951 952
953 954 955
956 957 958
959 960 961
962 963 964
80 965 966
967 968 969
968 970 971
968 972 970
972 968 973
974 972 975
968 976 977
968 977 978
968 978 979
968 979 980
981 982 978
981 978 983
984 983 978
984 985 983
986 983 987
986 987 988
986 989 983
990 986 988
986 991 989
990 992 986
986 993 991
986 992 993
993 992 994
993 994 995
996 995 994
997 994 992
997 992 998
999 1000 994
999 994 1001
1002 994 1003
1002 1003 1004
1005 1006 1007
1008 1009 1010
1011 1012 1013
1014 1015 1016
1017 1018 1019
1020 1021 1022
1023 1024 1025
1026 1027 1028
1029 1030 1031
1032 1033 1034
1035 1036 1037
1038 1039 1040
1041 1042 1043
1044 1045 1046
1047 1048 1046
1047 1049 1048
1050 1046 1048
1050 1048 1051
1046 1050 1052
1052 1053 1046
1052 1054 1053
1055 1056 1052
1057 1058 1048
1057 1048 1059
1060 1061 1048
1060 1062 1061
1063 1064 1052
1063 1065 1064
1052 1066 1063
1066 1067 1063
1066 1068 1067
1067 1069 1063
1067 1070 1069
1071 1067 1068
1071 1072 1067
1073 1067 1074
1073 1074 1075
1076 1077 1078
1079 1080 1081
1082 1083 1084
1085 1086 1087
1088 1089 1090
1091 1092 1093
1094 1095 1096
1097 1098 1099
1100 1099 1101
1100 1101 1102
1103 1104 1105
1106 1107 1108
1109 1110 1111
1112 1113 1114
1115 1116 1117
1118 1119 1120
1121 1122 1123
1124 1125 1126
1127 1128 1129
1130 1131 1132
1133 1134 1135
1136 1137 1138
1136 1139 1140
1136 1140 1141
1142 1136 1141
1142 1143 1136
1142 1144 1143
1145 1142 1141
1146 1142 1145
1146 1145 1147
1145 1141 1148
1141 1149 1148
1141 1150 1149
1151 1145 1148
1152 1145 1151
1152 1151 1153
1151 1148 1154
1154 1148 1155
1154 1155 1156
1157 1151 1154
1157 1158 1151
1157 1159 1158
1157 1154 1160
1161 1160 1154
1161 1162 1160
1163 1157 1160
1164 1163 1160
1164 1165 1163
1157 1163 1166
1157 1166 1167
1168 1169 1163
1168 1163 1170
1171 1172 1173
1174 1175 1176
1177 1178 1179
1180 1181 1182
1183 1184 1181
1183 1185 1184
1186 1187 1188
1189 1190 1191
1192 1193 1194
1195 1196 1197
1198 1199 1200
1201 1202 1203
1204 1205 1206
1207 1208 1209
1210 1211 1212
1212 1213 1214
1212 1214 1215
1215 1214 1216
1215 1216 1217
1218 1219 1220
1221 1222 1223
1224 1225 1226
1227 1228 1229
1230 1231 1232
1233 1234 1235
1236 1237 1238
1239 1240 1237
1241 1242 1243
1244 1245 1246
1247 1248 1249
1250 1251 1252
1253 1254 1255
1256 1257 1258
1259 1260 1261
1262 1263 1264
1265 1266 1267
1268 1269 1270
1271 1272 1273
1274 1275 1271
1274 1276 1275
1277 1278 1279
1280 1281 1282
1283 1284 1285
1286 1287 1288
1288 1289 1290
1288 1290 1291
1291 1292 1288
1293 1294 1291
1288 1295 1296
1288 1297 1295
1288 1298 1297
1288 1299 1298
1297 1300 1301
1297 1301 1302
1302 1303 1297
1302 1304 1303
1305 1302 1306
1305 1306 1307
1306 1302 1308
1309 1307 1306
1306 1308 1310
1309 1306 1311
1306 1310 1312
1306 1312 1311
1312 1313 1311
1312 1314 1313
1315 1313 1314
1311 1313 1316
1311 1316 1317
1318 1319 1313
1318 1313 1320
1321 1313 1322
1321 1322 1323
1324 1325 1326
1327 1328 1329
1330 1331 1332
1333 1334 1335
1336 1337 1338
1339 1340 1341
1342 1343 1344
1345 1346 1347
1348 1349 1350
1351 1352 1353
1354 1355 1356
1357 1358 1359
1360 1361 1362
1363 1364 1365
1366 1364 1367
1366 1367 1368
1367 1364 1369
1367 1369 1370
1364 1371 1369
1372 1371 1364
1372 1373 1371
1374 1371 1375
1367 1376 1377
1367 1377 1378
1379 1367 1380
1379 1380 1381
1382 1383 1371
1382 1384 1383
1371 1383 1385
1386 1385 1383
1386 1383 1387
1386 1387 1388
1386 1389 1385
1390 1389 1386
1390 1386 1391
1392 1386 1393
1392 1393 1394
1395 1396 1397
1398 1399 1400
1401 1402 1403
1404 1405 1406
1407 1408 1409
1410 1411 1412
1413 1414 1415
1416 1417 1418
1419 1417 1420
1419 1420 1421
1422 1423 1424
1425 1426 1427
1428 1429 1430
1431 1432 1433
1434 1435 1436
1437 1438 1439
1440 1441 1442
1443 1444 1445
1446 1447 1448
1449 1450 1451
1452 1453 1454
1455 1456 1457
1455 1458 1459
1455 1460 1458
1461 1460 1455
1462 1461 1455
1462 1463 1461
1460 1461 1464
1464 1461 1465
1464 1465 1466
1460 1464 1467
1460 1467 1468
1460 1468 1469
1467 1464 1470
1471 1470 1464
1471 1472 1470
1467 1470 1473
1474 1467 1473
1474 1473 1475
1473 1470 1476
1477 1476 1470
1477 1478 1476
1473 1476 1479
1480 1473 1479
1480 1479 1481
1482 1479 1476
1483 1479 1482
1483 1482 1484
1476 1485 1482
1476 1486 1485
1487 1488 1482
1487 1482 1489
1490 1491 1492
1493 1494 1495
1496 1497 1498
1499 1500 1501
1502 1503 1501
1502 1504 1503
1505 1506 1507
1508 1509 1510
1511 1512 1513
1514 1515 1516
1517 1518 1519
1520 1521 1522
1523 1524 1525
1526 1527 1528
1529 1530 1531
1532 1533 1530
1532 1530 1534
1535 1532 1534
1535 1534 1536
1537 1538 1539
1540 1541 1542
1543 1544 1545
1546 1547 1548
1549 1550 1551
1552 1553 1554
1555 1556 1557
1558 1557 1559
1560 1561 1562
1563 1564 1565
1566 1567 1568
1569 1570 1571
1572 1573 1574
1575 1576 1577
1578 1579 1580
1581 1582 1583
1584 1585 1586
1587 1588 1589
1590 1591 1592
1593 1590 1594
1593 1594 1595
1596 1597 1598
1599 1600 1601
1602 1603 1604
1605 1606 1607
1608 1609 1610
1611 1612 1613
1614 1615 1613
1616 1617 1618
1619 1616 1620
1619 1620 1621
1622 1623 1624
1625 1626 1627
1628 1629 1630
1631 1632 1633
1634 1635 1636
1637 1638 1639
1640 1641 1642
1643 1644 1645
1646 1647 1648
1649 1650 1651
1652 1653 1654
1655 1656 1657
1658 1659 1660
1661 1662 1663
1664 1665 1666
1667 1668 1669
1670 1671 1672
1673 1674 1675
1676 1677 1678
1679 1680 1681
1682 1680 1683
1684 1685 1686
1687 1688 1684
1687 1689 1688
1690 1691 1692
1693 1694 1695
1696 1697 1698
1699 1700 1701
1702 1703 1704
1705 1706 1707
1708 1709 1710
1711 1712 1713
1714 1715 1716
1717 1718 1719
1720 1721 1722
1723 1724 1725
1726 1727 1728
1729 1730 1731
1732 1733 1734
1735 1736 1737
1738 1739 1740
1741 382 1742
386 1743 1742
386 1744 1743
1745 1746 792
796 1746 1747
796 1747 1748
1749 1750 1751
1749 1752 1750
1752 1753 1750
1752 1754 1753
1753 1754 1755
1753 1755 1756
1756 1755 1757
1756 1757 1758
1756 1758 1759
1756 1759 1760
1753 1756 1760
1760 1759 1761
1753 1760 1762
1750 1753 1762
1760 1761 1763
1762 1760 1763
1764 1763 1761
1750 1762 1765
1762 1763 1766
1766 1765 1762
1764 1767 1763
1766 1763 1767
1750 1765 1768
1768 1769 1750
1768 1770 1769
1766 1771 1765
1771 1768 1765
1771 1772 1768
1773 1768 1772
1773 1772 1774
1775 1767 1764
1775 1764 1776
1766 1767 1777
1777 1771 1766
1778 1767 1775
1778 1777 1767
1779 1775 1776
1779 1776 1780
1781 1779 1780
1781 1782 1779
1783 1779 1782
1784 1775 1779
1783 1784 1779
1785 1778 1775
1785 1775 1784
1783 1786 1784
1783 1787 1786
1786 1787 1788
1784 1786 1789
1784 1789 1785
1786 1788 1790
1790 1789 1786
1788 1791 1790
1788 1792 1791
1793 1791 1792
1794 1791 1793
1791 1794 1795
1791 1795 1796
1797 1796 1795
1797 1798 1796
1799 1798 1797
1800 1798 1799
1800 1799 1801
1796 1798 1802
1800 1802 1798
1791 1796 1803
1796 1802 1803
1804 1790 1791
1791 1803 1804
1804 1805 1790
1790 1805 1789
1804 1806 1805
1806 1789 1805
1807 1804 1803
1804 1807 1806
1806 1808 1789
1785 1789 1808
1802 1809 1803
1807 1803 1809
1807 1810 1806
1810 1808 1806
1785 1808 1811
1811 1778 1785
1809 1812 1807
1807 1812 1810
1810 1813 1808
1811 1808 1813
1814 1813 1810
1811 1815 1778
1815 1777 1778
1811 1813 1816
1814 1816 1813
1811 1816 1817
1811 1817 1815
1815 1818 1777
1777 1818 1771
1819 1818 1815
1819 1815 1817
1818 1820 1771
1818 1819 1820
1771 1820 1772
1821 1817 1816
1814 1821 1816
1819 1817 1822
1821 1822 1817
1820 1819 1823
1819 1822 1823
1772 1820 1824
1820 1823 1824
1821 1825 1822
1826 1823 1822
1826 1822 1825
1814 1827 1821
1821 1827 1825
1828 1824 1823
1828 1823 1826
1772 1824 1829
1830 1772 1829
1830 1831 1772
1824 1832 1829
1824 1828 1832
1833 1829 1832
1833 1832 1834
1825 1827 1835
1826 1825 1836
1825 1835 1836
1826 1836 1837
1837 1828 1826
1838 1835 1827
1814 1838 1827
1814 1839 1838
1840 1836 1835
1837 1836 1840
1838 1841 1835
1839 1841 1838
1814 1842 1839
1814 1810 1842
1812 1842 1810
1840 1835 1843
1843 1835 1841
1844 1839 1842
1812 1844 1842
1837 1845 1828
1837 1840 1846
1846 1845 1837
1828 1845 1847
1828 1847 1832
1832 1847 1848
1832 1848 1849
1812 1850 1844
1844 1851 1839
1851 1844 1850
1812 1852 1850
1809 1852 1812
1853 1852 1809
1802 1853 1809
1854 1853 1802
1800 1854 1802
1855 1852 1853
1854 1855 1853
1856 1854 1800
1800 1801 1856
1801 1857 1856
1801 1858 1857
1856 1859 1854
1859 1855 1854
1856 1860 1859
1856 1861 1860
1855 1862 1852
1859 1863 1855
1863 1862 1855
1864 1852 1862
1850 1852 1864
1859 1865 1863
1859 1866 1865
1863 1865 1867
1863 1868 1862
1863 1867 1868
1864 1862 1868
1868 1867 1869
1868 1869 1870
1864 1868 1870
1871 1870 1869
1871 1864 1870
1871 1869 1872
1873 1850 1864
1871 1873 1864
1872 1874 1871
1873 1871 1874
1872 1875 1874
1875 1876 1874
1875 1877 1876
1878 1850 1873
1873 1879 1878
1851 1850 1878
1851 1878 1879
1873 1874 1880
1880 1874 1876
1873 1880 1879
1880 1876 1881
1879 1880 1881
1851 1879 1882
1882 1839 1851
1881 1876 1883
1884 1883 1876
1884 1885 1883
1882 1886 1839
1839 1886 1841
1887 1841 1886
1843 1841 1887
1888 1882 1879
1879 1881 1889
1888 1879 1889
1881 1883 1890
1889 1881 1890
1891 1886 1882
1888 1891 1882
1887 1886 1892
1891 1892 1886
1892 1893 1887
1893 1843 1887
1890 1883 1894
1895 1894 1883
1895 1896 1894
1891 1897 1892
1892 1897 1893
1889 1890 1898
1889 1899 1888
1889 1898 1899
1891 1888 1900
1899 1900 1888
1890 1901 1898
1890 1894 1901
1898 1902 1899
1901 1902 1898
1894 1903 1901
1903 1902 1901
1904 1903 1894
1904 1894 1905
1906 1903 1904
1906 1907 1903
1891 1900 1908
1908 1897 1891
1909 1900 1899
1902 1909 1899
1903 1910 1902
1910 1903 1907
1902 1910 1911
1902 1911 1909
1909 1912 1900
1912 1908 1900
1913 1912 1909
1913 1909 1911
1911 1910 1914
1910 1907 1914
1912 1915 1908
1913 1915 1912
1908 1916 1897
1915 1916 1908
1911 1914 1917
1911 1917 1913
1918 1897 1916
1918 1893 1897
1918 1919 1893
1893 1919 1843
1843 1919 1920
1843 1920 1840
1921 1840 1920
1921 1846 1840
1922 1846 1921
1846 1922 1845
1922 1923 1845
1845 1923 1847
1922 1921 1924
1922 1925 1923
1925 1922 1924
1926 1847 1923
1926 1923 1925
1847 1926 1927
1847 1927 1928
1920 1929 1921
1924 1921 1929
1920 1930 1929
1924 1929 1931
1930 1920 1932
1930 1932 1933
1919 1932 1920
1932 1934 1933
1931 1935 1924
1925 1924 1935
1931 1936 1935
1937 1932 1919
1918 1937 1919
1932 1938 1934
1937 1938 1932
1938 1939 1934
1935 1940 1925
1926 1925 1940
1936 1941 1935
1935 1941 1940
1936 1942 1941
1941 1942 1943
1941 1943 1944
1944 1940 1941
1944 1945 1940
1946 1940 1945
1946 1926 1940
1947 1926 1946
1947 1948 1926
1938 1949 1939
1949 1950 1939
1951 1949 1938
1951 1938 1937
1918 1951 1937
1949 1952 1950
1952 1949 1951
1952 1953 1950
1954 1951 1918
1918 1916 1954
1952 1955 1953
1955 1956 1953
1957 1952 1951
1954 1957 1951
1958 1954 1916
1915 1958 1916
1952 1959 1955
1957 1959 1952
1955 1959 1960
1955 1961 1956
1961 1955 1960
1962 1957 1954
1962 1954 1958
1963 1958 1915
1913 1963 1915
1964 1959 1957
1964 1957 1962
1964 1965 1959
1960 1959 1965
1966 1965 1964
1966 1964 1962
1962 1958 1967
1963 1967 1958
1963 1913 1968
1913 1917 1968
1969 1960 1965
1966 1969 1965
1962 1967 1970
1966 1962 1970
1971 1970 1967
1972 1967 1963
1963 1968 1972
1972 1971 1967
1966 1970 1973
1971 1973 1970
1966 1973 1974
1969 1966 1974
1968 1975 1972
1972 1975 1971
1976 1973 1971
1974 1973 1976
1977 1968 1917
1968 1978 1975
1977 1978 1968
1971 1975 1979
1978 1979 1975
1976 1971 1980
1971 1979 1980
1977 1917 1981
1917 1914 1981
1969 1974 1982
1974 1976 1983
1983 1982 1974
1980 1984 1976
1983 1976 1984
1985 1980 1979
1980 1985 1984
1985 1986 1984
1982 1987 1969
1969 1987 1960
1985 1979 1988
1985 1988 1989
1985 1989 1986
1990 1988 1979
1988 1990 1989
1978 1990 1979
1978 1991 1990
1978 1977 1991
1992 1989 1990
1992 1990 1991
1993 1989 1992
1993 1986 1989
1977 1994 1991
1977 1981 1994
1995 1992 1991
1995 1993 1992
1991 1994 1996
1995 1991 1996
1981 1997 1994
1998 1996 1994
1998 1994 1997
1996 1999 1995
1998 1999 1996
1981 2000 1997
1981 1914 2000
2001 2000 1914
2001 1997 2000
2001 1914 1907
2002 2001 1907
2002 1907 2003
2004 1998 1997
2001 2005 1997
2004 1997 2005
2001 2006 2005
2001 2007 2006
2004 2005 2008
2004 2008 2009
2004 2010 1998
1998 2010 1999
1999 2010 2011
2009 2012 2004
2004 2012 2010
2009 2013 2012
2014 2012 2013
2015 2010 2012
2014 2015 2012
2015 2011 2010
2015 2014 2016
2015 2016 2017
2017 2011 2015
1999 2011 2018
1995 1999 2018
1995 2018 2019
2020 2019 2018
1995 2019 1993
1993 2019 2020
2021 2018 2011
2020 2018 2021
1993 2020 2022
2022 1986 1993
2017 2023 2011
2021 2011 2024
2024 2011 2023
2025 2023 2017
2026 2025 2017
2026 2027 2025
2028 2024 2023
2025 2028 2023
2021 2024 2029
2028 2029 2024
2030 2028 2025
2030 2029 2028
2031 2020 2021
2021 2029 2031
2030 2025 2032
2032 2025 2033
2032 2033 2034
2031 2035 2020
2036 2031 2029
2035 2031 2036
2020 2035 2037
2020 2037 2022
2030 2038 2029
2036 2029 2038
2038 2039 2036
2035 2036 2040
2037 2035 2040
2040 2036 2039
2041 2038 2030
2038 2041 2039
2032 2042 2030
2041 2030 2042
2022 2037 2043
2044 2043 2037
2044 2045 2043
2043 1986 2022
1986 2043 2045
2037 2040 2046
2044 2037 2046
2046 2040 2047
2040 2039 2047
2046 2047 2048
2048 2044 2046
2032 2049 2042
2050 2049 2032
2050 2051 2049
1986 2045 2052
1984 1986 2052
2053 1984 2052
2045 2053 2052
1983 1984 2053
2039 2054 2047
2048 2047 2054
2039 2055 2054
2048 2054 2056
2057 2055 2039
2057 2039 2041
2042 2057 2041
2042 2058 2057
2049 2058 2042
2049 2059 2058
2060 2059 2049
2061 2060 2049
2061 2062 2060
2063 2048 2056
2063 2064 2048
2064 2063 2065
2048 2064 2044
2064 2065 2066
2066 2044 2064
2067 2066 2065
2067 2065 2068
2066 2069 2044
2067 2069 2066
2044 2069 2045
2070 2045 2069
2067 2070 2069
2071 2067 2068
2071 2068 2072
2073 2071 2072
2073 2072 2074
2075 2071 2073
2071 2076 2067
2075 2076 2071
2070 2067 2076
2077 2076 2075
2070 2078 2045
2045 2078 2053
2077 2079 2076
2080 2079 2077
2070 2076 2081
2078 2070 2081
2081 2076 2079
2078 2082 2053
1983 2053 2082
2078 2081 2083
2078 2083 2082
2081 2079 2084
2083 2081 2084
2080 2085 2079
2085 2084 2079
1983 2082 2086
1983 2086 1982
2082 2083 2087
2083 2084 2087
2088 2085 2080
2088 2080 2089
2086 2082 2090
2082 2087 2090
2086 2091 1982
1982 2091 1987
2086 2090 2092
2086 2092 2091
2087 2093 2090
2093 2092 2090
2084 2094 2087
2087 2094 2093
2085 2095 2084
2084 2095 2094
2096 1987 2091
2096 2091 2092
2097 2095 2085
2097 2085 2088
2098 2095 2097
2098 2094 2095
2099 2097 2088
2098 2097 2099
2093 2100 2092
2096 2092 2100
2101 2100 2093
2101 2096 2100
2096 2102 1987
2102 1960 1987
2103 2093 2094
2101 2093 2103
2094 2098 2104
2103 2094 2104
2105 2101 2103
2105 2103 2106
2107 2103 2104
2107 2104 2108
2101 2109 2096
2109 2102 2096
2110 2109 2101
2110 2111 2109
2098 2112 2104
2112 2113 2104
2112 2114 2113
2098 2099 2112
2109 2115 2102
2116 2115 2109
2116 2117 2115
2099 2118 2112
2118 2119 2112
2118 2120 2119
2099 2121 2118
2121 2099 2122
2099 2088 2122
2089 2122 2088
2121 2122 2123
2089 2124 2122
2124 2123 2122
2124 2125 2123
2126 2115 2127
2126 2127 2128
2129 2115 2126
2102 2115 2129
2130 2102 2129
2102 2130 1960
1961 1960 2130
2130 2129 2131
1961 2130 2131
2132 2129 2126
2132 2131 2129
1961 2131 2133
2133 2131 2132
2133 1956 1961
2133 2134 1956
2135 2134 2133
2133 2132 2135
2135 2136 2134
2137 2136 2135
2137 2138 2136
2135 2139 2137
2135 2132 2139
2140 2139 2132
2140 2132 2126
2140 2126 2141
2140 2141 2142
2143 2144 2145
2143 2145 2146
2147 2148 2149
2147 2149 2150
2151 2152 2153
2151 2153 2154
2155 2156 2154
2155 2154 2157
2158 2159 2160
2158 2160 2161
2162 2163 2164
2162 2164 2165
2166 2167 2168
2166 2168 2169
2170 2171 2172
2170 2172 2173
2174 2175 2176
2174 2176 2177
2178 2179 2180
2178 2180 2181
2182 2183 2184
2182 2184 2185
2186 2187 2188
2186 2188 2189
2190 2191 2192
2190 2192 2193
2194 2195 2196
2194 2196 2197
2198 2199 2200
2198 152 2199
2201 2202 2203
2201 2203 2204
2205 2206 2207
2205 2207 2208
2209 2210 2211
2209 2211 2212
2213 2214 2215
2213 2216 2214
2217 2216 2218
2217 2218 2219
2220 2221 2222
2220 2222 2223
2224 2225 2226
2224 2226 2227
2228 2229 2230
2228 2230 2231
2232 2233 2234
2232 2234 334
2235 2236 2237
2235 2237 2238
2239 2240 2241
2239 2241 2242
2243 2244 2245
2243 2245 2246
2247 2248 2249
2247 2249 2250
2251 538 2252
538 2251 2253
538 2253 2254
2255 538 2254
538 2255 536
2255 2254 2256
2257 536 2255
2257 2255 2256
2257 2256 2258
2257 537 536
2259 2257 2258
2259 2258 2260
2257 2261 537
2261 2257 2259
2260 2262 2259
2262 2261 2259
2260 2263 2262
2261 2264 537
535 537 2264
2263 2265 2262
2263 2266 2265
2267 2265 2266
2268 535 2264
2269 535 2268
2269 2268 2270
2271 2270 2268
2271 2268 706
706 2268 2272
2268 2264 2272
706 2272 705
754 705 2272
2273 2272 2264
2273 754 2272
2261 2273 2264
2274 754 2273
2261 2274 2273
2261 2262 2274
2274 748 754
2275 2274 2262
2274 2275 748
2275 2262 2265
748 2275 2276
2276 2275 2265
748 2276 749
2276 2277 749
2278 2277 2276
2276 2265 2279
2278 2276 2279
2267 2279 2265
2280 2278 2279
2280 2279 2267
2281 2282 2283
2281 2283 2284
2285 2286 2287
2285 2287 2288
2289 2290 2291
2289 2291 695
2292 2293 2294
2292 2294 2295
2296 2297 2298
2296 2298 2299
2300 2301 2302
2300 2302 2303
2304 2305 2306
2304 2306 2307
2308 2309 2307
2308 2310 2309
2311 2312 2313
2311 2313 2314
2315 2316 2317
2315 2317 2318
2319 2320 2321
2319 2321 2322
2323 2324 2325
2323 591 2324
2326 2327 2328
2326 2328 2329
2330 2331 2332
2330 2332 2333
2334 2335 2336
2334 2336 2337
2338 2339 2340
2338 2340 2341
2342 2343 2341
2342 2344 2343
2345 2344 2346
2345 2346 2347
2348 2347 2349
2348 2349 2350
2351 2352 2353
2351 2353 2354
2354 2353 2355
2354 2355 2356
2356 2355 2357
2356 2357 2358
2358 2357 2359
2358 2359 2360
2360 2359 2361
2360 2361 2362
2362 2361 2363
2362 2363 2364
2364 2363 2365
2364 2365 2366
2366 2365 2367
2366 2367 2368
2368 2367 2369
2368 2369 2370
2370 2369 2371
2370 2371 2372
2372 2371 2373
2372 2373 2374
2374 2373 2375
2374 2375 2376
2376 2375 2377
2376 2377 2378
2378 2377 2379
2378 2379 2380
2381 2382 2383
2381 2383 2384
2385 2386 2384
2385 2384 2387
2388 2385 2387
2388 2387 2389
2390 2388 2389
2390 2389 2391
2392 2390 2391
2392 2391 2393
2394 2392 2393
2394 2393 2395
2396 2394 2395
2396 2395 2397
2398 2396 2397
2398 2397 2399
2400 2398 2399
2400 2399 2401
2402 2400 2401
2402 2401 2403
2404 2402 2403
2404 2403 2405
2406 2404 2405
2406 2405 2407
2408 2406 2407
2408 2407 2409
2410 2408 2409
2410 2409 2411
2412 2413 2414
2412 2414 2415
2416 2417 2418
2416 2418 2419
2420 2421 2422
2420 2422 2423
2424 2425 2426
2424 2426 2427
2428 2429 2430
2428 2430 2431
2432 2433 2434
2432 2434 2435
2436 2437 2438
2436 2438 2439
2440 2441 2442
2440 2442 2443
2444 2445 2446
2444 2446 2447
2448 2449 2450
2448 2450 2451
2452 2453 2454
2452 2454 2455
2456 2457 2458
2456 2458 2459
2460 2461 2462
2460 2462 2463
2464 2465 2466
2464 2466 2467
2468 2469 2470
2468 2470 2471
2472 2473 2474
2472 2474 2475
2476 2477 2478
2476 2478 2479
2480 2481 2482
2480 2482 2483
2484 2485 2486
2484 2486 2487
2488 2489 2490
2488 2490 2491
2492 2493 2494
2492 2494 2495
2496 2497 2498
2496 2498 2499
2500 2501 2502
2500 2502 2503
2504 2505 2506
2504 2506 2507
2508 2509 2510
2508 2510 2511
2512 2513 2514
2512 2514 2515
2516 2517 2518
2516 2518 2519
2520 2521 2522
2520 2522 2523
2524 2525 2526
2524 2526 2527
2528 2529 2530
2528 2530 2531
2532 2533 2534
2532 2534 2535
2536 2537 2538
2536 2538 2539
2540 2541 2542
2540 2542 1136
2543 2544 2545
2543 2545 2546
2547 2548 2549
2547 2549 2550
2551 2552 2553
2551 2553 2554
2555 2556 2557
2555 2558 2556
2559 2558 2560
2559 2560 2561
2562 2563 2564
2562 2564 2565
2566 2567 2568
2566 2568 2569
2570 2571 2572
2570 2572 2573
2574 2575 2576
2574 2576 2577
2578 2579 2580
2578 2580 2581
2582 2583 2581
2582 2584 2583
2585 2586 2587
2585 2587 2588
2589 2590 2591
2589 2591 2592
2593 2594 2595
2593 2595 2596
2597 2598 2599
2597 2599 2600
2601 2602 2603
2601 2603 2604
2605 2606 2607
2605 2607 2608
2609 2610 2611
2609 2611 2612
2613 2614 2615
2613 2615 2616
2617 2618 2619
2617 2619 2620
2621 2622 2623
2621 2623 2624
2625 2626 2627
2625 2627 2628
2629 2630 2631
2629 2631 2632
2633 2634 2635
2633 2635 2636
2637 2638 2639
2637 2639 2640
2641 2642 2643
2641 2643 2644
2645 2646 2647
2645 2647 2648
2649 2650 2651
2649 2651 2652
2653 2654 2655
2653 2655 2656
2657 2658 2659
2657 2659 2660
2661 2662 2663
2661 2664 2662
2665 2664 2666
2665 2666 2667
2668 2669 2670
2668 2671 2669
2672 2671 2673
2672 2673 2674
2675 2676 2677
2675 2677 2678
2679 2680 2678
2679 2681 2680
2682 2683 2684
2682 2684 2685
2686 2687 2688
2686 2688 2689
2690 2691 2692
2690 2692 2693
2694 2695 2696
2694 2696 2697
2698 2699 2700
2698 2700 2701
2702 2703 2704
2702 2704 2705
2706 2707 2708
2706 2708 2709
2710 2711 2712
2710 2712 2713
2714 2715 2713
2714 2716 2715
2717 2718 2719
2717 2719 2720
2721 2722 2723
2721 2723 2724
2725 2726 2727
2725 2728 2726
2729 2730 2728
2729 2731 2730
2732 2733 2734
2732 2734 2735
2736 2737 2738
2736 2738 2739
2740 2741 2742
2740 2742 2743
2744 2745 2746
2744 2746 2747
2748 2749 2750
2748 2750 2751
2752 2753 2754
2752 2754 2755
2756 2757 2758
2756 2758 2759
2760 2761 2762
2760 2762 2763
2764 2765 2766
2764 2766 2767
2768 2769 2770
2768 2770 2771
2772 2773 2774
2772 2774 2775
2776 2777 2778
2776 2778 2779
2780 2781 2782
2780 2782 2783
2784 2785 2786
2784 2786 2787
2788 2789 2790
2789 2791 2790
2791 2792 2790
2793 2794 2795
2793 2795 2796
2797 2796 2798
2797 2798 2799
2800 2801 2802
2800 2802 2803
2804 2805 2806
2804 2806 2807
2808 2809 2810
2808 2810 2811
2812 2813 2814
2812 2814 2815
2816 2817 2818
2816 2818 2819
2820 2821 2822
2820 2822 2823
2824 2825 2826
2824 2826 2827
2828 2829 2830
2828 2830 2831
2832 2833 2834
2832 2834 2835
2836 2837 2838
2836 2838 2839
2840 2841 2842
2840 2842 2843
2844 2845 2846
2844 2846 2847
2848 2849 2850
2848 2850 972
2851 972 2852
2851 2852 2853
2854 2855 2856
2854 1455 2855
2857 2858 2859
2857 2859 2860
2861 2862 2863
2861 2863 2864
2865 2866 2867
2865 2867 2868
2869 2870 2871
2869 2871 2872
2873 2874 2872
2873 2875 2874
2876 2877 2878
2876 2878 2879
2880 2881 2882
2880 2882 2883
2884 2885 2886
2884 2886 2887
2888 2889 2890
2888 2890 2891
2892 2893 2894
2892 2894 2895
2896 2895 2897
2896 2897 2898
2899 2900 2901
2899 2901 2902
2903 2904 2905
2903 2905 2906
2907 2908 2909
2907 2909 2910
2911 2912 2913
2911 2913 2914
2915 2916 2917
2915 2917 2918
2919 2920 2921
2919 2921 2922
2923 2924 2925
2923 2925 2926
2927 2928 2929
2927 2929 2930
2931 2932 2933
2931 2933 2934
2935 2936 2937
2935 2937 2938
2939 2940 2941
2939 2941 2942
2943 2944 2945
2943 2945 2946
2947 2948 2949
2947 2949 2950
2951 2952 2953
2951 2953 2954
2955 2956 2957
2955 2957 2958
2959 2960 2961
2959 2961 2962
2963 2964 2965
2963 2965 2966
2967 2968 2969
2967 2969 2970
2971 2972 2973
2971 2973 2974
2975 2976 2977
2975 2977 2978
2979 2978 2980
2979 2980 2981
2982 2983 2984
2982 2984 2985
2986 2985 2987
2986 2987 2988
2989 2990 2991
2989 2992 2990
2993 2994 2992
2993 2995 2994
2996 2997 2998
2996 2998 2999
3000 3001 3002
3000 3002 3003
3004 3005 3006
3004 3006 3007
3008 3009 3010
3008 3010 3011
3012 3013 3014
3012 3014 3015
3016 3017 3018
3016 3018 3019
3020 3021 3022
3020 3022 3023
3024 3025 3026
3024 3026 3027
3028 3027 3029
3028 3029 3030
3031 3032 3033
3031 3033 3034
3035 3036 3037
3035 3037 3038
3039 3040 3041
3039 3041 3042
3043 3044 3042
3043 3045 3044
3046 3047 3048
3046 3048 3049
3050 3051 3052
3050 3052 3053
3054 3055 3056
3054 3056 3057
3058 3059 3060
3058 3060 3061
3062 3063 3064
3062 3064 3065
3066 3067 3068
3066 3068 3069
3070 3071 3072
3070 3072 3073
3074 3075 3076
3074 3076 3077
3078 3079 3080
3078 3080 3081
3082 3083 3084
3082 3084 3085
3086 3087 3088
3086 3088 3089
3090 3091 3092
3090 3092 3093
3094 3095 3096
3094 3096 3097
3098 3099 3100
3098 3100 3101
3102 3103 3104
3104 3103 3105
3105 3103 3106
3107 3108 3109
3107 3109 3110
3111 3112 3110
3111 3113 3112
3114 3115 3116
3114 3116 3117
3118 3119 3120
3118 3120 3121
3122 3123 3124
3122 3124 3125
3126 3127 3128
3126 3128 3129
3130 3131 3132
3130 3132 3133
3134 3135 3136
3134 3136 3137
3138 3139 3140
3138 3140 3141
3142 3143 3144
3142 3144 3145
3146 3147 3148
3146 3148 3149
3150 3151 3152
3150 3152 3153
3154 3155 3156
3154 3156 3157
3158 3159 3160
3158 3160 3161
3162 3163 3164
3162 1291 3163
3165 1291 3166
3165 3166 3167
3168 3169 3170
3168 3170 3171
3168 3171 3172
3171 3173 3172
3174 3172 3173
3174 3175 3172
3176 3175 3174
3177 3168 3172
3175 3177 3172
3176 3178 3175
3179 3178 3176
3179 3180 3178
3181 3175 3178
3175 3181 3177
3182 3178 3180
3181 3178 3182
3182 3180 3183
3183 3184 3182
3183 3185 3184
3182 3186 3181
3182 3184 3186
3181 3187 3177
3181 3186 3187
3188 3168 3177
3188 3177 3187
3168 3188 3189
3168 3189 3190
3185 3191 3184
3185 3192 3191
3193 3187 3186
3193 3188 3187
3184 3194 3186
3184 3191 3194
3193 3186 3194
3194 3195 3193
3192 3196 3191
3192 3197 3196
3191 3198 3194
3194 3198 3195
3191 3196 3198
3193 3199 3188
3195 3199 3193
3200 3188 3199
3200 3201 3188
3202 3196 3197
3202 3197 3203
3204 3198 3196
3195 3198 3204
3204 3196 3202
3205 3202 3203
3205 3203 3206
3205 3206 3207
3208 3202 3205
3208 3204 3202
3205 3207 3209
3209 3208 3205
3209 3207 3210
3209 3210 3211
3211 3210 3212
3209 3213 3208
3211 3213 3209
3214 3204 3208
3214 3208 3213
3195 3204 3215
3214 3215 3204
3211 3212 3216
3211 3217 3213
3217 3211 3216
3218 3216 3212
3218 3212 3219
3218 3219 3220
3221 3216 3218
3221 3217 3216
3218 3220 3222
3222 3221 3218
3223 3222 3220
3223 3224 3222
3225 3224 3223
3225 3226 3224
3224 3226 3227
3224 3228 3222
3222 3228 3221
3224 3227 3229
3224 3229 3228
3230 3229 3227
3230 3228 3229
3230 3227 3231
3232 3221 3228
3230 3232 3228
3233 3232 3230
3231 3234 3230
3233 3230 3234
3231 3235 3234
3234 3235 3236
3234 3236 3237
3238 3233 3234
3238 3239 3233
3232 3240 3221
3233 3240 3232
3217 3221 3240
3217 3240 3241
3213 3217 3241
3233 3242 3240
3242 3241 3240
3233 3243 3242
3233 3244 3243
3213 3241 3245
3214 3213 3245
3242 3246 3241
3245 3241 3246
3247 3246 3242
3247 3242 3248
3214 3245 3249
3245 3246 3249
3246 3250 3249
3246 3251 3250
3249 3250 3252
3249 3252 3253
3214 3249 3253
3253 3215 3214
3253 3254 3215
3255 3254 3253
3255 3256 3254
3195 3215 3254
3195 3254 3257
3257 3254 3258
3257 3258 3259
3195 3257 3199
3199 3257 3260
3199 3260 3261
3262 3263 3264
3262 3264 3265
3266 3267 3268
3266 3268 3269
3270 3271 3272
3270 3272 3273
3272 3274 3273
3273 3274 3275
3274 3276 3275
3274 3277 3276
3277 3278 3276
3279 3274 3272
3279 3277 3274
3277 3280 3278
3280 3281 3278
3280 3282 3281
3283 3280 3277
3279 3283 3277
3282 3280 3284
3283 3284 3280
3282 3284 3285
3285 3284 3286
3285 3286 3287
3288 3284 3283
3288 3286 3284
3289 3283 3279
3289 3288 3283
3279 3272 3290
3279 3290 3289
3272 3291 3290
3272 3292 3291
3293 3287 3286
3293 3294 3287
3288 3289 3295
3290 3295 3289
3296 3286 3288
3296 3293 3286
3288 3295 3296
3296 3295 3297
3294 3293 3298
3294 3298 3299
3300 3293 3296
3296 3297 3300
3300 3298 3293
3290 3301 3295
3297 3295 3301
3302 3301 3290
3302 3290 3303
3299 3298 3304
3299 3304 3305
3298 3300 3306
3297 3306 3300
3298 3306 3304
3305 3304 3307
3305 3307 3308
3309 3308 3307
3310 3307 3304
3310 3304 3306
3309 3307 3311
3311 3307 3310
3311 3312 3309
3311 3313 3312
3313 3314 3312
3311 3310 3315
3315 3313 3311
3306 3316 3310
3315 3310 3316
3297 3317 3306
3306 3317 3316
3313 3318 3314
3315 3319 3313
3319 3318 3313
3314 3318 3320
3314 3320 3321
3320 3322 3321
3323 3320 3318
3323 3318 3319
3320 3324 3322
3323 3324 3320
3325 3322 3324
3325 3324 3326
3327 3325 3326
3327 3326 3328
3329 3328 3326
3326 3324 3330
3323 3330 3324
3329 3326 3331
3326 3330 3331
3332 3329 3331
3330 3332 3331
3332 3333 3329
3334 3330 3323
3330 3334 3332
3335 3332 3334
3333 3332 3336
3335 3336 3332
3333 3336 3337
3338 3337 3336
3338 3336 3339
3335 3340 3336
3335 3341 3340
3334 3323 3342
3335 3334 3342
3342 3323 3319
3342 3319 3343
3315 3343 3319
3335 3342 3344
3344 3342 3343
3335 3344 3345
3335 3345 3346
3315 3347 3343
3315 3316 3347
3344 3343 3348
3348 3343 3347
3349 3344 3348
3349 3350 3344
3351 3347 3316
3348 3347 3351
3348 3351 3352
3348 3352 3353
3351 3354 3352
3351 3355 3354
3351 3316 3355
3355 3316 3317
3355 3317 3356
3357 3355 3356
3357 3356 3358
3356 3317 3297
3356 3297 3359
3360 3356 3359
3360 3359 3361
3297 3301 3359
3362 3359 3301
3362 3301 3363
3364 3365 3366
3364 3366 3367
3368 3369 3370
3368 3370 3371
