byte offset: 0
first index: 0
index count: 16596
topology: trianglelist
format: DXGI_FORMAT_R16_UINT

0 1 2
3 4 5
3 6 4
7 6 3
7 8 6
9 8 7
9 10 8
11 10 9
11 12 10
13 12 11
13 14 12
15 14 13
15 16 14
17 16 15
17 18 16
19 18 17
19 20 18
21 20 19
21 22 20
23 22 21
23 24 22
25 24 23
25 26 24
27 26 25
27 28 26
29 28 27
29 30 28
31 30 29
31 32 30
33 34 35
33 36 34
33 37 36
38 37 33
34 36 39
34 39 40
40 39 41
42 37 38
42 38 43
44 42 43
37 45 36
39 36 45
46 41 39
46 47 41
44 48 42
49 48 44
50 37 42
50 45 37
48 50 42
39 45 51
51 45 50
51 46 39
52 50 48
51 50 52
53 47 46
51 54 46
53 46 54
55 47 53
55 56 47
57 51 52
57 54 51
53 54 58
58 55 53
59 58 54
59 54 57
55 60 56
56 60 61
61 60 62
58 63 55
59 63 58
62 60 64
62 64 65
66 60 55
55 63 66
64 60 66
65 64 67
65 67 68
67 64 69
67 69 70
66 71 64
64 71 69
66 63 72
66 72 71
59 73 63
73 72 63
72 74 71
71 74 69
73 74 72
70 69 75
69 74 75
70 75 76
77 73 59
57 77 59
73 78 74
75 74 78
75 79 76
76 79 80
57 81 77
81 57 52
77 82 73
73 82 78
83 82 77
81 83 77
81 52 84
52 48 84
75 78 85
75 85 79
80 79 86
80 86 87
82 88 78
88 82 83
88 83 89
81 90 83
90 81 84
89 83 90
91 78 88
78 91 85
91 88 89
79 85 92
91 92 85
79 92 86
86 92 93
87 86 94
86 93 94
87 94 95
94 96 95
91 97 92
97 91 89
97 93 92
94 98 96
93 98 94
90 99 89
90 84 99
96 98 100
96 100 101
101 100 102
101 102 103
98 104 100
104 102 100
93 105 98
98 105 104
105 93 106
104 105 106
103 102 107
103 107 108
109 106 93
97 109 93
109 97 110
97 89 110
109 110 111
106 109 111
89 112 110
112 111 110
89 99 112
112 113 111
113 106 111
114 112 99
113 112 114
108 107 115
108 115 116
114 99 117
99 84 117
84 118 117
48 118 84
49 118 48
117 119 114
118 119 117
49 120 118
119 118 120
121 120 49
122 120 121
122 123 120
119 120 123
124 123 122
124 125 123
125 119 123
126 125 124
114 119 127
125 127 119
114 127 113
126 128 125
128 127 125
129 128 126
127 130 113
113 130 106
131 127 128
127 131 130
129 132 128
132 131 128
130 133 106
106 133 104
129 134 132
129 135 134
131 136 130
130 136 133
137 131 132
137 132 134
131 137 136
133 138 104
104 138 102
135 139 134
135 140 139
141 139 140
134 142 137
134 139 142
136 143 133
133 143 138
102 138 144
143 144 138
102 144 107
137 145 136
136 145 143
137 142 145
141 146 139
139 146 142
144 147 107
107 147 115
143 148 144
145 148 143
148 147 144
141 149 146
141 150 149
142 151 145
145 151 148
142 146 152
152 146 149
142 152 151
150 153 149
150 154 153
149 155 152
149 153 155
152 156 151
152 155 156
155 157 156
151 156 158
151 158 148
158 156 157
154 159 153
154 160 159
161 159 160
153 162 155
153 159 162
155 162 157
161 163 159
159 163 162
164 163 161
162 163 165
162 165 157
164 166 163
163 166 165
167 166 164
167 168 166
169 168 167
170 166 168
165 166 170
170 171 165
157 165 171
172 171 170
171 172 173
174 173 172
175 173 174
157 171 176
176 171 173
173 175 177
177 176 173
177 175 178
157 176 179
158 157 179
179 176 180
180 176 177
158 179 180
181 177 178
180 177 181
181 178 182
181 182 183
158 180 184
148 158 184
148 184 147
184 180 185
184 185 147
180 181 185
147 185 115
181 183 186
185 181 186
115 185 187
185 186 187
116 115 187
116 187 188
188 187 186
188 186 189
189 186 183
189 183 190
191 192 193
191 194 192
195 192 194
195 196 192
197 196 195
197 198 196
199 198 197
199 200 198
201 200 199
201 202 200
203 202 201
203 204 202
205 204 203
205 206 204
207 206 205
207 208 206
209 208 207
209 210 208
209 211 210
209 212 211
212 213 211
212 214 213
215 213 214
215 216 213
217 216 215
217 218 216
217 219 218
217 220 219
220 221 219
220 222 221
223 221 222
223 224 221
225 224 223
225 226 224
227 226 225
227 228 226
227 229 228
227 230 229
231 229 230
231 232 229
233 234 235
236 233 235
236 237 233
237 236 238
239 233 237
239 237 240
240 241 239
242 239 241
240 243 241
244 243 240
245 246 247
245 248 246
248 245 249
249 245 250
249 251 248
249 252 251
252 253 251
251 253 254
254 253 255
255 256 254
254 256 257
257 256 258
258 259 257
257 259 260
260 259 261
260 261 262
260 262 263
263 262 264
265 263 264
266 267 268
266 268 269
266 269 270
270 269 271
266 270 272
266 272 273
272 274 273
272 275 274
274 275 276
275 277 276
275 278 277
278 279 277
278 280 279
279 280 281
279 281 282
282 281 283
284 285 286
284 286 287
284 287 288
284 288 289
288 290 289
288 291 290
292 290 291
292 293 290
294 293 292
294 295 293
294 296 295
294 297 296
296 297 298
296 298 299
299 298 300
299 300 301
301 300 302
301 302 303
304 303 302
304 302 305
304 305 306
304 306 307
308 307 306
308 309 307
310 309 308
310 311 309
310 312 311
310 313 312
314 312 313
314 315 312
316 315 314
316 317 315
318 317 316
318 319 317
320 319 318
320 321 319
322 321 320
322 323 321
324 323 322
324 325 323
326 325 324
326 327 325
326 328 327
326 329 328
330 328 329
330 331 328
330 332 331
330 333 332
334 335 336
334 336 337
338 337 336
338 339 337
340 339 338
340 341 339
342 341 340
342 340 343
344 342 343
344 343 345
345 346 344
347 346 345
347 348 346
347 349 348
350 349 347
350 351 349
352 351 350
352 350 353
352 353 354
354 353 355
354 355 356
355 357 356
358 357 355
358 359 357
359 358 360
359 360 361
362 361 360
362 363 361
364 365 366
364 367 365
368 367 364
368 364 369
370 368 369
370 369 371
370 371 372
370 372 373
373 372 374
373 374 375
374 376 375
374 377 376
378 376 377
378 379 376
380 379 378
380 381 379
382 381 380
382 383 381
383 382 384
383 384 385
386 385 384
386 387 385
388 387 386
388 386 389
388 389 390
388 390 391
392 391 390
392 390 393
394 392 393
394 393 395
394 395 396
394 396 397
398 397 396
398 399 397
398 400 399
398 401 400
402 403 404
405 403 402
405 402 406
406 407 405
406 408 407
407 408 409
407 409 410
410 409 411
410 411 412
413 412 411
413 411 414
413 414 415
413 415 416
417 416 415
417 415 418
419 417 418
419 418 420
419 420 421
419 421 422
421 423 422
421 424 423
423 424 425
426 427 428
429 427 426
427 429 430
427 430 431
431 430 432
431 432 433
433 432 434
433 434 435
436 435 434
436 437 435
437 436 438
437 438 439
439 438 440
439 440 441
442 441 440
442 443 441
442 444 443
442 445 444
446 444 445
446 447 444
446 448 447
446 449 448
450 448 449
450 451 448
452 451 450
452 450 453
452 453 454
452 454 455
455 454 456
455 456 457
457 456 458
457 458 459
457 459 460
460 459 461
461 462 460
461 463 462
462 463 464
462 464 465
465 464 466
465 466 467
468 467 466
468 469 467
468 470 469
471 470 468
472 473 474
472 474 475
476 472 475
476 475 477
478 476 477
478 477 479
480 478 479
480 479 481
482 480 481
482 481 483
484 482 483
484 483 485
484 485 486
484 486 487
487 486 488
487 488 489
490 489 488
490 488 491
492 490 491
492 491 493
494 492 493
494 493 495
496 494 495
496 495 497
498 496 497
498 497 499
498 499 500
498 500 501
501 500 502
501 502 503
503 502 504
503 504 505
506 505 504
506 504 507
508 506 507
508 507 509
510 508 509
510 509 511
512 510 511
512 511 513
512 513 514
512 514 515
515 514 516
515 516 517
517 516 518
517 518 519
520 519 518
520 518 521
522 523 524
522 525 523
526 525 522
526 527 525
528 527 526
528 529 527
530 529 528
530 531 529
532 531 530
532 533 531
534 533 532
534 535 533
536 535 534
536 537 535
538 537 536
538 539 537
540 539 538
540 541 539
542 541 540
542 543 541
544 543 542
544 545 543
546 545 544
546 547 545
548 547 546
548 549 547
550 549 548
550 551 549
552 551 550
552 553 551
554 553 552
554 555 553
556 555 554
556 557 555
558 557 556
558 559 557
560 559 558
560 561 559
562 561 560
562 563 561
564 563 562
564 565 563
566 565 564
566 567 565
568 567 566
568 569 567
570 569 568
570 571 569
572 573 574
572 575 573
576 575 572
576 572 577
578 576 577
578 579 576
580 579 578
580 578 581
582 580 581
582 583 580
584 583 582
584 582 585
586 584 585
586 585 587
588 586 587
588 589 586
590 589 588
590 588 591
592 590 591
592 593 590
594 593 592
594 592 595
596 594 595
596 595 597
598 596 597
598 599 596
600 599 598
600 598 601
602 600 601
602 603 600
604 603 602
604 602 605
606 604 605
606 607 604
608 607 606
608 606 609
610 608 609
610 609 611
612 610 611
612 613 610
614 613 612
614 612 615
616 614 615
616 615 617
618 616 617
618 619 616
620 619 618
620 618 621
622 623 624
622 624 625
626 622 625
625 624 627
626 625 628
625 627 629
628 625 629
629 627 630
628 629 631
629 630 632
631 629 632
632 630 633
631 632 634
632 633 635
634 632 635
635 633 636
634 635 637
635 636 638
637 635 638
638 636 639
637 638 640
638 639 641
640 638 641
641 639 642
640 641 643
641 642 644
643 641 644
644 642 645
643 644 646
644 645 647
646 644 647
647 645 648
646 647 649
647 648 650
649 647 650
649 650 651
650 648 652
651 650 653
650 652 653
651 653 654
652 655 653
656 655 652
655 656 657
658 654 653
655 658 653
658 659 654
655 657 660
658 655 660
660 657 661
659 658 662
658 660 662
660 661 663
662 660 663
663 661 664
659 662 665
666 659 665
663 664 667
667 664 668
662 663 669
665 662 669
669 663 667
666 665 670
665 669 671
670 665 671
669 667 672
672 671 669
667 668 673
672 667 673
673 668 674
674 668 675
674 675 676
672 673 677
677 673 674
672 678 671
677 678 672
674 676 679
679 676 680
677 674 681
678 677 681
681 674 679
678 682 671
670 671 682
679 680 683
683 680 684
681 679 685
685 679 683
678 681 686
678 686 682
686 681 685
683 684 687
687 684 688
682 686 689
686 685 689
685 683 690
690 689 685
690 683 687
682 689 691
691 670 682
690 691 689
687 688 692
692 688 693
690 687 694
694 691 690
694 687 692
691 695 670
666 670 695
666 695 696
691 694 697
694 692 697
691 697 695
692 693 698
697 692 698
699 698 693
695 700 696
695 697 700
697 698 700
700 701 696
699 702 698
702 700 698
702 701 700
702 699 703
701 702 704
702 703 704
704 703 705
701 704 706
704 705 707
706 704 707
706 707 708
709 710 711
712 710 709
712 713 710
712 714 713
712 715 714
715 716 714
715 717 716
717 718 716
717 719 718
719 720 718
719 721 720
721 722 720
721 723 722
723 724 722
723 725 724
725 726 724
725 727 726
727 728 726
727 729 728
730 728 729
730 729 731
730 731 732
733 734 735
733 735 736
737 733 736
737 736 738
739 737 738
739 738 740
741 739 740
741 740 742
743 741 742
743 742 744
745 743 744
745 744 746
747 745 746
747 746 748
749 747 748
749 748 750
751 749 750
751 750 752
753 751 752
753 752 754
755 753 754
755 754 756
757 755 756
757 756 758
759 757 758
759 758 760
761 759 760
761 760 762
763 764 765
763 765 766
763 766 767
768 763 767
765 769 766
765 770 769
770 771 769
772 768 767
772 773 768
774 773 772
767 766 775
769 775 766
776 769 771
776 771 777
774 772 778
779 774 778
780 772 767
780 767 775
778 772 780
769 781 775
781 780 775
781 769 776
782 778 780
781 782 780
783 776 777
781 776 784
783 784 776
785 783 777
785 777 786
787 782 781
787 781 784
783 788 784
788 783 785
789 784 788
789 787 784
785 786 790
786 791 790
791 792 790
788 785 793
789 788 793
792 794 790
792 795 794
796 785 790
785 796 793
794 796 790
795 797 794
795 798 797
797 799 794
797 800 799
796 794 801
794 799 801
796 802 793
796 801 802
789 793 803
803 793 802
802 801 804
801 799 804
803 802 804
800 805 799
799 805 804
800 806 805
807 789 803
787 789 807
803 804 808
805 808 804
805 806 809
806 810 809
787 807 811
811 782 787
807 803 812
803 808 812
813 807 812
811 807 813
811 814 782
782 814 778
805 809 815
805 815 808
810 816 809
810 817 816
812 808 818
818 813 812
818 819 813
811 813 820
820 814 811
819 820 813
821 818 808
808 815 821
821 819 818
809 822 815
821 815 822
809 816 822
816 823 822
817 824 816
816 824 823
817 825 824
824 825 826
821 822 827
827 819 821
827 822 823
824 826 828
823 824 828
826 829 828
826 830 829
830 831 829
830 832 831
828 829 833
833 829 831
823 828 834
828 833 834
834 835 823
833 835 834
827 823 836
836 823 835
836 837 827
827 837 819
836 838 837
835 838 836
819 837 839
839 837 838
832 840 831
832 841 840
842 838 835
839 838 842
819 839 843
820 819 843
820 843 814
844 843 839
842 844 839
843 845 814
844 845 843
814 845 846
778 814 846
779 778 846
845 844 847
846 845 847
779 846 848
847 848 846
849 779 848
850 849 848
850 848 851
847 851 848
852 850 851
852 851 853
853 851 847
854 852 853
844 855 847
853 847 855
844 842 855
854 853 856
856 853 855
857 854 856
855 842 858
842 835 858
859 856 855
855 858 859
857 856 860
860 856 859
858 835 861
835 833 861
857 860 862
857 862 863
859 858 864
858 861 864
865 860 859
865 862 860
859 864 865
861 833 866
833 831 866
863 862 867
863 867 868
869 868 867
864 861 870
861 866 870
831 871 866
870 866 871
831 840 871
865 864 872
864 870 872
862 865 873
862 873 867
865 872 873
869 867 874
867 873 874
870 871 875
872 870 875
871 840 876
875 871 876
869 874 877
869 877 878
873 872 879
872 875 879
873 880 874
880 877 874
873 879 880
878 877 881
878 881 882
877 880 883
877 883 881
880 879 884
880 884 883
883 884 885
879 886 884
879 875 886
886 885 884
882 881 887
882 887 888
889 888 887
881 883 890
881 890 887
883 885 890
889 887 891
887 890 891
892 889 891
890 893 891
890 885 893
892 891 894
891 893 894
895 892 894
895 894 896
897 895 896
898 896 894
893 898 894
898 893 899
885 899 893
900 898 899
899 901 900
902 900 901
903 902 901
885 904 899
904 901 899
901 905 903
905 901 904
905 906 903
885 907 904
886 907 885
907 908 904
908 905 904
886 908 907
909 906 905
908 909 905
909 910 906
909 911 910
886 912 908
875 912 886
875 876 912
912 913 908
908 913 909
912 876 913
909 914 911
913 914 909
876 915 913
840 915 876
841 915 840
841 916 915
915 917 913
916 917 915
913 917 914
916 918 917
918 914 917
918 919 914
919 911 914
919 920 911
921 922 923
921 923 924
925 924 923
925 923 926
927 925 926
927 926 928
929 927 928
929 928 930
931 929 930
931 930 932
933 931 932
933 932 934
935 933 934
935 934 936
937 935 936
937 936 938
939 937 938
939 938 940
939 940 941
939 941 942
942 941 943
942 943 944
945 944 943
945 943 946
947 945 946
947 946 948
947 948 949
947 949 950
950 949 951
950 951 952
953 952 951
953 951 954
955 953 954
955 954 956
957 955 956
957 956 958
957 958 959
957 959 960
961 960 959
961 959 962
963 964 965
966 964 963
966 963 967
967 968 966
969 967 963
969 970 967
970 969 971
972 971 969
970 971 973
974 970 973
975 976 977
975 977 978
978 979 975
979 980 975
979 978 981
979 981 982
982 981 983
981 984 983
984 985 983
985 984 986
984 987 986
987 988 986
988 987 989
987 990 989
990 991 989
990 992 991
990 993 992
993 994 992
995 994 993
996 997 998
996 999 997
996 1000 999
1000 1001 999
996 1002 1000
996 1003 1002
1002 1003 1004
1002 1004 1005
1004 1006 1005
1005 1006 1007
1005 1007 1008
1008 1007 1009
1008 1009 1010
1009 1011 1010
1009 1012 1011
1012 1013 1011
1014 1015 1016
1014 1017 1015
1014 1018 1017
1014 1019 1018
1018 1019 1020
1018 1020 1021
1022 1021 1020
1022 1020 1023
1024 1022 1023
1024 1023 1025
1024 1025 1026
1024 1026 1027
1026 1028 1027
1026 1029 1028
1029 1030 1028
1029 1031 1030
1031 1032 1030
1031 1033 1032
1034 1032 1033
1034 1035 1032
1034 1036 1035
1034 1037 1036
1038 1036 1037
1038 1037 1039
1040 1038 1039
1040 1039 1041
1040 1041 1042
1040 1042 1043
1044 1043 1042
1044 1042 1045
1046 1044 1045
1046 1045 1047
1048 1046 1047
1048 1047 1049
1050 1048 1049
1050 1049 1051
1052 1050 1051
1052 1051 1053
1054 1052 1053
1054 1053 1055
1056 1054 1055
1056 1055 1057
1056 1057 1058
1056 1058 1059
1060 1059 1058
1060 1058 1061
1060 1061 1062
1060 1062 1063
1064 1065 1066
1064 1067 1065
1068 1065 1067
1068 1067 1069
1070 1068 1069
1070 1069 1071
1072 1070 1071
1072 1073 1070
1074 1073 1072
1074 1075 1073
1075 1074 1076
1077 1075 1076
1077 1076 1078
1077 1078 1079
1080 1077 1079
1080 1079 1081
1082 1080 1081
1082 1083 1080
1082 1084 1083
1084 1085 1083
1084 1086 1085
1085 1086 1087
1088 1085 1087
1088 1087 1089
1089 1090 1088
1089 1091 1090
1092 1090 1091
1092 1091 1093
1094 1095 1096
1094 1096 1097
1098 1094 1097
1098 1099 1094
1100 1099 1098
1100 1101 1099
1100 1102 1101
1100 1103 1102
1103 1104 1102
1103 1105 1104
1104 1105 1106
1104 1106 1107
1108 1107 1106
1108 1106 1109
1110 1108 1109
1110 1109 1111
1112 1110 1111
1112 1111 1113
1113 1114 1112
1113 1115 1114
1116 1114 1115
1116 1115 1117
1118 1116 1117
1118 1119 1116
1118 1120 1119
1118 1121 1120
1122 1120 1121
1122 1123 1120
1124 1123 1122
1124 1125 1123
1124 1126 1125
1124 1127 1126
1128 1126 1127
1128 1127 1129
1128 1129 1130
1128 1130 1131
1132 1133 1134
1135 1132 1134
1135 1136 1132
1136 1135 1137
1136 1137 1138
1137 1139 1138
1137 1140 1139
1140 1141 1139
1140 1142 1141
1143 1141 1142
1143 1144 1141
1143 1145 1144
1143 1146 1145
1147 1145 1146
1147 1148 1145
1149 1148 1147
1149 1150 1148
1149 1151 1150
1149 1152 1151
1151 1152 1153
1151 1153 1154
1153 1155 1154
1156 1157 1158
1159 1156 1158
1158 1160 1159
1158 1161 1160
1161 1162 1160
1161 1163 1162
1163 1164 1162
1163 1165 1164
1166 1164 1165
1166 1165 1167
1167 1168 1166
1167 1169 1168
1169 1170 1168
1169 1171 1170
1172 1170 1171
1172 1171 1173
1172 1173 1174
1172 1174 1175
1176 1175 1174
1176 1174 1177
1176 1177 1178
1176 1178 1179
1180 1179 1178
1180 1178 1181
1182 1180 1181
1182 1183 1180
1182 1184 1183
1182 1185 1184
1185 1186 1184
1185 1187 1186
1187 1188 1186
1187 1189 1188
1187 1190 1189
1190 1191 1189
1191 1190 1192
1191 1192 1193
1192 1194 1193
1192 1195 1194
1195 1196 1194
1195 1197 1196
1198 1196 1197
1198 1197 1199
1198 1199 1200
1201 1198 1200
1202 1203 1204
1202 1205 1203
1206 1205 1202
1206 1207 1205
1208 1207 1206
1208 1209 1207
1210 1209 1208
1210 1211 1209
1212 1211 1210
1212 1213 1211
1214 1213 1212
1214 1215 1213
1214 1216 1215
1214 1217 1216
1217 1218 1216
1217 1219 1218
1220 1218 1219
1220 1221 1218
1222 1221 1220
1222 1223 1221
1224 1223 1222
1224 1225 1223
1226 1225 1224
1226 1227 1225
1228 1227 1226
1228 1229 1227
1228 1230 1229
1228 1231 1230
1231 1232 1230
1231 1233 1232
1233 1234 1232
1233 1235 1234
1236 1234 1235
1236 1237 1234
1238 1237 1236
1238 1239 1237
1240 1239 1238
1240 1241 1239
1242 1241 1240
1242 1243 1241
1242 1244 1243
1242 1245 1244
1245 1246 1244
1245 1247 1246
1247 1248 1246
1247 1249 1248
1250 1248 1249
1250 1251 1248
1252 1253 1254
1252 1254 1255
1256 1252 1255
1256 1255 1257
1258 1256 1257
1258 1257 1259
1260 1258 1259
1260 1259 1261
1262 1260 1261
1262 1261 1263
1264 1262 1263
1264 1263 1265
1266 1264 1265
1266 1265 1267
1268 1266 1267
1268 1267 1269
1270 1268 1269
1270 1269 1271
1272 1270 1271
1272 1271 1273
1274 1272 1273
1274 1273 1275
1276 1274 1275
1276 1275 1277
1278 1276 1277
1278 1277 1279
1280 1278 1279
1280 1279 1281
1282 1280 1281
1282 1281 1283
1284 1282 1283
1284 1283 1285
1286 1284 1285
1286 1285 1287
1288 1286 1287
1288 1287 1289
1290 1288 1289
1290 1289 1291
1292 1290 1291
1292 1291 1293
1294 1292 1293
1294 1293 1295
1296 1294 1295
1296 1295 1297
1298 1296 1297
1298 1297 1299
1300 1298 1299
1300 1299 1301
1302 1303 1304
1302 1304 1305
1306 1302 1305
1306 1307 1302
1308 1307 1306
1308 1306 1309
1310 1308 1309
1310 1311 1308
1312 1311 1310
1312 1310 1313
1314 1312 1313
1314 1315 1312
1316 1315 1314
1316 1317 1315
1318 1317 1316
1318 1316 1319
1320 1318 1319
1320 1321 1318
1322 1321 1320
1322 1320 1323
1324 1322 1323
1324 1325 1322
1326 1325 1324
1326 1327 1325
1328 1327 1326
1328 1326 1329
1330 1328 1329
1330 1331 1328
1332 1331 1330
1332 1330 1333
1334 1332 1333
1334 1335 1332
1336 1335 1334
1336 1334 1337
1338 1336 1337
1338 1339 1336
1340 1339 1338
1340 1341 1339
1342 1341 1340
1342 1340 1343
1344 1342 1343
1344 1345 1342
1346 1345 1344
1346 1347 1345
1348 1347 1346
1348 1346 1349
1350 1348 1349
1350 1351 1348
1352 1353 1354
1352 1355 1353
1356 1355 1352
1355 1357 1353
1356 1358 1355
1355 1359 1357
1358 1359 1355
1359 1360 1357
1358 1361 1359
1359 1362 1360
1361 1362 1359
1362 1363 1360
1361 1364 1362
1362 1365 1363
1364 1365 1362
1365 1366 1363
1364 1367 1365
1365 1368 1366
1367 1368 1365
1368 1369 1366
1367 1370 1368
1368 1371 1369
1370 1371 1368
1371 1372 1369
1370 1373 1371
1371 1374 1372
1373 1374 1371
1374 1375 1372
1373 1376 1374
1374 1377 1375
1376 1377 1374
1377 1378 1375
1376 1379 1377
1377 1380 1378
1379 1380 1377
1379 1381 1380
1380 1382 1378
1381 1383 1380
1380 1383 1382
1381 1384 1383
1382 1383 1385
1386 1382 1385
1385 1387 1386
1388 1383 1384
1385 1383 1388
1388 1384 1389
1385 1390 1387
1388 1390 1385
1390 1391 1387
1389 1392 1388
1388 1392 1390
1390 1393 1391
1392 1393 1390
1393 1394 1391
1389 1395 1392
1396 1395 1389
1393 1397 1394
1397 1398 1394
1392 1399 1393
1395 1399 1392
1399 1397 1393
1397 1400 1398
1400 1401 1398
1399 1402 1397
1402 1400 1397
1395 1403 1399
1402 1399 1403
1396 1404 1395
1404 1403 1395
1400 1405 1401
1405 1406 1401
1402 1407 1400
1407 1405 1400
1402 1403 1408
1407 1402 1408
1405 1409 1406
1409 1410 1406
1407 1411 1405
1408 1411 1407
1411 1409 1405
1408 1403 1412
1404 1412 1403
1396 1413 1404
1396 1414 1413
1409 1415 1410
1415 1416 1410
1411 1417 1409
1417 1415 1409
1408 1418 1411
1408 1412 1418
1418 1417 1411
1419 1412 1404
1419 1404 1413
1412 1420 1418
1418 1420 1417
1412 1419 1420
1421 1417 1420
1417 1421 1415
1421 1420 1419
1415 1422 1416
1421 1422 1415
1422 1423 1416
1424 1421 1419
1421 1424 1422
1422 1425 1423
1424 1425 1422
1425 1426 1423
1419 1427 1424
1419 1413 1427
1424 1427 1425
1425 1428 1426
1427 1428 1425
1429 1426 1428
1413 1430 1427
1427 1430 1428
1413 1414 1430
1430 1414 1431
1429 1428 1432
1432 1428 1430
1432 1430 1431
1432 1433 1429
1431 1434 1432
1432 1434 1433
1434 1435 1433
1431 1436 1434
1434 1437 1435
1436 1437 1434
1436 1438 1437
1439 1440 1441
1442 1439 1441
1442 1441 1443
1442 1443 1444
1442 1444 1445
1445 1444 1446
1445 1446 1447
1447 1446 1448
1447 1448 1449
1449 1448 1450
1449 1450 1451
1451 1450 1452
1451 1452 1453
1453 1452 1454
1453 1454 1455
1455 1454 1456
1455 1456 1457
1457 1456 1458
1457 1458 1459
1459 1458 1460
1459 1460 1461
1461 1460 1462
1463 1464 1465
1463 1466 1464
1467 1466 1463
1467 1463 1468
1469 1464 1466
1469 1470 1464
1471 1470 1469
1468 1472 1467
1468 1473 1472
1466 1467 1474
1466 1474 1469
1474 1467 1472
1471 1469 1475
1475 1476 1471
1473 1477 1472
1473 1478 1477
1479 1469 1474
1479 1475 1469
1475 1480 1476
1480 1481 1476
1474 1472 1482
1477 1482 1472
1478 1483 1477
1478 1484 1483
1485 1480 1475
1485 1475 1479
1480 1486 1481
1485 1486 1480
1486 1487 1481
1488 1479 1474
1488 1474 1482
1477 1489 1482
1483 1489 1477
1488 1482 1489
1484 1490 1483
1484 1491 1490
1486 1492 1487
1492 1493 1487
1479 1488 1494
1479 1494 1485
1488 1489 1495
1495 1494 1488
1483 1496 1489
1490 1496 1483
1496 1495 1489
1491 1497 1490
1491 1498 1497
1499 1490 1497
1490 1499 1496
1499 1497 1500
1496 1501 1495
1499 1501 1496
1502 1499 1500
1499 1502 1501
1502 1500 1503
1501 1504 1495
1495 1504 1494
1502 1505 1501
1501 1505 1504
1506 1502 1503
1502 1506 1505
1506 1503 1507
1506 1507 1508
1494 1504 1509
1509 1504 1505
1510 1505 1506
1509 1505 1510
1506 1508 1511
1510 1506 1511
1512 1511 1508
1512 1508 1513
1514 1512 1513
1511 1515 1510
1511 1512 1515
1510 1515 1516
1510 1516 1509
1494 1509 1517
1517 1485 1494
1512 1518 1515
1516 1515 1518
1514 1519 1512
1512 1519 1518
1520 1519 1514
1520 1514 1521
1522 1520 1521
1519 1520 1523
1519 1523 1518
1522 1524 1520
1524 1523 1520
1525 1524 1522
1525 1526 1524
1527 1526 1525
1524 1528 1523
1526 1528 1524
1527 1529 1526
1530 1529 1527
1530 1531 1529
1531 1532 1529
1529 1533 1526
1532 1533 1529
1526 1533 1528
1533 1532 1534
1535 1528 1533
1533 1534 1535
1536 1523 1528
1535 1536 1528
1537 1535 1534
1537 1536 1535
1537 1534 1538
1536 1539 1523
1518 1523 1539
1538 1540 1537
1538 1541 1540
1542 1540 1541
1542 1541 1543
1544 1542 1543
1544 1545 1542
1546 1542 1545
1537 1547 1536
1539 1536 1547
1537 1540 1548
1542 1548 1540
1537 1548 1547
1546 1549 1542
1542 1549 1548
1550 1549 1546
1547 1548 1551
1549 1551 1548
1550 1552 1549
1552 1551 1549
1550 1553 1552
1551 1552 1553
1550 1554 1553
1553 1554 1493
1551 1555 1547
1539 1547 1555
1551 1556 1555
1551 1553 1556
1553 1493 1557
1492 1557 1493
1539 1555 1558
1558 1555 1556
1553 1559 1556
1553 1557 1559
1558 1556 1559
1560 1557 1492
1560 1559 1557
1539 1558 1561
1518 1539 1561
1516 1518 1561
1516 1561 1558
1562 1558 1559
1516 1558 1562
1562 1559 1560
1509 1516 1562
1509 1562 1517
1560 1517 1562
1492 1563 1560
1560 1563 1517
1492 1486 1563
1517 1563 1485
1485 1563 1486
1564 1565 1566
1564 1566 1567
1568 1564 1567
1568 1569 1564
1570 1567 1566
1570 1566 1571
1572 1570 1571
1569 1568 1573
1569 1573 1574
1567 1575 1568
1567 1570 1575
1575 1573 1568
1572 1576 1570
1576 1572 1577
1574 1573 1578
1574 1578 1579
1580 1575 1570
1580 1570 1576
1576 1577 1581
1581 1577 1582
1575 1583 1573
1578 1573 1583
1579 1578 1584
1579 1584 1585
1586 1576 1581
1586 1580 1576
1581 1582 1587
1586 1581 1587
1587 1582 1588
1589 1583 1575
1589 1575 1580
1578 1583 1590
1584 1578 1590
1589 1590 1583
1585 1584 1591
1585 1591 1592
1587 1588 1593
1593 1588 1594
1580 1595 1589
1580 1586 1595
1589 1596 1590
1596 1589 1595
1584 1590 1597
1591 1584 1597
1597 1590 1596
1592 1591 1598
1592 1598 1599
1600 1598 1591
1591 1597 1600
1600 1601 1598
1597 1596 1602
1600 1597 1602
1603 1601 1600
1600 1602 1603
1603 1604 1601
1602 1596 1605
1596 1595 1605
1603 1602 1606
1602 1605 1606
1607 1604 1603
1603 1606 1607
1607 1608 1604
1607 1609 1608
1595 1610 1605
1610 1606 1605
1611 1607 1606
1610 1611 1606
1607 1612 1609
1611 1612 1607
1613 1609 1612
1613 1614 1609
1615 1614 1613
1612 1611 1616
1612 1616 1613
1611 1617 1616
1611 1610 1617
1595 1618 1610
1618 1595 1586
1613 1616 1619
1617 1619 1616
1615 1613 1620
1613 1619 1620
1621 1615 1620
1621 1622 1615
1623 1622 1621
1620 1624 1621
1620 1619 1624
1623 1621 1625
1625 1621 1624
1626 1623 1625
1626 1625 1627
1628 1626 1627
1625 1624 1629
1627 1625 1629
1628 1627 1630
1631 1628 1630
1631 1630 1632
1632 1630 1633
1630 1627 1634
1633 1630 1634
1627 1629 1634
1634 1635 1633
1636 1634 1629
1634 1636 1635
1637 1629 1624
1636 1629 1637
1638 1635 1636
1638 1636 1637
1638 1639 1635
1637 1624 1640
1619 1640 1624
1639 1638 1641
1639 1641 1642
1643 1642 1641
1643 1644 1642
1645 1644 1643
1645 1643 1646
1647 1646 1643
1638 1637 1648
1640 1648 1637
1638 1649 1641
1643 1641 1649
1638 1648 1649
1647 1643 1650
1643 1649 1650
1651 1647 1650
1648 1652 1649
1650 1649 1652
1651 1650 1653
1653 1650 1652
1651 1653 1654
1652 1654 1653
1651 1654 1655
1654 1594 1655
1652 1648 1656
1640 1656 1648
1652 1656 1657
1652 1657 1654
1654 1658 1594
1593 1594 1658
1640 1659 1656
1659 1657 1656
1654 1657 1660
1654 1660 1658
1659 1660 1657
1661 1593 1658
1661 1658 1660
1640 1662 1659
1619 1662 1640
1617 1662 1619
1617 1659 1662
1663 1660 1659
1617 1663 1659
1663 1661 1660
1610 1663 1617
1610 1618 1663
1661 1663 1618
1593 1661 1664
1661 1618 1664
1593 1664 1587
1618 1586 1664
1586 1587 1664
1665 1666 1667
1665 1667 1668
1669 1665 1668
1669 1668 1670
1671 1669 1670
1671 1670 1672
1673 1671 1672
1673 1672 1674
1673 1674 1675
1673 1675 1676
1677 1675 1674
1677 1678 1675
1679 1680 1681
1679 1681 1682
1683 1679 1682
1683 1682 1684
1685 1683 1684
1685 1684 1686
1687 1685 1686
1687 1686 1688
1688 1689 1687
1690 1689 1688
1690 1688 1691
1689 1690 1692
1689 1692 1693
1694 1695 1696
1694 1696 1697
1698 1697 1696
1698 1699 1697
1698 1700 1699
1698 1701 1700
1701 1702 1700
1701 1703 1702
1704 1702 1703
1704 1703 1705
1704 1705 1706
1704 1706 1707
1706 1708 1707
1706 1709 1708
1709 1710 1708
1709 1711 1710
1710 1711 1712
1710 1712 1713
1713 1712 1714
1713 1714 1715
1714 1716 1715
1714 1717 1716
1718 1716 1717
1718 1719 1716
1720 1719 1718
1720 1721 1719
1721 1720 1722
1721 1722 1723
1724 1723 1722
1724 1725 1723
1724 1726 1725
1724 1727 1726
1728 1726 1727
1728 1727 1729
1730 1728 1729
1730 1731 1728
1732 1733 1734
1732 1734 1735
1736 1732 1735
1736 1737 1732
1738 1737 1736
1738 1736 1739
1740 1738 1739
1740 1741 1738
1742 1741 1740
1742 1743 1741
1744 1743 1742
1744 1745 1743
1746 1745 1744
1746 1744 1747
1748 1746 1747
1748 1749 1746
1750 1749 1748
1750 1748 1751
1752 1750 1751
1752 1751 1753
1754 1752 1753
1754 1753 1755
1754 1755 1756
1754 1756 1757
1758 1757 1756
1758 1756 1759
1760 1758 1759
1760 1759 1761
1760 1761 1762
1760 1762 1763
1764 1763 1762
1764 1762 1765
1766 1767 1768
1766 1768 1769
1766 1769 1770
1770 1769 1771
1766 1770 1772
1773 1772 1770
1773 1774 1772
1773 1775 1774
1773 1776 1775
1776 1777 1775
1776 1778 1777
1778 1779 1777
1778 1780 1779
1781 1779 1780
1781 1782 1779
1783 1782 1781
1783 1784 1782
1785 1784 1783
1785 1786 1784
1785 1787 1786
1785 1788 1787
1789 1787 1788
1789 1788 1790
1788 1791 1790
1789 1790 1792
1789 1792 1793
1794 1795 1796
1797 1795 1794
1797 1798 1795
1794 1799 1797
1794 1800 1799
1797 1801 1798
1801 1802 1798
1801 1803 1802
1803 1804 1802
1803 1805 1804
1805 1806 1804
1805 1807 1806
1808 1806 1807
1808 1809 1806
1810 1809 1808
1810 1811 1809
1812 1811 1810
1812 1813 1811
1814 1813 1812
1814 1815 1813
1814 1816 1815
1816 1817 1815
1816 1814 1818
1816 1818 1819
1820 1821 1822
1820 1823 1821
1824 1823 1820
1824 1825 1823
1826 1825 1824
1826 1827 1825
1828 1827 1826
1828 1829 1827
1828 1830 1829
1828 1831 1830
1832 1829 1830
1832 1830 1833
1834 1835 1836
1834 1837 1835
1838 1837 1834
1838 1839 1837
1840 1839 1838
1840 1841 1839
1842 1841 1840
1842 1843 1841
1843 1842 1844
1845 1843 1844
1845 1846 1843
1844 1847 1845
1844 1848 1847
1849 1850 1851
1849 1852 1850
1853 1852 1849
1853 1849 1854
1855 1853 1854
1855 1854 1856
1857 1855 1856
1857 1856 1858
1859 1857 1858
1859 1860 1857
1861 1860 1859
1861 1862 1860
1863 1862 1861
1863 1861 1864
1865 1866 1867
1865 1868 1866
1869 1868 1865
1869 1865 1870
1871 1869 1870
1871 1870 1872
1873 1871 1872
1873 1872 1874
1875 1873 1874
1875 1874 1876
1877 1875 1876
1877 1878 1875
1879 1878 1877
1879 1877 1880
1881 1882 1883
1881 1884 1882
1885 1884 1881
1885 1881 1886
1887 1885 1886
1887 1886 1888
1889 1887 1888
1889 1888 1890
1889 1890 1891
1889 1891 1892
1893 1892 1891
1893 1891 1894
1895 1893 1894
1895 1894 1896
1897 1898 1899
1897 1899 1900
1900 1899 1901
1900 1901 1902
1901 1903 1902
1901 1904 1903
1904 1905 1903
1904 1906 1905
1906 1907 1905
1906 1908 1907
1908 1909 1907
1908 1910 1909
1911 1909 1910
1911 1910 1912
1913 1914 1915
1913 1916 1914
1917 1916 1913
1917 1913 1918
1917 1918 1919
1917 1919 1920
1921 1920 1919
1921 1919 1922
1921 1922 1923
1921 1923 1924
1925 1924 1923
1925 1923 1926
1926 1927 1925
1926 1928 1927
1929 1927 1928
1929 1930 1927
1929 1931 1930
1929 1932 1931
1931 1932 1933
1931 1933 1934
1935 1936 1937
1935 1938 1936
1939 1938 1935
1939 1935 1940
1939 1940 1941
1939 1941 1942
1943 1942 1941
1943 1941 1944
1943 1944 1945
1943 1945 1946
1947 1946 1945
1947 1945 1948
1948 1949 1947
1948 1950 1949
1951 1949 1950
1951 1952 1949
1951 1953 1952
1951 1954 1953
1953 1954 1955
1953 1955 1956
1957 1958 1959
1960 1958 1957
1960 1957 1961
1962 1960 1961
1962 1961 1963
1964 1962 1963
1964 1963 1965
1966 1964 1965
1966 1965 1967
1968 1966 1967
1968 1967 1969
1970 1968 1969
1970 1969 1971
1970 1971 1972
1970 1972 1973
1974 1975 1976
1974 1977 1975
1978 1975 1977
1978 1977 1979
1978 1979 1980
1978 1980 1981
1981 1980 1982
1981 1982 1983
1982 1984 1983
1982 1985 1984
1984 1985 1986
1984 1986 1987
1986 1988 1987
1986 1989 1988
1988 1989 1990
1988 1990 1991
1992 1993 1994
1992 1994 1995
1994 1996 1995
1994 1997 1996
1997 1998 1996
1997 1999 1998
2000 1998 1999
2000 1999 2001
2002 2000 2001
2002 2003 2000
2002 2004 2003
2002 2005 2004
2006 2004 2005
2006 2007 2004
2006 2008 2007
2006 2009 2008
2010 2011 2012
2011 2013 2012
2011 2014 2013
2014 2015 2013
2014 2016 2015
2015 2016 2017
2015 2017 2018
2017 2019 2018
2017 2020 2019
2020 2021 2019
2020 2022 2021
2022 2023 2021
2022 2024 2023
2025 2023 2024
2025 2024 2026
2027 2028 2029
2027 2029 2030
2031 2032 2033
2031 2033 2034
2035 2031 2034
2035 2036 2031
2037 2036 2035
2037 2035 2038
2039 2037 2038
2039 2040 2037
2041 2040 2039
2041 2039 2042
2043 2041 2042
2043 2044 2041
2044 2043 2045
2044 2045 2046
2045 2047 2046
2045 2048 2047
2047 2048 2049
2047 2049 2050
2049 2051 2050
2049 2052 2051
2053 2054 2055
2053 2055 2056
2057 2053 2056
2057 2058 2053
2059 2058 2057
2059 2057 2060
2061 2059 2060
2061 2062 2059
2063 2062 2061
2063 2061 2064
2065 2063 2064
2065 2066 2063
2066 2065 2067
2066 2067 2068
2067 2069 2068
2067 2070 2069
2069 2070 2071
2069 2071 2072
2071 2073 2072
2071 2074 2073
2075 2076 2077
2075 2077 2078
2079 2075 2078
2079 2080 2075
2081 2080 2079
2081 2082 2080
2083 2082 2081
2083 2084 2082
2085 2084 2083
2085 2083 2086
2087 2085 2086
2087 2086 2088
2089 2087 2088
2089 2090 2087
2091 2092 2093
2091 2093 2094
2095 2091 2094
2095 2096 2091
2097 2096 2095
2097 2098 2096
2099 2098 2097
2099 2100 2098
2101 2100 2099
2101 2102 2100
2103 2102 2101
2103 2101 2104
2105 2103 2104
2105 2106 2103
2107 2108 2109
2107 2109 2110
2111 2107 2110
2111 2112 2107
2113 2112 2111
2113 2114 2112
2115 2114 2113
2115 2116 2114
2115 2117 2116
2115 2118 2117
2119 2117 2118
2119 2120 2117
2121 2120 2119
2121 2122 2120
2123 2124 2125
2123 2126 2124
2126 2127 2124
2126 2128 2127
2127 2128 2129
2127 2129 2130
2130 2129 2131
2130 2131 2132
2132 2131 2133
2132 2133 2134
2134 2133 2135
2134 2135 2136
2137 2136 2135
2137 2138 2136
2139 2140 2141
2139 2141 2142
2143 2139 2142
2143 2144 2139
2143 2145 2144
2143 2146 2145
2147 2145 2146
2147 2148 2145
2147 2149 2148
2147 2150 2149
2151 2149 2150
2151 2152 2149
2152 2151 2153
2152 2153 2154
2155 2154 2153
2155 2153 2156
2155 2156 2157
2155 2157 2158
2157 2159 2158
2157 2160 2159
2161 2162 2163
2161 2163 2164
2165 2161 2164
2165 2166 2161
2165 2167 2166
2165 2168 2167
2169 2167 2168
2169 2170 2167
2169 2171 2170
2169 2172 2171
2173 2171 2172
2173 2174 2171
2174 2173 2175
2174 2175 2176
2177 2176 2175
2177 2175 2178
2177 2178 2179
2177 2179 2180
2179 2181 2180
2179 2182 2181
2183 2184 2185
2186 2183 2185
2186 2187 2183
2188 2187 2186
2188 2189 2187
2190 2189 2188
2190 2191 2189
2192 2191 2190
2192 2193 2191
2194 2193 2192
2194 2195 2193
2196 2195 2194
2196 2197 2195
2196 2198 2197
2196 2199 2198
2200 2201 2202
2200 2202 2203
2204 2203 2202
2204 2205 2203
2204 2206 2205
2204 2207 2206
2207 2208 2206
2207 2209 2208
2208 2209 2210
2208 2210 2211
2210 2212 2211
2210 2213 2212
2212 2213 2214
2212 2214 2215
2214 2216 2215
2214 2217 2216
2218 2219 2220
2218 2221 2219
2219 2221 2222
2219 2222 2223
2223 2222 2224
2223 2224 2225
2226 2225 2224
2226 2227 2225
2228 2227 2226
2228 2226 2229
2228 2229 2230
2228 2230 2231
2232 2231 2230
2232 2230 2233
2232 2233 2234
2232 2234 2235
2236 2237 2238
2238 2237 2239
2238 2239 2240
2240 2239 2241
2240 2241 2242
2241 2243 2242
2241 2244 2243
2243 2244 2245
2243 2245 2246
2246 2245 2247
2246 2247 2248
2248 2247 2249
2248 2249 2250
2251 2250 2249
2251 2252 2250
2253 2254 2255
2253 2255 2256
2257 2258 2259
2257 2260 2258
2261 2260 2257
2261 2257 2262
2263 2261 2262
2263 2264 2261
2265 2264 2263
2265 2263 2266
2267 2265 2266
2267 2268 2265
2269 2268 2267
2269 2267 2270
2270 2271 2269
2270 2272 2271
2271 2272 2273
2271 2273 2274
2273 2275 2274
2273 2276 2275
2275 2276 2277
2275 2277 2278
2279 2280 2281
2279 2282 2280
2283 2282 2279
2283 2279 2284
2285 2283 2284
2285 2286 2283
2287 2286 2285
2287 2285 2288
2289 2287 2288
2289 2290 2287
2291 2290 2289
2291 2289 2292
2292 2293 2291
2292 2294 2293
2293 2294 2295
2293 2295 2296
2295 2297 2296
2295 2298 2297
2297 2298 2299
2297 2299 2300
2301 2302 2303
2301 2304 2302
2304 2301 2305
2301 2306 2305
2305 2306 2307
2307 2306 2308
2308 2306 2309
2308 2309 2310
2309 2311 2310
2309 2312 2311
2312 2309 2313
2312 2313 2314
2314 2313 2315
2315 2313 2316
2316 2313 2317
2318 2319 2320
2321 2319 2318
2321 2322 2319
2322 2321 2323
2324 2322 2323
2323 2325 2324
2324 2326 2322
2323 2327 2325
2324 2328 2326
2325 2327 2329
2330 2328 2324
2330 2324 2325
2330 2331 2328
2331 2330 2332
2332 2333 2331
2332 2334 2333
2335 2334 2332
2334 2335 2336
2337 2336 2335
2332 2330 2338
2330 2325 2338
2332 2338 2335
2325 2339 2338
2325 2329 2340
2325 2340 2339
2340 2329 2341
2340 2341 2342
2339 2340 2342
2339 2342 2343
2337 2335 2344
2344 2345 2337
2335 2338 2346
2339 2346 2338
2347 2339 2343
2347 2343 2348
2347 2348 2349
2344 2350 2345
2350 2351 2345
2350 2352 2351
2353 2344 2335
2335 2346 2353
2353 2350 2344
2339 2354 2346
2339 2347 2354
2350 2355 2352
2356 2352 2355
2356 2355 2357
2353 2358 2350
2355 2350 2358
2346 2359 2353
2346 2354 2359
2353 2359 2358
2357 2355 2360
2357 2360 2361
2360 2362 2361
2360 2363 2362
2363 2360 2364
2360 2355 2365
2355 2358 2365
2364 2360 2365
2359 2366 2358
2366 2365 2358
2364 2365 2367
2366 2367 2365
2364 2367 2368
2368 2367 2369
2368 2369 2370
2371 2369 2367
2371 2367 2366
2366 2372 2371
2359 2373 2366
2366 2373 2372
2373 2359 2354
2374 2372 2373
2373 2354 2375
2374 2373 2375
2347 2375 2354
2376 2374 2375
2347 2377 2375
2376 2375 2377
2347 2349 2377
2349 2376 2377
2349 2378 2376
2379 2380 2381
2379 2382 2380
2382 2383 2380
2382 2384 2383
2384 2385 2383
2384 2386 2385
2386 2387 2385
2386 2388 2387
2388 2389 2387
2388 2390 2389
2391 2389 2390
2391 2390 2392
2393 2394 2395
2393 2395 2396
2396 2397 2393
2396 2398 2397
2398 2399 2397
2398 2400 2399
2400 2401 2399
2400 2402 2401
2402 2403 2401
2402 2404 2403
2404 2405 2403
2404 2406 2405
2407 2408 2409
2407 2410 2408
2410 2407 2411
2410 2411 2412
2412 2411 2413
2412 2413 2414
2414 2413 2415
2414 2415 2416
2416 2415 2417
2416 2417 2418
2418 2417 2419
2418 2419 2420
2421 2422 2423
2421 2424 2422
2422 2424 2425
2426 2422 2425
2425 2424 2427
2427 2424 2428
2429 2426 2425
2429 2425 2427
2430 2429 2427
2431 2426 2429
2431 2429 2430
2431 2430 2432
2433 2427 2428
2430 2427 2433
2433 2428 2434
2435 2433 2434
2435 2436 2433
2433 2436 2430
2437 2436 2435
2437 2438 2436
2436 2438 2439
2436 2439 2440
2430 2436 2440
2440 2439 2441
2432 2430 2442
2440 2442 2430
2443 2432 2442
2440 2441 2444
2444 2442 2440
2443 2442 2445
2444 2445 2442
2446 2443 2445
2447 2446 2445
2448 2444 2441
2445 2444 2448
2445 2448 2447
2448 2441 2449
2448 2450 2447
2449 2451 2448
2451 2450 2448
2450 2451 2452
2452 2451 2453
2452 2453 2454
2455 2456 2457
2455 2457 2458
2458 2459 2455
2455 2459 2460
2459 2461 2460
2461 2462 2460
2462 2463 2460
2462 2464 2463
2463 2464 2465
2463 2465 2466
2466 2467 2463
2466 2468 2467
2468 2469 2467
2469 2470 2467
2470 2471 2467
2472 2473 2474
2475 2472 2474
2475 2474 2476
2476 2477 2475
2478 2477 2476
2477 2478 2479
2478 2476 2480
2477 2479 2481
2478 2480 2482
2479 2483 2481
2484 2478 2482
2484 2479 2478
2484 2482 2485
2485 2486 2484
2486 2485 2487
2486 2487 2488
2489 2486 2488
2488 2490 2489
2491 2489 2490
2486 2492 2484
2484 2492 2479
2486 2489 2492
2479 2492 2493
2479 2494 2483
2479 2493 2494
2494 2495 2483
2494 2496 2495
2493 2496 2494
2493 2497 2496
2491 2498 2489
2498 2491 2499
2489 2500 2492
2493 2492 2500
2501 2497 2493
2501 2502 2497
2501 2503 2502
2498 2499 2504
2504 2499 2505
2504 2505 2506
2507 2489 2498
2489 2507 2500
2507 2498 2504
2493 2500 2508
2493 2508 2501
2504 2506 2509
2510 2509 2506
2510 2511 2509
2507 2504 2512
2509 2512 2504
2500 2507 2513
2500 2513 2508
2507 2512 2513
2511 2514 2509
2511 2515 2514
2514 2515 2516
2514 2516 2517
2517 2518 2514
2514 2519 2509
2509 2519 2512
2514 2518 2519
2513 2512 2520
2520 2512 2519
2518 2521 2519
2520 2519 2521
2518 2522 2521
2522 2523 2521
2522 2524 2523
2525 2521 2523
2525 2520 2521
2520 2525 2526
2513 2520 2527
2520 2526 2527
2527 2508 2513
2528 2527 2526
2527 2529 2508
2528 2529 2527
2501 2508 2529
2530 2529 2528
2501 2529 2531
2530 2531 2529
2501 2531 2503
2503 2531 2530
2503 2530 2532
2533 2534 2535
2533 2535 2536
2536 2535 2537
2536 2537 2538
2538 2537 2539
2538 2539 2540
2540 2539 2541
2540 2541 2542
2542 2541 2543
2542 2543 2544
2545 2544 2543
2545 2546 2544
2547 2548 2549
2547 2550 2548
2550 2547 2551
2550 2551 2552
2552 2551 2553
2552 2553 2554
2554 2553 2555
2554 2555 2556
2556 2555 2557
2556 2557 2558
2558 2557 2559
2558 2559 2560
2561 2562 2563
2561 2564 2562
2561 2565 2564
2561 2566 2565
2566 2567 2565
2566 2568 2567
2568 2569 2567
2568 2570 2569
2570 2571 2569
2570 2572 2571
2572 2573 2571
2572 2574 2573
2575 2576 2577
2575 2577 2578
2577 2579 2578
2580 2579 2577
2579 2581 2578
2581 2582 2578
2583 2579 2580
2583 2581 2579
2584 2581 2583
2585 2583 2580
2585 2584 2583
2585 2586 2584
2587 2582 2581
2584 2587 2581
2587 2588 2582
2589 2588 2587
2589 2587 2590
2587 2584 2590
2591 2589 2590
2591 2590 2592
2590 2593 2592
2590 2594 2593
2584 2594 2590
2594 2595 2593
2586 2596 2584
2594 2584 2596
2597 2596 2586
2594 2598 2595
2598 2594 2596
2597 2599 2596
2598 2596 2599
2600 2599 2597
2601 2599 2600
2602 2595 2598
2599 2602 2598
2599 2601 2602
2602 2603 2595
2602 2601 2604
2603 2602 2605
2605 2602 2604
2604 2606 2605
2606 2607 2605
2606 2608 2607
2609 2610 2611
2609 2611 2612
2609 2612 2613
2609 2613 2614
2612 2611 2615
2616 2614 2613
2612 2615 2617
2617 2613 2612
2616 2613 2618
2618 2619 2616
2615 2620 2617
2615 2621 2620
2622 2620 2621
2623 2620 2622
2623 2622 2624
2625 2617 2620
2625 2620 2623
2617 2626 2613
2625 2626 2617
2623 2624 2627
2627 2624 2628
2625 2623 2629
2629 2623 2627
2627 2628 2630
2630 2628 2631
2613 2626 2632
2626 2633 2632
2632 2618 2613
2634 2626 2625
2625 2629 2634
2626 2634 2633
2629 2627 2635
2635 2627 2630
2634 2629 2636
2635 2636 2629
2630 2631 2637
2637 2631 2638
2637 2638 2639
2640 2637 2639
2641 2630 2637
2640 2641 2637
2635 2630 2642
2641 2642 2630
2643 2641 2640
2643 2642 2641
2643 2640 2644
2643 2644 2645
2642 2646 2635
2635 2646 2636
2646 2647 2636
2643 2648 2642
2642 2648 2646
2643 2645 2649
2648 2643 2649
2650 2649 2645
2648 2651 2646
2646 2651 2647
2650 2652 2649
2652 2650 2653
2648 2649 2654
2648 2654 2651
2652 2654 2649
2651 2654 2655
2652 2655 2654
2636 2647 2656
2656 2634 2636
2633 2634 2656
2651 2655 2657
2647 2651 2657
2652 2653 2658
2652 2659 2655
2652 2658 2659
2653 2660 2658
2653 2661 2660
2662 2660 2661
2658 2660 2663
2658 2663 2659
2662 2664 2660
2664 2663 2660
2665 2664 2662
2655 2659 2666
2655 2666 2657
2665 2667 2664
2667 2665 2668
2669 2659 2663
2669 2666 2659
2670 2666 2669
2671 2657 2666
2670 2671 2666
2664 2672 2663
2667 2672 2664
2673 2669 2663
2670 2669 2673
2673 2663 2672
2671 2674 2657
2647 2657 2674
2675 2674 2671
2647 2674 2675
2676 2671 2670
2675 2671 2676
2647 2675 2677
2656 2647 2677
2656 2677 2678
2656 2678 2633
2677 2675 2679
2680 2678 2677
2677 2679 2680
2680 2681 2678
2633 2678 2681
2675 2676 2682
2675 2682 2679
2683 2680 2679
2683 2681 2680
2676 2670 2684
2676 2685 2682
2676 2684 2685
2686 2679 2682
2683 2679 2687
2686 2687 2679
2688 2682 2685
2688 2686 2682
2670 2689 2684
2684 2690 2685
2689 2690 2684
2670 2691 2689
2670 2673 2691
2692 2687 2686
2693 2683 2687
2692 2693 2687
2686 2688 2694
2686 2694 2692
2695 2688 2685
2685 2690 2696
2695 2685 2696
2697 2690 2689
2697 2696 2690
2691 2698 2689
2697 2689 2698
2673 2699 2691
2691 2699 2698
2694 2688 2700
2700 2688 2695
2673 2701 2699
2672 2701 2673
2672 2702 2701
2667 2702 2672
2696 2703 2695
2704 2700 2695
2695 2703 2704
2694 2700 2705
2700 2704 2705
2703 2696 2706
2697 2706 2696
2697 2707 2706
2703 2706 2707
2697 2708 2707
2708 2709 2707
2698 2708 2697
2703 2707 2710
2710 2707 2709
2703 2711 2704
2710 2711 2703
2712 2694 2705
2705 2704 2713
2713 2712 2705
2704 2711 2714
2713 2704 2714
2710 2715 2711
2715 2714 2711
2710 2709 2716
2716 2715 2710
2712 2717 2694
2692 2694 2717
2692 2717 2718
2718 2693 2692
2715 2719 2714
2716 2720 2715
2720 2719 2715
2721 2714 2719
2721 2713 2714
2709 2722 2716
2720 2716 2722
2720 2723 2719
2719 2723 2721
2720 2722 2724
2720 2724 2723
2722 2725 2724
2723 2724 2726
2726 2724 2725
2721 2723 2727
2727 2723 2726
2713 2721 2728
2721 2727 2729
2721 2729 2728
2713 2728 2730
2713 2730 2712
2728 2731 2730
2730 2732 2712
2730 2731 2732
2712 2732 2733
2712 2733 2717
2729 2734 2728
2728 2734 2731
2735 2731 2734
2731 2736 2732
2736 2733 2732
2729 2737 2734
2737 2735 2734
2727 2738 2729
2738 2737 2729
2717 2733 2739
2733 2740 2739
2717 2739 2718
2718 2739 2741
2741 2739 2740
2735 2742 2731
2731 2742 2736
2735 2743 2742
2736 2742 2743
2736 2744 2733
2733 2744 2740
2744 2736 2745
2736 2743 2745
2744 2745 2746
2746 2740 2744
2718 2741 2747
2718 2747 2693
2748 2745 2743
2746 2745 2748
2747 2741 2749
2750 2693 2747
2747 2749 2750
2741 2740 2751
2751 2749 2741
2750 2752 2693
2693 2752 2683
2752 2753 2683
2683 2753 2681
2750 2754 2752
2752 2754 2753
2681 2753 2755
2754 2755 2753
2750 2756 2754
2756 2750 2749
2681 2755 2757
2633 2681 2757
2758 2633 2757
2755 2758 2757
2758 2632 2633
2632 2758 2618
2754 2759 2755
2756 2759 2754
2755 2760 2758
2618 2758 2760
2759 2760 2755
2618 2760 2761
2618 2761 2619
2761 2762 2619
2763 2761 2760
2759 2763 2760
2761 2764 2762
2763 2764 2761
2764 2765 2762
2764 2766 2765
2763 2766 2764
2766 2767 2765
2759 2768 2763
2763 2768 2766
2766 2769 2767
2769 2770 2767
2759 2771 2768
2756 2771 2759
2766 2768 2772
2771 2772 2768
2766 2772 2769
2769 2773 2770
2774 2770 2773
2775 2771 2756
2771 2775 2772
2776 2769 2772
2776 2773 2769
2775 2776 2772
2775 2756 2777
2756 2749 2777
2778 2777 2749
2751 2778 2749
2779 2775 2777
2778 2779 2777
2775 2780 2776
2779 2780 2775
2773 2776 2781
2781 2776 2780
2774 2773 2782
2773 2781 2782
2783 2782 2781
2784 2774 2782
2783 2784 2782
2784 2785 2774
2785 2784 2786
2783 2786 2784
2785 2786 2787
2786 2788 2787
2781 2780 2789
2789 2783 2781
2790 2780 2779
2790 2789 2780
2789 2791 2783
2791 2789 2790
2792 2790 2779
2792 2779 2778
2791 2790 2793
2792 2793 2790
2794 2792 2778
2794 2778 2751
2794 2751 2740
2792 2795 2793
2794 2795 2792
2794 2740 2796
2746 2796 2740
2794 2797 2795
2797 2794 2796
2798 2795 2797
2799 2793 2795
2798 2799 2795
2791 2793 2800
2799 2800 2793
2796 2746 2801
2746 2748 2801
2797 2796 2802
2798 2797 2802
2796 2801 2802
2791 2800 2803
2783 2791 2803
2800 2799 2804
2804 2799 2798
2801 2805 2802
2798 2802 2805
2783 2803 2806
2783 2806 2786
2807 2803 2800
2800 2804 2807
2804 2808 2807
2807 2809 2803
2809 2807 2808
2810 2786 2806
2786 2810 2788
2788 2810 2811
2788 2811 2812
2811 2813 2812
2803 2814 2806
2809 2814 2803
2810 2806 2815
2814 2815 2806
2811 2810 2815
2816 2814 2809
2814 2816 2815
2809 2808 2817
2816 2809 2817
2818 2815 2816
2811 2815 2818
2819 2816 2817
2818 2816 2819
2820 2817 2808
2819 2817 2820
2811 2821 2813
2822 2811 2818
2822 2821 2811
2819 2823 2818
2822 2818 2823
2824 2819 2820
2824 2823 2819
2813 2821 2825
2813 2825 2826
2823 2827 2822
2823 2824 2827
2828 2821 2822
2828 2825 2821
2827 2828 2822
2824 2820 2829
2820 2808 2829
2826 2825 2830
2826 2830 2831
2832 2831 2830
2824 2829 2833
2833 2827 2824
2808 2834 2829
2834 2833 2829
2835 2830 2825
2835 2825 2828
2832 2830 2836
2836 2830 2835
2832 2836 2837
2832 2837 2838
2808 2839 2834
2804 2839 2808
2804 2840 2839
2840 2834 2839
2798 2840 2804
2841 2840 2798
2841 2798 2805
2840 2842 2834
2841 2842 2840
2836 2835 2843
2843 2837 2836
2844 2838 2837
2844 2845 2838
2843 2846 2837
2846 2844 2837
2847 2843 2835
2846 2843 2847
2842 2848 2834
2834 2848 2833
2845 2844 2849
2845 2849 2850
2851 2850 2849
2847 2835 2852
2828 2852 2835
2851 2849 2853
2853 2854 2851
2853 2855 2854
2855 2853 2856
2856 2853 2849
2855 2856 2857
2858 2849 2844
2856 2849 2858
2857 2856 2859
2858 2859 2856
2857 2859 2860
2860 2859 2861
2860 2861 2862
2861 2863 2862
2858 2844 2864
2846 2864 2844
2858 2865 2859
2865 2858 2864
2861 2859 2865
2846 2866 2864
2865 2864 2866
2861 2867 2863
2867 2868 2863
2867 2869 2868
2869 2870 2868
2871 2867 2861
2869 2867 2871
2861 2865 2872
2871 2861 2872
2865 2873 2872
2865 2866 2873
2873 2871 2872
2846 2874 2866
2846 2847 2874
2866 2875 2873
2866 2874 2875
2873 2876 2871
2875 2876 2873
2874 2847 2877
2874 2877 2875
2869 2871 2878
2876 2878 2871
2875 2879 2876
2877 2879 2875
2880 2877 2847
2880 2847 2852
2876 2881 2878
2881 2876 2879
2882 2869 2878
2882 2878 2881
2877 2883 2879
2883 2877 2880
2882 2884 2869
2869 2884 2870
2885 2870 2884
2885 2884 2882
2885 2886 2870
2887 2886 2885
2887 2888 2886
2888 2887 2889
2888 2889 2890
2891 2890 2889
2891 2892 2890
2893 2892 2891
2893 2894 2892
2894 2893 2895
2894 2895 2896
2893 2897 2895
2898 2893 2891
2893 2898 2897
2889 2899 2891
2898 2891 2899
2900 2897 2898
2900 2898 2899
2900 2901 2897
2900 2902 2901
2903 2889 2887
2889 2903 2899
2900 2904 2902
2904 2905 2902
2903 2887 2906
2906 2887 2885
2899 2903 2907
2907 2903 2906
2900 2899 2908
2908 2904 2900
2899 2907 2908
2906 2885 2909
2885 2882 2909
2907 2906 2910
2909 2910 2906
2909 2882 2911
2882 2881 2911
2909 2911 2912
2909 2912 2910
2881 2913 2911
2913 2912 2911
2914 2910 2912
2913 2914 2912
2915 2907 2910
2914 2915 2910
2908 2907 2916
2915 2916 2907
2881 2917 2913
2881 2879 2917
2918 2917 2879
2918 2913 2917
2918 2879 2883
2919 2914 2913
2918 2919 2913
2883 2920 2918
2920 2919 2918
2919 2921 2914
2921 2915 2914
2908 2916 2922
2908 2922 2904
2916 2923 2922
2923 2904 2922
2924 2916 2915
2916 2924 2923
2883 2925 2920
2883 2880 2925
2920 2926 2919
2921 2919 2926
2921 2927 2915
2924 2915 2927
2928 2927 2921
2921 2926 2928
2926 2920 2929
2925 2929 2920
2930 2925 2880
2930 2880 2852
2924 2927 2931
2928 2931 2927
2926 2929 2932
2932 2928 2926
2933 2932 2929
2925 2934 2929
2930 2934 2925
2934 2933 2929
2930 2852 2935
2828 2935 2852
2827 2935 2828
2936 2930 2935
2936 2935 2827
2936 2934 2930
2833 2936 2827
2936 2937 2934
2833 2937 2936
2934 2937 2933
2833 2848 2937
2848 2938 2937
2933 2937 2938
2842 2938 2848
2938 2842 2939
2938 2939 2933
2841 2939 2842
2940 2939 2841
2805 2940 2841
2941 2933 2939
2940 2941 2939
2805 2942 2940
2801 2942 2805
2942 2943 2940
2941 2940 2943
2944 2942 2801
2942 2944 2943
2944 2801 2748
2941 2945 2933
2933 2945 2932
2941 2943 2946
2945 2941 2946
2947 2932 2945
2932 2947 2928
2945 2946 2948
2947 2945 2948
2943 2949 2946
2949 2948 2946
2944 2950 2943
2943 2950 2949
2950 2951 2949
2949 2952 2948
2952 2947 2948
2951 2952 2949
2953 2928 2947
2952 2953 2947
2953 2931 2928
2944 2954 2950
2954 2944 2748
2955 2931 2953
2924 2931 2955
2952 2956 2953
2955 2953 2956
2955 2956 2957
2958 2924 2955
2955 2957 2958
2958 2923 2924
2952 2959 2956
2959 2957 2956
2951 2959 2952
2960 2923 2958
2960 2958 2957
2961 2950 2954
2950 2961 2951
2954 2748 2962
2748 2743 2962
2963 2954 2962
2743 2963 2962
2961 2954 2964
2963 2964 2954
2951 2965 2959
2959 2965 2957
2951 2961 2966
2966 2961 2964
2951 2967 2965
2951 2966 2967
2968 2957 2965
2967 2968 2965
2743 2969 2963
2735 2969 2743
2970 2963 2969
2735 2970 2969
2964 2963 2971
2970 2971 2963
2966 2964 2972
2964 2971 2972
2973 2967 2966
2972 2973 2966
2735 2974 2970
2737 2974 2735
2971 2970 2975
2975 2970 2974
2976 2972 2971
2971 2975 2976
2977 2974 2737
2975 2974 2977
2973 2978 2967
2967 2978 2968
2976 2979 2972
2972 2979 2973
2973 2979 2980
2976 2980 2979
2973 2980 2981
2981 2978 2973
2976 2982 2980
2981 2983 2978
2983 2968 2978
2976 2984 2982
2976 2975 2984
2975 2985 2984
2975 2977 2985
2983 2986 2968
2977 2987 2985
2986 2988 2968
2986 2989 2988
2968 2988 2957
2990 2988 2989
2960 2957 2988
2990 2960 2988
2905 2960 2990
2977 2991 2987
2977 2737 2991
2992 2987 2991
2738 2991 2737
2992 2991 2738
2993 2992 2738
2905 2994 2960
2904 2994 2905
2960 2994 2923
2923 2994 2904
2993 2738 2995
2727 2995 2738
2727 2726 2995
2993 2995 2996
2726 2996 2995
2993 2996 2997
2998 2997 2996
2726 2998 2996
2998 2999 2997
2999 2998 3000
2726 3000 2998
2999 3000 3001
3000 2726 3002
2726 2725 3002
3001 3000 3003
3002 3003 3000
3001 3003 3004
3005 3004 3003
3005 3006 3004
3003 3007 3005
3002 3007 3003
2725 3007 3002
2725 3008 3007
2725 3009 3008
2725 3010 3009
2722 3010 2725
3011 3009 3010
3012 3010 2722
2709 3012 2722
3011 3010 3013
3012 3013 3010
3014 3011 3013
3014 3013 3015
3012 3015 3013
3016 3014 3015
2709 3017 3012
3012 3017 3015
3016 3015 3018
3017 3018 3015
3018 3019 3016
2709 3020 3017
2708 3020 2709
3017 3021 3018
3020 3021 3017
3018 3022 3019
3023 3019 3022
3024 3020 2708
2698 3024 2708
3018 3025 3022
3018 3021 3025
3023 3022 3026
3026 3022 3025
3026 3027 3023
3024 3028 3020
3020 3028 3021
2698 3029 3024
3029 3028 3024
2699 3029 2698
3030 3021 3028
3029 3030 3028
3030 3025 3021
2699 3031 3029
3031 3030 3029
2701 3031 2699
3032 3025 3030
3031 3032 3030
2701 3033 3031
2702 3033 2701
3032 3034 3025
3026 3025 3034
3035 3032 3031
3035 3031 3033
3035 3034 3032
2702 3036 3033
3036 3035 3033
2667 3036 2702
3034 3037 3026
3035 3037 3034
3038 3036 2667
2667 2668 3038
3036 3039 3035
3036 3038 3039
3037 3035 3039
2668 3040 3038
3038 3040 3039
2668 3041 3040
3040 3041 3042
3040 3042 3043
3039 3040 3044
3044 3040 3043
3039 3044 3037
3044 3043 3045
3026 3037 3046
3037 3044 3046
3044 3045 3046
3026 3046 3027
3046 3045 3027
3047 3048 3049
3047 3050 3048
3047 3051 3050
3047 3052 3051
3050 3053 3048
3054 3051 3052
3050 3055 3053
3055 3050 3051
3054 3056 3051
3056 3054 3057
3053 3055 3058
3053 3058 3059
3058 3060 3059
3061 3060 3058
3061 3062 3060
3063 3058 3055
3063 3061 3058
3055 3051 3064
3063 3055 3064
3061 3065 3062
3065 3066 3062
3063 3067 3061
3067 3065 3061
3065 3068 3066
3068 3069 3066
3051 3070 3064
3064 3070 3071
3070 3051 3056
3072 3063 3064
3063 3072 3067
3064 3071 3072
3067 3073 3065
3073 3068 3065
3067 3072 3074
3073 3067 3074
3068 3075 3069
3075 3076 3069
3075 3077 3076
3078 3077 3075
3079 3075 3068
3078 3075 3079
3073 3080 3068
3079 3068 3080
3081 3078 3079
3081 3079 3080
3081 3082 3078
3081 3083 3082
3080 3073 3084
3073 3074 3084
3084 3074 3085
3081 3080 3086
3080 3084 3086
3081 3087 3083
3086 3087 3081
3088 3083 3087
3086 3084 3089
3084 3085 3089
3088 3087 3090
3090 3091 3088
3086 3092 3087
3086 3089 3092
3090 3087 3092
3089 3093 3092
3090 3092 3093
3074 3094 3085
3094 3074 3072
3071 3094 3072
3089 3095 3093
3085 3095 3089
3090 3096 3091
3090 3093 3097
3090 3097 3096
3091 3096 3098
3091 3098 3099
3100 3099 3098
3096 3101 3098
3096 3097 3101
3100 3098 3102
3102 3098 3101
3103 3100 3102
3093 3104 3097
3093 3095 3104
3103 3102 3105
3105 3106 3103
3107 3101 3097
3107 3097 3104
3108 3107 3104
3109 3104 3095
3108 3104 3109
3102 3101 3110
3105 3102 3110
3111 3101 3107
3108 3111 3107
3111 3110 3101
3109 3095 3112
3085 3112 3095
3113 3109 3112
3085 3113 3112
3114 3108 3109
3113 3114 3109
3085 3115 3113
3094 3115 3085
3094 3116 3115
3094 3071 3116
3115 3117 3113
3118 3115 3116
3115 3118 3117
3118 3116 3119
3071 3119 3116
3113 3120 3114
3113 3117 3120
3121 3117 3118
3121 3118 3119
3114 3122 3108
3114 3120 3123
3114 3123 3122
3124 3120 3117
3121 3125 3117
3124 3117 3125
3126 3123 3120
3126 3120 3124
3108 3122 3127
3122 3123 3128
3127 3122 3128
3108 3127 3129
3108 3129 3111
3130 3124 3125
3131 3125 3121
3130 3125 3131
3124 3132 3126
3124 3130 3132
3133 3123 3126
3123 3134 3128
3133 3134 3123
3135 3127 3128
3135 3128 3134
3129 3127 3136
3135 3136 3127
3111 3129 3137
3129 3136 3137
3132 3138 3126
3138 3133 3126
3111 3137 3139
3110 3111 3139
3110 3139 3140
3105 3110 3140
3134 3133 3141
3142 3133 3138
3133 3142 3141
3132 3143 3138
3138 3143 3142
3141 3144 3134
3135 3134 3144
3135 3144 3145
3141 3145 3144
3135 3145 3146
3146 3145 3147
3136 3135 3146
3141 3148 3145
3148 3147 3145
3141 3142 3149
3148 3141 3149
3150 3143 3132
3143 3151 3142
3151 3143 3150
3142 3152 3149
3151 3152 3142
3148 3149 3153
3153 3149 3152
3148 3154 3147
3154 3148 3153
3150 3132 3155
3130 3155 3132
3130 3156 3155
3156 3130 3131
3153 3152 3157
3154 3153 3158
3158 3153 3157
3159 3157 3152
3159 3152 3151
3147 3154 3160
3158 3160 3154
3158 3157 3161
3157 3159 3161
3158 3162 3160
3158 3161 3162
3160 3162 3163
3162 3161 3164
3164 3163 3162
3159 3165 3161
3165 3164 3161
3151 3166 3159
3159 3167 3165
3159 3166 3167
3151 3168 3166
3151 3150 3168
3166 3168 3169
3168 3150 3170
3168 3170 3169
3150 3171 3170
3150 3155 3171
3167 3166 3172
3166 3169 3172
3173 3172 3169
3169 3170 3174
3174 3170 3171
3167 3172 3175
3175 3172 3173
3165 3167 3176
3176 3167 3175
3155 3177 3171
3171 3177 3178
3155 3156 3177
3156 3179 3177
3179 3178 3177
3173 3169 3180
3169 3174 3180
3173 3180 3181
3174 3181 3180
3174 3171 3182
3171 3178 3182
3182 3183 3174
3174 3183 3181
3182 3184 3183
3184 3182 3178
3156 3185 3179
3156 3131 3185
3186 3181 3183
3184 3186 3183
3185 3187 3179
3188 3185 3131
3185 3188 3187
3179 3189 3178
3189 3179 3187
3188 3131 3190
3131 3121 3190
3190 3121 3191
3121 3119 3191
3188 3190 3192
3190 3191 3192
3119 3193 3191
3192 3191 3193
3188 3192 3194
3194 3187 3188
3119 3195 3193
3071 3195 3119
3196 3195 3071
3193 3195 3196
3196 3071 3070
3070 3056 3196
3192 3193 3197
3194 3192 3197
3193 3196 3198
3056 3198 3196
3197 3193 3198
3056 3199 3198
3056 3057 3199
3199 3057 3200
3201 3198 3199
3197 3198 3201
3199 3200 3202
3201 3199 3202
3202 3200 3203
3202 3203 3204
3201 3202 3204
3204 3203 3205
3197 3201 3206
3201 3204 3206
3204 3205 3207
3207 3205 3208
3197 3206 3209
3194 3197 3209
3204 3210 3206
3209 3206 3210
3204 3207 3210
3207 3208 3211
3212 3211 3208
3213 3194 3209
3209 3210 3213
3214 3210 3207
3214 3207 3211
3213 3210 3214
3213 3215 3194
3194 3215 3187
3216 3187 3215
3189 3187 3216
3217 3215 3213
3216 3215 3217
3213 3214 3218
3217 3213 3218
3211 3219 3214
3219 3218 3214
3212 3220 3211
3211 3220 3219
3221 3219 3220
3222 3220 3212
3221 3220 3222
3222 3212 3223
3223 3224 3222
3221 3222 3224
3223 3225 3224
3224 3225 3226
3219 3227 3218
3227 3219 3221
3228 3217 3218
3228 3218 3227
3227 3221 3229
3229 3228 3227
3230 3217 3228
3230 3216 3217
3229 3231 3228
3230 3228 3231
3232 3216 3230
3232 3189 3216
3232 3178 3189
3230 3231 3233
3232 3230 3233
3232 3234 3178
3184 3178 3234
3232 3233 3235
3235 3234 3232
3236 3235 3233
3231 3237 3233
3236 3233 3237
3229 3238 3231
3231 3238 3237
3234 3239 3184
3184 3239 3186
3235 3240 3234
3236 3240 3235
3234 3240 3239
3229 3241 3238
3221 3241 3229
3238 3242 3237
3242 3236 3237
3236 3243 3240
3239 3240 3243
3221 3244 3241
3221 3224 3244
3245 3238 3241
3238 3245 3242
3242 3245 3246
3245 3241 3247
3247 3246 3245
3248 3244 3224
3224 3226 3248
3226 3249 3248
3226 3250 3249
3249 3250 3251
3241 3244 3252
3247 3241 3252
3248 3253 3244
3252 3244 3253
3249 3253 3248
3254 3247 3252
3252 3253 3254
3247 3255 3246
3254 3255 3247
3256 3254 3253
3249 3256 3253
3257 3255 3254
3256 3257 3254
3258 3246 3255
3257 3258 3255
3249 3251 3259
3260 3256 3249
3260 3249 3259
3257 3256 3261
3260 3261 3256
3262 3258 3257
3262 3257 3261
3251 3263 3259
3251 3264 3263
3261 3260 3265
3261 3265 3262
3266 3260 3259
3266 3259 3263
3265 3260 3266
3262 3267 3258
3258 3267 3246
3264 3268 3263
3264 3269 3268
3270 3268 3269
3262 3271 3267
3271 3262 3265
3246 3267 3272
3272 3267 3271
3273 3263 3268
3273 3266 3263
3270 3274 3268
3274 3273 3268
3270 3275 3274
3270 3276 3275
3246 3272 3277
3242 3246 3277
3242 3277 3278
3278 3277 3272
3236 3242 3278
3279 3236 3278
3279 3243 3236
3278 3272 3280
3279 3278 3280
3274 3281 3273
3281 3274 3275
3282 3275 3276
3282 3276 3283
3281 3275 3284
3284 3275 3282
3285 3273 3281
3284 3285 3281
3280 3272 3286
3272 3271 3286
3283 3287 3282
3283 3288 3287
3289 3287 3288
3285 3290 3273
3266 3273 3290
3289 3291 3287
3291 3289 3292
3291 3292 3293
3293 3294 3291
3294 3287 3291
3293 3295 3294
3296 3282 3287
3294 3296 3287
3295 3297 3294
3296 3294 3297
3295 3298 3297
3298 3299 3297
3298 3300 3299
3299 3300 3301
3296 3302 3282
3284 3282 3302
3296 3297 3303
3303 3302 3296
3299 3303 3297
3284 3302 3304
3303 3304 3302
3299 3301 3305
3305 3301 3306
3305 3306 3307
3307 3306 3308
3309 3299 3305
3307 3309 3305
3299 3310 3303
3309 3310 3299
3303 3310 3311
3303 3311 3304
3311 3310 3309
3284 3304 3312
3284 3312 3285
3304 3311 3313
3304 3313 3312
3311 3309 3314
3313 3311 3314
3312 3315 3285
3312 3313 3315
3307 3316 3309
3314 3309 3316
3313 3314 3317
3315 3313 3317
3318 3285 3315
3318 3290 3285
3314 3316 3319
3319 3317 3314
3320 3316 3307
3320 3319 3316
3315 3317 3321
3321 3318 3315
3320 3307 3322
3307 3308 3322
3323 3322 3308
3323 3320 3322
3323 3308 3324
3325 3323 3324
3325 3324 3326
3326 3327 3325
3326 3328 3327
3329 3327 3328
3329 3328 3330
3331 3329 3330
3331 3330 3332
3332 3333 3331
3332 3334 3333
3331 3333 3335
3336 3329 3331
3331 3335 3336
3327 3329 3337
3336 3337 3329
3338 3336 3335
3338 3337 3336
3338 3335 3339
3338 3339 3340
3341 3325 3327
3327 3337 3341
3338 3340 3342
3342 3340 3343
3341 3344 3325
3344 3323 3325
3337 3345 3341
3345 3344 3341
3338 3346 3337
3346 3338 3342
3337 3346 3345
3344 3347 3323
3323 3347 3320
3345 3348 3344
3347 3344 3348
3347 3349 3320
3320 3349 3319
3347 3350 3349
3347 3348 3350
3319 3349 3351
3351 3349 3350
3352 3350 3348
3351 3350 3352
3353 3348 3345
3352 3348 3353
3346 3354 3345
3353 3345 3354
3346 3342 3355
3346 3355 3354
3356 3355 3342
3354 3355 3356
3319 3351 3357
3319 3357 3317
3358 3317 3357
3358 3357 3351
3358 3321 3317
3359 3351 3352
3358 3351 3359
3321 3358 3360
3360 3358 3359
3359 3352 3361
3361 3352 3353
3362 3353 3354
3354 3356 3362
3356 3342 3363
3342 3343 3363
3343 3364 3363
3364 3356 3363
3343 3365 3364
3321 3360 3366
3321 3366 3318
3360 3359 3367
3361 3367 3359
3361 3353 3368
3362 3368 3353
3369 3361 3368
3361 3369 3367
3367 3370 3360
3366 3360 3370
3371 3318 3366
3371 3290 3318
3365 3372 3364
3364 3372 3373
3365 3374 3372
3375 3372 3374
3375 3376 3372
3376 3373 3372
3377 3376 3375
3378 3367 3369
3367 3378 3370
3379 3370 3378
3371 3380 3290
3266 3290 3380
3265 3266 3380
3381 3265 3380
3381 3380 3371
3271 3265 3381
3381 3371 3382
3382 3370 3379
3371 3366 3382
3366 3370 3382
3271 3381 3383
3381 3382 3383
3382 3379 3383
3271 3383 3286
3286 3383 3384
3379 3384 3383
3280 3286 3384
3384 3385 3280
3384 3379 3385
3279 3280 3385
3386 3279 3385
3243 3279 3386
3387 3385 3379
3386 3385 3387
3243 3386 3388
3239 3243 3388
3388 3386 3389
3387 3389 3386
3390 3239 3388
3388 3389 3390
3390 3186 3239
3387 3379 3391
3379 3378 3391
3387 3392 3389
3391 3392 3387
3393 3391 3378
3378 3369 3393
3391 3394 3392
3393 3394 3391
3389 3392 3395
3395 3392 3394
3390 3389 3396
3389 3395 3396
3396 3395 3397
3395 3394 3398
3398 3394 3393
3397 3395 3398
3399 3186 3390
3390 3396 3399
3400 3393 3369
3398 3393 3400
3396 3397 3401
3401 3399 3396
3399 3402 3186
3186 3402 3181
3403 3402 3399
3181 3402 3403
3401 3404 3399
3403 3399 3404
3400 3369 3405
3369 3368 3405
3362 3405 3368
3406 3400 3405
3362 3406 3405
3397 3407 3401
3407 3404 3401
3181 3403 3408
3173 3181 3408
3409 3408 3403
3173 3408 3409
3404 3410 3403
3409 3403 3410
3173 3409 3411
3175 3173 3411
3412 3411 3409
3410 3412 3409
3404 3413 3410
3407 3413 3404
3414 3175 3411
3412 3414 3411
3410 3415 3412
3415 3410 3413
3414 3416 3175
3176 3175 3416
3412 3417 3414
3412 3418 3417
3415 3418 3412
3414 3417 3419
3414 3419 3416
3420 3416 3419
3420 3176 3416
3415 3421 3418
3422 3176 3420
3415 3423 3421
3415 3413 3424
3415 3424 3423
3413 3425 3424
3425 3423 3424
3413 3407 3425
3425 3426 3423
3422 3427 3176
3165 3176 3427
3165 3427 3164
3422 3428 3427
3164 3427 3428
3422 3429 3428
3430 3428 3429
3164 3428 3430
3430 3429 3431
3431 3432 3430
3164 3430 3432
3431 3433 3432
3425 3407 3434
3397 3434 3407
3432 3435 3164
3164 3435 3163
3433 3436 3432
3435 3432 3436
3433 3437 3436
3438 3436 3437
3438 3437 3439
3436 3438 3440
3435 3436 3440
3440 3163 3435
3440 3441 3163
3163 3441 3442
3163 3442 3443
3160 3163 3443
3444 3443 3442
3445 3160 3443
3147 3160 3445
3444 3446 3443
3445 3443 3446
3447 3446 3444
3447 3448 3446
3445 3446 3448
3449 3448 3447
3147 3445 3450
3445 3448 3450
3449 3451 3448
3450 3448 3451
3451 3449 3452
3147 3450 3453
3146 3147 3453
3450 3451 3454
3453 3450 3454
3451 3452 3455
3456 3455 3452
3457 3146 3453
3136 3146 3457
3451 3455 3458
3451 3458 3454
3456 3459 3455
3459 3458 3455
3459 3456 3460
3457 3453 3461
3453 3454 3461
3136 3457 3462
3462 3457 3461
3137 3136 3462
3463 3461 3454
3462 3461 3463
3463 3454 3458
3137 3462 3464
3464 3462 3463
3139 3137 3464
3465 3463 3458
3464 3463 3465
3139 3464 3466
3140 3139 3466
3465 3458 3467
3459 3467 3458
3468 3464 3465
3468 3466 3464
3468 3465 3467
3140 3466 3469
3469 3466 3468
3105 3140 3469
3467 3459 3470
3468 3467 3470
3471 3105 3469
3105 3471 3106
3469 3468 3472
3469 3472 3471
3470 3472 3468
3106 3471 3473
3471 3472 3473
3106 3473 3474
3473 3475 3474
3473 3476 3475
3472 3477 3473
3477 3476 3473
3472 3470 3477
3477 3478 3476
3459 3479 3470
3470 3479 3477
3477 3479 3478
3459 3460 3479
3479 3460 3478
3480 3481 3482
3480 3482 3483
3480 3483 3484
3485 3484 3483
3485 3486 3484
3487 3486 3485
3488 3483 3482
3488 3482 3489
3483 3488 3490
3490 3485 3483
3490 3491 3485
3492 3485 3491
3487 3485 3493
3492 3493 3485
3487 3493 3494
3495 3494 3493
3493 3492 3496
3496 3495 3493
3495 3497 3494
3496 3498 3495
3499 3497 3495
3500 3495 3498
3499 3495 3501
3500 3501 3495
3499 3501 3502
3503 3502 3501
3501 3500 3504
3504 3503 3501
3503 3505 3502
3504 3506 3503
3507 3505 3503
3508 3503 3506
3507 3503 3509
3508 3509 3503
3507 3509 3510
3511 3510 3509
3509 3508 3512
3512 3511 3509
3511 3513 3510
3512 3514 3511
3515 3513 3511
3516 3511 3514
3515 3511 3517
3516 3517 3511
3515 3517 3518
3519 3518 3517
3517 3516 3520
3520 3519 3517
3519 3521 3518
3520 3522 3519
3523 3521 3519
3524 3519 3522
3523 3519 3525
3524 3525 3519
3523 3525 3526
3525 3524 3527
3526 3525 3528
3528 3525 3527
3529 3530 3531
3529 3531 3532
3532 3531 3533
3533 3534 3532
3533 3535 3534
3534 3535 3536
3537 3529 3532
3537 3538 3529
3532 3539 3537
3534 3539 3532
3534 3540 3539
3541 3540 3534
3534 3536 3542
3541 3534 3542
3542 3536 3543
3543 3544 3542
3542 3545 3541
3544 3545 3542
3543 3546 3544
3544 3547 3545
3544 3546 3548
3549 3547 3544
3544 3548 3550
3549 3544 3550
3550 3548 3551
3551 3552 3550
3550 3553 3549
3552 3553 3550
3551 3554 3552
3552 3555 3553
3552 3554 3556
3557 3555 3552
3552 3556 3558
3557 3552 3558
3558 3556 3559
3559 3560 3558
3558 3561 3557
3560 3561 3558
3559 3562 3560
3560 3563 3561
3560 3562 3564
3565 3563 3560
3560 3564 3566
3565 3560 3566
3566 3564 3567
3567 3568 3566
3566 3569 3565
3568 3569 3566
3567 3570 3568
3568 3571 3569
3568 3570 3572
3573 3571 3568
3568 3572 3574
3573 3568 3574
3574 3572 3575
3574 3576 3573
3577 3574 3575
3576 3574 3577
3578 3579 3580
3578 3581 3579
3578 3582 3581
3583 3581 3582
3583 3582 3584
3585 3583 3584
3586 3579 3581
3586 3587 3579
3581 3588 3586
3588 3581 3583
3588 3583 3589
3590 3589 3583
3585 3591 3583
3590 3583 3591
3585 3592 3591
3593 3591 3592
3591 3594 3590
3594 3591 3593
3593 3592 3595
3594 3593 3596
3597 3593 3595
3598 3596 3593
3597 3599 3593
3598 3593 3599
3597 3600 3599
3601 3599 3600
3599 3602 3598
3602 3599 3601
3601 3600 3603
3602 3601 3604
3605 3601 3603
3606 3604 3601
3605 3607 3601
3606 3601 3607
3605 3608 3607
3609 3607 3608
3607 3610 3606
3610 3607 3609
3609 3608 3611
3610 3609 3612
3613 3609 3611
3614 3612 3609
3613 3615 3609
3614 3609 3615
3613 3616 3615
3617 3615 3616
3615 3618 3614
3618 3615 3617
3617 3616 3619
3618 3617 3620
3621 3617 3619
3622 3620 3617
3621 3623 3617
3622 3617 3623
3621 3624 3623
3623 3625 3622
3624 3626 3623
3626 3625 3623
3627 3628 3629
3627 3630 3628
3630 3631 3628
3631 3630 3632
3631 3632 3633
3632 3634 3633
3635 3630 3627
3635 3627 3636
3630 3635 3637
3632 3630 3637
3632 3637 3638
3639 3632 3638
3632 3640 3634
3639 3640 3632
3640 3641 3634
3641 3640 3642
3640 3639 3643
3642 3640 3643
3641 3642 3644
3642 3643 3645
3642 3646 3644
3647 3642 3645
3642 3648 3646
3647 3648 3642
3648 3649 3646
3649 3648 3650
3648 3647 3651
3650 3648 3651
3649 3650 3652
3650 3651 3653
3650 3654 3652
3655 3650 3653
3650 3656 3654
3655 3656 3650
3656 3657 3654
3657 3656 3658
3656 3655 3659
3658 3656 3659
3657 3658 3660
3658 3659 3661
3658 3662 3660
3663 3658 3661
3658 3664 3662
3663 3664 3658
3664 3665 3662
3665 3664 3666
3664 3663 3667
3666 3664 3667
3665 3666 3668
3666 3667 3669
3666 3670 3668
3671 3666 3669
3666 3672 3670
3671 3672 3666
3672 3673 3670
3672 3671 3674
3675 3673 3672
3674 3675 3672
3676 3677 3678
3676 3679 3677
3680 3679 3676
3680 3681 3679
3682 3683 3684
3682 3685 3683
3682 3686 3685
3686 3687 3685
3686 3688 3687
3688 3689 3687
3688 3690 3689
3688 3691 3690
3688 3692 3691
3693 3692 3688
3693 3688 3694
3695 3693 3694
3695 3694 3696
3696 3697 3695
3698 3696 3694
3696 3699 3697
3696 3698 3700
3696 3701 3699
3696 3700 3702
3696 3703 3701
3702 3704 3696
3696 3705 3703
3696 3704 3706
3696 3706 3705
3707 3708 3709
3707 3709 3710
3707 3710 3711
3707 3711 3712
3711 3713 3712
3714 3713 3711
3714 3715 3713
3716 3715 3714
3716 3717 3715
3718 3717 3716
3717 3718 3719
3717 3719 3720
3720 3719 3721
3720 3721 3722
3722 3721 3723
3722 3723 3724
3724 3723 3725
3724 3725 3726
3725 3727 3726
3728 3729 3730
3728 3731 3729
3731 3732 3729
3731 3733 3732
3732 3733 3734
3732 3734 3735
3736 3735 3734
3736 3737 3735
3738 3737 3736
3738 3739 3737
3739 3738 3740
3739 3740 3741
3740 3742 3741
3740 3743 3742
3743 3744 3742
3743 3745 3744
3746 3744 3745
3746 3747 3744
3748 3747 3746
3748 3749 3747
3750 3749 3748
3750 3751 3749
3752 3751 3750
3752 3753 3751
3754 3755 3756
3754 3757 3755
3758 3755 3757
3758 3759 3755
3760 3759 3758
3760 3761 3759
3761 3760 3762
3761 3762 3763
3762 3764 3763
3762 3765 3764
3766 3764 3765
3766 3767 3764
3768 3767 3766
3768 3769 3767
3769 3768 3770
3769 3770 3771
3772 3773 3774
3773 3775 3774
3772 3776 3773
3777 3776 3772
3773 3778 3775
3776 3778 3773
3775 3778 3779
3778 3780 3779
3781 3779 3780
3781 3780 3782
3780 3778 3783
3776 3783 3778
3780 3784 3782
3784 3785 3782
3786 3783 3776
3786 3780 3783
3777 3787 3776
3786 3776 3787
3777 3788 3787
3777 3789 3788
3787 3790 3786
3790 3780 3786
3787 3788 3790
3791 3788 3789
3791 3789 3792
3793 3790 3788
3793 3780 3790
3793 3788 3791
3794 3791 3792
3794 3792 3795
3796 3793 3791
3796 3791 3794
3780 3793 3796
3797 3794 3795
3797 3796 3794
3797 3795 3798
3798 3799 3797
3798 3800 3799
3801 3799 3800
3797 3802 3796
3780 3796 3802
3799 3802 3797
3802 3803 3780
3799 3803 3802
3780 3803 3784
3804 3803 3799
3784 3803 3804
3801 3805 3799
3804 3799 3805
3804 3806 3784
3806 3804 3805
3807 3805 3801
3806 3805 3807
3807 3801 3808
3808 3809 3807
3806 3810 3784
3807 3810 3806
3807 3809 3810
3784 3810 3785
3810 3809 3785
3811 3812 3813
3813 3812 3814
3811 3813 3815
3816 3811 3815
3813 3814 3817
3815 3813 3817
3814 3818 3817
3817 3818 3819
3820 3819 3818
3820 3821 3819
3819 3822 3817
3815 3817 3822
3819 3821 3823
3824 3823 3821
3825 3815 3822
3825 3822 3819
3816 3815 3826
3825 3826 3815
3816 3826 3827
3816 3827 3828
3826 3825 3829
3829 3825 3819
3826 3829 3827
3830 3828 3827
3830 3831 3828
3832 3827 3829
3832 3829 3819
3832 3830 3827
3833 3831 3830
3833 3834 3831
3835 3830 3832
3835 3833 3830
3819 3835 3832
3836 3834 3833
3836 3833 3835
3836 3837 3834
3837 3836 3838
3837 3838 3839
3840 3839 3838
3836 3835 3841
3819 3841 3835
3838 3836 3841
3841 3819 3842
3838 3841 3842
3819 3823 3842
3843 3838 3842
3823 3843 3842
3840 3838 3844
3843 3844 3838
3843 3823 3845
3845 3844 3843
3846 3840 3844
3845 3846 3844
3846 3847 3840
3847 3846 3848
3845 3823 3849
3846 3845 3849
3846 3849 3848
3823 3824 3849
3849 3824 3848
3426 3425 3850
3426 3850 3377
3425 3434 3850
3377 3850 3376
3434 3376 3850
3434 3851 3376
3397 3851 3434
3376 3851 3373
3397 3852 3851
3852 3373 3851
3397 3398 3852
3398 3853 3852
3852 3853 3373
3398 3400 3853
3406 3853 3400
3406 3373 3853
3406 3854 3373
3854 3406 3362
3364 3373 3854
3854 3362 3356
3364 3854 3356
3855 3856 3857
3857 3856 3858
3859 3858 3856
3860 3856 3855
3859 3856 3860
3860 3855 3861
3862 3859 3860
3863 3859 3862
3862 3864 3863
3865 3860 3861
3865 3861 3866
3867 3865 3866
3868 3864 3862
3867 3868 3865
3868 3869 3864
3870 3860 3865
3862 3860 3870
3865 3868 3870
3868 3862 3870
3867 3871 3868
3868 3871 3869
3867 3872 3871
3873 3871 3872
3874 3869 3871
3873 3874 3871
3874 3875 3869
3876 3874 3873
3876 3873 3877
3878 3876 3877
3879 3875 3874
3880 3875 3879
3879 3881 3880
3882 3874 3876
3879 3874 3882
3876 3883 3882
3883 3879 3882
3878 3883 3876
3883 3881 3879
3878 3884 3883
3884 3881 3883
3884 3885 3881
3878 3886 3884
3884 3887 3885
3886 3888 3884
3884 3888 3887
3886 3889 3888
3890 3887 3888
3891 3887 3890
3890 3892 3891
3893 3888 3889
3893 3889 3894
3894 3895 3893
3890 3896 3892
3893 3895 3896
3897 3892 3896
3898 3888 3893
3890 3888 3898
3898 3896 3890
3893 3896 3898
3899 3896 3895
3897 3896 3899
3899 3895 3900
3899 3900 3901
3897 3899 3902
3899 3901 3902
3897 3902 3903
3902 3901 3904
3904 3901 3905
3905 3906 3904
3903 3902 3907
3903 3907 3908
3907 3909 3908
3902 3904 3910
3907 3902 3910
3907 3911 3909
3910 3911 3907
3904 3911 3910
3904 3906 3911
3912 3909 3911
3913 3911 3906
3912 3911 3913
3913 3906 3914
3913 3914 3915
3912 3913 3916
3913 3915 3916
3912 3916 3917
3916 3915 3918
3918 3915 3919
3919 3920 3918
3917 3916 3921
3917 3921 3922
3921 3923 3922
3916 3918 3924
3921 3916 3924
3921 3925 3923
3924 3925 3921
3918 3925 3924
3918 3920 3925
3926 3923 3925
3927 3925 3920
3926 3925 3927
3926 3927 3928
3927 3920 3929
3928 3927 3929
3926 3928 3930
3928 3929 3931
3930 3928 3932
3930 3932 3933
3932 3934 3933
3928 3931 3935
3931 3936 3935
3936 3937 3935
3932 3928 3938
3938 3934 3932
3928 3935 3938
3935 3937 3939
3935 3939 3938
3938 3939 3934
3939 3937 3940
3941 3934 3939
3939 3940 3942
3941 3939 3942
3940 3943 3942
3942 3943 3941
3944 3945 3946
3946 3947 3944
3948 3947 3946
3948 3949 3947
3946 3945 3950
3946 3951 3948
3946 3950 3951
3945 3952 3950
3945 3953 3952
3954 3952 3953
3954 3955 3952
3950 3952 3955
3950 3955 3956
3951 3950 3957
3957 3950 3956
3957 3948 3951
3957 3956 3958
3959 3957 3958
3959 3948 3957
3959 3960 3948
3948 3960 3949
3959 3961 3960
3962 3960 3961
3963 3949 3960
3962 3963 3960
3963 3964 3949
3965 3963 3962
3965 3962 3966
3967 3965 3966
3968 3964 3963
3969 3964 3968
3968 3970 3969
3967 3971 3965
3971 3970 3968
3972 3971 3967
3973 3963 3965
3968 3963 3973
3965 3971 3973
3971 3968 3973
3974 3970 3971
3972 3974 3971
3974 3975 3970
3974 3976 3975
3972 3977 3974
3974 3977 3976
3972 3978 3977
3979 3976 3977
3980 3976 3979
3979 3981 3980
3982 3977 3978
3982 3978 3983
3983 3984 3982
3979 3985 3981
3982 3984 3985
3986 3981 3985
3987 3977 3982
3979 3977 3987
3987 3985 3979
3982 3985 3987
3988 3985 3984
3986 3985 3988
3988 3984 3989
3988 3989 3990
3986 3988 3991
3988 3990 3991
3986 3991 3992
3991 3990 3993
3993 3990 3994
3994 3995 3993
3992 3991 3996
3992 3996 3997
3996 3998 3997
3991 3993 3999
3996 3991 3999
3996 4000 3998
3999 4000 3996
3993 4000 3999
3993 3995 4000
4001 3998 4000
4002 4000 3995
4001 4000 4002
4002 3995 4003
4002 4003 4004
4001 4002 4005
4002 4004 4005
4001 4005 4006
4005 4004 4007
4007 4004 4008
4008 4009 4007
4007 4009 4010
4010 4009 4011
4006 4005 4012
4006 4012 4013
4012 4014 4013
4012 4010 4014
4015 4014 4010
4005 4007 4016
4012 4005 4016
4016 4010 4012
4007 4010 4016
4010 4011 4017
4015 4010 4017
4018 4017 4011
4015 4017 4018
4018 4011 4019
4015 4018 4020
4018 4019 4021
4019 4022 4021
4022 4023 4021
4020 4018 4024
4020 4024 4025
4024 4026 4025
4018 4021 4027
4024 4018 4027
4024 4028 4026
4027 4028 4024
4021 4028 4027
4021 4023 4028
4029 4026 4028
4023 4030 4028
4029 4028 4030
4023 4031 4030
4032 4029 4030
4031 4032 4030
4033 4034 4035
4035 4034 4036
4037 4035 4036
4037 4038 4035
4039 4038 4037
4033 4035 4040
4038 4040 4035
4039 4041 4038
4042 4041 4039
4043 4033 4040
4044 4033 4043
4038 4045 4040
4041 4045 4038
4045 4043 4040
4042 4046 4041
4047 4046 4042
4048 4046 4047
4041 4049 4045
4046 4049 4041
4045 4050 4043
4049 4050 4045
4044 4043 4051
4050 4051 4043
4052 4046 4048
4046 4052 4049
4053 4044 4051
4054 4044 4053
4050 4055 4051
4055 4053 4051
4049 4056 4050
4052 4056 4049
4056 4055 4050
4048 4057 4052
4052 4057 4056
4058 4057 4048
4056 4059 4055
4057 4059 4056
4055 4060 4053
4059 4060 4055
4054 4053 4061
4060 4061 4053
4062 4057 4058
4057 4062 4059
4063 4054 4061
4064 4054 4063
4060 4065 4061
4065 4063 4061
4059 4066 4060
4062 4066 4059
4066 4065 4060
4058 4067 4062
4062 4067 4066
4068 4067 4058
4066 4069 4065
4067 4069 4066
4065 4070 4063
4069 4070 4065
4064 4063 4071
4070 4071 4063
4072 4067 4068
4067 4072 4069
4073 4064 4071
4074 4064 4073
4070 4075 4071
4075 4073 4071
4069 4076 4070
4072 4076 4069
4076 4075 4070
4068 4077 4072
4072 4077 4076
4078 4077 4068
4076 4079 4075
4077 4079 4076
4075 4080 4073
4079 4080 4075
4074 4073 4081
4080 4081 4073
4082 4077 4078
4077 4082 4079
4083 4074 4081
4084 4074 4083
4084 4083 4085
4080 4086 4081
4086 4083 4081
4079 4087 4080
4082 4087 4079
4087 4086 4080
4078 4088 4082
4082 4088 4087
4089 4088 4078
4090 4085 4083
4086 4090 4083
4090 4091 4085
4087 4092 4086
4088 4092 4087
4092 4090 4086
4093 4091 4090
4092 4093 4090
4093 4094 4091
4088 4095 4092
4095 4088 4089
4095 4093 4092
4096 4094 4093
4095 4096 4093
4089 4096 4095
4096 4097 4094
4098 4096 4089
4097 4096 4098
4099 4100 4101
4101 4100 4102
4103 4101 4102
4103 4104 4101
4105 4104 4103
4099 4101 4106
4104 4106 4101
4105 4107 4104
4108 4107 4105
4109 4099 4106
4110 4099 4109
4104 4111 4106
4107 4111 4104
4111 4109 4106
4108 4112 4107
4113 4112 4108
4114 4112 4113
4107 4115 4111
4112 4115 4107
4111 4116 4109
4115 4116 4111
4110 4109 4117
4116 4117 4109
4118 4112 4114
4112 4118 4115
4119 4110 4117
4120 4110 4119
4116 4121 4117
4121 4119 4117
4115 4122 4116
4118 4122 4115
4122 4121 4116
4114 4123 4118
4118 4123 4122
4124 4123 4114
4122 4125 4121
4123 4125 4122
4121 4126 4119
4125 4126 4121
4120 4119 4127
4126 4127 4119
4128 4123 4124
4123 4128 4125
4129 4120 4127
4130 4120 4129
4126 4131 4127
4131 4129 4127
4125 4132 4126
4128 4132 4125
4132 4131 4126
4124 4133 4128
4128 4133 4132
4134 4133 4124
4132 4135 4131
4133 4135 4132
4131 4136 4129
4135 4136 4131
4130 4129 4137
4136 4137 4129
4138 4133 4134
4133 4138 4135
4139 4130 4137
4140 4130 4139
4136 4141 4137
4141 4139 4137
4135 4142 4136
4138 4142 4135
4142 4141 4136
4134 4143 4138
4138 4143 4142
4144 4143 4134
4142 4145 4141
4143 4145 4142
4141 4146 4139
4145 4146 4141
4140 4139 4147
4146 4147 4139
4148 4143 4144
4143 4148 4145
4149 4140 4147
4150 4140 4149
4150 4149 4151
4146 4152 4147
4152 4149 4147
4145 4153 4146
4148 4153 4145
4153 4152 4146
4144 4154 4148
4148 4154 4153
4155 4154 4144
4156 4151 4149
4152 4156 4149
4156 4157 4151
4153 4158 4152
4154 4158 4153
4158 4156 4152
4159 4157 4156
4158 4159 4156
4159 4160 4157
4154 4161 4158
4161 4154 4155
4161 4159 4158
4162 4160 4159
4161 4162 4159
4155 4162 4161
4162 4163 4160
4164 4162 4155
4163 4162 4164
4165 4166 4167
4166 4165 4168
4167 4169 4165
4170 4168 4165
4169 4171 4165
4165 4172 4170
4165 4171 4173
4172 4165 4174
4173 4175 4165
4176 4174 4165
4165 4175 4177
4165 4177 4176
4178 4179 4180
4181 4179 4178
4180 4179 4182
4183 4179 4181
4182 4179 4184
4185 4179 4183
4184 4179 4186
4187 4179 4185
4186 4179 4188
4189 4179 4187
4188 4179 4190
4191 4179 4189
4190 4179 4192
4192 4179 4191
4193 4194 4195
4196 4194 4193
4195 4194 4197
4198 4194 4196
4197 4194 4199
4200 4194 4198
4199 4194 4201
4194 4200 4202
4201 4194 4203
4194 4202 4204
4203 4194 4205
4194 4204 4206
4205 4194 4207
4194 4206 4208
4207 4194 4209
4210 4194 4208
4209 4194 4211
4212 4194 4210
4211 4194 4213
4213 4194 4212
4214 4215 4216
4217 4214 4216
4215 4218 4216
4219 4217 4216
4218 4220 4216
4221 4219 4216
4220 4222 4216
4223 4221 4216
4222 4224 4216
4225 4223 4216
4224 4226 4216
4227 4225 4216
4226 4228 4216
4228 4227 4216
4229 4230 4231
4232 4229 4231
4230 4233 4231
4234 4232 4231
4233 4235 4231
4236 4234 4231
4235 4237 4231
4231 4238 4236
4237 4239 4231
4231 4240 4238
4239 4241 4231
4231 4242 4240
4241 4243 4231
4231 4244 4242
4243 4245 4231
4246 4244 4231
4245 4247 4231
4248 4246 4231
4247 4249 4231
4249 4248 4231
4250 4251 4252
4250 4253 4251
4254 4250 4252
4250 4255 4253
4254 4252 4256
4253 4255 4257
4258 4254 4256
4258 4256 4259
4260 4258 4259
4260 4261 4258
4262 4261 4260
4257 4255 4263
4257 4263 4264
4263 4265 4264
4263 4266 4265
4266 4267 4265
4262 4268 4261
4266 4268 4267
4262 4269 4268
4268 4269 4267
4270 4271 4272
4271 4270 4273
4272 4271 4274
4271 4273 4275
4274 4276 4272
4277 4275 4273
4276 4274 4278
4276 4278 4279
4278 4280 4279
4280 4278 4281
4280 4281 4282
4277 4283 4275
4283 4277 4284
4283 4284 4285
4283 4285 4286
4287 4286 4285
4282 4281 4288
4287 4288 4286
4282 4288 4289
4288 4287 4289
