byte offset: 0
first index: 0
index count: 9210
topology: trianglelist
format: DXGI_FORMAT_R16_UINT

0 1 2
0 3 1
3 4 1
3 5 4
6 3 0
7 5 3
6 7 3
7 8 5
9 8 7
10 7 6
9 7 10
10 6 11
10 11 12
9 10 13
10 12 13
9 13 14
13 12 15
14 13 16
13 15 16
14 16 17
16 15 18
17 16 19
16 18 19
17 19 20
19 18 21
20 19 22
19 21 22
20 22 23
22 21 24
23 22 24
25 26 27
25 28 26
28 29 26
30 28 25
28 31 29
31 32 29
30 33 28
33 31 28
31 34 32
34 35 32
34 36 35
37 34 31
33 37 31
38 36 34
37 38 34
38 39 36
40 39 38
41 33 30
41 30 42
41 42 43
44 38 37
40 38 44
45 37 33
45 33 41
44 37 45
41 43 46
45 41 46
46 43 47
40 44 48
40 48 49
44 45 50
45 46 50
44 50 48
46 47 51
50 46 51
51 47 52
49 48 53
49 53 54
48 50 55
50 51 55
48 55 53
51 52 56
55 51 56
56 52 57
54 53 58
54 58 59
53 55 60
55 56 60
53 60 58
56 57 61
60 56 61
61 57 62
60 61 63
58 60 63
63 61 62
59 58 64
58 63 64
64 63 62
59 64 65
65 64 62
66 67 68
69 66 68
68 70 69
68 71 70
72 69 70
72 70 73
72 73 74
75 76 77
77 78 75
79 75 78
77 80 78
81 80 77
82 80 81
83 82 81
84 83 81
78 80 85
85 80 82
79 78 86
78 85 87
86 78 87
88 79 86
88 89 79
86 87 90
88 86 90
91 89 88
91 92 89
92 91 93
91 88 94
88 90 94
95 93 91
91 94 95
93 95 96
94 96 95
94 97 96
90 97 94
90 98 97
87 98 90
87 99 98
100 99 87
100 87 85
85 101 100
85 102 101
85 82 102
103 101 102
103 102 104
104 102 82
103 104 105
103 105 106
106 105 107
106 107 108
108 107 109
108 109 110
110 109 111
110 111 112
112 111 113
112 113 114
114 113 115
114 115 116
113 117 115
113 118 117
111 118 113
118 119 117
118 120 119
111 121 118
121 120 118
109 121 111
121 122 120
109 123 121
123 122 121
107 123 109
123 124 122
107 125 123
125 124 123
105 125 107
125 126 124
105 127 125
127 126 125
104 127 105
127 128 126
104 129 127
129 128 127
129 130 128
129 104 82
129 131 130
129 82 132
129 132 131
83 132 82
83 131 132
83 133 131
83 134 133
83 135 134
84 135 83
135 136 134
84 137 135
135 137 136
84 138 137
139 136 137
140 137 138
139 137 141
140 141 137
139 141 142
141 140 142
143 144 145
143 145 146
146 147 143
146 145 148
146 149 147
146 148 150
150 149 146
150 148 151
150 152 149
150 151 153
153 152 150
153 154 152
153 151 155
156 154 153
153 155 156
156 157 154
156 158 157
155 159 156
156 159 158
155 160 159
159 161 158
160 162 159
159 162 161
160 163 162
164 161 162
165 162 163
164 162 165
165 163 166
167 164 165
166 168 165
169 168 166
167 165 170
165 168 170
171 167 170
172 168 169
172 169 173
172 173 174
171 170 175
176 171 175
177 170 168
177 168 172
175 170 177
175 177 178
175 178 179
172 180 177
172 174 181
172 181 180
181 174 182
176 175 183
175 179 183
184 176 183
183 179 185
186 180 181
181 182 186
186 187 180
188 186 182
187 186 188
184 183 189
183 185 189
190 184 189
189 185 191
190 189 192
189 191 192
193 190 192
193 192 191
194 195 196
194 196 197
197 198 194
196 199 197
196 200 199
199 200 201
197 202 198
203 198 202
203 202 204
202 205 204
197 206 202
202 206 205
197 199 206
205 206 207
199 207 206
205 207 208
199 201 209
199 209 207
208 207 210
209 210 207
208 210 211
212 211 210
201 213 209
209 213 210
201 214 213
213 214 215
212 210 216
216 210 213
217 212 216
213 215 218
216 213 218
218 215 219
217 216 220
220 216 218
221 217 220
218 219 222
220 218 222
221 220 223
223 220 222
224 222 219
223 222 224
224 219 225
226 224 225
226 227 224
227 223 224
228 227 226
229 221 223
227 229 223
229 230 221
228 231 227
231 229 227
232 230 229
231 232 229
232 233 230
228 234 231
234 228 235
236 234 235
233 232 237
233 237 238
237 239 238
240 232 231
231 234 240
240 237 232
236 241 234
242 241 236
237 243 239
243 244 239
245 237 240
245 243 237
240 234 246
246 234 241
240 246 245
242 247 241
247 246 241
248 247 242
247 249 246
245 246 250
251 249 247
248 252 247
251 247 252
253 252 248
253 251 252
245 250 254
254 243 245
254 250 255
254 256 243
243 256 244
254 255 257
257 256 254
257 255 258
259 244 256
257 259 256
259 260 244
261 260 259
257 261 259
261 262 260
257 258 263
257 263 261
264 263 258
265 262 261
265 261 263
265 266 262
266 265 267
267 268 264
264 268 263
265 263 268
265 268 267
269 270 271
269 271 272
272 271 273
274 269 272
272 273 275
275 273 276
275 276 277
274 272 278
278 272 275
279 275 277
278 275 279
279 277 280
279 280 281
282 274 278
282 278 279
282 283 274
279 281 284
282 279 284
284 281 285
284 285 286
286 282 284
286 285 287
288 283 282
286 288 282
288 289 283
286 287 290
290 288 286
290 287 291
292 289 288
290 292 288
292 293 289
290 291 294
294 292 290
294 291 295
296 293 292
294 296 292
296 297 293
294 295 298
298 296 294
298 295 299
300 297 296
298 300 296
300 301 297
298 299 302
302 300 298
302 299 303
304 301 300
302 304 300
304 305 301
302 303 306
306 304 302
307 305 304
306 307 304
307 308 305
309 306 303
309 303 310
309 310 311
307 312 308
308 312 313
314 313 312
306 315 307
309 315 306
307 315 312
309 311 316
316 315 309
316 311 317
314 312 318
315 318 312
319 314 318
320 318 315
320 315 316
319 318 321
321 318 320
322 319 321
321 320 323
316 324 320
321 323 325
316 317 326
316 326 324
326 317 327
326 328 324
322 321 329
321 325 329
330 322 329
330 329 325
326 327 331
326 331 328
331 332 328
331 327 333
331 334 332
331 333 334
334 335 332
333 336 334
334 336 335
333 337 336
338 335 336
338 336 337
339 340 341
339 342 340
342 339 343
343 339 344
342 343 345
346 343 344
347 345 343
346 347 343
347 348 345
347 346 349
350 348 347
347 349 350
350 349 351
350 352 348
350 351 353
353 352 350
353 354 352
355 356 357
355 357 358
358 357 359
358 359 360
360 359 361
360 361 362
362 361 363
362 363 364
364 363 365
364 365 366
367 368 369
367 370 368
368 370 371
371 370 372
372 373 371
372 374 373
374 375 373
374 376 375
377 375 376
377 376 378
379 380 381
381 380 382
382 380 383
384 385 386
384 387 385
384 388 387
387 388 389
384 390 388
388 391 389
390 392 388
388 392 391
390 393 392
391 392 394
393 394 392
391 394 395
394 396 395
393 397 394
394 398 396
397 398 394
397 399 398
400 401 402
400 403 401
403 404 401
403 405 404
406 404 405
406 405 407
407 408 406
407 409 408
409 410 408
409 411 410
412 413 414
412 414 415
415 414 416
415 416 417
416 418 417
417 418 419
418 420 419
418 421 420
420 421 422
420 422 423
424 425 426
426 425 427
426 427 428
429 430 431
429 431 432
433 429 432
433 432 434
435 433 434
435 434 436
436 437 435
436 438 437
437 438 439
437 439 440
441 442 443
441 444 442
445 442 444
445 446 442
447 446 445
447 448 446
447 449 448
447 450 449
450 451 449
450 452 451
453 454 455
455 454 456
455 456 457
458 456 454
456 459 457
459 456 458
458 460 459
457 459 461
459 460 461
458 462 460
463 460 462
461 460 464
461 464 465
463 466 460
467 464 460
467 460 466
463 468 466
463 469 468
470 468 469
466 468 471
466 471 467
470 472 468
472 471 468
473 472 470
473 474 472
475 474 473
475 476 474
477 476 475
478 472 474
476 478 474
477 479 476
476 479 478
480 479 477
479 480 481
479 481 478
478 482 472
481 482 478
472 482 471
481 483 482
471 482 483
471 483 484
467 471 484
467 484 485
485 464 467
485 486 464
486 465 464
486 487 465
488 465 487
488 487 489
489 490 488
489 491 490
492 490 491
493 494 495
493 495 496
497 496 495
496 498 493
496 499 498
497 499 496
498 499 500
497 495 501
502 501 495
503 501 502
499 504 500
497 505 499
499 505 504
506 500 504
506 507 500
508 507 506
508 509 507
509 508 510
510 508 511
511 508 506
511 506 512
512 506 513
513 506 504
513 504 514
514 504 515
515 504 505
515 505 516
516 505 517
517 505 497
517 497 518
518 497 519
519 497 501
519 501 520
519 520 521
520 501 522
523 519 521
523 524 519
503 522 501
503 525 522
526 525 503
503 527 526
527 528 526
527 529 528
529 530 528
529 531 530
531 532 530
531 533 532
534 532 533
523 535 524
523 536 535
537 535 536
537 538 535
538 537 539
540 541 542
543 542 541
541 544 543
541 545 544
546 543 544
547 542 543
547 543 546
547 548 542
542 548 549
550 549 548
550 548 547
547 551 550
546 552 547
552 551 547
546 553 552
554 551 552
552 553 554
554 553 555
554 556 551
555 557 554
556 554 558
554 557 558
558 559 556
558 557 560
559 558 561
558 560 561
561 560 562
559 561 563
564 561 562
565 563 561
564 565 561
565 566 563
565 564 567
566 565 567
568 569 570
570 569 571
572 570 571
571 569 573
573 569 574
572 571 575
575 571 573
575 576 572
577 575 573
575 578 576
575 577 578
579 576 578
579 580 576
579 581 580
579 582 581
583 581 582
579 578 584
584 578 577
582 579 584
585 573 574
577 573 585
583 582 586
587 583 586
584 577 588
577 585 589
577 589 588
585 574 590
585 590 591
585 591 589
574 592 590
591 590 592
574 593 592
594 592 593
594 593 595
591 592 596
596 592 594
589 591 597
591 596 597
589 597 598
598 599 589
589 599 588
596 600 597
599 601 588
602 601 599
584 588 601
596 603 600
596 594 603
604 600 603
604 603 605
605 603 594
605 606 604
602 607 601
608 607 602
609 584 601
609 601 607
582 584 609
610 607 608
610 609 607
611 610 608
605 594 612
612 594 595
612 595 613
605 614 606
612 614 605
615 606 614
613 616 612
612 616 614
613 617 616
618 616 617
615 614 619
616 619 614
619 620 615
618 621 616
616 621 619
622 621 618
619 623 620
623 619 621
622 623 621
620 623 624
624 623 622
625 626 627
627 626 628
629 627 628
629 630 627
631 630 629
631 632 630
632 631 633
634 635 636
636 635 637
636 637 638
639 638 637
640 639 637
640 641 639
640 642 641
643 642 640
643 644 642
645 644 643
646 645 643
646 643 647
648 649 650
648 650 651
652 648 651
651 650 653
653 650 654
651 653 655
655 653 656
656 653 654
655 656 657
655 657 658
659 655 658
652 651 660
660 651 655
660 661 652
660 662 661
663 662 660
660 655 663
663 664 662
665 655 659
665 663 655
665 659 666
666 667 665
668 664 663
665 668 663
665 667 668
668 667 669
668 670 664
669 671 668
671 670 668
671 672 670
673 674 675
674 676 675
674 677 676
678 676 677
679 676 678
679 678 680
679 680 681
682 679 681
682 681 683
684 682 683
685 682 684
685 686 682
687 688 689
687 690 688
691 690 687
690 692 688
692 693 688
690 694 692
694 695 692
695 693 692
694 696 695
694 697 696
698 697 694
691 699 690
699 694 690
699 691 700
699 700 701
702 699 701
699 702 694
702 701 703
704 698 694
704 694 702
704 705 698
705 704 706
707 702 703
704 702 707
704 707 706
707 708 706
707 703 709
708 707 710
710 707 709
710 709 711
712 713 714
712 714 715
715 714 716
717 712 715
715 716 718
717 715 719
719 715 718
719 718 720
721 717 719
722 719 720
721 719 722
722 720 723
722 723 724
725 721 722
722 724 725
725 726 721
725 724 727
728 726 725
725 727 728
728 729 726
728 727 730
728 731 729
728 730 732
732 731 728
732 730 733
732 734 731
735 734 732
735 736 734
737 736 735
732 733 738
735 732 738
738 733 739
738 739 740
740 739 741
742 735 738
742 738 740
743 742 740
740 741 744
743 740 744
744 741 745
746 743 744
744 745 747
746 744 747
747 745 748
749 746 747
747 748 750
749 747 750
751 750 748
751 749 750
735 752 753
735 753 754
737 735 754
754 753 755
756 737 754
754 755 757
756 754 757
757 755 758
759 756 757
757 758 760
759 757 760
760 758 761
761 759 760
762 763 764
765 763 762
762 766 765
762 767 766
768 766 767
769 766 768
770 769 768
765 766 771
766 769 771
770 772 769
773 772 770
774 772 773
774 769 772
774 775 769
775 771 769
775 776 771
777 771 776
765 771 778
777 778 771
778 779 765
779 763 765
777 780 778
778 780 779
777 781 780
782 780 781
782 783 780
783 779 780
784 783 782
785 763 779
783 785 779
786 785 783
785 786 787
785 787 763
784 788 783
786 783 788
789 788 784
789 790 788
790 786 788
791 790 789
791 792 790
793 792 791
790 794 786
792 794 790
793 795 792
796 795 793
792 797 794
795 797 792
796 798 795
799 798 796
799 800 798
795 801 797
798 801 795
800 802 798
798 802 801
800 803 802
802 803 804
802 804 805
802 805 806
802 806 801
801 806 807
801 807 797
807 794 797
807 808 794
786 794 808
786 808 809
810 786 809
787 786 810
787 810 811
812 787 811
812 811 813
763 787 812
812 813 814
815 763 812
812 814 815
814 816 815
817 763 815
817 815 816
814 818 816
817 816 819
816 818 820
821 819 816
816 820 822
821 816 822
823 822 820
823 821 822
824 825 826
824 826 827
828 824 827
827 829 828
829 830 828
828 830 831
828 831 832
833 831 830
833 830 834
833 834 835
833 835 836
837 833 836
837 836 838
839 840 841
841 842 839
841 843 842
844 842 843
844 845 842
846 845 844
846 844 847
848 846 847
848 847 849
849 850 848
849 851 850
852 853 854
852 855 853
856 855 852
856 857 855
858 857 856
858 856 859
859 860 858
859 861 860
860 861 862
863 864 865
865 864 866
866 864 867
867 864 868
867 869 866
868 870 867
867 871 869
871 872 869
867 870 873
873 871 867
873 870 874
874 870 875
870 876 875
877 875 876
873 878 871
879 871 878
871 880 872
879 880 871
872 880 881
880 879 881
882 883 884
882 884 885
886 887 888
888 887 889
888 889 890
890 889 891
890 891 892
893 892 891
893 894 892
895 894 893
895 896 894
897 898 899
897 900 898
901 898 900
901 900 902
901 902 903
901 903 904
904 903 905
904 905 906
905 907 906
905 908 907
909 907 908
909 910 907
911 910 909
911 912 910
913 912 911
913 914 912
915 916 917
915 917 918
919 915 918
919 918 920
919 920 921
919 921 922
923 922 921
923 921 924
925 923 924
926 927 928
926 929 927
930 929 926
931 932 933
931 934 932
935 932 934
935 934 936
935 936 937
935 937 938
939 938 937
940 941 942
940 943 941
944 943 940
944 945 943
946 945 944
946 947 945
948 947 946
948 949 947
950 949 948
950 951 949
952 951 950
952 953 951
954 953 952
954 955 953
956 955 954
956 957 955
958 959 960
958 960 961
962 961 960
962 960 963
963 964 962
963 965 964
966 967 968
966 969 967
967 969 970
967 970 971
971 970 972
971 972 973
973 972 974
973 974 975
975 974 976
975 976 977
977 976 978
977 978 979
979 978 980
979 980 981
982 983 984
982 984 985
986 987 988
986 988 989
986 989 990
991 992 993
991 994 992
991 995 994
991 996 995
994 995 997
998 999 1000
998 1001 999
1002 1001 998
1002 1003 1001
1004 1003 1002
1004 1005 1003
1005 1004 1006
1005 1006 1007
1007 1006 1008
1007 1008 1009
1001 1003 1010
1001 1010 1011
1001 1011 1012
999 1001 1012
1012 1011 1013
999 1012 1014
1012 1013 1014
999 1014 1015
1014 1013 1016
1014 1016 1017
1018 1017 1016
1018 1016 1019
1020 1015 1014
1021 1015 1020
1021 1022 1015
1023 1021 1020
1023 1024 1021
1025 1024 1023
1025 1026 1024
1027 1028 1029
1027 1029 1030
1030 1031 1027
1032 1030 1029
1030 1033 1031
1034 1031 1033
1034 1033 1035
1032 1036 1030
1036 1033 1030
1037 1036 1032
1035 1033 1038
1036 1038 1033
1035 1038 1039
1037 1040 1036
1040 1038 1036
1041 1040 1037
1042 1039 1038
1040 1042 1038
1042 1043 1039
1041 1044 1040
1044 1042 1040
1045 1043 1042
1044 1045 1042
1045 1046 1043
1041 1047 1044
1047 1045 1044
1041 1048 1047
1046 1045 1049
1047 1049 1045
1046 1049 1050
1048 1051 1047
1051 1049 1047
1048 1052 1051
1053 1050 1049
1051 1053 1049
1053 1054 1050
1053 1055 1054
1052 1056 1051
1056 1053 1051
1056 1055 1053
1052 1057 1056
1058 1056 1057
1058 1059 1056
1059 1055 1056
1060 1059 1058
1060 1061 1059
1060 1062 1061
1060 1063 1062
1064 1062 1063
1064 1063 1065
1065 1066 1064
1065 1067 1066
1067 1068 1066
1069 1062 1064
1066 1069 1064
1061 1062 1070
1069 1070 1062
1071 1059 1061
1061 1070 1071
1059 1072 1055
1071 1072 1059
1066 1068 1073
1066 1074 1069
1066 1073 1074
1075 1073 1068
1076 1075 1068
1077 1075 1076
1077 1078 1075
1078 1077 1079
1078 1079 1080
1081 1080 1079
1075 1078 1082
1082 1078 1080
1075 1083 1073
1075 1082 1083
1073 1084 1074
1073 1083 1084
1085 1069 1074
1085 1074 1084
1086 1084 1083
1086 1083 1082
1085 1087 1069
1087 1070 1069
1085 1084 1088
1086 1088 1084
1085 1089 1087
1085 1088 1089
1087 1090 1070
1090 1071 1070
1087 1091 1090
1089 1091 1087
1090 1092 1071
1091 1092 1090
1092 1072 1071
1086 1082 1093
1086 1094 1088
1086 1093 1094
1088 1095 1089
1088 1094 1095
1093 1082 1096
1082 1080 1096
1097 1096 1080
1081 1097 1080
1081 1098 1097
1081 1099 1098
1097 1100 1096
1100 1097 1098
1093 1096 1101
1101 1096 1100
1094 1093 1102
1093 1101 1102
1101 1100 1103
1102 1101 1103
1104 1094 1102
1095 1094 1105
1104 1102 1106
1102 1103 1106
1104 1106 1107
1108 1107 1106
1108 1106 1103
1108 1109 1107
1103 1100 1110
1100 1098 1110
1108 1103 1111
1103 1110 1111
1112 1109 1108
1111 1112 1108
1112 1113 1109
1114 1113 1112
1111 1115 1112
1115 1111 1110
1114 1112 1116
1115 1116 1112
1117 1114 1116
1117 1116 1118
1119 1117 1118
1115 1120 1116
1120 1118 1116
1119 1118 1121
1122 1119 1121
1120 1123 1118
1123 1121 1118
1115 1124 1120
1123 1120 1124
1115 1110 1125
1115 1125 1124
1110 1126 1125
1126 1124 1125
1098 1126 1110
1122 1121 1127
1128 1122 1127
1123 1129 1121
1129 1127 1121
1123 1124 1130
1129 1123 1130
1098 1131 1126
1099 1131 1098
1099 1132 1131
1133 1131 1132
1126 1134 1124
1124 1134 1130
1133 1135 1131
1136 1135 1133
1131 1137 1126
1131 1135 1137
1137 1138 1126
1137 1139 1138
1137 1140 1139
1135 1140 1137
1141 1139 1140
1136 1142 1135
1135 1142 1140
1143 1142 1136
1141 1140 1144
1142 1144 1140
1144 1145 1141
1134 1146 1130
1134 1147 1146
1146 1148 1130
1146 1149 1148
1129 1130 1148
1149 1150 1148
1129 1148 1150
1149 1151 1150
1143 1152 1142
1142 1152 1144
1144 1153 1145
1152 1153 1144
1153 1154 1145
1143 1155 1152
1152 1155 1153
1143 1156 1155
1153 1157 1154
1155 1157 1153
1158 1154 1157
1156 1159 1155
1155 1159 1157
1156 1160 1159
1158 1157 1161
1159 1161 1157
1162 1158 1161
1162 1161 1163
1160 1164 1159
1159 1164 1161
1164 1163 1161
1160 1165 1164
1164 1166 1163
1166 1164 1165
1166 1165 1167
1168 1169 1170
1168 1171 1169
1171 1172 1169
1173 1171 1168
1171 1174 1172
1173 1175 1171
1175 1174 1171
1176 1175 1173
1175 1177 1174
1176 1178 1175
1177 1175 1178
1179 1178 1176
1177 1178 1180
1179 1181 1178
1181 1180 1178
1182 1181 1179
1181 1183 1180
1182 1184 1181
1185 1184 1182
1186 1183 1181
1186 1181 1184
1185 1187 1184
1186 1184 1187
1186 1188 1183
1189 1183 1188
1190 1187 1185
1190 1185 1191
1192 1187 1190
1055 1192 1190
1186 1187 1193
1193 1187 1192
1189 1188 1194
1195 1189 1194
1055 1196 1192
1072 1196 1055
1197 1192 1196
1197 1196 1072
1186 1198 1188
1193 1198 1186
1193 1192 1199
1197 1199 1192
1199 1200 1193
1193 1200 1198
1195 1194 1201
1202 1195 1201
1197 1072 1203
1092 1203 1072
1197 1204 1199
1199 1204 1200
1203 1205 1197
1197 1205 1204
1206 1203 1092
1203 1206 1205
1206 1092 1207
1091 1207 1092
1208 1207 1091
1208 1091 1089
1206 1207 1209
1208 1209 1207
1089 1210 1208
1089 1095 1210
1208 1210 1211
1208 1211 1209
1212 1210 1095
1212 1211 1210
1095 1105 1212
1206 1209 1213
1205 1206 1213
1214 1209 1211
1214 1213 1209
1105 1215 1212
1105 1216 1215
1212 1217 1211
1217 1212 1215
1214 1211 1217
1216 1218 1215
1217 1215 1218
1216 1219 1218
1217 1218 1220
1214 1217 1220
1219 1221 1218
1220 1218 1221
1219 1222 1221
1223 1214 1220
1220 1221 1223
1224 1213 1214
1223 1224 1214
1222 1225 1221
1222 1226 1225
1221 1227 1223
1227 1224 1223
1221 1225 1227
1224 1228 1213
1205 1213 1228
1229 1205 1228
1229 1204 1205
1230 1204 1229
1230 1200 1204
1231 1200 1230
1231 1198 1200
1232 1198 1231
1232 1188 1198
1233 1188 1232
1233 1194 1188
1234 1194 1233
1234 1201 1194
1235 1228 1224
1235 1236 1228
1227 1235 1224
1234 1237 1201
1234 1238 1237
1239 1237 1238
1202 1201 1237
1239 1240 1237
1202 1237 1240
1202 1240 1241
1242 1235 1227
1236 1235 1243
1242 1243 1235
1236 1243 1244
1245 1243 1242
1246 1244 1243
1245 1246 1243
1246 1247 1244
1248 1246 1245
1249 1247 1246
1248 1249 1246
1249 1250 1247
1251 1249 1248
1249 1252 1250
1251 1253 1249
1249 1253 1252
1253 1251 1254
1253 1255 1252
1253 1254 1256
1253 1256 1255
1256 1254 1257
1255 1256 1258
1256 1257 1258
1255 1258 1259
1260 1258 1257
1259 1258 1260
1260 1257 1261
1259 1260 1262
1260 1261 1263
1262 1260 1264
1260 1263 1264
1262 1264 1265
1264 1263 1266
1265 1264 1267
1264 1266 1267
1265 1267 1268
1267 1266 1269
1268 1267 1269
1270 1271 1272
1270 1272 1273
1273 1272 1274
1275 1270 1273
1273 1274 1276
1275 1273 1277
1277 1273 1276
1278 1275 1277
1277 1276 1279
1278 1277 1280
1279 1280 1277
1151 1278 1280
1279 1281 1280
1151 1280 1150
1150 1280 1281
1150 1281 1282
1129 1150 1282
1129 1282 1127
1283 1127 1282
1283 1284 1127
1128 1127 1284
1285 1284 1283
1286 1128 1284
1285 1287 1284
1286 1284 1287
1288 1287 1285
1286 1287 1289
1288 1289 1287
1286 1289 1290
1291 1290 1289
1291 1289 1292
1288 1292 1289
1288 1293 1292
1294 1295 1296
1296 1295 1297
1297 1226 1296
1297 1225 1226
1298 1225 1297
1298 1227 1225
1299 1298 1297
1299 1297 1300
1297 1295 1300
1300 1301 1299
1295 1302 1300
1300 1303 1301
1295 1304 1302
1301 1303 1305
1301 1305 1306
1304 1307 1302
1304 1308 1307
1305 1309 1306
1305 1310 1309
1307 1308 1311
1307 1311 1312
1309 1310 1313
1311 1314 1312
1311 1315 1314
1316 1314 1315
1316 1317 1314
1309 1313 1318
1319 1318 1313
1319 1313 1320
1319 1321 1318
1319 1320 1322
1323 1321 1319
1323 1324 1321
1325 1324 1323
1326 1324 1325
1326 1327 1324
1328 1327 1326
1319 1329 1323
1319 1322 1330
1319 1330 1329
1330 1322 1331
1332 1329 1330
1330 1331 1333
1332 1330 1333
1334 1335 1336
1337 1334 1336
1337 1336 1338
1339 1337 1338
1339 1338 1340
1341 1339 1340
1341 1342 1339
1342 1341 1343
1344 1345 1346
1344 1346 1347
1346 1348 1347
1346 1349 1348
1350 1348 1349
1350 1349 1351
1352 1350 1351
1353 1354 1355
1355 1354 1356
1355 1356 1357
1358 1359 1360
1358 1361 1359
1362 1361 1358
1362 1363 1361
1364 1363 1362
1364 1365 1363
1366 1365 1364
1366 1367 1365
1368 1367 1366
1368 1369 1367
1370 1369 1368
1370 1371 1369
1372 1371 1370
1372 1373 1371
1374 1375 1376
1374 1377 1375
1378 1377 1374
1378 1379 1377
1380 1379 1378
1380 1381 1379
1382 1381 1380
1383 1384 1385
1385 1384 1386
1385 1386 1387
1388 1389 1390
1388 1391 1389
1392 1391 1388
1392 1393 1391
1394 1393 1392
1394 1395 1393
1396 1395 1394
1396 1397 1395
1398 1397 1396
1398 1399 1397
1398 1400 1399
1398 1401 1400
1401 1402 1400
1401 1403 1402
1404 1405 1406
1404 1407 1405
1408 1405 1407
1408 1407 1409
1410 1408 1409
1410 1409 1411
1410 1411 1412
1410 1412 1413
1412 1411 1414
1415 1413 1412
1414 1416 1412
1415 1417 1413
1414 1418 1416
1419 1417 1415
1419 1420 1417
1419 1421 1420
1419 1422 1421
1423 1416 1418
1423 1418 1424
1423 1424 1425
1423 1425 1426
1427 1428 1429
1427 1430 1428
1428 1430 1431
1428 1431 1432
1433 1432 1431
1433 1434 1432
1435 1434 1433
1436 1437 1438
1437 1439 1438
1437 1440 1439
1441 1442 1443
1441 1443 1444
1445 1441 1444
1445 1444 1446
1447 1445 1446
1447 1446 1448
1449 1447 1448
1449 1448 1450
1451 1449 1450
1451 1450 1452
1453 1451 1452
1453 1452 1454
1455 1453 1454
1455 1454 1456
1457 1458 1459
1457 1459 1460
1461 1457 1460
1461 1460 1462
1463 1461 1462
1463 1462 1464
1465 1463 1464
1466 1467 1468
1467 1469 1468
1467 1470 1469
1471 1472 1473
1471 1473 1474
1475 1471 1474
1475 1474 1476
1477 1475 1476
1477 1476 1478
1479 1477 1478
1479 1478 1480
1481 1479 1480
1481 1480 1482
1481 1482 1483
1481 1483 1484
1484 1483 1485
1484 1485 1486
1487 1488 1489
1487 1489 1490
1491 1490 1489
1491 1492 1490
1493 1492 1491
1493 1494 1492
1493 1495 1494
1493 1496 1495
1495 1497 1494
1498 1495 1496
1497 1495 1499
1498 1496 1500
1497 1499 1501
1502 1498 1500
1502 1500 1503
1502 1503 1504
1502 1504 1505
1506 1501 1499
1506 1507 1501
1506 1508 1507
1506 1509 1508
1510 1511 1512
1510 1513 1511
1513 1514 1511
1513 1515 1514
1516 1514 1515
1516 1515 1517
1517 1518 1516
1517 1519 1518
1518 1519 1520
1518 1520 1521
1520 1522 1521
1520 1523 1522
1524 1522 1523
1524 1525 1522
1525 1524 1526
1525 1526 1527
1525 1527 1528
1525 1528 1529
1527 1530 1528
1531 1530 1527
1527 1532 1531
1526 1532 1527
1532 1533 1531
1534 1532 1526
1526 1535 1534
1532 1536 1533
1533 1536 1537
1534 1538 1532
1538 1536 1532
1539 1538 1534
1540 1538 1539
1541 1538 1540
1541 1536 1538
1542 1541 1540
1543 1537 1536
1543 1536 1541
1544 1537 1543
1545 1544 1543
1542 1546 1541
1546 1542 1547
1541 1548 1543
1545 1543 1548
1548 1541 1546
1545 1548 1546
1545 1546 1549
1546 1547 1550
1546 1550 1549
1550 1547 1551
1549 1550 1552
1550 1551 1553
1553 1552 1550
1553 1551 1554
1553 1555 1552
1553 1554 1556
1556 1555 1553
1556 1557 1555
1558 1559 1560
1558 1561 1559
1562 1561 1558
1562 1563 1561
1564 1563 1562
1564 1565 1563
1566 1565 1564
1566 1564 1567
1568 1566 1567
1568 1569 1566
1570 1569 1568
1570 1571 1569
1570 1572 1571
1573 1574 1575
1573 1576 1574
1577 1574 1576
1577 1576 1578
1578 1579 1577
1578 1580 1579
1579 1580 1581
1579 1581 1582
1582 1581 1583
1582 1583 1584
1584 1583 1585
1584 1585 1586
1587 1586 1585
1588 1589 1590
1590 1589 1591
1590 1591 1592
1591 1593 1592
1591 1594 1593
1595 1593 1594
1595 1594 1596
1596 1597 1595
1596 1598 1597
1599 1597 1598
1599 1598 1600
1601 1602 1603
1601 1604 1602
1605 1604 1601
1605 1606 1604
1607 1606 1605
1607 1608 1606
1609 1608 1607
1609 1610 1608
1611 1610 1609
1611 1612 1610
1611 1613 1612
1614 1615 1616
1616 1615 1617
1616 1617 1618
1619 1620 1621
1619 1621 1622
1622 1621 1623
1622 1623 1624
1624 1623 1625
1624 1625 1626
1626 1625 1627
1626 1627 1628
1628 1627 1629
1628 1629 1630
1630 1629 1631
1630 1631 1632
1632 1631 1633
1632 1633 1634
1635 1636 1637
1635 1637 1638
1639 1635 1638
1639 1638 1640
1641 1639 1640
1641 1640 1642
1643 1641 1642
1643 1642 1644
1645 1643 1644
1645 1644 1646
1647 1648 1649
1650 1648 1647
1650 1647 1651
1652 1648 1650
1652 1650 1653
1654 1652 1653
1654 1653 1655
1656 1654 1655
1656 1655 1657
1658 1656 1657
1658 1657 1659
1659 1660 1658
1661 1660 1659
1662 1663 1664
1662 1665 1663
1663 1665 1666
1663 1666 1667
1663 1667 1668
1669 1670 1671
1669 1671 1672
1672 1671 1673
1672 1673 1674
1675 1674 1673
1675 1676 1674
1676 1675 1677
1676 1677 1678
1677 1679 1678
1677 1680 1679
1679 1680 1681
1679 1681 1682
1683 1682 1681
1683 1681 1684
1684 1685 1683
1684 1686 1685
1684 1687 1686
1684 1688 1687
1686 1687 1689
1690 1686 1689
1686 1690 1691
1685 1686 1691
1691 1690 1692
1693 1685 1691
1685 1693 1694
1691 1692 1695
1692 1696 1695
1693 1691 1697
1697 1691 1695
1698 1693 1697
1699 1698 1697
1700 1699 1697
1700 1697 1695
1701 1699 1700
1702 1695 1696
1702 1700 1695
1703 1702 1696
1704 1702 1703
1701 1700 1705
1705 1706 1701
1700 1702 1707
1704 1707 1702
1707 1705 1700
1704 1705 1707
1704 1708 1705
1705 1709 1706
1705 1708 1709
1709 1710 1706
1708 1711 1709
1709 1712 1710
1712 1709 1711
1712 1713 1710
1712 1711 1714
1712 1715 1713
1715 1712 1714
1715 1714 1716
1717 1718 1719
1717 1719 1720
1721 1717 1720
1721 1720 1722
1723 1721 1722
1723 1722 1724
1725 1723 1724
1725 1726 1723
1727 1726 1725
1727 1725 1728
1729 1727 1728
1729 1728 1730
1729 1730 1731
1732 1733 1734
1732 1734 1735
1736 1735 1734
1736 1737 1735
1737 1736 1738
1737 1738 1739
1738 1740 1739
1738 1741 1740
1741 1742 1740
1741 1743 1742
1743 1744 1742
1743 1745 1744
1746 1744 1745
1747 1748 1749
1748 1750 1749
1748 1751 1750
1750 1751 1752
1750 1752 1753
1754 1753 1752
1754 1755 1753
1755 1754 1756
1755 1756 1757
1758 1757 1756
1758 1759 1757
1760 1761 1762
1760 1762 1763
1764 1760 1763
1764 1763 1765
1766 1764 1765
1766 1765 1767
1768 1766 1767
1768 1767 1769
1770 1768 1769
1770 1769 1771
1770 1771 1772
1773 1774 1775
1774 1776 1775
1774 1777 1776
1778 1779 1780
1778 1781 1779
1781 1782 1779
1781 1783 1782
1783 1784 1782
1783 1785 1784
1785 1786 1784
1785 1787 1786
1787 1788 1786
1787 1789 1788
1789 1790 1788
1789 1791 1790
1791 1792 1790
1791 1793 1792
1794 1795 1796
1794 1797 1795
1798 1797 1794
1798 1799 1797
1800 1799 1798
1800 1801 1799
1802 1801 1800
1802 1803 1801
1804 1803 1802
1804 1805 1803
1806 1807 1808
1809 1806 1808
1809 1810 1806
1811 1809 1808
1811 1812 1809
1813 1812 1811
1813 1814 1812
1815 1814 1813
1815 1816 1814
1817 1816 1815
1817 1818 1816
1819 1818 1817
1820 1818 1819
1821 1822 1823
1821 1823 1824
1823 1825 1824
1823 1826 1825
1823 1827 1826
1828 1829 1830
1831 1828 1830
1832 1831 1830
1832 1830 1833
1834 1832 1833
1834 1833 1835
1836 1834 1835
1835 1837 1836
1835 1833 1838
1835 1839 1837
1838 1839 1835
1839 1840 1837
1841 1839 1838
1838 1842 1841
1839 1843 1840
1841 1843 1839
1843 1844 1840
1843 1845 1844
1841 1845 1843
1845 1846 1844
1845 1847 1846
1847 1848 1846
1841 1849 1845
1849 1847 1845
1850 1841 1842
1850 1849 1841
1847 1851 1848
1851 1852 1848
1853 1850 1842
1854 1853 1842
1850 1853 1855
1856 1851 1847
1856 1847 1849
1849 1857 1856
1851 1858 1852
1858 1851 1856
1858 1859 1852
1849 1850 1860
1850 1855 1860
1849 1860 1857
1861 1860 1855
1860 1861 1857
1861 1855 1862
1863 1861 1862
1857 1861 1863
1863 1862 1864
1865 1863 1864
1858 1866 1859
1866 1867 1859
1858 1856 1868
1866 1858 1868
1865 1869 1863
1869 1865 1870
1866 1871 1867
1871 1872 1867
1857 1863 1873
1873 1863 1869
1856 1857 1874
1856 1874 1868
1869 1870 1875
1875 1870 1876
1866 1868 1877
1877 1871 1866
1871 1878 1872
1878 1879 1872
1880 1873 1869
1880 1869 1875
1880 1881 1873
1880 1875 1882
1873 1881 1883
1873 1883 1857
1857 1883 1874
1874 1883 1884
1874 1884 1885
1885 1868 1874
1877 1868 1885
1877 1885 1886
1875 1887 1882
1886 1888 1877
1875 1889 1887
1875 1876 1889
1889 1890 1887
1889 1876 1891
1888 1892 1877
1888 1893 1892
1877 1892 1871
1892 1893 1894
1892 1878 1871
1889 1895 1890
1889 1891 1895
1896 1890 1895
1891 1896 1895
1892 1894 1897
1892 1897 1878
1897 1894 1898
1897 1899 1878
1878 1899 1879
1879 1899 1900
1897 1898 1901
1897 1901 1899
1898 1900 1901
1900 1899 1901
1902 1903 1904
1905 1903 1902
1906 1903 1905
1906 1907 1903
1908 1907 1906
1908 1909 1907
1910 1909 1908
1909 1910 1911
1909 1912 1907
1909 1911 1913
1913 1912 1909
1913 1911 1914
1913 1915 1912
1912 1915 1916
1913 1914 1917
1917 1915 1913
1917 1918 1915
1917 1914 1919
1917 1919 1920
1917 1920 1918
1920 1919 1921
1920 1921 1922
1922 1918 1920
1922 1921 1923
1924 1916 1915
1924 1915 1918
1922 1923 1925
1925 1923 1926
1927 1916 1924
1928 1916 1927
1924 1929 1927
1924 1930 1929
1918 1930 1924
1918 1931 1930
1932 1918 1922
1932 1922 1925
1918 1932 1931
1933 1929 1930
1930 1931 1933
1933 1934 1929
1935 1934 1933
1931 1935 1933
1935 1936 1934
1937 1936 1935
1937 1935 1938
1938 1939 1937
1931 1940 1935
1940 1938 1935
1938 1941 1939
1941 1942 1939
1943 1938 1940
1943 1941 1938
1943 1940 1944
1943 1945 1941
1940 1946 1944
1940 1931 1946
1941 1945 1947
1941 1948 1942
1941 1947 1948
1948 1949 1942
1948 1947 1950
1931 1951 1946
1951 1952 1946
1932 1951 1931
1951 1953 1952
1948 1954 1949
1948 1950 1954
1949 1954 1955
1955 1954 1950
1932 1956 1951
1953 1951 1956
1957 1953 1956
1957 1958 1953
1956 1932 1925
1958 1957 1959
1956 1925 1960
1960 1957 1956
1925 1926 1960
1960 1926 1961
1960 1961 1962
1960 1962 1957
1962 1961 1963
1962 1963 1964
1957 1962 1964
1964 1963 1965
1959 1957 1966
1957 1964 1966
1959 1966 1967
1966 1968 1967
1964 1965 1969
1966 1964 1969
1969 1965 1970
1966 1971 1968
1966 1969 1971
1971 1972 1968
1969 1970 1973
1971 1969 1973
1970 1974 1973
1971 1975 1972
1972 1975 1974
1971 1973 1975
1974 1975 1973
1976 1977 1978
1976 1978 1979
1980 1976 1979
1980 1981 1976
1982 1983 1984
1984 1983 1985
1984 1985 1986
1986 1985 1987
1982 1984 1988
1988 1984 1986
1986 1987 1989
1989 1987 1990
1982 1988 1991
1982 1991 1992
1982 1992 1993
1988 1986 1994
1991 1988 1994
1994 1986 1989
1989 1990 1995
1995 1990 1996
1992 1991 1997
1991 1994 1997
1994 1989 1998
1998 1989 1995
1997 1994 1998
1995 1996 1999
2000 1999 1996
1992 1997 2001
1993 1992 2001
1997 1998 2002
2001 1997 2002
1998 1995 2003
2003 1995 1999
2002 1998 2003
2000 2004 1999
2003 1999 2004
2002 2003 2005
2005 2003 2004
2000 2006 2004
2005 2004 2006
2000 2007 2006
2000 2008 2007
2001 2002 2009
2009 2002 2005
2010 2005 2006
2010 2006 2007
2009 2005 2010
2011 2001 2009
1993 2001 2011
2012 2010 2007
2012 2007 2008
2013 2009 2010
2011 2009 2013
2013 2010 2012
2014 1993 2011
1982 1993 2014
2015 2011 2013
2014 2011 2015
2016 2013 2012
2015 2013 2016
2017 2012 2008
2016 2012 2017
2018 2014 2015
1982 2014 2018
2019 2015 2016
2018 2015 2019
2017 2008 2020
2000 2020 2008
2021 2016 2017
2019 2016 2021
2022 2018 2019
1982 2018 2022
2023 2017 2020
2021 2017 2023
2022 2019 2024
2024 2019 2021
2000 2025 2020
2023 2020 2025
2026 2021 2023
2024 2021 2026
2027 2022 2024
1982 2022 2027
2028 2023 2025
2026 2023 2028
2027 2024 2029
2029 2024 2026
1982 2027 2030
2030 2027 2029
2029 2026 2031
2031 2026 2028
2028 2025 2032
2000 2032 2025
1982 2030 2033
1982 2033 2034
2030 2029 2035
2033 2030 2035
2035 2029 2031
2034 2033 2036
2033 2035 2036
2034 2036 2037
2031 2028 2038
2038 2028 2032
2035 2031 2039
2036 2035 2039
2039 2031 2038
2037 2036 2040
2036 2039 2040
2037 2040 2041
2038 2032 2042
2000 2042 2032
2039 2038 2043
2040 2039 2043
2043 2038 2042
2041 2040 2044
2040 2043 2044
2041 2044 2045
2043 2042 2046
2000 2046 2042
2044 2043 2046
2045 2044 2047
2044 2046 2047
2000 2047 2046
2045 2047 2048
2000 2048 2047
2049 2050 2051
2052 2050 2049
2050 2053 2051
2052 2054 2050
2050 2054 2053
2052 2055 2054
2053 2054 2056
2055 2056 2054
2055 2057 2056
2053 2056 2058
2059 2056 2057
2060 2058 2056
2059 2060 2056
2060 2061 2058
2062 2060 2059
2063 2061 2060
2062 2063 2060
2063 2064 2061
2063 2065 2064
2062 2066 2063
2063 2066 2065
2067 2066 2062
2066 2068 2065
2065 2068 2069
2068 2066 2070
2070 2066 2067
2067 2071 2070
2068 2072 2069
2072 2068 2070
2072 2070 2071
2073 2069 2072
2072 2074 2073
2072 2075 2074
2075 2072 2071
2076 2074 2075
2076 2075 2077
2077 2075 2071
2076 2077 2078
2078 2077 2079
2079 2080 2078
2079 2081 2080
2077 2071 2082
2079 2077 2082
2083 2081 2079
2084 2081 2083
2083 2085 2084
2079 2082 2086
2083 2079 2086
2083 2087 2085
2083 2086 2087
2085 2087 2088
2086 2082 2089
2089 2082 2071
2086 2089 2087
2090 2088 2087
2089 2090 2087
2090 2091 2088
2092 2091 2090
2089 2092 2090
2092 2093 2091
2071 2094 2089
2094 2092 2089
2094 2071 2067
2095 2093 2092
2095 2092 2094
2095 2096 2093
2097 2096 2095
2094 2097 2095
2097 2098 2096
2097 2099 2098
2067 2100 2094
2094 2100 2097
2067 2101 2100
2101 2102 2100
2097 2103 2099
2100 2103 2097
2103 2104 2099
2100 2102 2105
2100 2105 2103
2105 2102 2106
2107 2105 2106
2108 2105 2107
2103 2105 2108
2108 2107 2109
2110 2108 2109
2103 2111 2104
2103 2108 2111
2111 2112 2104
2113 2108 2110
2111 2108 2113
2113 2110 2114
2113 2114 2115
2111 2116 2112
2111 2113 2116
2116 2117 2112
2113 2115 2118
2116 2113 2118
2118 2115 2119
2116 2120 2117
2116 2118 2120
2120 2121 2117
2120 2122 2121
2122 2120 2118
2122 2123 2121
2118 2119 2124
2122 2118 2124
2124 2119 2125
2122 2126 2123
2126 2122 2124
2126 2127 2123
2124 2125 2128
2126 2124 2128
2129 2128 2125
2126 2130 2127
2128 2130 2126
2131 2127 2130
2129 2132 2128
2128 2132 2130
2133 2132 2129
2131 2130 2134
2134 2130 2132
2135 2131 2134
2133 2136 2132
2134 2132 2136
2137 2136 2133
2137 2138 2136
2138 2134 2136
2139 2138 2137
2135 2134 2140
2135 2140 2139
2139 2140 2138
2138 2140 2134
2141 2142 2143
2141 2144 2142
2141 2143 2145
2145 2143 2146
2145 2146 2147
2145 2147 2148
2149 2144 2141
2150 2144 2149
2149 2151 2150
2152 2151 2149
2152 2153 2151
2154 2153 2152
2154 2155 2153
2155 2154 2156
2156 2154 2157
2157 2154 2152
2157 2158 2156
2157 2159 2158
2157 2152 2160
2157 2160 2159
2160 2152 2149
2160 2161 2159
2160 2149 2162
2160 2162 2161
2162 2149 2141
2162 2163 2161
2161 2163 2164
2162 2141 2165
2165 2163 2162
2166 2164 2163
2166 2163 2165
2166 611 2164
611 2166 610
2167 2165 2141
2166 2165 2167
610 2166 2167
2167 2141 2145
610 2167 2168
610 2168 609
2168 582 609
2145 2169 2167
2167 2169 2168
2145 2148 2169
2168 2170 582
2170 2168 2169
2169 2148 2170
2170 586 582
2148 586 2170
2148 2171 586
2171 2148 2172
587 586 2171
2171 2172 2173
587 2171 2173
587 2173 2174
2175 2173 2172
2176 2174 2173
2175 2176 2173
2176 2177 2174
2178 2176 2175
2178 2177 2176
2178 2175 2179
2178 2180 2177
2178 2179 2181
2180 2178 2181
2182 2183 2184
2182 2184 2185
2182 2186 2183
2187 2183 2186
2182 2185 2188
2188 2185 2189
2187 2186 2190
2190 2191 2187
2190 2192 2191
2192 2193 2191
2194 2190 2186
2192 2190 2194
2195 2186 2182
2194 2186 2195
2188 2189 2196
2196 2189 2197
2188 2198 2182
2195 2182 2198
2192 2199 2193
2200 2193 2199
2200 2199 2201
2201 2202 2200
2203 2199 2192
2201 2199 2203
2201 2204 2202
2205 2202 2204
2196 2206 2188
2188 2206 2198
2196 2197 2207
2208 2207 2197
2209 2206 2196
2196 2207 2209
2210 2198 2206
2209 2210 2206
2210 2211 2198
2195 2198 2211
2201 2203 2212
2212 2204 2201
2212 2203 2213
2208 2214 2207
2215 2214 2208
2215 2216 2214
2216 2207 2214
2217 2216 2215
2216 2218 2207
2209 2207 2218
2217 2219 2216
2216 2219 2218
2220 2219 2217
2221 2219 2220
2221 2218 2219
2221 2220 2222
2209 2218 2223
2221 2223 2218
2224 2209 2223
2224 2223 2221
2224 2210 2209
2211 2210 2224
2225 2221 2222
2224 2221 2225
2225 2222 2226
2225 2226 2227
2211 2224 2228
2225 2228 2224
2225 2227 2229
2225 2229 2228
2228 2230 2211
2195 2211 2230
2194 2195 2230
2231 2229 2227
2231 2227 2232
2233 2228 2229
2228 2233 2230
2233 2229 2231
2194 2230 2234
2233 2234 2230
2232 2235 2231
2232 2236 2235
2237 2233 2231
2233 2237 2234
2237 2231 2235
2238 2194 2234
2192 2194 2238
2203 2192 2238
2213 2203 2238
2238 2234 2239
2237 2239 2234
2213 2238 2239
2239 2237 2240
2235 2240 2237
2239 2240 2213
2235 2236 2241
2235 2241 2240
2236 2242 2241
2243 2242 2236
2241 2244 2240
2244 2213 2240
2241 2242 2244
2245 2242 2243
2243 2246 2245
2244 2242 2247
2247 2242 2245
2248 2213 2244
2247 2248 2244
2249 2248 2247
2250 2249 2247
2250 2247 2251
2245 2251 2247
2251 2252 2250
2245 2246 2253
2251 2245 2253
2251 2254 2252
2251 2253 2254
2254 2255 2252
2254 2256 2255
2256 2254 2253
2255 2256 2257
2258 2253 2246
2256 2253 2258
2258 2246 2259
2257 2256 2260
2258 2260 2256
2257 2260 2261
2260 2262 2261
2259 2263 2258
2258 2263 2260
2259 2264 2263
2265 2263 2264
2260 2266 2262
2266 2260 2263
2262 2266 2267
2267 2268 2265
2265 2268 2263
2266 2263 2268
2266 2268 2267
2269 2213 2270
2269 2270 2271
2212 2213 2269
2269 2271 2272
2269 2273 2212
2212 2273 2204
2269 2272 2274
2269 2274 2273
2275 2274 2272
2273 2274 2275
2273 2275 2276
2276 2204 2273
2277 2276 2275
2278 2204 2276
2205 2204 2278
2279 2205 2278
2279 2278 2280
2280 2278 2276
2279 2280 2281
2277 2282 2276
2280 2276 2282
2282 2277 2281
2280 2282 2281
2283 2284 2285
2286 2284 2283
2286 2283 2287
2288 2286 2287
2283 2285 2289
2290 2289 2285
2290 2285 2291
2290 2291 2292
2290 2292 2293
2293 2292 2294
2289 2290 2295
2295 2290 2293
2296 2283 2289
2297 2287 2283
2297 2283 2296
2289 2295 2298
2296 2289 2298
2288 2287 2299
2300 2288 2299
2300 2301 2288
2302 2301 2300
2303 2302 2300
2287 2304 2299
2300 2299 2304
2287 2297 2304
2303 2300 2305
2300 2304 2305
2297 2305 2304
2306 2303 2305
2297 2307 2305
2307 2306 2305
2307 2297 2296
2307 2308 2306
2307 2296 2309
2308 2307 2309
2309 2296 2298
2308 2309 2310
2309 2298 2311
2310 2309 2311
2310 2311 2312
2295 2311 2298
2313 2312 2311
2295 2313 2311
2313 2314 2312
2313 2295 2315
2295 2293 2315
2314 2313 2316
2313 2315 2316
2314 2316 2317
2317 2316 2318
2317 2318 2319
2320 2319 2318
2321 2318 2316
2321 2316 2315
2315 2293 2322
2293 2294 2322
2320 2318 2323
2323 2318 2321
2320 2323 2324
2320 2324 2325
2326 2325 2324
2327 2321 2315
2315 2322 2327
2328 2322 2294
2328 2294 2329
2328 2329 2330
2322 2331 2327
2331 2321 2327
2322 2328 2331
2323 2321 2332
2332 2324 2323
2331 2332 2321
2332 2333 2324
2334 2333 2332
2331 2334 2332
2326 2324 2335
2335 2324 2333
2336 2326 2335
2328 2330 2337
2331 2328 2337
2331 2337 2334
2337 2330 2338
2336 2335 2339
2340 2336 2339
2335 2333 2341
2339 2335 2341
2340 2339 2342
2343 2340 2342
2339 2341 2344
2342 2339 2344
2333 2345 2341
2344 2341 2345
2333 2346 2345
2344 2345 2347
2333 2348 2346
2344 2347 2349
2350 2348 2333
2350 2333 2334
2350 2351 2348
2344 2349 2352
2342 2344 2352
2353 2352 2349
2353 2342 2352
2353 2349 2354
2354 2355 2353
2350 2334 2356
2356 2334 2337
2350 2357 2351
2357 2350 2356
2353 2358 2342
2343 2342 2358
2359 2343 2358
2360 2353 2355
2360 2358 2353
2359 2358 2360
2361 2360 2355
2361 2359 2360
2362 2356 2337
2337 2338 2362
2363 2351 2357
2363 2364 2351
2357 2356 2365
2365 2356 2362
2365 2363 2357
2366 2362 2338
2362 2366 2365
2366 2338 2367
2366 2367 2368
2369 2364 2363
2369 2370 2364
2365 2371 2363
2366 2371 2365
2371 2369 2363
2366 2368 2372
2371 2366 2372
2373 2370 2369
2373 2374 2370
2375 2374 2373
2373 2376 2375
2377 2375 2376
2371 2378 2369
2378 2373 2369
2371 2372 2378
2373 2378 2376
2376 2378 2372
2379 2372 2368
2376 2372 2379
2379 2368 2380
2379 2380 2381
2379 2381 2382
2376 2379 2382
2381 2383 2382
2384 2383 2377
2377 2376 2384
2382 2383 2384
2376 2382 2384
2385 2386 2387
2388 2385 2387
2388 2389 2385
2390 2389 2388
2385 2391 2386
2392 2386 2391
2392 2393 2386
2392 2394 2393
2392 2395 2394
2395 2396 2394
2391 2397 2392
2397 2395 2392
2398 2391 2385
2399 2385 2389
2399 2398 2385
2391 2400 2397
2398 2400 2391
2390 2401 2389
2402 2401 2390
2402 2390 2403
2404 2402 2403
2405 2402 2404
2389 2401 2406
2402 2406 2401
2389 2406 2399
2405 2407 2402
2402 2407 2406
2399 2406 2407
2408 2407 2405
2399 2407 2409
2409 2407 2408
2409 2398 2399
2409 2408 2410
2409 2411 2398
2410 2411 2409
2411 2400 2398
2410 2412 2411
2411 2413 2400
2412 2413 2411
2412 2414 2413
2397 2400 2413
2415 2413 2414
2397 2413 2415
2415 2414 2416
2415 2417 2397
2397 2417 2395
2416 2418 2415
2415 2418 2417
2416 2419 2418
2419 2420 2418
2419 2421 2420
2422 2420 2421
2423 2418 2420
2423 2417 2418
2417 2424 2395
2395 2424 2396
2422 2425 2420
2425 2423 2420
2422 2426 2425
2422 2427 2426
2428 2426 2427
2429 2417 2423
2417 2429 2424
2430 2396 2424
2430 2431 2396
2430 2432 2431
2424 2429 2433
2433 2429 2423
2424 2433 2430
2425 2434 2423
2434 2425 2426
2433 2423 2434
2434 2426 2435
2436 2434 2435
2433 2434 2436
2428 2437 2426
2437 2435 2426
2438 2437 2428
2430 2439 2432
2433 2439 2430
2433 2436 2439
2439 2440 2432
2438 2441 2437
2442 2441 2438
2437 2443 2435
2441 2443 2437
2442 2444 2441
2445 2444 2442
2441 2446 2443
2444 2446 2441
2435 2443 2447
2446 2447 2443
2435 2447 2448
2446 2449 2447
2435 2448 2450
2446 2451 2449
2452 2435 2450
2452 2436 2435
2452 2450 2453
2446 2454 2451
2444 2454 2446
2455 2451 2454
2455 2454 2444
2455 2456 2451
2456 2455 2457
2452 2458 2436
2458 2439 2436
2452 2453 2459
2459 2458 2452
2455 2444 2460
2445 2460 2444
2461 2460 2445
2462 2457 2455
2462 2455 2460
2461 2462 2460
2463 2457 2462
2463 2462 2461
2464 2439 2458
2439 2464 2440
2465 2459 2453
2465 2453 2466
2459 2467 2458
2467 2464 2458
2467 2459 2465
2468 2440 2464
2464 2467 2468
2468 2469 2440
2468 2470 2469
2471 2465 2466
2471 2466 2472
2467 2465 2473
2468 2467 2473
2473 2465 2471
2468 2474 2470
2473 2474 2468
2475 2471 2472
2475 2472 2476
2477 2475 2476
2475 2477 2478
2479 2478 2477
2473 2471 2480
2480 2471 2475
2473 2480 2474
2475 2478 2480
2478 2474 2480
2481 2470 2474
2478 2481 2474
2481 2482 2470
2481 2483 2482
2481 2484 2483
2478 2484 2481
2483 2484 2485
2486 2479 2485
2479 2486 2478
2484 2486 2485
2478 2486 2484
