byte offset: 0
first index: 0
index count: 5877
topology: trianglelist
format: DXGI_FORMAT_R16_UINT

0 1 2
2 3 4
2 5 3
5 6 3
2 7 5
5 8 6
5 7 8
2 9 7
10 9 2
10 11 9
9 12 7
7 13 8
7 12 13
9 14 12
14 9 15
14 15 16
17 12 14
18 17 14
18 14 19
20 13 12
17 20 12
8 13 21
20 22 13
22 21 13
8 21 23
6 8 23
17 24 20
20 25 22
20 24 25
17 26 24
27 26 17
27 28 26
22 29 21
23 21 30
29 30 21
22 25 31
22 31 29
24 26 32
26 33 32
26 34 33
25 24 35
24 32 35
31 25 36
25 35 36
29 31 37
29 38 30
29 37 38
31 36 39
37 31 39
35 32 40
32 41 40
32 42 41
36 35 43
35 40 43
40 44 43
40 45 44
36 43 46
39 36 46
43 47 46
43 48 47
39 46 49
37 39 50
50 39 49
46 47 51
46 51 49
47 52 51
47 53 52
51 52 54
51 54 55
49 51 55
50 49 56
49 55 56
50 57 37
56 58 50
50 58 57
55 59 56
56 59 58
55 60 59
61 60 55
61 62 60
58 59 63
60 63 59
37 57 64
37 64 38
58 63 65
57 58 65
60 66 63
67 66 60
67 68 66
66 69 63
65 63 69
38 64 70
38 70 30
68 71 66
66 71 69
72 30 70
23 30 72
73 23 72
6 23 73
6 73 74
6 74 75
65 69 76
71 77 69
76 69 77
78 65 76
57 65 78
57 78 79
57 79 64
64 79 80
64 80 70
78 76 81
78 82 79
78 81 82
79 83 80
79 82 83
70 80 84
84 80 83
76 77 85
81 76 85
77 86 85
87 86 77
71 87 77
81 88 82
82 88 83
81 85 89
85 86 89
81 89 88
89 86 88
83 88 90
88 86 90
70 84 91
72 70 91
72 91 92
92 91 84
84 83 93
83 90 93
72 92 94
73 72 94
94 92 95
94 95 96
73 94 96
73 96 97
92 84 98
84 93 98
92 98 99
93 100 98
100 101 98
100 102 101
103 100 93
103 104 100
103 105 104
103 93 106
93 90 106
106 107 103
107 108 103
107 109 108
90 110 106
106 110 107
90 111 110
90 86 111
110 112 107
112 113 107
112 114 113
111 115 110
110 115 112
86 116 111
111 116 115
117 116 86
87 117 86
87 118 117
71 118 87
71 119 118
119 71 68
115 120 112
120 121 112
120 122 121
120 123 122
115 124 120
116 124 115
120 125 123
124 125 120
123 126 122
122 126 127
119 128 118
68 129 119
119 129 128
118 128 130
118 130 117
117 131 116
130 131 117
116 132 124
131 132 116
68 133 129
133 68 134
132 135 124
124 135 125
135 136 125
125 136 123
137 136 135
132 137 135
138 136 137
139 137 132
131 139 132
139 138 137
140 139 131
130 140 131
141 138 139
140 141 139
142 140 130
128 142 130
143 136 138
141 143 138
144 143 141
145 141 140
142 145 140
145 144 141
146 144 145
147 145 142
147 148 145
128 149 142
149 150 142
149 151 150
129 149 128
129 152 149
152 153 149
152 154 153
133 152 129
133 155 152
156 155 133
155 157 152
155 158 157
159 160 155
161 162 40
163 164 47
112 165 166
98 167 168
169 170 171
126 169 172
173 169 126
123 173 126
173 174 169
174 175 169
174 176 175
123 177 173
177 174 173
123 178 177
136 178 123
177 179 174
179 180 174
179 181 180
178 182 177
182 179 177
136 183 178
178 183 182
182 184 179
184 185 179
184 186 185
187 184 182
183 187 182
187 188 184
188 189 184
188 190 189
183 191 187
187 192 188
191 192 187
188 192 193
194 192 191
195 191 183
136 195 183
194 191 196
195 196 191
196 197 194
196 198 197
198 199 197
195 200 196
200 198 196
136 201 195
195 201 200
202 201 136
202 136 143
144 202 143
201 203 200
202 203 201
200 204 198
200 203 204
204 205 198
198 205 206
204 207 205
203 207 204
207 208 205
207 209 208
202 210 203
202 144 210
203 211 207
210 211 203
211 212 207
211 213 212
210 214 211
144 214 210
214 215 211
214 216 215
144 217 214
144 218 217
217 219 214
217 220 219
221 220 217
222 223 224
225 223 226
227 226 228
227 228 229
228 230 229
229 231 232
233 229 232
233 234 229
229 234 235
233 236 234
237 236 233
237 238 236
239 238 237
239 240 238
239 241 240
237 233 242
233 232 242
239 237 243
237 242 243
239 244 241
241 244 245
244 246 245
244 247 246
244 239 247
248 247 239
239 243 249
249 248 239
243 242 250
242 232 251
242 251 250
249 243 252
243 250 252
253 251 232
253 232 254
249 255 248
249 252 256
256 255 249
257 248 255
258 248 257
259 258 257
259 260 258
261 260 259
261 259 262
263 261 262
264 259 257
262 259 264
257 255 265
264 257 265
266 265 255
264 265 266
256 267 255
266 255 267
263 262 268
262 264 269
268 262 269
269 264 270
264 266 270
263 268 271
271 272 263
271 273 272
271 274 273
268 274 271
273 274 275
275 274 276
277 268 269
269 270 277
274 268 278
276 274 278
278 268 277
279 275 276
280 275 279
276 278 281
278 277 281
280 279 282
280 282 283
282 284 283
285 282 279
284 282 285
279 276 286
279 286 285
284 285 287
284 287 288
288 287 289
288 289 290
291 290 289
291 289 292
291 292 293
287 294 289
292 289 294
285 295 287
287 295 294
296 285 286
296 295 285
276 297 286
296 286 297
295 298 294
295 296 298
276 299 297
276 281 299
297 299 300
300 299 281
296 297 301
297 300 301
301 300 302
300 281 303
302 300 303
303 281 277
296 301 304
298 296 304
303 277 305
305 277 270
302 303 306
306 303 305
305 270 307
307 270 266
301 302 308
304 301 308
306 305 309
309 305 307
307 266 310
310 266 267
309 307 311
311 307 310
310 267 312
256 312 267
311 310 313
313 310 312
306 309 314
309 311 315
309 315 314
311 313 316
311 316 315
313 312 317
316 313 317
256 318 312
317 312 318
306 314 319
302 306 319
256 320 318
256 252 320
252 321 320
252 250 321
250 322 321
250 251 322
323 322 251
317 318 324
318 320 325
318 325 324
320 321 326
320 326 325
321 322 327
321 327 326
322 328 327
329 317 324
316 317 329
324 325 330
325 326 331
325 331 330
332 330 331
332 331 333
324 330 334
329 324 334
326 335 331
326 327 335
336 331 335
337 335 327
338 334 330
338 330 332
334 339 329
334 338 339
332 340 338
338 340 339
332 341 340
332 342 341
332 343 342
339 340 344
345 329 339
339 344 345
345 316 329
345 344 346
346 316 345
346 344 347
346 315 316
346 347 348
348 315 346
348 314 315
348 347 349
350 314 348
348 349 350
350 319 314
350 349 351
351 319 350
352 351 349
351 353 319
302 319 353
302 353 354
354 353 351
302 354 308
352 355 351
354 351 355
308 354 356
356 354 355
352 357 355
356 355 357
352 358 357
308 356 359
304 308 359
360 356 357
359 356 360
361 304 359
298 304 361
358 362 357
360 357 362
359 360 363
361 359 363
364 298 361
294 298 364
365 360 362
363 360 365
358 366 362
365 362 366
367 361 363
364 361 367
358 368 366
358 369 368
294 364 370
292 294 370
292 370 371
371 370 364
292 371 293
363 365 372
367 363 372
373 365 366
373 366 368
374 364 367
371 364 374
375 372 365
375 365 373
376 367 372
374 367 376
376 372 375
371 374 377
376 377 374
293 371 378
371 377 378
293 378 379
293 379 380
375 381 376
376 381 377
373 382 375
375 382 381
380 379 383
380 383 384
383 385 384
386 385 383
379 386 383
379 387 386
379 388 387
379 389 388
389 390 388
373 391 382
368 391 373
368 392 391
369 392 368
369 393 392
369 394 393
395 391 392
382 391 395
395 392 393
394 396 393
394 397 396
393 396 398
382 395 399
381 382 399
400 395 393
399 395 400
381 399 401
377 381 401
400 393 402
393 403 402
404 400 402
404 402 405
399 400 406
401 399 406
377 401 407
378 377 407
406 400 408
406 408 409
410 408 400
401 406 411
407 401 411
411 406 409
378 407 412
379 378 412
379 412 389
413 409 408
413 414 409
407 411 415
412 407 415
389 412 416
412 415 416
415 411 417
411 409 417
418 417 409
418 409 419
415 417 420
416 415 420
417 421 420
389 416 422
389 422 390
422 423 390
422 416 424
416 420 424
420 425 424
422 426 423
422 424 426
426 427 423
428 426 424
428 424 429
430 431 417
424 432 433
434 435 420
436 420 437
438 426 439
426 440 441
442 440 426
442 443 440
444 445 251
446 251 447
448 449 322
450 451 335
452 335 453
335 454 455
456 457 331
458 332 459
332 460 461
462 463 464
229 465 466
467 468 469
470 471 408
472 408 473
474 475 476
476 477 478
479 480 481
402 482 483
232 484 485
486 232 487
488 327 489
490 327 491
409 492 493
494 495 496
188 497 498
499 205 500
501 6 502
503 504 505
506 507 508
508 509 510
510 511 508
511 512 508
511 513 512
510 514 511
515 514 510
515 516 514
517 511 514
517 514 518
517 518 519
520 517 519
520 521 517
517 522 511
521 522 517
522 523 511
522 524 523
521 525 522
526 522 525
526 527 522
528 525 521
529 528 521
529 521 530
528 531 525
532 525 531
532 533 525
531 528 534
535 534 528
535 528 536
531 534 537
537 538 531
539 537 534
539 534 540
539 541 537
541 542 537
541 543 542
541 544 543
539 545 541
545 546 541
539 547 545
548 547 539
549 545 547
549 550 545
549 547 551
551 547 552
553 549 551
554 549 553
553 551 555
555 551 556
555 557 553
558 553 557
555 559 557
559 555 560
559 560 561
562 557 559
563 557 562
562 559 564
564 559 565
564 565 566
564 567 562
567 568 562
564 569 567
569 564 570
569 570 571
572 569 571
572 573 569
574 567 569
574 569 573
575 567 574
576 574 573
577 576 573
577 573 578
576 579 574
580 574 579
580 581 574
581 582 567
583 580 579
583 579 584
585 583 584
585 584 586
587 579 576
587 584 579
588 586 584
588 584 587
589 587 576
589 576 590
591 587 589
591 588 587
588 592 586
593 586 592
593 592 594
588 595 592
596 595 588
596 597 595
595 598 592
592 598 599
592 599 600
595 601 598
602 601 595
602 603 601
601 603 604
601 604 605
601 606 598
601 605 606
598 606 607
598 607 608
606 605 609
605 610 609
605 611 610
606 609 612
606 612 613
606 613 614
609 615 612
612 615 616
612 616 617
609 618 615
619 618 609
619 620 618
618 621 615
615 621 622
615 622 623
618 624 621
625 624 618
626 627 624
628 629 630
631 632 633
634 632 635
635 636 637
635 638 636
638 639 640
638 641 639
641 642 643
641 644 642
644 645 646
644 647 645
647 648 649
650 632 651
650 651 652
653 650 654
653 654 655
656 653 657
658 659 553
660 661 549
662 663 664
545 665 663
545 663 666
667 663 668
667 668 669
670 671 672
672 673 674
672 675 673
675 676 673
675 677 676
678 676 677
678 679 676
673 676 680
673 680 681
676 679 682
676 682 680
680 682 683
680 683 684
685 680 684
685 684 686
687 682 679
688 683 682
688 682 687
687 679 689
690 689 679
690 679 691
692 687 689
693 692 689
693 689 694
693 695 692
692 696 687
696 688 687
697 696 692
697 692 698
696 699 688
697 699 696
683 688 700
700 688 699
697 701 699
700 699 702
702 699 701
703 700 702
703 702 704
704 702 705
702 701 705
704 705 706
683 700 707
708 707 700
708 700 709
710 683 707
683 710 684
711 710 707
711 707 712
713 710 711
713 714 710
684 710 714
715 684 714
684 715 686
716 715 714
716 714 717
686 715 718
719 718 715
720 686 718
721 686 720
721 720 722
722 720 723
722 723 724
725 720 718
723 720 725
726 725 718
727 723 725
728 723 727
728 729 723
727 725 730
731 730 725
732 727 730
733 727 732
733 734 727
732 730 735
736 735 730
736 730 737
738 732 735
739 732 738
739 740 732
738 735 741
742 741 735
742 735 743
744 738 741
745 738 744
745 746 738
744 741 747
748 747 741
748 741 749
750 744 747
751 744 750
751 752 744
750 747 753
754 753 747
754 747 755
756 750 753
757 756 753
757 753 758
756 759 750
760 750 759
760 761 750
762 759 756
763 762 756
763 756 764
762 765 759
766 765 762
767 759 765
767 765 768
769 762 770
771 772 765
773 774 775
776 777 778
779 780 778
779 781 780
781 782 783
781 783 784
785 786 783
785 787 786
787 788 786
787 789 788
789 790 788
789 791 790
791 792 790
531 793 794
555 795 796
551 797 798
799 800 801
802 800 803
802 804 800
804 805 800
800 805 806
800 806 807
808 806 805
808 805 809
810 808 809
810 809 811
809 805 812
804 812 805
809 812 813
814 809 813
814 813 815
813 812 816
816 812 804
813 816 817
818 813 817
818 817 819
816 804 820
821 820 804
821 804 822
817 816 823
824 816 820
824 823 816
825 824 820
825 820 826
817 823 827
828 817 827
828 827 829
830 823 824
831 830 824
831 824 832
827 823 833
830 833 823
827 833 834
835 827 834
835 834 836
836 834 697
836 697 837
834 701 697
834 833 701
705 701 833
705 833 830
838 705 830
838 830 839
840 534 841
510 842 843
844 718 845
846 725 847
848 715 849
850 851 852
853 854 855
854 856 857
856 854 858
858 854 859
858 859 860
856 858 861
861 862 856
861 863 862
858 864 861
864 865 861
864 866 865
864 867 866
864 868 867
858 869 864
869 868 864
870 869 858
870 871 869
869 872 868
873 872 869
873 869 874
872 875 868
868 875 876
868 876 877
872 878 875
879 878 872
879 872 880
881 875 878
882 875 881
882 883 875
881 878 884
884 878 885
884 886 881
886 887 881
884 888 886
889 888 884
889 890 888
888 890 891
886 888 892
892 888 893
886 892 894
895 886 894
896 894 892
896 892 897
896 898 894
898 899 894
900 898 896
901 900 896
900 902 898
902 903 898
902 900 904
905 904 900
902 904 906
906 907 902
906 908 907
909 906 904
910 909 904
909 911 906
911 912 906
911 913 912
911 909 914
914 909 915
911 914 916
916 917 911
916 918 917
916 919 918
916 920 919
921 916 914
921 920 916
922 921 914
921 923 920
920 923 924
920 924 925
921 926 923
927 926 921
927 921 928
928 914 929
930 926 927
930 931 926
932 931 930
932 933 931
926 934 923
926 931 934
931 933 935
931 935 934
923 934 936
923 936 937
934 938 936
934 935 938
935 933 939
940 939 933
940 941 939
935 939 942
942 943 935
942 944 943
942 939 945
939 946 945
939 947 946
942 945 948
949 942 948
949 948 950
951 950 948
951 948 952
948 945 953
948 953 952
945 954 953
945 955 954
956 952 953
957 952 956
957 958 952
956 953 959
953 960 959
953 961 960
956 959 962
959 963 962
959 964 963
956 962 965
966 956 965
966 965 967
965 962 968
962 969 968
962 970 969
965 968 971
972 965 971
973 971 974
975 976 977
978 979 980
981 982 980
982 983 984
982 984 985
985 986 987
985 987 988
988 989 990
988 990 991
991 992 993
991 993 994
994 995 996
997 998 980
997 999 998
1000 1001 997
1000 1002 1001
1003 1004 1000
1005 900 1006
1007 896 1008
1009 1010 1011
892 1011 1012
892 1013 1011
1014 1015 1011
1014 1016 1015
1017 1018 1019
1018 1020 1021
1018 1021 1022
1022 1021 1023
1022 1023 1024
1025 1024 1023
1025 1023 1026
1021 1027 1023
1021 1028 1027
1023 1029 1026
1023 1027 1029
1027 1030 1029
1027 1031 1030
1032 1031 1027
1032 1033 1031
1034 1026 1029
1035 1029 1030
1035 1034 1029
1034 1036 1026
1037 1026 1036
1037 1038 1026
1034 1039 1036
1040 1036 1039
1040 1041 1036
1040 1039 1042
1034 1043 1039
1035 1043 1034
1044 1039 1043
1044 1045 1039
1035 1046 1043
1046 1044 1043
1030 1047 1035
1046 1035 1047
1046 1048 1044
1046 1047 1049
1048 1046 1049
1050 1049 1047
1050 1051 1049
1051 1052 1049
1048 1049 1052
1051 1053 1052
1030 1054 1047
1055 1047 1054
1055 1056 1047
1057 1054 1030
1030 1031 1057
1058 1054 1057
1058 1059 1054
1060 1058 1057
1060 1057 1061
1031 1061 1057
1062 1061 1031
1031 1033 1062
1063 1061 1062
1063 1064 1061
1033 1065 1062
1066 1062 1065
1067 1065 1033
1068 1067 1033
1068 1069 1067
1069 1070 1067
1069 1071 1070
1072 1065 1067
1070 1072 1067
1073 1065 1072
1074 1072 1070
1070 1075 1074
1070 1076 1075
1074 1077 1072
1078 1072 1077
1079 1077 1074
1074 1080 1079
1074 1081 1080
1079 1082 1077
1083 1077 1082
1083 1084 1077
1085 1082 1079
1079 1086 1085
1079 1087 1086
1085 1088 1082
1089 1082 1088
1089 1090 1082
1091 1088 1085
1085 1092 1091
1085 1093 1092
1091 1094 1088
1095 1088 1094
1095 1096 1088
1097 1094 1091
1091 1098 1097
1091 1099 1098
1097 1100 1094
1101 1094 1100
1101 1102 1094
1097 1103 1100
1104 1100 1103
1104 1105 1100
1097 1106 1103
1097 1107 1106
1097 1108 1107
1106 1109 1103
1110 1103 1109
1110 1111 1103
1106 1112 1109
1113 1112 1106
1113 1114 1112
1115 1109 1112
1116 1117 1109
1118 1112 1119
1120 1121 1122
1123 1124 1125
1126 1124 1127
1126 1127 1128
1128 1129 1130
1128 1130 1131
1132 1130 1133
1132 1133 1134
1134 1133 1135
1134 1135 1136
1136 1135 1137
1136 1137 1138
1138 1137 1139
878 1140 1141
902 1142 1143
898 1144 1145
1146 1147 1148
1149 1150 1148
1149 1148 1151
1152 1151 1148
1153 1152 1148
1153 1148 1154
1152 1153 1155
1152 1155 1156
1156 1155 1157
1156 1157 1158
1159 1152 1156
1152 1159 1151
1159 1156 1160
1160 1156 1161
1160 1161 1162
1163 1159 1160
1163 1151 1159
1163 1160 1164
1164 1160 1165
1164 1165 1166
1163 1167 1151
1168 1151 1167
1168 1169 1151
1170 1163 1164
1163 1171 1167
1163 1170 1171
1172 1167 1171
1172 1173 1167
1170 1164 1174
1174 1164 1175
1174 1175 1176
1170 1177 1171
1178 1171 1177
1178 1179 1171
1180 1170 1174
1170 1180 1177
1180 1174 1181
1181 1174 1182
1181 1182 1183
1044 1181 1183
1044 1183 1184
1048 1181 1044
1048 1180 1181
1180 1048 1052
1180 1052 1177
1185 1177 1052
1185 1186 1177
1187 1188 881
856 1189 1190
1191 1192 1065
1193 1194 1072
1195 1196 1062
1197 1198 1199
1200 1198 1201
1200 1201 1202
1203 1204 1205
1206 1207 1208
1209 1206 1210
1209 1210 1211
1212 1213 1211
1212 1211 1214
1214 1211 1215
1211 1216 1215
1211 1217 1216
1214 1215 1218
1219 1214 1218
1220 1214 1219
1220 1221 1214
1215 1222 1218
1219 1218 1223
1223 1218 1222
1215 1224 1222
1225 1224 1215
1225 1226 1224
1224 1227 1222
1223 1222 1228
1228 1222 1227
1224 1229 1227
1230 1229 1224
1230 1231 1229
1229 1231 1232
1229 1232 1233
1229 1233 1227
1232 1234 1233
1232 1235 1234
1227 1233 1236
1228 1227 1237
1227 1236 1237
1233 1234 1238
1233 1238 1236
1223 1228 1239
1228 1237 1240
1228 1240 1239
1237 1236 1241
1237 1241 1240
1236 1238 1242
1236 1242 1241
1223 1239 1243
1219 1223 1243
1234 1244 1238
1238 1245 1242
1238 1244 1245
1234 1246 1244
1247 1246 1234
1247 1248 1246
1239 1240 1249
1240 1241 1250
1240 1250 1249
1241 1242 1251
1241 1251 1250
1250 1252 1249
1250 1253 1252
1251 1254 1250
1251 1255 1254
1242 1256 1251
1256 1257 1251
1256 1258 1257
1242 1245 1256
1239 1249 1259
1243 1239 1259
1243 1259 1260
1249 1261 1259
1249 1262 1261
1245 1263 1256
1263 1264 1256
1263 1265 1264
1245 1266 1263
1244 1266 1245
1266 1267 1263
1267 1268 1263
1267 1269 1268
1244 1270 1266
1246 1270 1244
1246 1271 1270
1272 1271 1246
1272 1273 1271
1266 1270 1274
1271 1274 1270
1266 1275 1267
1266 1274 1275
1275 1276 1267
1274 1277 1275
1271 1278 1274
1278 1279 1274
1280 1278 1271
1280 1281 1278
1282 1283 1267
1284 1285 1278
1286 1287 1288
1286 1289 1290
1286 1290 1291
1292 1289 1286
1292 1293 1289
1294 1293 1292
1294 1295 1293
1296 1286 1291
1296 1291 1297
1297 1291 1298
1297 1298 1299
1291 1300 1298
1291 1301 1300
1299 1298 1302
1299 1302 1303
1298 1304 1302
1298 1305 1304
1302 1304 1306
1302 1306 1307
1302 1307 1308
1302 1308 1309
1307 1310 1308
1307 1311 1310
1307 1312 1311
1307 1313 1312
1311 1314 1315
1311 1316 1314
1311 1317 1316
1311 1318 1317
1316 1319 1320
1316 1321 1319
1316 1322 1321
1316 1323 1322
1321 1324 1325
1321 1326 1324
1321 1327 1326
1321 1328 1327
1326 1327 1329
1326 1330 1331
1332 1333 1334
1335 1336 1334
1335 1337 1336
1335 1338 1337
1339 1340 1341
1340 1342 1343
1344 1345 1340
1340 1346 1347
1340 1348 1346
1349 1348 1340
1349 1350 1348
1351 1346 1348
1352 1348 1350
1351 1348 1352
1353 1351 1352
1353 1352 1354
1352 1350 1355
1356 1352 1355
1356 1355 1357
1358 1346 1351
1359 1358 1351
1359 1351 1360
1358 1361 1346
1362 1346 1361
1362 1361 1363
1355 1350 1364
1365 1364 1350
1365 1350 1366
1367 1364 1365
1367 1368 1364
1355 1364 1369
1369 1364 1368
1370 1355 1369
1370 1369 1371
1371 1369 1372
1369 1368 1372
1371 1372 1373
1372 1368 1374
1375 1374 1368
1375 1368 1376
1372 1374 1377
1378 1372 1377
1378 1377 1379
1377 1374 1380
1381 1380 1374
1381 1374 1382
1377 1380 1383
1384 1377 1383
1384 1383 1385
1383 1380 1386
1387 1386 1380
1387 1380 1388
1383 1386 1389
1390 1383 1389
1389 1386 1391
1392 1391 1386
1392 1386 1393
1389 1391 1394
1395 1389 1394
1395 1394 1396
1394 1391 1397
1398 1397 1391
1398 1391 1399
1394 1397 1400
1401 1394 1400
1401 1400 1402
1400 1397 1403
1404 1403 1397
1404 1397 1405
1400 1403 1406
1407 1400 1406
1407 1406 1408
1406 1403 1409
1410 1409 1403
1411 1409 1410
1406 1409 1412
1413 1406 1412
1414 1403 1415
1416 1406 1417
1418 1419 1420
1421 1422 1420
1421 1420 1423
1424 1425 1421
1424 1421 1426
1427 1421 1428
1427 1428 1429
1430 1421 1427
1430 1427 1431
1432 1431 1427
1432 1427 1433
1433 1427 1434
1433 1434 1435
1436 1437 1433
1436 1433 1438
1439 1433 1440
1439 1440 1441
1442 1443 1444
1445 1446 1444
1447 1448 1444
1447 1444 1449
1444 1450 1449
1444 1451 1450
1452 1453 1449
1452 1449 1454
1449 1455 1454
1449 1456 1455
1457 1458 1454
1457 1454 1459
1454 1460 1459
1454 1461 1460
1462 1463 1459
1462 1459 1464
1459 1465 1464
1459 1466 1465
1467 1468 1464
1467 1464 1469
1464 1470 1469
1464 1471 1470
1472 1473 1469
1472 1469 1474
1469 1475 1474
1469 1476 1475
1477 1478 1474
1477 1474 1479
1474 1480 1479
1474 1481 1480
1479 1482 1483
1479 1483 1484
1484 1485 1479
1484 1486 1485
1487 1488 1484
1487 1484 1489
1484 1490 1489
1484 1491 1490
1492 1493 1489
1492 1489 1494
1489 1495 1494
1489 1496 1495
1494 1497 1498
1494 1498 1499
1500 1494 1499
1500 1499 1501
1499 1502 1503
1499 1503 1504
1505 1499 1504
1505 1504 1506
1504 1507 1508
1509 1504 1508
1509 1508 1510
1508 1511 1512
1508 1512 1513
1514 1508 1513
1514 1513 1515
1516 1517 1518
1519 1520 1518
1519 1518 1521
1522 1523 1524
1525 1526 1527
1528 1529 1527
1528 1527 1530
1530 1527 1531
1527 1532 1531
1530 1531 1533
1533 1531 1534
1533 1534 1535
1536 1530 1533
1537 1530 1536
1537 1538 1530
1536 1533 1539
1539 1533 1540
1539 1540 1541
1542 1536 1539
1543 1536 1542
1543 1544 1536
1545 1543 1542
1545 1542 1546
1542 1539 1547
1546 1542 1547
1547 1539 1548
1547 1548 1549
1546 1547 1550
1550 1547 1551
1550 1551 1552
1553 1546 1550
1554 1546 1553
1554 1555 1546
1553 1550 1556
1556 1550 1557
1556 1557 1558
1559 1556 1558
1559 1558 1560
1561 1553 1556
1561 1556 1559
1562 1553 1561
1562 1563 1553
1564 1561 1559
1565 1561 1564
1565 1566 1561
1564 1559 1567
1567 1559 1568
1567 1568 1569
1570 1564 1567
1570 1567 1571
1570 1571 1572
1570 1573 1564
1573 1574 1564
1573 1575 1574
1576 1573 1570
1577 1576 1570
1577 1570 1578
1576 1579 1573
1579 1580 1573
1579 1581 1580
1582 1579 1576
1583 1582 1576
1583 1576 1584
1582 1585 1579
1585 1586 1579
1587 1585 1582
1588 1587 1582
1588 1582 1589
1587 1590 1585
1590 1591 1585
1590 1592 1591
1531 1593 1594
1595 1596 1597
1598 1596 1599
1599 1600 1598
1599 1601 1600
1601 1602 1600
1601 1603 1602
1603 1604 1602
1605 1606 1607
1607 1608 1609
1607 1609 1610
1611 1610 1612
1611 1612 1613
1611 1613 1614
1611 1614 1615
1615 1614 1616
1617 1618 1619
1620 1621 1389
1622 1623 1624
1625 1626 1623
1623 1626 1627
1628 1627 1626
1628 1626 1629
1623 1627 1630
1631 1623 1630
1631 1630 1632
1630 1627 1633
1634 1633 1627
1634 1627 1635
1630 1633 1636
1637 1630 1636
1637 1636 1638
1636 1633 1361
1639 1361 1633
1639 1633 1640
1636 1361 1358
1641 1636 1358
1641 1358 1642
1643 1644 1645
1646 1647 1648
1649 1647 1650
1649 1650 1651
1651 1650 1652
1651 1652 1653
1653 1652 1654
1653 1654 1655
1655 1654 1656
1655 1656 1657
1657 1658 1659
1657 1659 1660
1660 1659 1661
1660 1661 1662
1662 1661 1663
1662 1663 1664
1664 1663 1665
1664 1665 1666
1667 1665 1668
1667 1668 1669
1669 1668 1670
1669 1670 1671
1672 1670 1673
1672 1673 1674
1674 1673 1675
1676 1677 1678
1679 1680 1626
1681 1682 1683
1684 1685 1686
1685 1684 1687
1688 1689 1690
1688 1691 1689
1692 1691 1688
1692 1693 1691
1694 1693 1692
1694 1695 1693
1696 1695 1694
1696 1697 1695
1698 1697 1696
1698 1699 1697
1698 1700 1699
1701 1700 1698
1701 1702 1700
1703 1702 1701
1703 1704 1702
1703 1705 1704
1706 1705 1703
1706 1707 1705
1708 1707 1706
1708 1709 1707
1710 1709 1708
1710 1711 1709
1712 1711 1710
1712 1713 1711
1714 1713 1712
1714 1715 1713
1716 1717 1718
1716 1719 1717
1720 1719 1716
1720 1721 1719
1722 1721 1723
1722 1724 1721
1725 1724 1726
1725 1727 1724
1728 1727 1729
1728 1730 1727
1731 1730 1732
1731 1733 1730
1734 1733 1735
1734 1736 1733
1737 1736 1734
1737 1738 1736
1739 1738 1737
1740 1741 1742
1740 1743 1741
1744 1743 1740
1744 1745 1743
1746 1745 1744
1746 1717 1745
1747 1741 1748
1747 1748 1749
1750 1748 1751
1750 1751 1752
1753 1754 1751
1753 1755 1754
1756 1753 1757
1756 1757 1758
1758 1757 1759
1758 1759 1760
1760 1759 1761
1762 1763 1764
1762 1764 1765
1766 1767 1768
1767 1769 1768
1767 1770 1769
1771 1772 1773
1771 1773 1774
1775 1776 1777
1775 1777 1778
1779 1780 1781
1779 1781 1782
1783 1784 1785
1783 1785 1786
1787 1783 1786
1787 1786 672
1788 1789 1785
1788 1790 1789
1791 1792 1789
1791 1793 1792
1793 1794 1792
1793 1795 1794
1795 1796 1794
1797 1798 1799
1797 1799 1800
1801 1802 1803
1801 1803 1804
1805 1806 1807
1805 1807 1808
1809 1810 1811
1809 1811 1812
1813 1814 1815
1815 1814 1816
1815 1816 1817
1818 1819 1820
1818 1820 1821
1822 1823 1824
1822 1824 1825
1826 1827 1828
1826 1828 1829
1830 1831 1832
1830 1833 1831
1834 1833 1830
1834 1018 1833
1835 1831 1836
1835 1836 1837
1838 1836 1839
1838 1839 1840
1840 1839 1841
1840 1841 1842
1842 1841 1843
1844 1845 1846
1844 1846 1847
1848 1849 1850
1848 1850 1851
1852 1853 1854
1852 1854 1855
1856 1857 1858
1856 1858 1859
1860 1856 1859
1860 1859 1861
1860 1861 1862
1860 1862 1863
1856 1860 1864
1860 1865 1864
1860 1866 1865
1861 1859 1867
1859 1868 1867
1859 1869 1868
1856 1864 1870
1856 1870 1871
1856 1871 1872
1861 1867 1873
1861 1873 1874
1861 1874 1875
1867 1876 1873
1867 1877 1876
1867 1878 1877
1873 1876 1879
1873 1879 1880
1870 1864 1881
1864 1882 1881
1864 1883 1882
1870 1881 1884
1870 1884 1885
1870 1885 1886
1884 1881 1887
1881 1888 1887
1881 1889 1888
1884 1887 1890
1884 1890 1891
1884 1891 1892
1890 1887 1893
1887 1894 1893
1887 1895 1894
1890 1893 1896
1890 1896 1897
1890 1897 1898
1896 1893 1220
1893 1899 1220
1893 1900 1899
1896 1220 1901
1901 1220 1219
1896 1901 1902
1896 1902 1903
1901 1219 1904
1219 1243 1904
1904 1243 1905
1904 1905 1906
1901 1904 1907
1901 1907 1908
1909 1910 1911
1910 1912 1911
1910 1913 1912
1913 1914 1912
1913 1915 1914
1915 1916 1914
1915 1917 1916
1918 1919 1920
1918 1920 1921
1922 1923 1920
1922 1924 1923
1925 1926 1927
1925 1927 1928
1929 1930 1931
1929 1931 1932
1933 1934 1935
1933 1935 1936
1937 1938 1939
1940 1937 1939
1940 1941 1937
1942 1943 1944
1942 1944 1945
1946 1942 1945
1946 1945 1947
1948 1946 1947
1949 1950 1951
1949 1952 1950
1952 1953 1950
1952 1954 1953
1954 1955 1953
1259 1956 1957
1259 1957 1958
1959 1960 1961
1959 1961 1962
1963 1961 1964
1963 1964 1965
1966 1967 1968
1966 1968 1969
1970 1971 1972
1973 1971 1970
1972 1971 1974
1975 1971 1973
1974 1971 1976
1977 1971 1975
1976 1971 1978
1979 1971 1977
1978 1971 1980
1981 1971 1979
1980 1971 1982
1982 1971 1981
