byte offset: 0
first index: 0
index count: 15531
topology: trianglelist
format: DXGI_FORMAT_R16_UINT

0 1 2
1 3 4
5 1 6
7 1 5
5 8 9
1 10 11
12 10 1
13 14 10
10 15 16
10 17 15
18 17 10
18 19 17
20 17 21
20 22 17
17 22 23
17 23 24
25 26 22
25 22 27
27 22 28
27 28 29
30 27 31
30 31 32
31 27 33
31 33 34
35 36 37
38 39 36
38 40 39
41 42 39
41 43 42
44 45 42
44 46 45
47 48 45
47 49 48
50 51 48
50 52 51
53 54 55
55 56 57
58 55 59
55 60 59
61 59 62
63 59 64
59 65 66
59 66 67
68 59 67
55 69 70
70 71 55
70 72 73
74 75 67
74 67 76
67 77 76
67 78 77
79 76 80
79 81 76
81 82 76
81 83 82
84 70 85
85 70 86
70 87 86
85 86 88
85 88 89
89 88 90
86 91 88
86 92 91
90 88 93
88 94 93
95 90 93
95 96 90
97 95 93
97 98 95
86 99 100
88 101 102
103 104 105
106 105 107
106 107 108
109 107 110
109 110 111
112 110 113
112 113 114
115 113 116
115 116 117
118 116 119
118 119 120
121 122 123
124 125 123
125 126 123
124 127 125
128 127 124
124 123 129
129 123 130
131 128 124
132 128 131
131 133 132
134 132 133
135 131 124
131 135 133
134 133 136
137 134 136
124 129 138
135 124 138
138 129 139
139 135 138
133 135 140
133 140 136
137 136 141
142 137 141
136 143 141
136 140 143
142 141 144
144 141 143
139 145 135
135 145 140
146 142 144
146 147 142
146 148 147
143 149 144
140 150 143
143 150 149
151 146 144
151 144 149
146 152 148
151 152 146
145 153 140
140 153 150
154 153 145
153 155 150
153 154 155
149 150 156
156 150 155
157 148 152
157 158 148
159 158 157
159 160 158
161 157 152
161 159 157
154 145 162
162 145 139
156 163 149
149 163 151
164 152 151
161 152 164
151 165 164
151 163 165
164 166 161
164 165 166
167 159 161
161 166 167
156 168 163
163 169 165
163 168 169
165 170 166
165 169 170
167 166 171
170 171 166
172 168 156
155 172 156
173 172 155
154 173 155
174 172 173
174 173 154
175 169 168
176 170 169
176 169 175
177 168 172
175 168 177
178 171 170
178 170 176
174 179 172
179 177 172
174 154 180
181 179 174
180 181 174
154 182 180
154 162 182
183 182 162
139 183 162
139 184 183
183 185 182
185 183 184
182 185 186
185 184 187
185 187 188
186 185 189
186 189 190
139 191 184
184 191 192
139 129 191
191 129 193
182 186 194
180 182 194
180 194 195
195 181 180
196 194 186
197 195 194
197 194 196
198 197 196
195 197 199
200 181 195
200 195 199
201 181 200
201 200 199
202 197 198
197 202 199
201 203 181
181 203 179
204 179 203
205 203 201
205 204 203
204 206 179
206 177 179
207 177 206
207 175 177
208 206 204
208 207 206
209 175 207
209 176 175
210 204 205
210 208 204
211 207 208
211 209 207
212 176 209
212 178 176
213 212 209
213 209 211
214 211 208
214 208 210
178 212 215
212 213 215
215 213 216
211 217 213
211 214 217
213 217 218
219 217 214
220 217 219
220 219 221
222 214 210
219 214 222
222 210 223
223 210 205
224 219 222
224 222 223
223 205 225
225 205 201
221 219 226
226 219 224
224 223 227
227 223 225
225 201 228
201 199 228
229 225 228
227 225 229
199 230 228
229 228 230
199 202 230
231 224 227
231 226 224
232 227 229
231 227 232
233 229 230
232 229 233
202 234 230
233 230 234
233 235 232
232 235 231
202 236 234
202 198 236
234 237 233
233 237 235
236 238 234
238 237 234
198 239 236
236 239 238
240 235 237
240 237 238
231 235 241
242 235 240
242 241 235
241 243 231
243 226 231
238 239 244
245 239 198
245 244 239
240 238 246
246 238 244
247 246 244
248 244 245
248 247 244
198 249 245
249 248 245
198 250 249
250 251 249
198 196 250
252 248 249
251 252 249
250 196 253
251 250 253
253 196 254
196 186 254
255 254 186
255 186 256
253 254 257
251 253 257
254 258 257
254 259 258
260 248 252
260 247 248
251 257 261
257 262 261
263 251 261
261 264 263
251 265 252
265 251 263
252 265 266
266 265 263
267 260 252
252 266 267
267 268 260
269 268 267
267 266 269
268 270 260
260 270 247
269 266 271
270 272 247
273 271 266
272 274 247
273 266 275
266 263 275
275 276 273
263 277 275
247 274 278
247 278 246
274 279 278
278 280 246
278 279 280
246 280 240
281 280 279
240 280 281
281 279 282
240 281 242
283 281 282
283 282 284
285 283 284
286 242 281
286 281 283
242 286 241
283 287 286
288 287 283
241 286 289
286 287 289
289 243 241
290 243 289
290 226 243
287 291 289
290 289 291
290 292 226
221 226 292
293 292 290
221 292 293
287 294 291
294 287 295
290 291 296
293 290 296
291 294 297
296 291 297
297 294 298
294 299 298
300 296 297
301 293 296
300 301 296
302 297 298
302 300 297
303 302 298
303 298 304
305 300 302
306 305 302
306 302 307
308 301 300
305 308 300
301 309 293
308 310 301
310 309 301
309 311 293
221 293 311
312 221 311
312 313 221
309 314 311
314 315 311
314 316 315
317 314 309
310 317 309
317 318 314
318 319 314
318 320 319
321 310 308
322 317 310
321 322 310
323 318 317
322 323 317
324 321 308
324 308 305
325 324 305
325 305 326
323 327 318
327 328 318
327 329 328
330 322 321
330 321 324
323 331 327
332 323 322
323 332 331
330 333 322
332 322 333
334 327 331
334 335 327
334 331 336
334 336 337
338 336 331
338 331 332
332 339 338
332 333 339
340 339 333
340 333 330
330 341 340
330 342 341
343 341 342
343 342 344
330 324 342
345 342 324
345 324 346
347 348 349
350 351 348
351 350 352
353 348 351
353 351 352
354 348 353
350 348 355
356 355 348
352 357 353
358 353 357
359 353 358
359 358 360
361 350 355
361 355 362
352 363 357
350 364 352
364 363 352
365 364 350
361 366 350
365 350 366
364 367 363
365 367 364
366 361 368
369 368 361
366 368 370
370 371 366
366 371 365
371 372 365
365 372 367
372 373 367
373 363 367
372 374 373
373 374 375
373 375 376
376 375 377
373 378 363
376 378 373
376 377 379
377 380 379
376 379 381
376 381 378
379 380 382
379 382 381
382 380 383
382 383 384
363 378 385
363 385 357
378 381 386
381 382 386
378 386 385
385 387 357
358 357 387
385 388 387
388 385 386
389 386 382
389 382 390
389 390 391
358 387 392
388 392 387
393 386 389
388 386 393
393 389 394
394 389 391
388 393 395
393 394 395
358 392 396
397 358 396
397 396 398
388 395 399
388 399 392
392 399 400
395 400 399
396 392 401
392 400 401
395 394 402
395 403 400
395 402 403
404 400 403
400 405 401
400 404 405
404 403 406
402 406 403
407 405 404
407 404 406
396 401 408
409 396 408
409 410 396
411 408 401
411 401 405
411 412 408
411 413 412
414 411 405
415 411 414
415 416 411
407 417 405
414 405 417
418 417 407
414 417 419
418 419 417
407 420 418
407 421 420
407 406 421
414 419 422
423 414 422
423 424 414
425 419 418
426 418 420
425 418 426
427 422 419
427 419 425
421 406 428
428 406 429
402 429 406
430 429 402
430 431 429
431 428 429
421 428 432
431 433 428
432 428 433
434 433 431
434 431 435
434 435 436
421 432 437
421 437 420
432 433 438
437 432 438
434 439 433
439 438 433
420 437 440
437 438 441
440 437 441
420 440 442
426 420 442
439 443 438
434 444 439
443 439 444
445 438 443
445 441 438
443 444 446
446 445 443
447 426 442
442 440 448
447 442 448
447 449 426
449 425 426
440 441 450
451 441 445
451 450 441
448 440 452
452 440 450
452 450 453
454 450 451
454 455 450
456 447 448
452 456 448
452 457 456
458 457 452
456 459 447
459 449 447
459 460 449
460 461 449
462 461 460
449 461 425
463 461 462
463 462 464
465 425 461
463 465 461
463 466 465
465 427 425
466 427 465
464 467 463
463 467 466
464 468 467
468 469 467
466 467 469
468 470 469
469 470 471
472 427 466
422 427 472
422 472 473
466 473 472
474 422 473
466 469 475
466 475 473
469 476 475
477 473 475
478 470 479
480 481 473
482 483 475
484 355 485
361 486 487
129 488 489
490 275 491
263 492 493
494 495 496
497 496 498
498 496 499
498 499 500
498 500 501
498 501 502
503 498 502
503 504 498
504 503 505
504 505 506
506 505 507
498 504 508
508 504 509
508 509 510
510 509 511
510 511 512
508 510 513
508 513 514
514 513 515
514 515 516
514 516 517
514 517 518
514 518 519
519 518 520
519 520 521
519 521 522
519 522 523
519 523 524
519 524 525
514 526 508
526 498 508
514 527 526
526 528 498
498 528 529
498 529 530
531 527 514
531 514 519
525 531 519
525 532 531
533 532 525
533 534 532
535 534 533
535 536 534
525 537 533
525 538 537
525 539 538
525 524 539
539 540 538
541 539 524
539 542 540
541 542 539
533 537 543
543 537 544
543 544 545
533 543 546
533 546 547
533 547 548
549 547 546
547 549 550
547 550 551
547 551 552
548 552 553
554 547 552
555 556 557
555 558 559
555 559 560
559 561 560
561 559 562
559 563 562
563 559 564
564 559 565
564 565 566
566 565 567
565 568 567
565 569 568
565 570 569
565 571 570
571 572 570
571 573 572
571 574 573
574 571 575
565 576 571
571 576 575
577 565 559
577 559 578
578 559 579
578 579 580
581 565 577
581 576 565
582 576 581
582 575 576
582 581 583
584 582 583
584 585 582
586 585 584
586 584 587
588 575 582
589 575 588
589 590 575
590 589 591
590 591 592
582 593 588
582 594 593
582 595 594
595 582 596
596 582 585
596 585 597
597 585 598
585 599 598
599 585 600
600 585 601
601 585 602
601 603 604
604 605 606
607 608 609
610 611 609
610 612 611
613 614 615
616 613 617
616 618 613
618 619 613
619 620 613
619 391 620
621 391 619
618 622 619
622 621 619
621 623 391
394 391 623
624 394 623
402 394 624
625 402 624
626 623 621
626 624 623
627 624 626
627 628 624
629 626 621
622 629 621
629 630 626
630 631 626
630 632 631
633 629 622
634 630 629
633 634 629
635 633 622
635 622 618
636 635 618
636 618 637
634 638 630
638 639 630
638 640 639
641 634 633
642 638 634
641 642 634
635 643 633
633 643 641
642 644 638
644 645 638
644 646 645
647 646 644
647 644 648
648 644 642
649 642 641
648 642 649
650 643 635
651 650 635
651 635 652
653 641 643
653 643 650
649 641 654
653 654 641
653 650 655
655 650 656
655 656 657
654 653 658
658 653 655
654 658 659
649 654 659
658 655 660
655 661 660
655 662 661
649 659 663
648 649 663
648 663 664
665 648 664
665 664 666
667 668 669
670 667 671
670 672 667
672 673 667
673 674 667
673 215 674
675 215 673
672 676 673
676 675 673
675 677 215
178 215 677
171 178 677
171 677 678
167 171 678
679 677 675
679 678 677
167 678 680
680 678 679
159 167 680
676 681 675
681 679 675
682 676 672
683 682 672
683 672 684
685 681 676
682 685 676
686 159 680
687 159 686
687 688 159
680 679 689
686 680 689
681 690 679
690 689 679
691 686 689
690 691 689
692 690 681
685 692 681
691 693 686
693 694 686
693 695 694
696 691 690
692 696 690
697 693 691
696 697 691
697 698 693
698 699 693
698 700 699
701 692 685
702 696 692
701 702 692
703 697 696
702 703 696
704 698 697
703 704 697
705 701 685
705 685 682
704 706 698
706 707 698
706 708 707
709 705 682
709 682 710
711 705 709
711 709 712
713 701 705
713 705 711
714 701 713
714 702 701
715 702 714
715 703 702
716 703 715
716 704 703
717 704 716
717 706 704
718 706 717
718 719 706
713 711 720
711 721 720
711 722 721
713 720 723
714 713 723
714 723 724
715 714 724
715 724 725
716 715 725
716 725 726
717 716 726
717 726 727
728 717 727
728 727 729
730 731 732
733 730 734
735 730 736
735 737 730
737 738 730
737 739 738
740 730 741
741 742 740
743 737 744
743 745 737
745 746 737
745 747 746
748 749 745
748 745 750
750 745 751
750 751 752
750 753 754
750 754 755
756 750 755
756 755 757
758 759 760
761 759 762
761 763 759
763 764 759
759 764 765
766 759 765
765 767 766
763 768 764
769 768 763
769 770 768
771 769 763
771 763 772
773 770 769
773 774 770
775 773 769
775 769 776
777 774 773
777 778 774
779 777 773
779 773 780
781 782 783
784 782 785
784 786 782
786 787 782
782 787 788
789 782 788
788 790 789
786 791 787
792 791 786
792 793 791
794 793 792
795 792 786
795 786 796
794 792 797
797 792 798
797 798 799
794 797 800
794 800 801
797 802 800
797 803 802
298 804 805
806 807 808
809 806 810
809 811 806
812 811 809
812 813 811
811 814 806
811 815 814
813 816 811
813 817 816
818 806 819
818 819 820
821 813 822
821 823 813
823 824 813
823 825 824
261 826 827
828 191 829
830 831 832
830 833 834
830 834 835
836 837 834
836 834 838
839 840 830
841 840 839
841 842 840
843 844 845
846 847 844
848 849 847
850 851 849
852 851 850
851 853 849
853 851 854
851 855 854
852 856 851
855 851 857
856 858 851
857 851 858
857 858 859
859 858 860
858 861 860
862 861 858
856 863 858
864 858 863
864 863 865
862 858 866
866 858 864
864 867 866
867 864 868
864 869 868
864 870 869
865 871 864
864 871 870
870 871 872
872 871 873
871 874 873
874 871 875
865 876 871
875 871 877
878 871 876
877 871 878
877 878 879
879 878 880
878 881 880
881 878 882
878 876 883
882 878 884
885 878 883
885 883 886
884 878 887
884 887 888
888 889 890
890 891 892
893 894 895
896 897 893
898 899 896
898 900 899
899 900 901
902 899 901
896 899 903
904 899 902
904 905 899
906 899 905
906 907 899
907 903 899
907 908 903
909 910 904
909 911 910
912 913 914
915 913 916
915 917 918
915 918 919
918 920 919
921 920 918
921 918 922
922 918 923
922 923 924
925 923 918
925 918 926
926 918 927
926 927 928
929 930 931
932 930 933
934 930 932
934 932 935
932 936 935
936 932 937
932 938 937
939 938 932
939 940 938
939 941 940
939 932 942
939 942 943
944 942 932
944 932 945
945 932 946
945 946 947
943 948 949
950 951 952
5 951 953
5 954 951
955 954 5
954 956 951
951 956 957
951 957 958
956 959 957
957 959 960
961 960 959
957 960 962
963 960 961
963 961 964
961 959 965
966 961 965
966 967 961
961 967 968
961 968 969
966 970 967
966 971 970
970 972 967
970 973 972
974 957 975
957 976 977
978 979 980
981 978 982
983 984 978
985 984 986
985 987 988
989 985 990
989 988 991
989 991 992
989 992 993
994 993 992
994 995 993
994 996 995
994 997 996
998 996 997
998 997 999
999 1000 998
999 1001 1000
1002 1000 1001
1003 994 992
1004 997 994
1003 1004 994
1003 1005 1004
1004 1006 997
1006 999 997
1006 1004 1005
1003 992 1007
992 1008 1007
1003 1007 1009
1010 1003 1009
1003 1010 1005
1010 1009 1011
1011 1012 1010
1013 1001 999
1006 1013 999
1005 1010 1014
1005 1014 1015
1010 1016 1014
1010 1017 1016
1005 1015 1018
1005 1018 1019
1006 1005 1019
1020 1019 1018
1021 1006 1019
1020 1021 1019
1021 1013 1006
1021 1020 1022
1021 1022 1013
1020 1023 1022
1013 1022 1024
1013 1024 1001
1023 1025 1022
1024 1022 1025
1023 1026 1025
1027 1001 1024
1024 1025 1027
1026 1028 1025
1026 1029 1028
1030 1028 1029
1030 1029 1031
1032 1030 1031
1033 1025 1028
1033 1027 1025
1033 1028 1030
1027 1034 1001
1002 1001 1034
1027 1033 1035
1027 1035 1034
1036 1002 1034
1036 1034 1035
1002 1036 1037
1032 1038 1030
1038 1032 1039
1033 1030 1040
1040 1035 1033
1038 1039 1041
1042 1041 1039
1043 1041 1042
1030 1038 1044
1044 1038 1041
1030 1044 1040
1043 1045 1041
1044 1041 1045
1045 1043 1046
1045 1046 1047
1048 1047 1046
1045 1049 1044
1047 1049 1045
1040 1044 1050
1049 1050 1044
1040 1051 1035
1040 1050 1051
1050 1049 1052
1052 1049 1047
1048 1053 1047
1053 1048 1054
1055 1035 1051
1055 1036 1035
1056 1051 1050
1056 1055 1051
1050 1052 1056
1057 1036 1055
1056 1057 1055
1058 1052 1047
1058 1047 1053
1059 1058 1053
1053 1054 1060
1059 1053 1060
1061 1060 1054
1061 1062 1060
1059 1060 1062
1063 1062 1061
1063 1064 1062
1064 1065 1062
1059 1062 1065
1059 1065 1066
1064 1067 1065
1067 1066 1065
1067 1068 1066
1069 1052 1058
1059 1069 1058
1070 1066 1068
1070 1068 1071
1072 1070 1071
1072 1071 1073
1072 1073 1074
1075 1052 1069
1056 1052 1075
1075 1076 1056
1056 1076 1057
1059 1066 1077
1059 1077 1069
1070 1078 1066
1072 1078 1070
1075 1069 1079
1075 1079 1076
1077 1066 1080
1078 1080 1066
1077 1081 1069
1081 1079 1069
1080 1081 1077
1072 1074 1082
1082 1074 1083
1082 1083 1084
1085 1084 1083
1082 1086 1072
1086 1082 1084
1087 1078 1072
1072 1086 1087
1080 1078 1088
1088 1078 1087
1087 1086 1089
1089 1088 1087
1086 1084 1090
1090 1089 1086
1090 1091 1089
1091 1090 1092
1090 1084 1093
1085 1093 1084
1090 1093 1092
1080 1088 1094
1081 1080 1094
1089 1095 1088
1094 1088 1095
1096 1093 1085
1096 1085 1097
1098 1092 1093
1098 1093 1096
1089 1099 1095
1089 1091 1099
1100 1096 1097
1100 1097 1101
1102 1100 1101
1103 1096 1100
1103 1098 1096
1102 1104 1100
1104 1103 1100
1105 1104 1102
1106 1092 1098
1091 1092 1106
1106 1098 1107
1107 1098 1103
1108 1095 1099
1108 1099 1109
1094 1095 1108
1110 1099 1091
1110 1109 1099
1111 1106 1107
1111 1091 1106
1111 1107 1112
1111 1113 1091
1112 1107 1114
1107 1103 1114
1112 1114 1115
1113 1116 1091
1110 1091 1116
1113 1117 1116
1116 1117 1118
1114 1103 1119
1104 1119 1103
1115 1114 1120
1114 1119 1120
1115 1120 1121
1116 1118 1122
1110 1116 1122
1123 1119 1104
1105 1123 1104
1120 1119 1124
1123 1124 1119
1121 1120 1125
1120 1124 1125
1121 1125 1126
1127 1123 1105
1124 1123 1127
1127 1105 1128
1127 1128 1129
1126 1125 1130
1126 1130 1131
1130 1132 1131
1125 1124 1133
1124 1127 1133
1125 1133 1130
1127 1129 1134
1133 1127 1134
1135 1134 1129
1135 1136 1134
1130 1137 1132
1137 1138 1132
1139 1130 1133
1133 1134 1139
1139 1137 1130
1139 1134 1140
1141 1140 1134
1139 1140 1142
1143 1139 1142
1137 1139 1143
1143 1144 1137
1137 1144 1138
1145 1138 1144
1146 1147 1135
1148 1149 1145
1149 1138 1150
1151 1149 1152
1153 1154 1151
1153 1155 1154
1156 1135 1157
1157 1158 1156
1159 1160 1157
1159 1161 1162
1159 1162 1163
1164 1165 1166
1164 1167 1168
1164 1169 1170
1171 1172 1169
1173 1174 1171
1016 1173 1171
1175 1173 1016
1176 1177 1178
1179 1180 1181
1182 1183 1179
1184 1185 1186
1187 1188 1189
1190 1189 1191
1192 1189 1190
1189 1193 1194
1195 1190 1196
1197 1190 1195
1197 1198 1190
1199 1190 1198
1199 1200 1190
1190 1200 1201
1202 1203 1189
1203 1204 1189
1189 1205 1206
1207 1189 1206
1208 1209 1210
1211 1210 1212
1213 1210 1211
1210 1214 1215
1216 1211 1217
1218 1211 1216
1218 1219 1211
1220 1211 1219
1220 1221 1211
1211 1221 1222
1223 1210 1224
1223 1225 1210
1210 1226 1227
1228 1210 1227
1229 1230 1231
1232 1233 1231
1232 1231 1234
1231 1235 1236
1237 1232 1238
1239 1232 1237
1239 1240 1232
1241 1232 1240
1241 1242 1232
1232 1242 1243
1244 1245 1231
1231 1246 1244
1231 1247 1248
1249 1231 1248
1250 1251 1252
1253 1252 1254
1254 1255 1253
1256 1255 1254
1256 1254 1257
1258 1257 1254
1258 1254 1259
1259 1254 1260
1252 1260 1254
1252 1261 1262
1263 1264 1252
1252 1265 1263
1266 1267 1252
1252 1268 1266
1269 1270 1271
1272 1273 1269
1272 1274 1273
1275 1274 1272
1275 1272 1276
1272 1277 1276
1272 1278 1277
1278 1272 1279
1269 1279 1272
1269 1280 1281
1282 1283 1269
1269 1284 1282
1269 1285 1286
1286 1287 1269
1288 1289 1290
1289 1291 1292
1293 1294 1289
1293 1289 1295
1296 1297 1289
1296 1298 1297
1299 1300 1301
1302 1303 1299
1304 1299 1305
1306 1307 1305
1306 1308 1309
1310 1308 1306
1310 1311 1308
1310 1312 1311
1310 1313 1312
1314 1312 1313
1314 1313 1315
1314 1315 1316
1314 1316 1317
1318 1317 1316
1318 1319 1317
1319 1318 1320
1319 1320 1321
1322 1321 1320
1323 1312 1314
1324 1314 1317
1323 1314 1324
1323 1324 1325
1324 1317 1326
1326 1317 1319
1326 1325 1324
1323 1327 1312
1312 1327 1328
1323 1329 1327
1330 1329 1323
1323 1325 1330
1330 1331 1329
1331 1330 1332
1333 1319 1321
1326 1319 1333
1325 1334 1330
1325 1335 1334
1330 1334 1336
1330 1336 1337
1325 1338 1335
1325 1339 1338
1326 1339 1325
1340 1338 1339
1341 1339 1326
1340 1339 1341
1341 1326 1333
1341 1342 1340
1341 1333 1342
1340 1342 1343
1333 1344 1342
1333 1321 1344
1343 1342 1345
1344 1345 1342
1343 1345 1346
1347 1344 1321
1344 1347 1345
1346 1345 1348
1346 1348 1349
1350 1349 1348
1350 1351 1349
1352 1351 1350
1353 1348 1345
1353 1345 1347
1353 1350 1348
1347 1321 1354
1322 1354 1321
1347 1355 1353
1347 1354 1355
1356 1354 1322
1356 1355 1354
1322 1357 1356
1352 1350 1358
1358 1359 1352
1353 1360 1350
1360 1353 1355
1358 1361 1359
1362 1359 1361
1363 1362 1361
1350 1364 1358
1364 1361 1358
1350 1360 1364
1363 1361 1365
1364 1365 1361
1365 1366 1363
1365 1367 1366
1368 1366 1367
1365 1364 1369
1367 1365 1369
1360 1370 1364
1369 1364 1370
1360 1355 1371
1360 1371 1370
1370 1372 1369
1372 1367 1369
1368 1367 1373
1373 1374 1368
1375 1371 1355
1375 1355 1356
1376 1370 1371
1376 1371 1375
1370 1376 1372
1377 1375 1356
1376 1375 1377
1378 1373 1367
1378 1367 1372
1379 1373 1378
1373 1380 1374
1379 1380 1373
1381 1374 1380
1381 1380 1382
1379 1382 1380
1383 1381 1382
1383 1382 1384
1384 1382 1385
1379 1385 1382
1379 1386 1385
1384 1385 1387
1387 1385 1386
1387 1386 1388
1389 1378 1372
1379 1378 1389
1379 1390 1386
1379 1389 1390
1391 1388 1386
1391 1392 1388
1393 1392 1391
1393 1394 1392
1393 1395 1394
1391 1386 1396
1393 1391 1396
1390 1397 1386
1396 1386 1397
1398 1389 1372
1376 1398 1372
1390 1389 1399
1397 1390 1399
1398 1376 1400
1376 1377 1400
1398 1401 1389
1399 1389 1401
1398 1400 1401
1393 1402 1395
1402 1403 1395
1402 1404 1403
1405 1403 1404
1402 1393 1406
1406 1404 1402
1407 1399 1401
1400 1407 1401
1393 1408 1406
1408 1393 1396
1409 1408 1396
1397 1409 1396
1399 1410 1397
1397 1410 1409
1408 1411 1406
1411 1408 1409
1406 1412 1404
1412 1406 1411
1412 1411 1413
1413 1414 1412
1412 1415 1404
1412 1414 1415
1405 1404 1415
1411 1409 1416
1410 1416 1409
1417 1405 1415
1417 1418 1405
1419 1415 1414
1419 1417 1415
1411 1416 1420
1411 1420 1413
1421 1418 1417
1421 1422 1418
1423 1422 1421
1424 1421 1417
1424 1417 1419
1423 1421 1425
1425 1421 1424
1426 1423 1425
1427 1419 1414
1413 1427 1414
1427 1428 1419
1428 1424 1419
1429 1420 1416
1429 1430 1420
1410 1429 1416
1431 1413 1420
1431 1420 1430
1432 1428 1427
1432 1427 1413
1432 1433 1428
1432 1413 1434
1433 1435 1428
1428 1435 1424
1433 1436 1435
1434 1413 1437
1431 1437 1413
1434 1437 1438
1437 1439 1438
1435 1440 1424
1425 1424 1440
1436 1441 1435
1435 1441 1440
1436 1442 1441
1437 1443 1439
1431 1443 1437
1444 1425 1440
1426 1425 1444
1442 1445 1441
1442 1446 1445
1441 1447 1440
1444 1440 1447
1441 1445 1447
1448 1426 1444
1447 1448 1444
1448 1449 1426
1448 1450 1449
1446 1451 1445
1446 1452 1451
1451 1452 1453
1445 1454 1447
1447 1454 1448
1445 1451 1454
1448 1455 1450
1454 1455 1448
1456 1450 1455
1456 1455 1457
1451 1453 1458
1458 1453 1459
1460 1454 1451
1454 1460 1455
1460 1451 1458
1460 1461 1455
1462 1455 1461
1460 1463 1461
1464 1463 1460
1458 1464 1460
1464 1458 1465
1458 1459 1465
1466 1465 1459
1467 1466 1459
1468 1456 1469
1470 1471 1467
1472 1473 1456
1473 1472 1474
1475 1473 1476
1475 1477 1478
1475 1478 1479
1480 1481 1467
1481 1480 1482
1481 1482 1483
1484 1485 1486
1484 1487 1488
1484 1489 1490
1491 1490 1492
1493 1491 1494
1336 1491 1493
1495 1336 1493
1496 1497 1498
1499 1500 1501
1502 1499 1503
1504 1505 1506
1507 1508 1509
1510 1511 1508
1512 1510 1508
1508 1513 1514
1515 1516 1510
1517 1515 1510
1517 1510 1518
1519 1518 1510
1519 1510 1520
1510 1521 1520
1522 1508 1523
1523 1508 1524
1508 1525 1526
1527 1525 1508
1528 1529 1530
1531 1532 1529
1533 1531 1529
1529 1534 1535
1536 1537 1531
1538 1536 1531
1538 1531 1539
1540 1539 1531
1540 1531 1541
1531 1542 1541
1543 1544 1529
1543 1529 1545
1529 1546 1547
1548 1546 1529
1549 1550 1551
1552 1550 1553
1552 1554 1550
1550 1555 1556
1557 1558 1552
1557 1552 1559
1552 1560 1559
1561 1562 1552
1563 1561 1552
1563 1552 1564
1565 1550 1566
1550 1565 1567
1550 1568 1569
1570 1568 1550
1571 1572 1573
1574 1575 1572
1575 1574 1576
1577 1575 1576
1577 1578 1575
1579 1575 1578
1579 1580 1575
1580 1581 1575
1572 1575 1581
1572 1582 1583
1584 1572 1585
1572 1584 1586
1587 1572 1588
1572 1587 1589
1590 1591 1592
1593 1590 1594
1593 1594 1595
1596 1593 1595
1596 1597 1593
1593 1597 1598
1593 1598 1599
1599 1600 1593
1590 1593 1600
1590 1601 1602
1603 1590 1604
1590 1603 1605
1590 1606 1607
1606 1590 1608
1609 1610 1611
1612 1613 1614
1615 1613 1616
1617 1618 1619
1620 1618 1621
1622 1623 1624
1625 1626 1627
1628 1629 1630
1631 1632 1630
1633 1634 1635
1636 1637 1635
1638 1639 1640
1641 1642 1643
1641 1644 1645
1641 1646 1647
1641 1648 1649
1641 1650 1651
1641 1652 1653
1654 1655 1656
1657 1658 1659
1660 1661 1662
1663 1664 1665
1666 1667 1668
1669 1670 1671
1672 1673 1674
1675 1676 1677
1678 1679 1680
1681 1682 1683
1684 1685 1686
1687 1688 1689
1690 1691 1692
1693 1694 1695
1696 1697 1698
1699 1700 1701
1702 1703 1704
1705 1706 1707
1708 1709 1710
1711 1712 1713
1714 1715 1716
1717 1718 1719
1720 1721 1722
1723 1724 1725
1726 1727 1728
1729 1730 1731
1732 1730 1733
1732 1734 1730
1735 1730 1734
1736 1735 1734
1737 1730 1735
1736 1734 1738
1736 1738 1739
1740 1737 1735
1730 1737 1741
1742 1730 1741
1743 1741 1737
1744 1735 1736
1745 1744 1736
1745 1746 1744
1747 1735 1744
1747 1744 1748
1747 1748 1749
1750 1747 1749
1735 1747 1750
1750 1749 1751
1752 1735 1750
1735 1752 1753
1752 1750 1754
1755 1754 1750
1755 1750 1756
1752 1754 1757
1757 1754 1758
1757 1758 1759
1760 1752 1757
1760 1761 1752
1752 1761 1762
1760 1757 1763
1760 1763 1764
1760 1765 1761
1766 1765 1760
1766 1760 1767
1765 1768 1761
1768 1765 1769
1768 1769 1770
1768 1771 1761
1772 1771 1768
1761 1771 1773
1774 1761 1775
1776 1777 1761
1771 1778 1779
1771 1780 1781
1782 1783 1784
1785 1786 1787
1788 1789 1785
1790 1791 1788
1790 1792 1791
1790 1793 1794
1795 1794 1793
1796 1794 1795
1796 1795 1797
1798 1796 1797
1798 1799 1796
1800 1799 1798
1801 1799 1800
1802 1803 1804
1805 1806 1807
1808 1806 1809
1806 1810 1811
1812 1813 1806
1814 1806 1815
1806 1816 1815
1817 1818 1819
1820 1817 1821
1822 1823 1824
1825 1826 1824
1825 1827 1826
1828 1829 1825
1828 1830 1829
1828 1831 1832
1828 1833 1831
1834 1835 1833
1834 1833 1836
1837 1838 1836
1837 1836 1839
1840 1841 1839
1840 1839 1842
1842 1843 1844
1842 1845 1843
1846 1847 1845
1846 1845 1848
1849 1850 1848
1849 1851 1850
1852 1853 1849
1852 1849 1854
1855 1856 1854
1857 1858 1859
1860 1735 1861
1862 1863 1864
1865 1737 1866
1867 1868 1869
1870 1871 1869
1870 1869 1872
1873 1872 1869
1874 1872 1873
1875 1873 1869
1874 1876 1872
1874 1877 1876
1878 1873 1875
1869 1879 1875
1880 1879 1869
1881 1875 1879
1882 1874 1873
1883 1874 1882
1883 1882 1884
1885 1882 1873
1885 1886 1882
1885 1887 1886
1888 1887 1885
1873 1888 1885
1888 1889 1887
1890 1888 1873
1873 1891 1890
1890 1892 1888
1893 1888 1892
1893 1894 1888
1890 1895 1892
1895 1896 1892
1895 1897 1896
1898 1895 1890
1898 1890 1899
1890 1900 1899
1898 1901 1895
1898 1902 1901
1898 1899 1903
1904 1898 1903
1904 1905 1898
1903 1899 1906
1906 1907 1903
1906 1908 1907
1906 1899 1909
1910 1906 1909
1899 1911 1909
1912 1913 1899
1914 1899 1915
1909 1916 1917
1909 1918 1919
1920 1921 1922
1923 1924 1925
1926 1923 1927
1928 1926 1929
1928 1929 1930
1928 1931 1932
1933 1932 1931
1934 1933 1931
1934 1935 1933
1936 1935 1934
1936 1934 1937
1938 1936 1937
1939 1938 1937
1940 1941 1942
1943 1944 1945
1946 1947 1945
1945 1948 1949
1950 1945 1951
1952 1953 1945
1945 1953 1954
1955 1956 1957
1958 1959 1955
1960 1961 1962
1963 1961 1964
1963 1964 1965
1966 1963 1967
1966 1967 1968
1966 1969 1970
1966 1970 1971
1972 1971 1973
1972 1974 1971
1975 1974 1976
1975 1977 1974
1978 1977 1979
1978 1980 1977
1980 1981 1982
1980 1982 1983
1984 1983 1985
1984 1986 1983
1987 1986 1988
1987 1988 1989
1990 1987 1991
1990 1992 1987
1993 1992 1994
1995 1996 1997
1998 1999 1873
2000 2001 2002
2003 2004 1875
2005 2006 2007
2005 2007 2008
2009 2010 2011
2009 2011 2012
2013 2014 2015
2013 2015 2016
2017 2018 2019
2017 2019 2020
2021 2022 2023
2021 2023 2024
2025 2026 2027
2025 2027 2028
2029 2030 2031
2029 2031 2032
2033 2034 2035
2033 2035 2036
2037 2038 2039
2037 2039 2040
2041 2042 2043
2041 2043 2044
2045 2046 2047
2045 2047 2048
2049 2050 2051
2049 2051 81
2051 2052 81
2051 2053 2052
2054 2055 2056
2054 2056 2057
2058 2059 2060
2058 2060 2061
2062 2063 2064
2062 2064 2065
2066 2067 2068
2066 2068 2069
2070 2071 2072
2070 2072 2073
2074 2075 2076
2074 2076 2077
2078 2079 2080
2078 2080 2081
2082 2083 2084
2082 2084 2085
2086 2087 2088
2086 2088 2089
2090 2091 2092
2090 2092 2093
2094 2095 2096
2094 2096 2097
2098 2099 2100
2098 2100 2101
2101 2100 2102
2101 2102 2103
2101 2103 2104
2101 2104 2105
2105 2104 2106
2107 2098 2101
2105 2107 2101
2107 2108 2098
2105 2109 2107
2110 2109 2105
2110 2105 2111
2112 2110 2111
2112 2111 2113
2114 2112 2113
2114 2113 2115
2116 2114 2115
2116 2115 2117
2105 2106 2118
2118 2106 2119
2118 2119 2120
2105 2118 2121
2105 2121 2111
2111 2121 2122
2111 2122 2123
2123 2124 2111
2111 2124 2125
2125 2113 2111
2126 2113 2125
2126 2127 2113
2127 2126 2128
2127 2128 2129
2113 2127 2130
2130 2131 2113
2132 2131 2130
2131 2132 2133
2131 2133 2134
2131 2134 2135
2113 2131 2115
2115 2131 2135
2136 2115 2135
2137 2115 2136
2138 2115 2137
2139 2115 2138
2138 2140 2141
2141 2140 2142
2100 2143 2144
2144 2145 2146
2144 2146 2147
2148 2149 2150
2148 2151 2149
2151 2152 2149
2151 2153 2152
2151 2154 2153
2153 2154 2155
2151 2156 2154
2151 2157 2156
2156 2157 2158
2151 2159 2157
2160 2151 2148
2160 2159 2151
2160 2148 2161
2162 2159 2160
2163 2164 2165
2163 2165 2166
2166 2165 2167
2167 2165 2168
2165 2169 2168
2165 2170 2169
2166 2167 2171
2166 2171 2172
2166 2172 2173
2174 2166 2173
2174 2173 2175
2176 2172 2171
2176 2171 2177
2177 2171 2167
2177 2178 2176
2177 2179 2178
2179 2180 2178
2177 2167 2181
2179 2177 2181
2179 2182 2180
2183 2180 2182
2183 2182 2184
2182 2179 2185
2179 2181 2185
2184 2182 2186
2182 2185 2186
2184 2186 2187
2181 2167 2188
2167 2168 2188
2189 2185 2181
2181 2188 2189
2186 2185 2190
2189 2190 2185
2187 2186 2191
2186 2190 2191
2187 2191 2192
2188 2168 2193
2168 2194 2193
2168 2195 2194
2189 2188 2196
2188 2193 2196
446 2190 2189
2189 2196 446
446 2196 445
2196 451 445
2196 2193 451
2193 2197 451
2193 2198 2197
446 444 2190
2191 2190 444
2191 444 2199
2200 2191 2199
434 2199 444
2200 2199 2201
2201 2199 434
2201 434 2202
2203 2204 2205
2203 2206 2204
2206 2207 2204
2206 2208 2207
2209 2206 2203
2210 2208 2206
2211 2206 2209
2212 2206 2211
2206 2212 2213
2214 2206 2213
2210 2206 2214
2209 2215 2216
2217 2216 2215
2217 2215 2218
2218 2215 2219
2210 2220 2221
2221 2220 2222
2223 2220 2210
2223 2224 2220
2224 2223 2225
2226 2227 2228
2226 2228 2229
2229 2228 2230
2229 2230 2231
2232 2228 2233
2232 2234 2228
2234 2235 2228
2234 2236 2235
2229 2237 2238
2229 2238 2239
2240 2229 2239
2240 2239 2241
2241 2239 2242
2241 2242 2243
2243 2242 2244
2239 2245 2242
2239 2246 2245
2242 2245 2247
2248 2242 2249
2249 2250 2248
2251 2252 2253
2251 2254 2252
2255 2254 2251
2255 2256 2254
2257 2254 2256
2257 2258 2254
2258 2259 2254
2258 2260 2259
2255 2251 2261
2255 2261 2262
2251 2263 2261
2251 2264 2263
2262 2261 2265
2262 2265 2266
2261 2267 2265
2261 2268 2267
2265 2267 2269
2266 2265 2270
2266 2270 2271
2270 2272 2271
383 2273 2274
383 2275 2273
2276 2275 2277
2276 2277 2278
2279 2277 2280
2279 2280 2281
2282 2280 2283
2282 2283 2284
2285 2284 2283
2285 2283 2286
2285 2286 2287
2285 2287 2288
2289 2290 2291
2292 2290 2289
2293 2292 2289
2293 2294 2292
2292 2294 2295
2292 2295 2296
2297 2290 2292
2297 2298 2290
2297 2299 2298
2298 2299 2300
2298 2300 2301
2302 2292 2296
2292 2303 2297
2302 2303 2292
2303 2304 2297
2303 2305 2304
2303 2306 2305
2306 2303 2302
2296 2307 2308
2307 2309 2310
2302 2309 2311
2311 2312 2308
2313 2314 2315
2313 2315 2316
2316 2317 2313
2318 2319 2317
2320 2317 2319
2320 2319 2321
2320 2321 2322
2320 2322 2323
2323 2322 2324
2324 2322 2325
2323 2324 2326
2324 2327 2326
2325 2322 2328
2329 2328 2322
2325 2328 2330
2331 2325 2330
2324 2332 2327
2332 2333 2327
2334 2325 2331
2331 2335 2334
2324 2336 2332
2332 2337 2333
2337 2332 2336
2324 2325 2338
2324 2338 2336
2333 2337 2339
2333 2339 2340
2325 2341 2338
2325 2334 2341
2338 2342 2336
2338 2341 2342
2337 2336 2343
2339 2337 2343
2343 2336 2342
2344 2340 2339
2344 2345 2340
2346 2345 2344
2347 2341 2334
2347 2348 2341
2334 2349 2347
2334 2350 2349
2341 2348 2351
2341 2351 2342
2351 2352 2342
2343 2342 2352
2351 2353 2352
2339 2343 2354
2354 2343 2352
2353 2355 2352
2354 2352 2355
2353 2356 2355
2339 2354 2357
2357 2354 2355
2339 2357 2344
2358 2355 2356
2357 2355 2358
2358 2356 2359
2360 2358 2359
2344 2357 2361
2361 2357 2358
2360 2362 2358
2361 2358 2362
2363 2362 2360
2363 2364 2362
2364 2361 2362
2365 2364 2363
2344 2361 2366
2346 2344 2366
2366 2361 2367
2364 2367 2361
2368 2346 2366
2366 2367 2368
2368 2369 2346
2368 2370 2369
2368 2371 2370
2367 2371 2368
2371 2372 2370
2364 2373 2367
2367 2373 2371
2365 2374 2364
2364 2374 2373
2365 2375 2374
2374 2375 2373
2365 2376 2375
2377 2375 2376
2371 1109 2372
1109 2371 2373
2377 2378 2375
2378 2377 2379
2380 2372 1109
2380 2381 2372
1109 2373 2382
2373 2375 2382
1108 1109 2382
2380 1109 1110
1108 2382 2383
2383 2382 2375
1094 1108 2383
2381 2380 2384
2381 2384 2385
2380 1110 2386
2380 2386 2384
1110 1122 2386
1094 2383 2387
1081 1094 2387
2388 2385 2384
2388 2389 2385
2384 2386 2390
2390 2386 1122
2384 2390 2388
2391 2387 2383
2383 2375 2391
1081 2387 2392
2391 2392 2387
2392 1079 1081
1076 1079 2392
2393 2389 2388
2393 2394 2389
2393 2395 2394
2390 1122 2396
2396 1122 1118
2396 1118 2397
2398 2396 2397
2398 2399 2396
2399 2390 2396
2399 2398 2400
2388 2390 2401
2388 2401 2393
2399 2401 2390
2393 2402 2395
2402 2403 2395
2393 2401 2404
2404 2401 2399
2393 2404 2402
2399 2400 2405
2404 2399 2405
2406 2405 2400
2402 2407 2403
2404 2407 2402
2407 2408 2403
2405 2409 2404
2404 2409 2407
2406 2410 2405
2405 2410 2409
2411 2410 2406
2409 2410 2411
2411 2406 2412
2407 2409 2413
2409 2411 2413
2407 2414 2408
2407 2413 2414
2415 2411 2412
2415 2412 2416
2417 2415 2416
2418 2413 2411
2418 2414 2413
2418 2411 2415
2419 2418 2415
2420 2408 2414
2418 2420 2414
2419 2420 2418
2420 2421 2408
2420 2422 2421
2417 2423 2415
2419 2415 2423
2423 2417 2424
2420 2425 2422
2419 2425 2420
2426 2422 2425
2426 2425 2427
2423 2424 2428
2424 2429 2428
2424 2430 2429
2430 2431 2429
2425 2419 2432
2432 2433 2425
2432 2419 2434
2419 2435 2434
2419 2423 2435
2436 2435 2423
2430 2437 2438
2439 2437 2440
2439 2440 2441
2442 2443 2444
2442 2444 2445
2446 2447 2442
2448 2449 2447
2450 2447 2449
2450 2449 2451
2452 2450 2451
2452 2453 2450
2454 2453 2452
2454 2452 2455
2456 2455 2452
2455 2457 2454
2458 2456 2452
2459 2458 2452
2458 2460 2456
2461 2456 2460
2455 2462 2457
2462 2463 2457
2464 2456 2461
2456 2464 2465
2461 2466 2464
2456 2467 2455
2467 2462 2455
2456 2465 2467
2467 2468 2462
2465 2468 2467
2462 2469 2463
2468 2469 2462
2463 2469 2470
2463 2470 2471
2472 2471 2470
2472 2473 2471
2472 2474 2473
2469 2475 2470
2475 2472 2470
2468 2476 2469
2469 2476 2475
2477 2476 2468
2475 2476 2477
2465 2478 2468
2477 2468 2478
2472 2479 2474
2379 2474 2479
2379 2479 2480
2378 2379 2480
2481 2479 2472
2480 2479 2481
2475 2482 2472
2481 2472 2482
2483 2378 2480
2483 2375 2378
2482 2475 2484
2475 2477 2484
2477 2478 2485
2465 2485 2478
2477 2485 2486
2484 2477 2486
2465 2487 2485
2465 2488 2487
2465 2464 2488
2489 2488 2464
2489 2464 2490
2491 2489 2490
2491 2492 2489
2493 2492 2491
2484 2486 2494
2495 2484 2494
2482 2484 2495
2495 2494 2496
2481 2482 2495
2495 2496 2497
2481 2495 2498
2495 2497 2498
2499 2481 2498
2480 2481 2499
2483 2480 2499
2497 2500 2498
2499 2498 2500
2497 2501 2500
2499 2500 2502
2500 2501 2502
2499 2502 2483
2502 2501 2503
2503 2504 2502
2502 2504 2483
2503 2505 2504
2483 2504 2506
2506 2375 2483
2391 2375 2506
2391 2506 2507
2507 2506 2504
2392 2391 2507
2508 2504 2505
2507 2504 2508
2508 2505 2509
2508 2509 2510
2392 2507 2511
2508 2511 2507
1076 2392 2511
2508 2512 2511
2512 1076 2511
2508 2510 2512
2512 1057 1076
2512 2510 2513
2512 2513 1057
2514 2513 2510
1057 2513 1036
1037 2513 2514
1037 1036 2513
2515 2516 2517
2515 2517 2426
2515 2426 2518
2517 2519 2520
2521 2522 2520
2521 2523 2522
2524 2525 2526
2525 2524 2349
2525 2349 2527
2524 2528 2529
2530 2529 2531
2530 2531 2532
2533 2534 2535
2533 2536 2534
2536 2492 2534
2537 2538 2539
2537 2540 2538
2541 2540 2542
2543 2541 2542
2544 2545 2546
2546 2545 2547
2546 2547 2548
2546 2548 2549
2550 2551 2552
2552 2551 2553
2554 2553 2555
2554 2555 2556
2557 2558 2559
2559 2560 2557
2561 2560 2559
2562 2557 2560
2561 2563 2560
2563 2561 2564
2562 2560 2565
2565 2560 2563
2562 2565 2566
2562 2566 2567
2568 2567 2566
2565 2569 2566
2568 2566 2570
2566 2569 2570
2571 2568 2570
2571 2572 2568
2565 2563 2573
2565 2573 2569
2571 2570 2574
2570 2569 2574
2572 2571 2575
2572 2575 2576
2575 2577 2576
2578 2573 2563
2573 2579 2569
2573 2578 2579
2569 2579 2580
2569 2580 2574
2581 2574 2580
2571 2574 2582
2581 2582 2574
2582 2583 2571
2583 2575 2571
2581 2583 2582
2575 2584 2577
2583 2584 2575
2585 2577 2584
2585 2586 2577
2587 2586 2585
2588 2580 2579
2588 2579 2578
2583 2589 2584
2585 2584 2589
2590 2583 2581
2590 2589 2583
2587 2585 2591
2591 2592 2587
2593 2580 2588
2580 2593 2581
2593 2588 2594
2581 2593 2595
2594 2595 2593
2590 2581 2596
2581 2595 2596
2590 2597 2589
2597 2590 2596
2591 2598 2592
2592 2598 2599
2600 2599 2598
2600 2601 2599
2600 2602 2601
2600 2603 2602
2602 2603 2604
2603 2605 2604
2591 2606 2598
2606 2600 2598
2603 2600 2607
2606 2607 2600
2608 2607 2606
2591 2609 2606
2609 2608 2606
2585 2609 2591
2603 2610 2605
2611 2605 2610
2585 2612 2609
2585 2589 2612
2589 2613 2612
2613 2609 2612
2589 2597 2613
2609 2614 2608
2613 2614 2609
2613 2615 2614
2614 2615 2616
2617 2614 2616
2617 2608 2614
2618 2615 2613
2618 2613 2597
2619 2618 2597
2620 2608 2617
2619 2621 2618
2608 2620 2622
2623 2621 2619
2608 2622 2624
2625 2624 2622
2608 2624 2607
2626 2624 2625
2607 2624 2626
2626 2625 2627
2626 2627 2628
2607 2626 2629
2603 2607 2629
2626 2628 2630
2629 2626 2630
2631 2603 2629
2629 2630 2631
2631 2610 2603
2632 2630 2628
2632 2628 2633
2630 2634 2631
2634 2610 2631
2630 2632 2634
2635 2632 2633
2635 2633 2636
2635 2636 2637
2632 2635 2638
2635 2637 2638
2632 2638 2634
2639 2638 2637
2639 2640 2638
2640 2634 2638
2640 2639 2611
2634 2641 2610
2640 2641 2634
2640 2611 2641
2611 2610 2641
2642 2643 2644
2644 2643 2645
2644 2645 2564
2645 2643 2646
2564 2645 2647
2563 2564 2647
2578 2563 2647
2645 2646 2648
2649 2648 2646
2650 2647 2645
2647 2650 2578
2650 2645 2648
2650 2651 2578
2651 2650 2648
2578 2651 2588
2652 2648 2649
2651 2648 2652
2653 2588 2651
2652 2653 2651
2594 2588 2653
2653 2654 2594
2649 2655 2652
2652 2655 2653
2649 2656 2655
2655 2657 2653
2653 2657 2654
2656 2658 2655
2655 2658 2657
2656 2659 2658
2660 2658 2659
2660 2657 2658
2660 2659 2661
2662 2654 2657
2660 2662 2657
2660 2663 2662
2662 2664 2654
2664 2662 2663
2665 2660 2661
2665 2663 2660
2666 2665 2661
2665 2666 2667
2665 2667 2668
2663 2665 2668
2668 2667 2669
2668 2669 2670
2670 2669 2671
2663 2668 2672
2672 2668 2670
2670 2671 2673
2674 2673 2671
2672 2670 2675
2675 2670 2673
2676 2663 2672
2675 2676 2672
2674 2677 2673
2674 2678 2677
2676 2679 2663
2664 2663 2679
2675 2673 2680
2681 2673 2677
2681 2680 2673
2677 2678 2682
2681 2677 2682
2683 2675 2680
2675 2683 2676
2678 2684 2682
2678 2685 2684
2685 2686 2684
2683 2680 2687
2681 2687 2680
2688 2676 2683
2688 2683 2687
2688 2689 2676
2679 2676 2689
2679 2689 2690
2690 2664 2679
2690 2691 2664
2688 2687 2692
2664 2691 2693
2694 2692 2687
2681 2694 2687
2694 2695 2692
2694 2696 2695
2664 2693 2697
2664 2697 2654
2697 2693 2698
2694 2681 2699
2681 2682 2699
2684 2699 2682
2700 2696 2694
2694 2699 2700
2684 2701 2699
2700 2699 2701
2686 2701 2684
2686 2702 2701
2703 2701 2702
2704 2696 2700
2700 2701 2704
2704 2701 2703
2704 2705 2696
2704 2703 2705
2697 2698 2706
2654 2697 2706
2707 2706 2698
2707 2698 2708
2706 2709 2654
2707 2709 2706
2594 2654 2709
2708 2710 2707
2711 2710 2708
2712 2710 2711
2713 2709 2707
2713 2594 2709
2707 2710 2713
2712 2714 2710
2713 2710 2714
2715 2714 2712
2713 2716 2594
2594 2716 2595
2715 2717 2714
2717 2715 2718
2713 2714 2719
2713 2719 2716
2714 2720 2719
2714 2717 2720
2717 2718 2721
2721 2718 2722
2719 2723 2716
2720 2723 2719
2716 2724 2595
2724 2716 2723
2725 2720 2717
2725 2717 2721
2721 2722 2726
2725 2721 2726
2727 2726 2722
2727 2722 2728
2727 2728 2729
2730 2595 2724
2596 2595 2730
2720 2731 2723
2725 2731 2720
2725 2726 2732
2727 2732 2726
2729 2733 2727
2729 2734 2733
2735 2596 2730
2597 2596 2735
2735 2619 2597
2725 2736 2731
2736 2725 2732
2734 2737 2733
2734 2738 2737
2738 2739 2737
2738 2740 2739
2739 2740 2741
2739 2741 2742
2741 2743 2742
2742 2743 2744
2742 2744 2745
2746 2745 2744
2747 2733 2737
2748 2737 2739
2748 2747 2737
2749 2747 2748
2747 2750 2733
2750 2747 2749
2727 2733 2750
2739 2742 2751
2739 2751 2748
2742 2745 2752
2742 2752 2751
2751 2753 2748
2749 2748 2753
2727 2750 2754
2727 2754 2732
2750 2755 2754
2755 2732 2754
2752 2756 2751
2751 2756 2753
2750 2749 2757
2750 2757 2755
2755 2758 2732
2736 2732 2758
2759 2736 2758
2736 2759 2731
2759 2758 2760
2758 2761 2760
2758 2755 2761
2762 2761 2755
2757 2762 2755
2757 2763 2762
2749 2763 2757
2749 2764 2763
2765 2764 2749
2765 2749 2753
2766 2765 2753
2766 2753 2756
2767 2731 2759
2756 2768 2766
2767 2769 2731
2769 2767 2770
2769 2723 2731
2771 2768 2756
2771 2772 2768
2752 2771 2756
2771 2773 2772
2769 2770 2774
2774 2770 2775
2776 2723 2769
2769 2774 2776
2724 2723 2776
2777 2771 2752
2771 2777 2773
2724 2776 2778
2774 2778 2776
2774 2775 2779
2779 2775 2780
2777 2752 2781
2777 2781 2782
2745 2781 2752
2783 2773 2777
2777 2782 2783
2783 2784 2773
2782 2784 2783
2782 2785 2784
2786 2785 2782
2745 2787 2781
2782 2781 2787
2746 2787 2745
2788 2746 2786
2786 2782 2788
2782 2787 2788
2788 2787 2746
2779 2780 2789
2790 2789 2780
2791 2789 2790
2791 2790 2792
2792 2793 2791
2792 2794 2793
2789 2791 2795
2793 2795 2791
2794 2796 2793
2794 2797 2796
2798 2796 2797
2798 2799 2796
2798 2800 2799
2799 2800 2801
2802 2793 2796
2802 2796 2799
2793 2803 2795
2802 2803 2793
2789 2795 2804
2805 2789 2804
2805 2779 2789
2806 2779 2805
2806 2774 2779
2774 2806 2778
2805 2807 2806
2778 2806 2807
2804 2808 2805
2805 2808 2807
2795 2809 2804
2804 2809 2808
2803 2810 2795
2795 2810 2809
2778 2807 2811
2724 2778 2811
2724 2811 2730
2811 2812 2730
2735 2730 2812
2813 2807 2808
2807 2813 2814
2807 2814 2811
2813 2808 2815
2815 2808 2809
2815 2809 2816
2817 2816 2809
2817 2809 2810
2818 2811 2814
2818 2812 2811
2817 2810 2819
2820 2819 2810
2820 2821 2819
2803 2820 2810
2822 2821 2820
2823 2820 2803
2822 2820 2823
2823 2803 2802
2823 2824 2822
2825 2812 2818
2825 2735 2812
2823 2802 2826
2802 2799 2826
2823 2827 2824
2823 2826 2827
2824 2827 2828
2827 2829 2828
2830 2825 2818
2830 2818 2831
2830 2831 2832
2825 2833 2735
2833 2825 2830
2735 2833 2619
2834 2826 2799
2834 2827 2826
2827 2835 2829
2834 2835 2827
2835 2836 2829
2830 2832 2837
2838 2837 2832
2833 2830 2839
2839 2619 2833
2837 2839 2830
2835 2840 2836
2834 2840 2835
2834 2799 2841
2799 2801 2841
2842 2837 2838
2842 2838 2843
2839 2844 2619
2623 2619 2844
2845 2623 2844
2837 2846 2839
2844 2839 2846
2842 2846 2837
2845 2844 2847
2844 2846 2847
2845 2847 2848
2849 2834 2841
2834 2849 2840
2847 2846 2850
2842 2850 2846
2842 2851 2850
2848 2847 2852
2847 2850 2852
2851 2852 2850
2848 2852 2853
2854 2853 2852
2851 2854 2852
2854 2855 2853
2856 2855 2854
2856 2854 2857
2857 2854 2851
2857 2858 2856
2849 2859 2840
2836 2840 2859
2836 2859 2860
2861 2860 2859
2849 2861 2859
2861 2862 2860
2861 2863 2862
2861 2864 2863
2864 2861 2849
2865 2863 2864
2864 2849 2866
2865 2864 2866
2849 2841 2866
2866 2801 2865
2866 2841 2801
2857 2867 2858
2858 2867 2868
2867 2869 2868
2867 2870 2869
2871 2870 2867
2870 2872 2869
2870 2873 2872
2873 2870 2871
2874 2872 2873
2857 2875 2867
2871 2867 2875
2857 2876 2875
2857 2851 2876
2875 2876 2877
2851 2877 2876
2878 2871 2875
2875 2877 2878
2851 2879 2877
2842 2879 2851
2843 2879 2842
2843 2880 2879
2879 2880 2881
2879 2881 2877
2882 2877 2881
2878 2877 2882
2878 2882 2883
2883 2884 2878
2878 2884 2871
2883 2885 2884
2886 2884 2885
2886 2887 2884
2871 2884 2887
2887 2886 2888
2871 2887 2889
2873 2871 2889
2887 2888 2890
2889 2887 2890
2891 2890 2888
2891 2892 2890
2889 2890 2892
2874 2892 2891
2893 2873 2889
2874 2873 2893
2893 2889 2892
2874 2893 2892
2894 2895 2896
2894 2897 2895
2897 2894 2898
2899 2898 2900
2901 2900 2898
2901 2902 2900
2901 2903 2902
2901 2904 2903
2904 2905 2903
2905 2906 2903
2904 2907 2905
2905 2907 2908
2906 2909 2903
2910 2903 2909
2906 2911 2909
2912 2911 2906
2905 2908 2913
2913 2908 2914
2915 2912 2906
2912 2915 2916
2905 2913 2917
2913 2914 2918
2918 2917 2913
2905 2919 2906
2905 2917 2919
2914 2920 2918
2914 2921 2920
2906 2919 2922
2906 2922 2915
2919 2917 2923
2919 2923 2922
2918 2924 2917
2920 2924 2918
2924 2923 2917
2925 2920 2921
2925 2921 2926
2927 2925 2926
2928 2915 2922
2928 2922 2929
2915 2928 2930
2915 2930 2931
2922 2932 2929
2922 2923 2932
2932 2923 2933
2924 2933 2923
2932 2933 2934
2920 2935 2924
2935 2933 2924
2934 2933 2936
2935 2936 2933
2934 2936 2937
2920 2938 2935
2938 2936 2935
2920 2925 2938
2939 2937 2936
2938 2939 2936
2939 2940 2937
2941 2940 2939
2925 2942 2938
2942 2939 2938
2941 2939 2943
2942 2943 2939
2944 2941 2943
2944 2943 2945
2945 2943 2942
2946 2944 2945
2925 2947 2942
2927 2947 2925
2947 2948 2942
2945 2942 2948
2949 2947 2927
2947 2949 2948
2949 2927 2950
2949 2950 2951
2949 2951 2952
2948 2949 2952
2952 2951 2953
2945 2948 2954
2948 2952 2954
2946 2945 2955
2945 2954 2955
2946 2955 2956
2955 2954 2956
2946 2956 2957
2958 2957 2956
2952 2953 1430
1430 2954 2952
2958 2956 2959
2959 2960 2958
2961 1430 2953
2961 2953 2962
1430 2963 2954
2954 2963 2956
1429 2963 1430
2961 1431 1430
1429 2964 2963
2964 2956 2963
1410 2964 1429
2962 2965 2961
2962 2966 2965
2961 2967 1431
2961 2965 2967
1431 2967 1443
1410 2968 2964
1399 2968 1410
1399 1407 2968
2969 2964 2968
2964 2969 2956
2969 2968 1407
2970 2965 2966
2970 2966 2971
2965 2972 2967
2972 1443 2967
2965 2970 2972
2973 2970 2971
2973 2971 2974
2973 2974 2975
2972 2976 1443
2976 1439 1443
2976 2977 1439
2978 2977 2976
2978 2976 2979
2979 2976 2972
2979 2980 2978
2970 2981 2972
2970 2973 2981
2979 2972 2981
2973 2975 2982
2982 2975 2983
2973 2984 2981
2984 2979 2981
2973 2982 2984
2979 2985 2980
2984 2985 2979
2986 2980 2985
2982 2983 2987
2984 2982 2987
2987 2983 2988
2985 2984 2989
2984 2987 2989
2986 2985 2990
2985 2989 2990
2991 2986 2990
2989 2991 2990
2991 2992 2986
2987 2993 2989
2989 2993 2991
2987 2988 2994
2987 2994 2993
2995 2992 2991
2995 2996 2992
2997 2996 2995
2998 2991 2993
2998 2993 2994
2998 2995 2991
2999 2995 2998
3000 2994 2988
2998 2994 3000
2999 2998 3000
3000 2988 3001
3000 3001 3002
2997 2995 3003
2999 3003 2995
3003 3004 2997
3000 3002 3005
2999 3000 3005
3006 3005 3002
3006 3007 3005
3003 3008 3004
3004 3008 3009
3004 3009 3010
3010 3009 3011
3005 3012 2999
3012 3005 3013
3012 3014 2999
2999 3014 3015
2999 3015 3003
3016 3003 3015
3010 3017 3018
3019 3020 3018
3019 3021 3020
3022 3023 3024
3022 3024 3025
3026 3022 3027
3028 3027 3029
3030 3029 3027
3030 3031 3029
3032 3031 3030
3032 3030 3033
3034 3032 3033
3034 3035 3032
3036 3032 3035
3035 3034 3037
3038 3032 3036
3039 3032 3038
3038 3036 3040
3041 3040 3036
3035 3037 3042
3042 3037 3043
3044 3041 3036
3036 3045 3044
3041 3044 3046
3036 3035 3047
3047 3035 3042
3036 3047 3045
3047 3042 3048
3045 3047 3048
3042 3043 3049
3048 3042 3049
3043 3050 3049
3043 3051 3050
3052 3050 3051
3052 3051 3053
3052 3053 3054
3049 3050 3055
3055 3050 3052
3048 3049 3056
3049 3055 3056
3057 3048 3056
3055 3057 3056
3045 3048 3058
3057 3058 3048
3052 3054 3059
2960 3059 3054
2960 3060 3059
2959 3060 2960
3061 3052 3059
3060 3061 3059
3055 3052 3062
3061 3062 3052
3063 3060 2959
3063 2959 2956
3062 3064 3055
3055 3064 3057
3057 3065 3058
3045 3058 3065
3057 3066 3065
3064 3066 3057
3045 3065 3067
3045 3067 3068
3045 3068 3044
3069 3044 3068
3069 3070 3044
3071 3070 3069
3071 3069 3072
3073 3071 3072
3064 3074 3066
3075 3074 3064
3062 3075 3064
3075 3076 3074
3061 3075 3062
3075 3077 3076
3061 3078 3075
3075 3078 3077
3079 3078 3061
3060 3079 3061
3063 3079 3060
3077 3078 3080
3079 3080 3078
3077 3080 3081
3079 3082 3080
3080 3082 3081
3079 3063 3082
3082 3083 3081
3083 3082 3084
3082 3063 3084
3083 3084 3085
3063 3086 3084
3086 3063 2956
2969 3086 2956
2969 3087 3086
3087 3084 3086
1407 3087 2969
3088 3085 3084
3087 3088 3084
3088 3089 3085
3088 3090 3089
1407 3091 3087
3088 3087 3091
1400 3091 1407
3088 3091 3092
3092 3091 1400
3088 3092 3090
3092 1400 1377
3092 3093 3090
3092 1377 3093
3094 3090 3093
1377 1356 3093
1357 3094 3093
1357 3093 1356
3095 3096 3097
3095 3006 3096
3095 3098 3006
3096 3099 3100
3101 3099 3102
3101 3102 3103
3104 3105 3106
3106 2930 3104
3106 3107 2930
3104 3108 3109
3110 3111 3108
3110 3112 3111
3113 3114 3115
3113 3115 3116
3116 3115 3072
3117 3118 3119
3117 3119 3120
3121 3122 3120
3123 3122 3121
3124 3125 3126
3125 3127 3126
3125 3128 3127
3125 3129 3128
3130 3131 3132
3131 3133 3132
3134 3135 3133
3134 3136 3135
3137 3138 3139
3138 3137 3140
3141 3138 3140
3142 3140 3137
3141 3140 3143
3143 3144 3141
3142 3145 3140
3145 3143 3140
3142 3146 3145
3142 3147 3146
3148 3146 3147
3145 3146 3149
3148 3150 3146
3146 3150 3149
3151 3150 3148
3151 3148 3152
3145 3153 3143
3145 3149 3153
3151 3154 3150
3150 3154 3149
3152 3155 3151
3152 3156 3155
3155 3156 3157
3158 3143 3153
3153 3149 3159
3153 3159 3158
3149 3160 3159
3149 3154 3160
3161 3160 3154
3151 3162 3154
3161 3154 3162
3162 3151 3163
3163 3151 3155
3161 3162 3163
3155 3157 3164
3163 3155 3164
3165 3164 3157
3165 3157 3166
3167 3165 3166
3168 3159 3160
3168 3158 3159
3163 3164 3169
3165 3169 3164
3170 3161 3163
3170 3163 3169
3167 3171 3165
3171 3167 3172
3173 3168 3160
3160 3161 3173
3173 3174 3168
3161 3175 3173
3174 3173 3175
3170 3176 3161
3161 3176 3175
3170 3169 3177
3177 3176 3170
3171 3172 3178
3172 3179 3178
3180 3178 3179
3180 3179 3181
3180 3181 3182
3180 3182 3183
3182 3184 3183
3183 3184 3185
3171 3178 3186
3186 3178 3180
3183 3187 3180
3186 3180 3187
3188 3186 3187
3171 3186 3189
3189 3186 3188
3165 3171 3189
3183 3185 3190
3191 3190 3185
3165 3189 3192
3165 3192 3169
3169 3192 3193
3193 3192 3189
3169 3193 3177
3189 3188 3194
3193 3189 3194
3193 3194 3195
3194 3196 3195
3197 3196 3194
3197 3194 3188
3198 3193 3195
3198 3177 3193
3199 3177 3198
3200 3197 3188
3199 3198 3201
3188 3202 3200
3203 3199 3201
3188 3204 3202
3205 3202 3204
3188 3187 3204
3206 3205 3204
3187 3206 3204
3206 3207 3205
3206 3208 3207
3187 3209 3206
3183 3209 3187
3206 3210 3208
3209 3210 3206
3211 3209 3183
3209 3211 3210
3211 3183 3190
3212 3208 3210
3212 3213 3208
3210 3211 3214
3214 3211 3190
3210 3214 3212
3215 3213 3212
3215 3216 3213
3215 3217 3216
3212 3218 3215
3215 3218 3217
3212 3214 3218
3219 3217 3218
3219 3218 3220
3220 3218 3214
3220 3191 3219
3214 3190 3221
3220 3214 3221
3220 3221 3191
3191 3221 3190
3222 3223 3224
3223 3225 3224
3223 3144 3225
3225 3226 3224
3144 3227 3225
3143 3227 3144
3158 3227 3143
3225 3228 3226
3229 3226 3228
3230 3225 3227
3227 3158 3230
3230 3228 3225
3230 3158 3231
3231 3228 3230
3158 3168 3231
3232 3229 3228
3231 3232 3228
3233 3231 3168
3232 3231 3233
3174 3233 3168
3233 3174 3234
3229 3232 3235
3232 3233 3235
3229 3235 3236
3235 3233 3237
3233 3234 3237
3236 3235 3238
3235 3237 3238
3236 3238 3239
3240 3239 3238
3240 3238 3237
3240 3241 3239
3242 3237 3234
3240 3237 3242
3240 3242 3243
3242 3234 3244
3244 3243 3242
3245 3241 3240
3245 3240 3243
3246 3241 3245
3245 3247 3246
3245 3248 3247
3243 3248 3245
3248 3249 3247
3248 3250 3249
3250 3251 3249
3243 3252 3248
3252 3250 3248
3250 3253 3251
3254 3251 3253
3252 3255 3250
3255 3253 3250
3256 3252 3243
3255 3252 3256
3254 3253 3257
3254 3257 3258
3256 3243 3259
3244 3259 3243
3255 3260 3253
3261 3257 3253
3261 3253 3260
3257 3262 3258
3261 3262 3257
3263 3260 3255
3255 3256 3263
3258 3262 3264
3258 3264 3265
3265 3264 3266
3263 3267 3260
3261 3260 3267
3268 3263 3256
3268 3267 3263
3268 3256 3269
3259 3269 3256
3259 3270 3269
3270 3259 3244
3270 3244 3271
3268 3272 3267
3244 3273 3271
3274 3267 3272
3261 3267 3274
3274 3272 3275
3274 3275 3276
3244 3277 3273
3244 3234 3277
3277 3278 3273
3274 3279 3261
3261 3279 3262
3264 3262 3279
3280 3274 3276
3274 3280 3279
3264 3279 3281
3280 3281 3279
3266 3264 3281
3266 3281 3282
3283 3282 3281
3284 3280 3276
3280 3284 3281
3284 3283 3281
3284 3276 3285
3284 3285 3283
3277 3286 3278
3234 3286 3277
3287 3278 3286
3287 3288 3278
3286 3234 3289
3287 3286 3289
3174 3289 3234
3288 3287 3290
3291 3288 3290
3292 3291 3290
3293 3287 3289
3293 3289 3174
3287 3293 3290
3292 3290 3294
3293 3294 3290
3295 3292 3294
3293 3174 3296
3174 3175 3296
3295 3294 3297
3297 3298 3295
3293 3299 3294
3293 3296 3299
3294 3299 3300
3294 3300 3297
3297 3301 3298
3301 3302 3298
3299 3296 3303
3300 3299 3303
3296 3175 3304
3304 3303 3296
3305 3301 3297
3305 3297 3300
3301 3306 3302
3305 3306 3301
3307 3302 3306
3307 3308 3302
3307 3309 3308
3310 3304 3175
3176 3310 3175
3300 3303 3311
3305 3300 3311
3305 3312 3306
3307 3306 3312
3309 3307 3313
3309 3313 3314
3315 3310 3176
3177 3315 3176
3315 3177 3199
3305 3311 3316
3316 3312 3305
3314 3313 3317
3314 3317 3318
3318 3317 3319
3318 3319 3320
3319 3321 3320
3319 3322 3321
3321 3322 3323
3322 3324 3323
3322 3325 3324
3326 3324 3325
3327 3317 3313
3328 3319 3317
3328 3317 3327
3329 3328 3327
3327 3313 3330
3330 3329 3327
3307 3330 3313
3319 3331 3322
3319 3328 3331
3322 3332 3325
3322 3331 3332
3331 3328 3333
3329 3333 3328
3307 3334 3330
3307 3312 3334
3330 3334 3335
3335 3334 3312
3332 3331 3336
3331 3333 3336
3330 3337 3329
3330 3335 3337
3335 3312 3338
3316 3338 3312
3339 3338 3316
3316 3311 3339
3339 3340 3338
3338 3340 3341
3338 3341 3335
3342 3335 3341
3337 3335 3342
3337 3342 3343
3329 3337 3343
3329 3343 3344
3345 3329 3344
3345 3333 3329
3346 3333 3345
3346 3336 3333
3347 3339 3311
3336 3346 3348
3347 3311 3349
3349 3350 3347
3349 3311 3303
3351 3336 3348
3351 3348 3352
3332 3336 3351
3351 3352 3353
3349 3354 3350
3354 3355 3350
3356 3349 3303
3349 3356 3354
3304 3356 3303
3357 3332 3351
3351 3353 3357
3304 3358 3356
3354 3356 3358
3354 3359 3355
3359 3360 3355
3357 3361 3332
3357 3362 3361
3325 3332 3361
3363 3357 3353
3357 3363 3362
3363 3353 3364
3362 3363 3364
3362 3364 3365
3366 3362 3365
3325 3361 3367
3362 3367 3361
3326 3325 3367
3368 3366 3326
3366 3368 3362
3362 3368 3367
3368 3326 3367
3359 3369 3360
3370 3360 3369
3371 3370 3369
3371 3372 3370
3372 3371 3373
3372 3373 3374
3369 3375 3371
3373 3371 3375
3374 3373 3376
3374 3376 3377
3378 3377 3376
3378 3376 3379
3378 3379 3380
3379 3381 3380
3382 3376 3373
3382 3379 3376
3373 3375 3383
3382 3373 3383
3369 3384 3375
3385 3384 3369
3385 3369 3359
3386 3385 3359
3386 3359 3354
3354 3358 3386
3385 3386 3387
3358 3387 3386
3384 3385 3388
3385 3387 3388
3375 3384 3389
3384 3388 3389
3383 3375 3390
3375 3389 3390
3358 3391 3387
3304 3391 3358
3304 3310 3391
3391 3310 3392
3315 3392 3310
3393 3388 3387
3387 3394 3393
3387 3391 3394
3393 3395 3388
3395 3389 3388
3395 3396 3389
3397 3389 3396
3397 3390 3389
3398 3394 3391
3398 3391 3392
3397 3399 3390
3400 3390 3399
3400 3399 3401
3383 3390 3400
3402 3400 3401
3403 3383 3400
3402 3403 3400
3403 3382 3383
3403 3402 3404
3405 3398 3392
3405 3392 3315
3403 3406 3382
3382 3406 3379
3403 3404 3407
3403 3407 3406
3404 3408 3407
3407 3408 3409
3410 3398 3405
3410 3411 3398
3410 3412 3411
3405 3315 3413
3413 3410 3405
3315 3199 3413
3414 3379 3406
3414 3406 3407
3407 3409 3415
3414 3407 3415
3415 3409 3416
3410 3417 3412
3418 3412 3417
3413 3419 3410
3419 3413 3199
3417 3410 3419
3415 3416 3420
3414 3415 3420
3414 3421 3379
3379 3421 3381
3422 3418 3417
3422 3423 3418
3419 3199 3424
3203 3424 3199
3425 3424 3203
3417 3419 3426
3424 3426 3419
3422 3417 3426
3425 3427 3424
3424 3427 3426
3425 3428 3427
3429 3421 3414
3414 3420 3429
3427 3430 3426
3422 3426 3430
3422 3430 3431
3428 3432 3427
3427 3432 3430
3431 3430 3432
3428 3433 3432
3434 3432 3433
3431 3432 3434
3434 3433 3435
3436 3434 3435
3436 3437 3434
3437 3431 3434
3437 3436 3438
3429 3420 3439
3416 3439 3420
3416 3440 3439
3441 3439 3440
3429 3439 3441
3441 3440 3442
3441 3442 3443
3441 3443 3444
3444 3429 3441
3445 3444 3443
3444 3446 3429
3445 3446 3444
3429 3446 3421
3446 3445 3381
3446 3381 3421
3437 3438 3447
3438 3448 3447
3447 3448 3449
3447 3449 3450
3451 3447 3450
3450 3449 3452
3450 3452 3453
3453 3451 3450
3454 3453 3452
3437 3447 3455
3451 3455 3447
3437 3455 3456
3437 3456 3431
3455 3457 3456
3431 3456 3457
3458 3455 3451
3455 3458 3457
3431 3457 3459
3422 3431 3459
3423 3422 3459
3423 3459 3460
3459 3461 3460
3459 3457 3461
3462 3461 3457
3458 3462 3457
3458 3463 3462
3463 3458 3464
3458 3451 3464
3463 3464 3465
3466 3465 3464
3466 3464 3467
3451 3467 3464
3467 3468 3466
3451 3469 3467
3453 3469 3451
3467 3470 3468
3469 3470 3467
3471 3468 3470
3471 3470 3472
3469 3472 3470
3454 3471 3472
3473 3469 3453
3454 3473 3453
3473 3472 3469
3454 3472 3473
3474 3475 3476
3474 3476 3477
3478 3479 3476
3476 3479 3480
3481 3482 3476
3481 3483 3482
3484 3485 3486
3484 3486 3487
3488 3489 3490
3488 3490 3491
3492 3493 3494
3492 3494 3495
3496 3497 3498
3496 3498 3499
3500 3501 3502
3500 3502 3503
3504 3505 3506
3504 3506 3507
3508 3509 3510
3508 3510 3511
3512 3513 3514
3512 3514 3515
3516 3517 3518
3516 3518 3519
3520 3521 3522
3520 3522 3523
3524 3525 3526
3526 3525 3527
3528 3529 3530
3528 3530 3531
3532 3533 3534
3532 3534 3535
3536 3537 3538
3536 3538 3539
3540 3541 3542
3540 3542 3543
3544 3545 3546
3544 3546 3547
3548 3549 3550
3548 3550 3551
3552 3553 3554
3552 3554 3555
3556 3557 3558
3556 3558 3559
3560 3561 3562
3560 3562 3563
3564 3565 3566
3564 3566 3567
3568 3569 3570
3569 3571 3570
3572 3573 3574
3572 3574 3575
3576 3577 3578
3576 3578 3579
3580 3581 3582
3580 3582 3583
3584 3585 3586
3584 3586 3587
3588 3589 3590
3588 3590 3591
3592 3593 3594
3592 3594 3595
3596 3597 3598
3596 3598 3599
3600 3601 3602
3600 3602 3603
3604 3605 3606
3604 3606 3607
3608 3609 3610
3608 3610 3611
3612 3613 3614
3615 3613 3612
3616 3613 3615
3617 3613 3616
3618 3613 3617
3619 3613 3618
3620 3613 3619
3621 3613 3620
3622 3623 3624
3622 3624 3625
3626 3627 3628
3626 3628 3629
3630 3631 3632
3630 3632 3633
3634 3635 3636
3634 3636 3637
3638 3639 3640
3638 3640 3641
3642 3643 3644
3642 3644 3645
3646 3647 3648
3646 3648 3649
3650 3651 3652
3650 3652 3653
3654 3655 3656
3654 3656 3657
3658 3659 3660
3658 3660 3661
3662 3663 3664
3665 3662 3664
3666 3665 3664
3667 3666 3664
3668 3667 3664
3669 3668 3664
3670 3669 3664
3671 3670 3664
3672 3673 3674
3672 3674 3675
3674 3676 3675
3677 3678 3679
3677 3679 3680
3679 3681 3680
3682 3683 3684
3682 3684 3685
3684 3686 3685
3687 3688 3689
3687 3689 3690
3689 3691 3690
3692 3693 3694
3692 3694 3695
3694 3696 3695
3697 3698 3699
3697 3699 3700
3699 3701 3700
3702 3703 3704
3702 3705 3703
3702 3706 3705
3707 3705 3706
3707 3708 3705
3709 3705 3708
3709 3708 3710
3709 3710 3711
3707 3712 3708
3713 3708 3712
3713 3712 3714
3713 3714 3715
3707 3716 3712
3717 3712 3716
3717 3716 3718
3717 3718 3719
3707 3720 3716
3707 3706 3720
3721 3716 3720
3721 3720 3722
3721 3722 3723
3724 3720 3706
3724 3706 3725
3724 3725 3726
3727 3728 3729
3730 3727 3729
3731 3730 3729
3732 3727 3730
3730 3731 3733
3734 3732 3730
3730 3733 3735
3734 3730 3736
3735 3737 3730
3738 3736 3730
3730 3737 3739
3730 3739 3738
3740 3741 3742
3741 3740 3743
3743 3744 3741
3743 3740 3745
3743 3746 3744
3743 3745 3747
3743 3748 3746
3743 3747 3749
3743 3750 3748
3743 3749 3750
3751 3752 3753
3754 3752 3751
3754 3751 3755
3754 3756 3752
3755 3757 3754
3756 3754 3758
3754 3759 3758
3760 3759 3754
3760 3754 3761
3762 3761 3754
3763 3762 3754
3764 3754 3757
3754 3764 3763
3765 3763 3764
3765 3764 3766
3765 3766 3767
3765 3767 3768
3769 3770 3771
3772 3769 3771
3773 3772 3771
3773 3771 3774
3775 3773 3774
3773 3775 3776
3773 3776 3777
3773 3777 3778
3773 3778 3779
3780 3773 3779
3773 3781 3772
3781 3773 3780
3782 3772 3781
3783 3772 3782
3782 3784 3783
3784 3782 3785
3782 3786 3785
3782 3787 3786
3787 3782 3788
3789 3788 3782
3782 3790 3789
3790 3782 3791
3782 3792 3791
3781 3792 3782
3780 3792 3781
3792 3780 3793
3793 3794 3792
3793 3780 3795
3793 3796 3794
3797 3793 3795
3793 3798 3796
3793 3797 3799
3798 3793 3800
3801 3793 3799
3802 3800 3793
3801 3803 3793
3803 3802 3793
3804 3805 3806
3804 3807 3805
3808 3807 3804
3808 3809 3807
3810 3809 3808
3810 3808 3811
3810 3812 3809
3809 3812 3813
3813 3812 3814
3812 3815 3814
3816 3815 3812
3816 3812 3817
3817 3812 3818
3812 3819 3818
3810 3819 3812
3810 3811 3820
3810 3821 3819
3810 3820 3821
3821 3820 3822
3822 3823 3821
3822 3820 3824
3825 3823 3822
3822 3824 3826
3827 3825 3822
3828 3822 3826
3827 3822 3829
3828 3830 3822
3829 3822 3831
3832 3822 3830
3822 3833 3831
3822 3832 3834
3822 3834 3833
3835 3836 3837
3838 3836 3835
3839 3836 3838
3840 3838 3835
3838 3841 3839
3842 3838 3840
3838 3843 3841
3842 3844 3838
3843 3838 3845
3846 3838 3844
3838 3847 3845
3838 3846 3847
3848 3849 3850
3850 3851 3848
3851 3850 3852
3851 3853 3848
3851 3852 3854
3851 3855 3853
3851 3854 3856
3851 3857 3855
3851 3856 3858
3851 3858 3857
3859 3860 3861
3862 3859 3861
3862 3863 3859
3862 3861 3864
3863 3862 3865
3864 3866 3862
3862 3866 3867
3868 3862 3867
3868 3869 3862
3870 3862 3869
3871 3862 3870
3872 3865 3862
3862 3871 3872
3872 3871 3873
3872 3873 3874
3873 3875 3874
3873 3876 3875
3877 3878 3879
3880 3878 3877
3881 3878 3880
3881 3882 3878
3883 3882 3881
3881 3884 3883
3881 3885 3884
3881 3886 3885
3881 3887 3886
3888 3887 3881
3881 3880 3889
3889 3888 3881
3890 3889 3880
3891 3890 3880
3890 3891 3892
3892 3893 3890
3890 3893 3894
3890 3894 3895
3895 3896 3890
3897 3890 3896
3890 3897 3898
3898 3899 3890
3890 3899 3900
3889 3890 3900
3888 3889 3900
3900 3901 3888
3901 3900 3902
3901 3903 3888
3901 3902 3904
3905 3903 3901
3901 3904 3906
3901 3907 3905
3906 3908 3901
3909 3907 3901
3910 3901 3908
3909 3901 3911
3911 3901 3910
3912 3913 3914
3912 3914 3915
3916 3912 3915
3916 3915 3917
3918 3916 3917
3918 3919 3916
3918 3917 3920
3917 3921 3920
3921 3922 3920
3920 3922 3923
3924 3920 3923
3924 3925 3920
3925 3926 3920
3920 3926 3927
3918 3920 3927
3918 3928 3919
3918 3927 3929
3918 3929 3928
3929 3930 3928
3930 3929 3931
3930 3932 3928
3933 3930 3931
3930 3934 3932
3935 3930 3933
3936 3934 3930
3935 3937 3930
3936 3930 3938
3937 3939 3930
3940 3938 3930
3930 3939 3941
3930 3942 3940
3930 3941 3942
3943 3944 3945
3943 3945 3946
3946 3947 3943
3946 3948 3947
3949 3947 3948
3950 3947 3949
3951 3943 3947
3950 3951 3947
3949 3948 3952
3952 3948 3953
3953 3954 3952
3954 3949 3952
3953 3955 3954
3955 3953 3956
3955 3956 3957
3958 3957 3956
3958 3959 3957
3960 3957 3959
3960 3959 3961
3962 3955 3957
3962 3957 3960
3963 3960 3961
3962 3960 3963
3963 3961 3964
3963 3964 3965
3966 3954 3955
3966 3955 3962
3954 3967 3949
3966 3967 3954
3962 3963 3968
3966 3962 3968
3963 3965 3969
3969 3968 3963
3949 3967 3970
3949 3970 3950
3966 3971 3967
3970 3967 3971
3972 3969 3965
3972 3965 3973
3969 3974 3968
3969 3972 3974
3966 3968 3975
3975 3971 3966
3974 3975 3968
3973 3976 3972
3973 3977 3976
3978 3976 3977
3978 3977 3979
3979 3980 3978
3979 3981 3980
3982 3980 3981
3982 3981 3983
3984 3982 3983
3984 3983 3985
3986 3984 3985
3986 3985 3987
3986 3987 3988
3989 3978 3980
3989 3980 3990
3980 3982 3990
3991 3990 3982
3982 3992 3991
3984 3992 3982
3989 3993 3978
3993 3994 3978
3994 3995 3978
3996 3992 3984
3984 3986 3996
3995 3976 3978
3995 3997 3976
3997 3998 3976
3998 3972 3976
3996 3986 3999
3986 3988 3999
3998 4000 3972
4000 3974 3972
3996 3999 4001
4002 3996 4001
4002 4001 4003
3988 4004 3999
4001 3999 4004
3988 4005 4004
4000 3998 4006
4007 4006 3998
4000 4008 3974
4008 4000 4006
4009 4003 4001
4001 4004 4009
4005 4010 4004
4005 4011 4010
4011 4012 4010
4013 4010 4012
4004 4010 4014
4013 4014 4010
4004 4014 4009
4014 4013 4015
4009 4014 4015
4009 4016 4003
4009 4015 4016
4003 4016 4017
4016 4015 4018
4017 4016 4018
4007 4019 4006
4020 4019 4007
4019 4021 4006
4008 4006 4021
4020 4022 4019
4023 4022 4020
4019 4024 4021
4022 4024 4019
4025 4008 4021
4026 4021 4024
4025 4021 4026
4027 4008 4025
4027 3974 4008
3974 4027 3975
4027 4028 3975
3975 4028 3971
4029 4027 4025
4027 4029 4028
4028 4030 3971
3970 3971 4030
4030 4031 3970
3970 4031 3950
4028 4032 4030
4029 4033 4028
4032 4028 4033
4030 4034 4031
4034 4030 4032
4034 4035 4031
4035 4036 4031
4031 4036 4037
3950 4031 4037
4038 3950 4037
3950 4038 4039
3950 4039 3951
4040 3951 4039
3951 4040 3943
3943 4040 4041
3943 4041 4042
4043 4036 4035
4043 4035 4044
4035 4045 4044
4035 4046 4045
4035 4047 4046
4047 4035 4048
4047 4048 4049
4034 4048 4035
4049 4048 4050
4049 4050 4051
4052 4048 4034
4052 4050 4048
4034 4032 4052
4051 4050 4053
4051 4053 4054
4052 4032 4055
4032 4033 4055
4050 4052 4056
4050 4056 4053
4052 4055 4056
4057 4054 4053
4057 4058 4054
4053 4056 4059
4053 4059 4057
4056 4055 4060
4056 4060 4059
4055 4033 4061
4055 4061 4060
4062 4058 4057
4062 4063 4058
4063 4062 4064
4065 4064 4062
4066 4062 4057
4066 4057 4059
4065 4062 4066
4067 4066 4059
4066 4067 4065
4067 4059 4060
4067 4068 4065
4069 4067 4060
4067 4069 4068
4069 4060 4061
4070 4068 4069
4070 4069 4071
4071 4069 4061
4072 4070 4071
4071 4061 4073
4073 4061 4033
4073 4033 4029
4072 4071 4074
4074 4075 4072
4073 4029 4076
4029 4025 4076
4071 4073 4077
4077 4073 4076
4071 4077 4074
4078 4076 4025
4077 4076 4078
4078 4074 4077
4078 4025 4026
4078 4079 4074
4079 4078 4026
4075 4074 4080
4079 4080 4074
4079 4026 4081
4081 4080 4079
4026 4024 4081
4081 4024 4082
4081 4082 4080
4024 4022 4082
4080 4083 4075
4083 4080 4082
4083 4084 4075
4084 4083 4085
4082 4022 4086
4083 4082 4086
4022 4023 4086
4085 4083 4087
4083 4086 4087
4088 4085 4087
4089 4088 4087
4090 4086 4023
4086 4090 4087
4089 4087 4090
4090 4023 4091
4090 4091 4089
4092 4093 4094
4092 4095 4093
4095 4092 4096
4095 4096 4097
4098 4097 4096
4099 4098 4096
4100 4096 4092
4099 4096 4100
4098 4101 4097
4101 4102 4097
4102 4101 4103
4103 4101 4098
4102 4103 4104
4104 4105 4102
4104 4106 4105
4107 4105 4106
4107 4106 4108
4109 4108 4106
4109 4110 4108
4111 4106 4104
4111 4109 4106
4112 4110 4109
4111 4112 4109
4112 4113 4110
4112 4114 4113
4115 4104 4103
4115 4111 4104
4103 4098 4116
4115 4103 4116
4111 4117 4112
4115 4117 4111
4112 4118 4114
4118 4112 4117
4098 4119 4116
4098 4099 4119
4115 4116 4120
4119 4120 4116
4121 4114 4118
4121 4122 4114
4118 4117 4123
4118 4123 4121
4115 4124 4117
4124 4115 4120
4123 4117 4124
4122 4121 4125
4122 4125 4126
4127 4126 4125
4127 4128 4126
4128 4127 4129
4128 4129 4130
4131 4130 4129
4131 4132 4130
4133 4132 4131
4133 4134 4132
4135 4134 4133
4135 4136 4134
4135 4137 4136
4138 4129 4127
4138 4139 4129
4129 4139 4131
4140 4131 4139
4131 4140 4141
4133 4131 4141
4138 4127 4142
4142 4127 4143
4143 4127 4144
4145 4133 4141
4133 4145 4135
4144 4127 4125
4144 4125 4146
4146 4125 4147
4147 4125 4121
4145 4148 4135
4135 4148 4137
4147 4121 4149
4149 4121 4123
4145 4150 4148
4151 4150 4145
4151 4152 4150
4137 4148 4153
4150 4153 4148
4137 4153 4154
4149 4155 4147
4156 4147 4155
4149 4123 4157
4157 4155 4149
4158 4150 4152
4150 4158 4153
4154 4153 4159
4154 4159 4160
4160 4159 4161
4162 4161 4159
4153 4163 4159
4162 4159 4163
4153 4158 4163
4163 4164 4162
4158 4164 4163
4158 4152 4165
4158 4165 4164
4152 4166 4165
4165 4167 4164
4166 4167 4165
4156 4155 4168
4169 4156 4168
4168 4155 4170
4157 4170 4155
4169 4168 4171
4172 4169 4171
4168 4170 4173
4171 4168 4173
4174 4170 4157
4175 4173 4170
4174 4175 4170
4176 4174 4157
4176 4157 4123
4123 4124 4176
4176 4124 4177
4124 4120 4177
4178 4174 4176
4176 4177 4178
4177 4120 4179
4119 4179 4120
4179 4119 4180
4119 4099 4180
4177 4179 4181
4178 4177 4182
4181 4182 4177
4179 4180 4183
4183 4181 4179
4183 4180 4184
4184 4180 4185
4180 4186 4185
4099 4186 4180
4187 4186 4099
4099 4188 4187
4099 4100 4188
4189 4188 4100
4100 4092 4189
4092 4190 4189
4092 4191 4190
4192 4184 4185
4192 4193 4184
4184 4193 4194
4184 4194 4195
4184 4195 4196
4196 4197 4184
4196 4198 4197
4183 4184 4197
4198 4199 4197
4198 4200 4199
4201 4183 4197
4201 4197 4199
4183 4201 4181
4200 4202 4199
4200 4203 4202
4201 4204 4181
4181 4204 4182
4199 4205 4201
4199 4202 4205
4201 4205 4204
4206 4202 4203
4206 4203 4207
4202 4208 4205
4202 4206 4208
4205 4209 4204
4205 4208 4209
4204 4210 4182
4204 4209 4210
4211 4206 4207
4211 4207 4212
4212 4213 4211
4214 4211 4213
4215 4206 4211
4215 4208 4206
4214 4215 4211
4216 4208 4215
4215 4214 4216
4216 4209 4208
4216 4214 4217
4218 4209 4216
4216 4217 4218
4218 4210 4209
4219 4218 4217
4219 4220 4218
4220 4210 4218
4221 4220 4219
4220 4222 4210
4222 4182 4210
4222 4178 4182
4221 4223 4220
4223 4221 4224
4222 4225 4178
4178 4225 4174
4220 4226 4222
4226 4225 4222
4220 4223 4226
4227 4174 4225
4226 4227 4225
4227 4226 4223
4227 4175 4174
4227 4223 4228
4228 4175 4227
4224 4229 4223
4228 4223 4229
4228 4230 4175
4230 4228 4229
4175 4230 4173
4230 4231 4173
4230 4229 4231
4173 4231 4171
4229 4224 4232
4232 4231 4229
4232 4224 4233
4233 4234 4232
4231 4235 4171
4232 4235 4231
4171 4235 4172
4234 4236 4232
4232 4236 4235
4237 4236 4234
4238 4236 4237
4239 4172 4235
4235 4236 4239
4238 4239 4236
4239 4240 4172
4239 4238 4240
4241 4242 4243
4243 4244 4241
4242 4241 4245
4241 4244 4246
4247 4245 4241
4241 4246 4248
4247 4241 4249
4241 4248 4250
4251 4249 4241
4241 4250 4252
4253 4251 4241
4241 4252 4254
4253 4241 4254
4255 4256 4257
4255 4258 4256
4257 4256 4259
4256 4258 4260
4256 4261 4259
4262 4256 4260
4256 4263 4261
4264 4256 4262
4256 4265 4263
4264 4266 4256
4256 4266 4265
4267 4268 4269
4269 4268 4270
4269 4271 4267
4271 4269 4272
4269 4273 4272
4269 4274 4273
4268 4275 4270
4274 4269 4276
4270 4275 4277
4278 4276 4269
4269 4279 4278
4279 4269 4280
4269 4281 4280
4269 4282 4281
4282 4269 4270
4277 4283 4270
4270 4283 4284
4284 4283 4285
4286 4284 4285
4287 4284 4286
4284 4287 4288
4284 4288 4289
4284 4289 4290
4284 4290 4291
4292 4284 4291
4292 4270 4284
4282 4270 4292
4282 4292 4293
4293 4294 4282
4293 4292 4295
4293 4296 4294
4297 4293 4295
4293 4298 4296
4293 4297 4299
4298 4293 4300
4301 4293 4299
4302 4300 4293
4301 4303 4293
4303 4302 4293
4304 4305 4306
4307 4304 4306
4308 4306 4305
4306 4309 4307
4306 4308 4310
4309 4306 4311
4310 4312 4306
4313 4311 4306
4314 4306 4312
4306 4315 4313
4316 4306 4314
4315 4306 4317
4316 4317 4306
4318 4319 4320
4319 4318 4321
4320 4319 4322
4323 4322 4319
4319 4324 4323
4325 4324 4319
4319 4321 4326
4319 4327 4325
4326 4328 4319
4328 4327 4319
4329 4328 4326
4330 4327 4328
4329 4331 4328
4332 4330 4328
4332 4328 4331
4333 4334 4335
4333 4336 4334
4335 4334 4337
4334 4336 4338
4334 4339 4337
4340 4334 4338
4334 4341 4339
4342 4334 4340
4334 4343 4341
4342 4344 4334
4334 4344 4343
4345 4346 4347
4346 4345 4348
4347 4349 4345
4345 4350 4348
4351 4345 4349
4345 4352 4350
4351 4353 4345
4345 4354 4352
4355 4345 4353
4345 4356 4354
4357 4345 4355
4345 4358 4356
4357 4358 4345
4359 4360 4361
4359 4361 4362
4360 4363 4361
4361 4364 4362
4361 4363 4365
4366 4364 4361
4361 4365 4367
4368 4366 4361
4361 4367 4369
4368 4361 4370
4361 4369 4370
4371 4372 4373
4372 4374 4373
4372 4371 4375
4375 4376 4372
4372 4376 4377
4372 4377 4378
4373 4374 4379
4378 4380 4372
4374 4381 4379
4382 4372 4380
4372 4382 4383
4383 4384 4372
4372 4384 4385
4372 4385 4386
4386 4374 4372
4381 4374 4387
4374 4388 4387
4388 4389 4387
4390 4389 4388
4391 4390 4388
4388 4392 4391
4388 4393 4392
4388 4394 4393
4388 4395 4394
4396 4395 4388
4396 4388 4374
4386 4396 4374
4386 4397 4396
4397 4386 4398
4397 4399 4396
4397 4398 4400
4401 4399 4397
4397 4400 4402
4397 4403 4401
4402 4404 4397
4405 4403 4397
4406 4397 4404
4405 4397 4407
4407 4397 4406
4408 4409 4410
4411 4409 4408
4412 4410 4409
4409 4411 4413
4409 4414 4412
4413 4415 4409
4414 4409 4416
4417 4409 4415
4418 4416 4409
4409 4417 4419
4420 4418 4409
4419 4421 4409
4420 4409 4421
4422 4423 4424
4424 4425 4422
4423 4426 4424
4427 4424 4426
4424 4427 4428
4429 4424 4428
4424 4430 4425
4424 4429 4431
4430 4424 4432
4432 4424 4431
4433 4430 4432
4434 4432 4431
4433 4432 4435
4436 4432 4434
4436 4435 4432
4437 4438 4439
4437 4439 4440
4438 4441 4439
4439 4442 4440
4439 4441 4443
4444 4442 4439
4439 4443 4445
4446 4444 4439
4439 4445 4447
4446 4439 4448
4439 4447 4448
4449 4450 4451
4449 4452 4450
4451 4453 4449
4453 4451 4454
4455 4453 4454
4452 4449 4456
4452 4456 4457
4456 4458 4457
4455 4459 4453
4459 4455 4460
4459 4460 4461
4462 4449 4453
4462 4456 4449
4458 4456 4463
4463 4464 4458
4463 4465 4464
4466 4453 4459
4462 4453 4466
4461 4467 4459
4466 4459 4467
4467 4461 4468
4469 4467 4468
4470 4463 4456
4470 4456 4462
4465 4463 4471
4470 4471 4463
4465 4471 4472
4471 4473 4472
4474 4462 4466
4474 4470 4462
4469 4475 4467
4475 4469 4476
4475 4476 4477
4466 4467 4478
4474 4466 4478
4478 4467 4475
4474 4479 4470
4479 4471 4470
4474 4478 4479
4473 4471 4480
4479 4480 4471
4480 4481 4473
4480 4482 4481
4477 4483 4475
4478 4475 4483
4478 4483 4479
4479 4483 4480
4482 4480 4483
4483 4477 4484
4482 4483 4484
4485 4486 4487
4485 4488 4486
4487 4489 4485
4489 4487 4490
4491 4489 4490
4488 4485 4492
4488 4492 4493
4492 4494 4493
4491 4495 4489
4495 4491 4496
4495 4496 4497
4498 4485 4489
4498 4492 4485
4494 4492 4499
4499 4500 4494
4499 4501 4500
4502 4489 4495
4498 4489 4502
4497 4503 4495
4502 4495 4503
4503 4497 4504
4505 4503 4504
4506 4499 4492
4506 4492 4498
4501 4499 4507
4506 4507 4499
4501 4507 4508
4507 4509 4508
4510 4498 4502
4510 4506 4498
4505 4511 4503
4511 4505 4512
4511 4512 4513
4502 4503 4514
4510 4502 4514
4514 4503 4511
4510 4515 4506
4515 4507 4506
4510 4514 4515
4509 4507 4516
4515 4516 4507
4516 4517 4509
4516 4518 4517
4513 4519 4511
4514 4511 4519
4514 4519 4515
4515 4519 4516
4518 4516 4519
4519 4513 4520
4518 4519 4520
4521 4522 4523
4521 4523 4524
4522 4521 4525
4525 4526 4522
4527 4526 4525
4524 4528 4521
4524 4529 4528
4528 4529 4530
4527 4525 4531
4531 4532 4527
4531 4533 4532
4534 4525 4521
4534 4521 4528
4530 4535 4528
4535 4530 4536
4535 4536 4537
4538 4531 4525
4534 4538 4525
4533 4531 4539
4538 4539 4531
4539 4540 4533
4541 4540 4539
4542 4528 4535
4542 4534 4528
4537 4543 4535
4542 4535 4543
4537 4544 4543
4543 4544 4545
4546 4538 4534
4546 4534 4542
4541 4539 4547
4547 4548 4541
4547 4549 4548
4538 4550 4539
4546 4550 4538
4550 4547 4539
4546 4542 4551
4551 4542 4543
4546 4551 4550
4545 4552 4543
4551 4543 4552
4552 4545 4553
4552 4553 4554
4549 4547 4555
4550 4555 4547
4550 4551 4555
4551 4552 4555
4554 4555 4552
4555 4556 4549
4554 4556 4555
4557 4558 4559
4557 4559 4560
4558 4557 4561
4561 4562 4558
4563 4562 4561
4560 4564 4557
4560 4565 4564
4564 4565 4566
4563 4561 4567
4567 4568 4563
4567 4569 4568
4570 4561 4557
4570 4557 4564
4566 4571 4564
4571 4566 4572
4571 4572 4573
4574 4567 4561
4570 4574 4561
4569 4567 4575
4574 4575 4567
4575 4576 4569
4577 4576 4575
4578 4564 4571
4578 4570 4564
4573 4579 4571
4578 4571 4579
4573 4580 4579
4579 4580 4581
4582 4574 4570
4582 4570 4578
4577 4575 4583
4583 4584 4577
4583 4585 4584
4574 4586 4575
4582 4586 4574
4586 4583 4575
4582 4578 4587
4587 4578 4579
4582 4587 4586
4581 4588 4579
4587 4579 4588
4588 4581 4589
4588 4589 4590
4585 4583 4591
4586 4591 4583
4586 4587 4591
4587 4588 4591
4590 4591 4588
4591 4592 4585
4590 4592 4591
