byte offset: 0
first index: 0
index count: 9294
topology: trianglelist
format: DXGI_FORMAT_R16_UINT

0 1 2
0 2 3
4 5 6
4 6 7
8 9 10
8 10 11
12 13 14
12 14 15
16 2 1
16 1 17
18 5 4
18 4 19
20 9 8
20 8 21
12 15 22
12 22 23
24 25 16
24 16 17
26 27 18
26 18 19
20 21 28
20 28 29
30 23 22
30 22 31
25 24 32
25 32 33
27 26 34
27 34 35
29 28 36
29 36 37
31 38 39
31 39 30
40 41 42
40 42 43
44 45 46
44 46 47
48 49 50
48 50 51
52 53 54
52 54 55
56 57 43
56 43 42
58 59 45
58 45 44
60 61 48
60 48 51
52 62 63
52 63 53
64 57 56
64 56 65
66 59 58
66 58 67
60 68 69
60 69 61
70 71 63
70 63 62
65 72 73
65 73 64
67 74 75
67 75 66
68 76 77
68 77 69
71 70 78
71 78 79
80 81 82
80 82 83
84 85 86
84 86 87
88 89 90
88 90 91
92 93 94
92 94 95
96 89 88
96 88 97
98 99 95
98 95 94
100 101 102
100 102 103
104 105 106
104 106 107
108 109 110
108 110 111
112 113 114
112 114 115
116 102 101
116 101 117
107 106 118
107 118 119
120 111 110
120 110 121
122 115 114
122 114 123
124 125 126
124 126 127
127 126 128
127 128 129
129 128 130
129 130 131
132 133 117
134 135 119
136 137 138
136 138 139
140 117 141
140 141 142
135 143 144
135 144 119
120 121 145
120 145 146
139 138 147
139 147 148
142 141 149
142 149 150
143 151 152
143 152 144
146 145 153
146 153 154
148 147 155
148 155 156
150 149 157
150 157 158
151 159 160
151 160 152
154 153 161
154 161 162
156 155 163
156 163 164
158 157 165
158 165 166
159 167 168
159 168 160
162 161 169
162 169 170
164 163 171
164 171 172
173 172 171
173 171 174
175 176 177
175 177 178
179 180 181
179 181 182
125 124 183
125 183 184
185 186 122
185 122 123
103 187 188
103 188 100
189 190 105
189 105 104
109 108 96
109 96 97
113 112 99
113 99 98
178 177 191
179 182 192
132 117 140
117 133 116
193 119 118
134 119 193
194 195 196
194 196 197
198 199 200
198 200 201
199 194 197
199 197 200
195 202 203
195 203 196
204 205 206
204 206 207
208 209 210
208 210 211
212 213 214
212 214 215
216 217 218
216 218 219
217 212 215
217 215 218
213 220 221
213 221 214
222 223 224
222 224 225
226 227 228
226 228 229
230 231 232
230 232 233
234 235 236
234 236 237
233 232 238
233 238 239
240 241 242
240 242 243
244 245 246
244 246 247
248 249 250
248 250 251
252 253 254
252 254 255
256 257 258
256 258 259
245 244 260
245 260 261
261 260 262
261 262 263
264 265 262
254 241 266
241 240 266
250 249 267
262 265 263
267 249 256
268 269 236
268 236 235
265 264 231
265 231 230
270 271 272
270 272 273
274 275 276
274 276 277
271 278 279
271 279 272
280 281 282
280 282 283
284 285 286
284 286 287
288 289 290
288 290 291
292 293 294
292 294 295
296 297 298
296 298 299
287 300 301
287 301 284
300 302 303
300 303 301
304 303 305
294 293 306
283 306 280
290 307 291
303 302 305
307 297 296
308 277 276
308 276 309
305 270 273
305 273 304
267 256 259
307 296 291
254 266 255
294 306 283
310 311 312
310 312 313
314 315 316
314 316 317
318 319 320
318 320 321
322 323 324
314 325 326
314 326 315
319 327 328
329 324 330
331 332 310
331 310 313
332 331 333
332 333 334
335 336 326
335 326 325
319 337 327
322 324 329
328 327 338
329 330 339
339 330 340
328 338 341
342 343 344
342 344 345
346 347 348
346 348 349
348 347 350
348 350 351
318 352 353
354 355 323
344 356 357
344 357 345
358 357 356
358 356 359
350 360 361
350 361 351
318 353 337
322 354 323
352 362 353
354 363 355
363 364 355
352 365 362
366 367 324
366 324 323
319 318 337
368 369 370
368 370 371
372 373 374
372 374 375
369 376 377
369 377 370
378 379 380
378 380 381
382 383 384
382 384 385
386 387 388
386 388 389
390 391 392
390 392 393
394 395 396
394 396 397
385 398 399
385 399 382
398 400 401
398 401 399
402 401 403
392 391 404
381 404 378
388 405 389
401 400 403
405 395 394
406 375 374
406 374 407
403 368 371
403 371 402
408 409 410
408 410 411
412 413 414
412 414 415
411 410 416
411 416 417
418 419 420
418 420 421
422 423 424
422 424 425
426 427 428
426 428 429
430 431 432
430 432 433
434 435 436
434 436 437
423 422 438
423 438 439
439 438 440
439 440 441
442 443 440
432 419 444
419 418 444
428 427 445
440 443 441
445 427 434
446 447 414
446 414 413
443 442 409
443 409 408
392 404 381
405 394 389
432 444 433
445 434 437
448 449 450
448 450 451
452 453 454
452 454 455
456 457 458
456 458 459
460 461 462
460 462 463
449 448 464
449 464 465
454 453 466
454 466 467
457 456 468
457 468 469
463 470 471
463 471 460
472 473 465
472 465 464
466 474 475
466 475 467
469 468 476
469 476 477
478 471 470
478 470 479
480 481 482
480 482 483
484 485 486
484 486 487
488 489 490
488 490 491
492 493 494
492 494 495
483 496 497
483 497 480
484 498 499
484 499 485
491 500 501
491 501 488
493 492 502
493 502 503
504 497 496
504 496 505
506 507 499
506 499 498
500 508 509
500 509 501
510 511 503
510 503 502
187 82 81
187 81 188
84 87 190
84 190 189
512 513 514
512 514 515
516 517 518
516 518 519
520 521 522
520 522 523
524 525 526
524 526 527
528 529 530
528 530 531
532 533 534
532 534 535
536 537 538
536 538 539
540 541 542
540 542 543
544 545 546
544 546 547
548 549 533
548 533 532
539 538 513
539 513 512
543 542 516
543 516 519
547 546 525
547 525 524
550 551 549
550 549 548
552 553 554
552 554 555
556 557 558
556 558 555
557 559 560
557 560 558
559 561 562
559 562 560
563 564 565
563 565 566
567 563 566
567 566 568
569 567 568
569 568 570
571 569 570
571 570 572
571 572 573
571 573 574
574 573 575
574 575 576
576 575 577
576 577 578
556 555 554
556 554 579
555 558 580
555 580 552
558 560 581
558 581 580
560 562 582
560 582 581
583 584 564
583 564 563
585 583 563
585 563 567
586 585 567
586 567 569
586 569 571
586 571 587
587 571 574
587 574 588
588 574 576
588 576 589
589 576 578
589 578 590
564 562 561
564 561 565
565 561 591
565 591 592
584 582 562
584 562 564
593 594 595
593 595 596
556 579 597
556 597 598
557 556 598
557 598 599
559 557 599
559 599 600
561 559 600
561 600 591
568 566 601
568 601 602
603 570 568
603 568 602
573 572 604
573 604 605
575 573 605
575 605 606
577 575 606
577 606 607
608 609 610
608 610 611
612 613 614
612 614 615
598 615 616
598 616 599
617 618 595
617 595 594
599 616 619
599 619 600
620 621 618
620 618 617
600 619 622
600 622 591
609 608 621
609 621 620
592 623 624
592 624 601
625 626 611
625 611 610
601 624 627
601 627 602
628 629 626
628 626 625
602 627 630
602 630 603
631 632 629
631 629 628
603 630 633
603 633 604
634 635 632
634 632 631
605 604 633
605 633 636
637 638 635
637 635 634
606 605 636
606 636 639
640 641 638
640 638 637
607 606 639
607 639 642
643 641 640
643 640 644
612 615 598
612 598 597
615 614 645
615 645 616
616 645 646
616 646 619
619 646 647
619 647 622
623 648 649
623 649 624
624 649 650
624 650 627
627 650 651
627 651 630
651 652 633
651 633 630
636 633 652
636 652 653
639 636 653
639 653 654
642 639 654
642 654 655
623 592 591
623 591 622
648 623 622
648 622 647
601 566 565
601 565 592
572 570 603
572 603 604
656 657 658
656 658 659
660 656 659
660 659 661
662 660 661
662 661 663
664 665 666
664 666 667
668 664 667
668 667 669
670 668 669
670 669 671
672 673 674
672 674 675
676 677 672
676 672 675
678 679 680
678 680 681
682 683 684
682 684 685
686 687 688
686 688 689
690 691 692
690 692 693
694 695 696
694 696 697
695 694 698
695 698 699
693 692 679
693 679 678
700 701 682
700 682 685
699 698 691
699 691 690
702 703 704
702 704 705
706 707 708
706 708 709
710 708 707
710 707 711
710 711 704
710 704 703
700 697 696
700 696 701
712 713 714
712 714 715
716 717 718
716 718 719
715 720 721
715 721 719
712 715 719
712 719 718
722 712 718
722 718 723
724 725 726
724 726 727
728 729 730
728 730 731
732 724 727
732 727 730
733 724 732
733 732 734
735 736 737
735 737 738
739 740 741
739 741 742
738 743 744
738 744 742
735 738 742
735 742 741
745 735 741
745 741 746
747 748 749
747 749 750
751 752 753
751 753 754
755 756 757
755 757 758
759 760 761
759 761 762
763 764 765
763 765 766
767 768 769
767 769 770
770 769 751
770 751 754
771 772 773
771 773 774
775 776 777
775 777 778
759 775 778
759 778 760
764 748 747
764 747 765
755 758 774
755 774 773
779 780 781
779 781 782
783 784 785
783 785 786
787 788 789
787 789 790
791 792 793
791 793 794
795 796 797
795 797 798
799 800 801
799 801 802
802 801 783
802 783 786
803 804 805
803 805 806
807 808 809
807 809 810
791 807 810
791 810 792
796 780 779
796 779 797
787 790 806
787 806 805
811 812 813
811 813 814
815 816 817
815 817 818
819 820 821
819 821 822
823 824 825
823 825 826
827 828 829
827 829 830
831 832 833
831 833 834
834 833 815
834 815 818
835 836 837
835 837 838
839 840 841
839 841 842
823 839 842
823 842 824
828 812 811
828 811 829
819 822 838
819 838 837
843 844 845
843 845 846
847 848 849
847 849 850
851 852 853
851 853 854
855 856 857
855 857 858
859 860 861
859 861 862
863 864 865
863 865 866
866 865 847
866 847 850
867 868 869
867 869 870
871 872 873
871 873 874
855 871 874
855 874 856
860 844 843
860 843 861
851 854 870
851 870 869
875 876 877
875 877 878
879 880 881
879 881 882
883 884 885
883 885 886
887 888 889
887 889 890
891 892 893
891 893 894
895 896 897
895 897 898
898 897 879
898 879 882
899 900 901
899 901 902
903 904 905
903 905 906
887 903 906
887 906 888
892 876 875
892 875 893
883 886 902
883 902 901
907 908 909
907 909 910
911 912 913
911 913 914
915 916 917
915 917 918
919 920 921
919 921 922
923 924 925
923 925 926
927 928 929
927 929 930
931 932 933
931 933 934
935 936 937
935 937 938
939 940 941
939 941 942
927 930 908
927 908 907
910 909 911
910 911 914
929 928 915
929 915 918
917 916 924
917 924 923
943 944 945
943 945 946
947 933 932
947 932 948
942 941 935
942 935 938
949 950 940
949 940 939
946 945 931
946 931 934
951 952 953
951 953 954
955 956 957
955 957 958
959 960 961
959 961 962
963 964 965
963 965 966
967 968 969
967 969 970
971 972 973
971 973 974
975 976 977
975 977 978
979 980 981
979 981 982
983 984 985
983 985 986
971 974 952
971 952 951
954 953 955
954 955 958
973 972 959
973 959 962
961 960 968
961 968 967
987 988 989
987 989 990
991 977 976
991 976 992
986 985 979
986 979 982
993 994 984
993 984 983
990 989 975
990 975 978
995 996 997
995 997 998
999 1000 1001
999 1001 1002
1003 1004 1005
1003 1005 1006
1007 1008 1009
1007 1009 1010
1011 1012 1013
1011 1013 1014
1015 1016 1017
1015 1017 1018
1019 1020 1021
1019 1021 1022
1023 1024 1025
1023 1025 1026
1027 1028 1029
1027 1029 1030
1015 1018 996
1015 996 995
998 997 999
998 999 1002
1017 1016 1003
1017 1003 1006
1005 1004 1012
1005 1012 1011
1031 1032 1033
1031 1033 1034
1035 1021 1020
1035 1020 1036
1030 1029 1023
1030 1023 1026
1037 1038 1028
1037 1028 1027
1034 1033 1019
1034 1019 1022
1039 1040 1041
1039 1041 1042
1043 1044 1045
1043 1045 1046
1047 1048 1049
1047 1049 1050
1051 1052 1053
1051 1053 1054
1055 1056 1057
1055 1057 1058
1059 1060 1061
1059 1061 1062
1063 1064 1065
1063 1065 1066
1067 1068 1069
1067 1069 1070
1071 1072 1073
1071 1073 1074
1059 1062 1040
1059 1040 1039
1042 1041 1043
1042 1043 1046
1061 1060 1047
1061 1047 1050
1049 1048 1056
1049 1056 1055
1075 1076 1077
1075 1077 1078
1079 1065 1064
1079 1064 1080
1074 1073 1067
1074 1067 1070
1081 1082 1072
1081 1072 1071
1078 1077 1063
1078 1063 1066
1083 1084 1085
1083 1085 1086
1087 1088 1089
1087 1089 1090
1091 1092 1093
1091 1093 1094
1095 1096 1097
1095 1097 1098
1099 1100 1101
1099 1101 1102
1103 1104 1105
1103 1105 1106
1107 1108 1109
1107 1109 1110
1111 1112 1113
1111 1113 1114
1115 1116 1117
1115 1117 1118
1103 1106 1084
1103 1084 1083
1086 1085 1087
1086 1087 1090
1105 1104 1091
1105 1091 1094
1093 1092 1100
1093 1100 1099
1119 1120 1121
1119 1121 1122
1123 1109 1108
1123 1108 1124
1118 1117 1111
1118 1111 1114
1125 1126 1116
1125 1116 1115
1122 1121 1107
1122 1107 1110
1127 1128 1129
1127 1129 1130
1131 1132 1133
1131 1133 1134
1135 1136 1137
1135 1137 1138
1139 1140 1141
1139 1141 1142
1143 1144 1145
1143 1145 1146
1147 1148 1149
1147 1149 1150
1151 1152 1153
1151 1153 1154
1155 1156 1157
1155 1157 1158
1159 1160 1161
1159 1161 1162
1147 1150 1128
1147 1128 1127
1130 1129 1131
1130 1131 1134
1149 1148 1135
1149 1135 1138
1137 1136 1144
1137 1144 1143
1163 1164 1165
1163 1165 1166
1167 1153 1152
1167 1152 1168
1162 1161 1155
1162 1155 1158
1169 1170 1160
1169 1160 1159
1166 1165 1151
1166 1151 1154
1171 1172 1173
1171 1173 1174
1175 1176 1177
1175 1177 1178
1179 1180 1181
1179 1181 1182
1183 1184 1185
1183 1185 1186
1187 1188 1189
1187 1189 1190
1191 1192 1193
1191 1193 1194
1195 1196 1197
1195 1197 1198
1199 1200 1201
1199 1201 1202
1203 1204 1205
1203 1205 1206
1191 1194 1172
1191 1172 1171
1174 1173 1175
1174 1175 1178
1193 1192 1179
1193 1179 1182
1181 1180 1188
1181 1188 1187
1207 1208 1209
1207 1209 1210
1211 1197 1196
1211 1196 1212
1206 1205 1199
1206 1199 1202
1213 1214 1204
1213 1204 1203
1210 1209 1195
1210 1195 1198
1215 1216 1217
1215 1217 1218
1219 1220 1221
1219 1221 1222
1223 1224 1225
1223 1225 1226
1227 1228 1229
1227 1229 1230
1231 1232 1233
1231 1233 1234
1235 1236 1237
1235 1237 1238
1239 1240 1241
1239 1241 1242
1243 1244 1245
1243 1245 1246
1247 1248 1249
1247 1249 1250
1235 1238 1216
1235 1216 1215
1218 1217 1219
1218 1219 1222
1237 1236 1223
1237 1223 1226
1225 1224 1232
1225 1232 1231
1251 1252 1253
1251 1253 1254
1255 1241 1240
1255 1240 1256
1250 1249 1243
1250 1243 1246
1257 1258 1248
1257 1248 1247
1254 1253 1239
1254 1239 1242
1259 1260 1261
1259 1261 1262
1263 1264 1265
1263 1265 1266
1267 1268 1269
1267 1269 1270
1271 1272 1273
1271 1273 1274
1275 1276 1277
1275 1277 1278
1279 1280 1281
1279 1281 1282
1283 1284 1285
1283 1285 1286
1287 1288 1289
1287 1289 1290
1291 1292 1293
1291 1293 1294
1295 1296 1297
1295 1297 1298
1299 1300 1301
1299 1301 1302
1303 1304 1305
1303 1305 1306
1307 1308 1309
1307 1309 1310
1311 1312 1313
1311 1313 1314
1315 1316 1317
1315 1317 1318
1319 1320 1321
1319 1321 1322
1323 1324 1325
1323 1325 1326
1327 1328 1329
1327 1329 1330
1320 1319 1327
1320 1327 1330
1326 1322 1321
1326 1321 1323
1331 1332 1333
1331 1333 1334
1335 1336 1337
1335 1337 1338
1339 1340 1341
1339 1341 1342
1343 1344 1345
1346 1347 1348
1346 1348 1349
1334 1333 1347
1331 1335 1338
1350 1351 1352
1350 1352 1353
1342 1354 1339
1334 1347 1346
1331 1338 1332
1355 1356 1357
1355 1357 1358
1359 1360 1361
1359 1361 1362
1363 1364 1365
1363 1365 1366
1367 1368 1369
1367 1369 1370
1371 1372 1373
1371 1373 1374
1375 1376 1377
1375 1377 1378
1379 1380 1381
1379 1381 1382
1383 1384 1385
1383 1385 1386
1378 1384 1383
1378 1383 1375
1380 1379 1377
1380 1377 1376
1387 1388 1389
1387 1389 1390
1391 1392 1393
1391 1393 1394
1395 1396 1397
1395 1397 1398
1399 1400 1401
1402 1403 1404
1402 1404 1405
1388 1402 1405
1387 1390 1392
1401 1406 1407
1401 1407 1399
1408 1409 1410
1388 1405 1389
1387 1392 1391
1411 1412 1413
1411 1413 1414
1415 1416 1417
1415 1417 1418
1419 1420 1421
1419 1421 1422
1423 1424 1425
1423 1425 1426
1427 1428 1429
1427 1429 1430
1431 1432 1433
1431 1433 1434
1435 1436 1437
1435 1437 1438
1439 1440 1441
1439 1441 1442
1442 1441 1436
1442 1436 1435
1438 1437 1440
1438 1440 1439
1443 1444 1445
1443 1445 1446
1447 1448 1449
1447 1449 1450
1451 1452 1453
1451 1453 1454
1455 1451 1454
1455 1454 1456
1452 1457 1458
1452 1458 1453
727 726 1459
727 1459 1460
732 730 729
732 729 1461
731 730 727
731 727 1460
1462 1463 1464
1462 1464 1465
1466 1467 1468
1466 1468 1469
1462 1470 1471
1462 1471 1468
1463 1462 1468
1463 1468 1467
1472 1473 1474
1475 1476 1472
1475 1472 1477
1478 1474 1473
1478 1473 1479
1476 1479 1473
1476 1473 1472
1480 1481 1482
1480 1482 1483
1484 1483 1482
1484 1482 1485
1475 1477 1481
1475 1481 1480
1481 1485 1482
1486 1487 1488
1486 1489 1490
1486 1490 1491
1492 1493 1488
1492 1488 1487
1488 1493 1489
1488 1489 1486
1494 1495 1496
1494 1496 1497
1496 1495 1484
1496 1484 1485
1490 1494 1497
1490 1497 1491
1497 1496 1485
1498 1474 1499
1498 1500 1501
1498 1501 1502
1478 1503 1499
1478 1499 1474
1499 1503 1500
1499 1500 1498
1504 1505 1506
1504 1506 1507
1506 1505 1508
1506 1508 1509
1501 1504 1507
1501 1507 1502
1507 1506 1509
1510 1511 1487
1512 1513 1510
1512 1510 1514
1492 1487 1511
1492 1511 1515
1513 1515 1511
1513 1511 1510
1516 1517 1518
1516 1518 1519
1508 1519 1518
1508 1518 1509
1512 1514 1517
1512 1517 1516
1510 1487 1486
1517 1509 1518
1497 1481 1491
1502 1514 1491
1502 1491 1477
1507 1517 1502
1472 1498 1477
1481 1497 1485
1498 1472 1474
1517 1507 1509
1491 1514 1486
1520 1521 1522
1520 1522 1523
1524 1525 1526
1524 1526 1527
1528 1529 1530
1528 1530 1531
1532 1533 1534
1532 1534 1535
1521 1520 1536
1521 1536 1537
1526 1525 1538
1526 1538 1539
1531 1530 1540
1531 1540 1541
1542 1543 1544
1542 1544 1545
1546 1537 1536
1546 1536 1547
1539 1538 1548
1539 1548 1549
1550 1541 1540
1550 1540 1551
1552 1545 1544
1552 1544 1553
1554 1555 1556
1554 1556 1557
1558 1559 1560
1558 1560 1561
1562 1563 1564
1562 1564 1565
1566 1567 1568
1566 1568 1569
1570 1523 1522
1570 1522 1571
1524 1527 1572
1524 1572 1573
1574 1575 1529
1574 1529 1528
1543 1542 1533
1543 1533 1532
1555 1554 1546
1555 1546 1547
1558 1549 1548
1558 1548 1559
1563 1562 1550
1563 1550 1551
1567 1566 1552
1567 1552 1553
1477 1498 1502
1491 1481 1477
1502 1517 1514
1486 1514 1510
1576 1577 1578
1579 1580 1581
1579 1581 1582
1583 1577 1584
1578 1577 1583
1585 1586 1587
1585 1587 1588
1589 1590 1591
1589 1591 1592
1585 1593 1594
1595 1596 1597
1598 1599 1600
1598 1600 1601
1602 1603 1597
1596 1602 1597
1586 1604 1605
1586 1605 1587
1606 1607 1608
1606 1608 1609
1610 1611 1612
1610 1612 1613
1614 1615 1616
1614 1616 1617
1618 1593 1585
1618 1585 1588
1608 1607 1615
1608 1615 1614
1588 1619 1618
1620 1621 1593
1620 1593 1618
1622 1623 1624
1622 1624 1625
1626 1627 1628
1626 1628 1629
1630 1631 1627
1630 1627 1626
1632 1633 1626
1632 1626 1629
1634 1635 1629
1634 1629 1628
1636 1637 1628
1636 1628 1627
1638 1639 1640
1638 1640 1641
1642 1643 1644
1642 1644 1645
1646 1647 1643
1646 1643 1642
1648 1649 1642
1648 1642 1645
1650 1651 1645
1650 1645 1644
1652 1653 1644
1652 1644 1643
1654 1655 1656
1654 1656 1657
1658 1659 1660
1658 1660 1661
1662 1658 1661
1662 1661 1663
1664 1659 1658
1664 1658 1665
1666 1660 1659
1666 1659 1667
1668 1661 1660
1668 1660 1669
1670 1671 1672
1670 1672 1673
1674 1675 1676
1674 1676 1677
1678 1674 1677
1678 1677 1679
1680 1675 1674
1680 1674 1681
1682 1676 1675
1682 1675 1683
1684 1677 1676
1684 1676 1685
1686 1687 1688
1686 1688 1689
1690 1691 1692
1690 1692 1693
1694 1690 1693
1694 1693 1695
1695 1687 1686
1695 1686 1694
1696 1697 1698
1696 1698 1699
1700 1701 1702
1700 1702 1703
1703 1702 1704
1703 1704 1705
1698 1697 1705
1698 1705 1704
1706 1707 1708
1706 1708 1709
1710 1711 1712
1710 1712 1713
1714 1710 1713
1714 1713 1715
1715 1707 1706
1715 1706 1714
1716 1717 1718
1716 1718 1719
1720 1721 1722
1720 1722 1723
1723 1722 1724
1723 1724 1725
1718 1717 1725
1718 1725 1724
1726 1727 1728
1726 1728 1729
1730 1731 1732
1730 1732 1733
1734 1730 1733
1734 1733 1735
1735 1727 1726
1735 1726 1734
1736 1737 1738
1736 1738 1739
1740 1741 1742
1740 1742 1743
1743 1742 1744
1743 1744 1745
1738 1737 1745
1738 1745 1744
1746 1747 1748
1746 1748 1749
1750 1746 1749
1750 1749 1751
1752 1750 1751
1752 1751 1753
1754 1752 1753
1754 1753 1755
1756 1754 1755
1756 1755 1757
1758 1759 1760
1758 1760 1761
1762 1758 1761
1762 1761 1763
1764 1762 1763
1764 1763 1765
1766 1764 1765
1766 1765 1767
1768 1766 1767
1768 1767 1769
1761 1760 1770
1761 1770 1771
1763 1761 1771
1763 1771 1772
1765 1763 1772
1765 1772 1773
1767 1765 1773
1767 1773 1774
1769 1767 1774
1769 1774 1775
1776 1777 1778
1776 1778 1779
1777 1780 1781
1777 1781 1778
1780 1782 1783
1780 1783 1781
1782 1784 1785
1782 1785 1783
1784 1786 1787
1784 1787 1785
1779 1778 1788
1779 1788 1789
1778 1781 1790
1778 1790 1788
1781 1783 1791
1781 1791 1790
1783 1785 1792
1783 1792 1791
1785 1787 1793
1785 1793 1792
1794 1795 1796
1794 1796 1797
1798 1799 1795
1798 1795 1794
1800 1801 1802
1800 1802 1803
1804 1805 1801
1804 1801 1800
1806 1807 1748
1806 1748 1747
1808 1809 1807
1808 1807 1806
1810 1811 1809
1810 1809 1808
1812 1813 1811
1812 1811 1810
1814 1815 1813
1814 1813 1812
1816 1817 1760
1816 1760 1759
1818 1819 1817
1818 1817 1816
1820 1821 1819
1820 1819 1818
1822 1823 1821
1822 1821 1820
1824 1825 1823
1824 1823 1822
1817 1826 1770
1817 1770 1760
1819 1827 1826
1819 1826 1817
1821 1828 1827
1821 1827 1819
1823 1829 1828
1823 1828 1821
1825 1830 1829
1825 1829 1823
1776 1779 1831
1776 1831 1832
1832 1831 1833
1832 1833 1834
1834 1833 1835
1834 1835 1836
1836 1835 1837
1836 1837 1838
1838 1837 1839
1838 1839 1840
1779 1789 1841
1779 1841 1831
1831 1841 1842
1831 1842 1833
1833 1842 1843
1833 1843 1835
1835 1843 1844
1835 1844 1837
1837 1844 1845
1837 1845 1839
1846 1797 1796
1846 1796 1847
1848 1846 1847
1848 1847 1849
1850 1803 1802
1850 1802 1851
1852 1850 1851
1852 1851 1853
1854 1855 1856
1856 1855 1857
1858 1859 1860
1860 1861 1862
1863 1855 1854
1863 1854 1864
1865 1864 1854
1865 1854 1866
1867 1868 1869
1867 1869 1857
1863 1867 1857
1863 1857 1855
1854 1856 1866
1856 1857 1869
1858 1860 1870
1860 1862 1870
1871 1872 1873
1873 1872 1874
1875 1876 1877
1877 1878 1879
1880 1872 1871
1880 1871 1881
1882 1881 1871
1882 1871 1883
1884 1885 1886
1884 1886 1874
1880 1884 1874
1880 1874 1872
1871 1873 1883
1873 1874 1886
1875 1877 1887
1877 1879 1887
1888 1889 1890
1890 1889 1891
1892 1893 1894
1894 1895 1896
1897 1889 1888
1897 1888 1898
1899 1898 1888
1899 1888 1900
1901 1902 1903
1901 1903 1891
1897 1901 1891
1897 1891 1889
1888 1890 1900
1890 1891 1903
1892 1894 1904
1894 1896 1904
1905 1906 1907
1907 1906 1908
1909 1910 1911
1911 1912 1913
1914 1906 1905
1914 1905 1915
1916 1915 1905
1916 1905 1917
1918 1919 1920
1918 1920 1908
1914 1918 1908
1914 1908 1906
1905 1907 1917
1907 1908 1920
1909 1911 1921
1911 1913 1921
1922 1923 1924
1922 1924 1925
1926 1927 1922
1926 1922 1925
1928 1929 1930
1928 1930 1931
1932 1933 1934
1932 1934 1935
1936 1937 1938
1936 1938 1939
1939 1938 1940
1939 1940 1941
1928 1931 1927
1928 1927 1926
1933 1942 1943
1933 1943 1934
1944 1945 1946
1944 1946 1947
1948 1945 1944
1948 1944 1949
1950 1951 1952
1950 1952 1953
1954 1955 1956
1954 1956 1957
1958 1959 1960
1958 1960 1961
1959 1962 1963
1959 1963 1960
1950 1948 1949
1950 1949 1951
1957 1956 1964
1957 1964 1965
1966 1967 1968
1966 1968 1969
1970 1971 1966
1970 1966 1969
1972 1973 1974
1972 1974 1975
1976 1977 1978
1976 1978 1979
1980 1981 1982
1980 1982 1983
1983 1982 1984
1983 1984 1985
1972 1975 1971
1972 1971 1970
1977 1986 1987
1977 1987 1978
1988 1989 1990
1988 1990 1991
1992 1989 1988
1992 1988 1993
1994 1995 1996
1994 1996 1997
1998 1999 2000
1998 2000 2001
2002 2003 2004
2002 2004 2005
2003 2006 2007
2003 2007 2004
1994 1992 1993
1994 1993 1995
2001 2000 2008
2001 2008 2009
2010 2011 2012
2010 2012 2013
2014 2015 2010
2014 2010 2013
2016 2017 2018
2016 2018 2019
2020 2021 2022
2020 2022 2023
2024 2025 2026
2024 2026 2027
2027 2026 2028
2027 2028 2029
2016 2019 2015
2016 2015 2014
2021 2030 2031
2021 2031 2022
2032 2033 2034
2032 2034 2035
2036 2033 2032
2036 2032 2037
2038 2039 2040
2038 2040 2041
2042 2043 2044
2042 2044 2045
2046 2047 2048
2046 2048 2049
2047 2050 2051
2047 2051 2048
2038 2036 2037
2038 2037 2039
2045 2044 2052
2045 2052 2053
2054 2055 2056
2054 2056 2057
2058 2059 2054
2058 2054 2057
2060 2061 2062
2060 2062 2063
2064 2065 2066
2064 2066 2067
2068 2069 2070
2068 2070 2071
2071 2070 2072
2071 2072 2073
2060 2063 2059
2060 2059 2058
2065 2074 2075
2065 2075 2066
2076 2077 2078
2076 2078 2079
2080 2077 2076
2080 2076 2081
2082 2083 2084
2082 2084 2085
2086 2087 2088
2086 2088 2089
2090 2091 2092
2090 2092 2093
2091 2094 2095
2091 2095 2092
2082 2080 2081
2082 2081 2083
2089 2088 2096
2089 2096 2097
2098 2099 2100
2098 2100 2101
2102 2103 2098
2102 2098 2101
2104 2105 2106
2104 2106 2107
2108 2109 2110
2108 2110 2111
2112 2113 2114
2112 2114 2115
2115 2114 2116
2115 2116 2117
2104 2107 2103
2104 2103 2102
2109 2118 2119
2109 2119 2110
2120 2121 2122
2120 2122 2123
2124 2121 2120
2124 2120 2125
2126 2127 2128
2126 2128 2129
2130 2131 2132
2130 2132 2133
2134 2135 2136
2134 2136 2137
2135 2138 2139
2135 2139 2136
2126 2124 2125
2126 2125 2127
2133 2132 2140
2133 2140 2141
2142 2143 2144
2142 2144 2145
2146 2147 2142
2146 2142 2145
2148 2149 2150
2148 2150 2151
2152 2153 2154
2152 2154 2155
2156 2157 2158
2156 2158 2159
2159 2158 2160
2159 2160 2161
2148 2151 2147
2148 2147 2146
2153 2162 2163
2153 2163 2154
2164 2165 2166
2164 2166 2167
2168 2165 2164
2168 2164 2169
2170 2171 2172
2170 2172 2173
2174 2175 2176
2174 2176 2177
2178 2179 2180
2178 2180 2181
2179 2182 2183
2179 2183 2180
2170 2168 2169
2170 2169 2171
2177 2176 2184
2177 2184 2185
2186 2187 2188
2186 2188 2189
2190 2191 2186
2190 2186 2189
2192 2193 2194
2192 2194 2195
2196 2197 2198
2196 2198 2199
2200 2201 2202
2200 2202 2203
2203 2202 2204
2203 2204 2205
2192 2195 2191
2192 2191 2190
2197 2206 2207
2197 2207 2198
2208 2209 2210
2208 2210 2211
2212 2209 2208
2212 2208 2213
2214 2215 2216
2214 2216 2217
2218 2219 2220
2218 2220 2221
2222 2223 2224
2222 2224 2225
2223 2226 2227
2223 2227 2224
2214 2212 2213
2214 2213 2215
2221 2220 2228
2221 2228 2229
2230 2231 2232
2230 2232 2233
2234 2235 2230
2234 2230 2233
2236 2237 2238
2236 2238 2239
2240 2241 2242
2240 2242 2243
2244 2245 2246
2244 2246 2247
2247 2246 2248
2247 2248 2249
2236 2239 2235
2236 2235 2234
2241 2250 2251
2241 2251 2242
2252 2253 2254
2252 2254 2255
2256 2253 2252
2256 2252 2257
2258 2259 2260
2258 2260 2261
2262 2263 2264
2262 2264 2265
2266 2267 2268
2266 2268 2269
2267 2270 2271
2267 2271 2268
2258 2256 2257
2258 2257 2259
2265 2264 2272
2265 2272 2273
2274 2275 2276
2274 2276 2277
2278 2279 2274
2278 2274 2277
2280 2281 2282
2280 2282 2283
2284 2285 2286
2284 2286 2287
2288 2289 2290
2288 2290 2291
2291 2290 2292
2291 2292 2293
2280 2283 2279
2280 2279 2278
2285 2294 2295
2285 2295 2286
2296 2297 2298
2296 2298 2299
2300 2297 2296
2300 2296 2301
2302 2303 2304
2302 2304 2305
2306 2307 2308
2306 2308 2309
2310 2311 2312
2310 2312 2313
2311 2314 2315
2311 2315 2312
2302 2300 2301
2302 2301 2303
2309 2308 2316
2309 2316 2317
2318 2319 2320
2318 2320 2321
2322 2323 2319
2322 2319 2318
2324 2325 2323
2324 2323 2322
2326 2327 2325
2326 2325 2324
2328 2329 2327
2328 2327 2326
2330 2331 2332
2330 2332 2333
2331 2334 2335
2331 2335 2332
2334 2336 2337
2334 2337 2335
2336 2338 2339
2336 2339 2337
2338 2340 2341
2338 2341 2339
2333 2332 2321
2332 2335 2318
2335 2337 2322
2337 2339 2324
2339 2341 2326
2329 2342 2327
2327 2342 2325
2325 2342 2323
2323 2342 2319
2319 2342 2320
2343 2344 2345
2343 2345 2346
2347 2343 2346
2347 2346 2348
2349 2347 2348
2349 2348 2350
2351 2349 2350
2351 2350 2352
2353 2351 2352
2353 2352 2354
2355 2356 2357
2355 2357 2358
2358 2357 2359
2358 2359 2360
2360 2359 2361
2360 2361 2362
2362 2361 2363
2362 2363 2364
2364 2363 2365
2364 2365 2366
2356 2344 2357
2357 2343 2359
2359 2347 2361
2361 2349 2363
2363 2351 2365
2354 2352 2367
2352 2350 2367
2350 2348 2367
2348 2346 2367
2346 2345 2367
2368 2369 2370
2368 2370 2371
2372 2368 2371
2372 2371 2373
2374 2375 2376
2374 2376 2377
2378 2374 2377
2378 2377 2379
2380 2378 2379
2380 2379 2381
2382 2380 2381
2382 2381 2383
2384 2385 2386
2384 2386 2387
2369 2384 2387
2369 2387 2370
2388 2389 2390
2388 2390 2391
2392 2388 2391
2392 2391 2393
2394 2395 2396
2394 2396 2397
2398 2394 2397
2398 2397 2399
2400 2398 2399
2400 2399 2401
2402 2400 2401
2402 2401 2403
2404 2405 2406
2404 2406 2407
2389 2404 2407
2389 2407 2390
2408 2409 2410
2408 2410 2411
2412 2408 2411
2412 2411 2413
2414 2412 2413
2414 2413 2415
2416 2414 2415
2416 2415 2417
2418 2416 2417
2418 2417 2419
2420 2421 2422
2420 2422 2423
2424 2420 2423
2424 2423 2425
2426 2424 2425
2426 2425 2427
2428 2426 2427
2428 2427 2429
2430 2428 2429
2430 2429 2431
2432 2433 2434
2432 2434 2435
2436 2437 2438
2436 2438 2439
2440 2441 2432
2440 2432 2435
2442 2443 2438
2442 2438 2437
2444 2445 2434
2444 2434 2433
2446 2447 2436
2446 2436 2439
2448 2449 2441
2448 2441 2440
2450 2451 2443
2450 2443 2442
2452 2453 2454
2452 2454 2455
2456 2452 2455
2456 2455 2457
2458 2456 2457
2458 2457 2459
2460 2458 2459
2460 2459 2461
2462 2460 2461
2462 2461 2463
2464 2465 2466
2464 2466 2467
2468 2464 2467
2468 2467 2469
2470 2468 2469
2470 2469 2471
2472 2470 2471
2472 2471 2473
2474 2472 2473
2474 2473 2475
2476 2477 2478
2476 2478 2479
2480 2481 2482
2480 2482 2483
2484 2485 2476
2484 2476 2479
2486 2487 2482
2486 2482 2481
2488 2489 2485
2488 2485 2484
2490 2491 2487
2490 2487 2486
2492 2493 2478
2492 2478 2477
2494 2495 2480
2494 2480 2483
2322 2337 2324
2318 2335 2322
2321 2332 2318
2324 2339 2326
2326 2341 2328
2361 2347 2349
2359 2343 2347
2357 2344 2343
2363 2349 2351
2365 2351 2353
2496 2497 2498
2499 2500 2501
2502 2503 2504
2502 2504 2505
2506 2503 2502
2506 2502 2507
2498 2497 2508
2501 2500 2509
2510 2511 2512
2512 2511 2513
2514 2515 2516
2516 2517 2518
2519 2511 2510
2519 2510 2520
2521 2520 2510
2521 2510 2522
2523 2524 2525
2523 2525 2513
2519 2523 2513
2519 2513 2511
2526 2527 2528
2529 2530 2531
2532 2533 2534
2532 2534 2535
2536 2533 2532
2536 2532 2537
2528 2527 2538
2531 2530 2539
2540 2541 2542
2542 2541 2543
2544 2545 2546
2546 2547 2548
2549 2541 2540
2549 2540 2550
2551 2550 2540
2551 2540 2552
2553 2554 2555
2553 2555 2543
2549 2553 2543
2549 2543 2541
2556 2557 2558
2559 2560 2561
2562 2563 2564
2562 2564 2565
2566 2563 2562
2566 2562 2567
2558 2557 2568
2561 2560 2569
2570 2571 2572
2572 2571 2573
2574 2575 2576
2576 2577 2578
2579 2571 2570
2579 2570 2580
2581 2580 2570
2581 2570 2582
2583 2584 2585
2583 2585 2573
2579 2583 2573
2579 2573 2571
2586 2587 2588
2589 2590 2591
2592 2593 2594
2592 2594 2595
2596 2593 2592
2596 2592 2597
2588 2587 2598
2591 2590 2599
2600 2601 2602
2602 2601 2603
2604 2605 2606
2606 2607 2608
2609 2601 2600
2609 2600 2610
2611 2610 2600
2611 2600 2612
2613 2614 2615
2613 2615 2603
2609 2613 2603
2609 2603 2601
2510 2512 2522
2512 2513 2525
2514 2516 2616
2516 2518 2616
2542 2543 2555
2546 2548 2617
2540 2542 2552
2544 2546 2617
2600 2602 2612
2602 2603 2615
2604 2606 2618
2606 2608 2618
2570 2572 2582
2572 2573 2585
2574 2576 2619
2576 2578 2619
2620 2621 2622
2622 2623 2624
2624 2625 2626
2627 2626 2628
2629 2630 2623
2631 2620 2622
2630 2632 2625
2633 2622 2624
2632 2634 2628
2635 2624 2626
2636 2637 2628
2638 2639 2626
2640 2627 2637
2640 2637 2641
2642 2643 2644
2642 2644 2645
2646 2642 2645
2646 2645 2647
2648 2646 2647
2648 2647 2649
2650 2648 2649
2650 2649 2651
2652 2653 2645
2654 2643 2642
2655 2647 2645
2656 2657 2642
2658 2649 2647
2659 2656 2646
2660 2651 2649
2661 2659 2648
2662 2663 2644
2662 2644 2643
2626 2625 2628
2627 2628 2637
2622 2621 2623
2624 2623 2625
2661 2648 2650
2659 2646 2648
2656 2642 2646
2654 2642 2657
2660 2649 2658
2658 2647 2655
2655 2645 2653
2652 2645 2644
2636 2628 2634
2638 2626 2627
2632 2628 2625
2635 2626 2639
2629 2623 2621
2631 2622 2633
2630 2625 2623
2633 2624 2635
2664 2665 2666
2665 2667 2668
2667 2669 2670
2671 2672 2669
2673 2668 2674
2675 2665 2664
2674 2670 2676
2677 2667 2665
2676 2672 2678
2679 2669 2667
2680 2672 2681
2682 2669 2683
2684 2685 2681
2684 2681 2671
2686 2687 2688
2686 2688 2689
2690 2691 2689
2690 2689 2688
2692 2693 2691
2692 2691 2690
2694 2695 2693
2694 2693 2692
2696 2689 2697
2698 2688 2687
2699 2689 2691
2700 2688 2701
2702 2691 2693
2703 2690 2700
2704 2693 2695
2705 2692 2703
2706 2687 2686
2706 2686 2707
2669 2672 2670
2671 2681 2672
2665 2668 2666
2667 2670 2668
2705 2694 2692
2703 2692 2690
2700 2690 2688
2698 2701 2688
2704 2702 2693
2702 2699 2691
2699 2697 2689
2696 2686 2689
2680 2678 2672
2682 2671 2669
2676 2670 2672
2679 2683 2669
2673 2666 2668
2675 2677 2665
2674 2668 2670
2677 2679 2667
2708 2709 2710
2710 2711 2712
2712 2713 2714
2715 2714 2716
2717 2718 2711
2719 2708 2710
2718 2720 2713
2721 2710 2712
2720 2722 2716
2723 2712 2714
2724 2725 2716
2726 2727 2714
2728 2715 2725
2728 2725 2729
2730 2731 2732
2730 2732 2733
2734 2730 2733
2734 2733 2735
2736 2734 2735
2736 2735 2737
2738 2736 2737
2738 2737 2739
2740 2741 2733
2742 2731 2730
2743 2735 2733
2744 2745 2730
2746 2737 2735
2747 2744 2734
2748 2739 2737
2749 2747 2736
2750 2751 2732
2750 2732 2731
2714 2713 2716
2715 2716 2725
2710 2709 2711
2712 2711 2713
2749 2736 2738
2747 2734 2736
2744 2730 2734
2742 2730 2745
2748 2737 2746
2746 2735 2743
2743 2733 2741
2740 2733 2732
2724 2716 2722
2726 2714 2715
2720 2716 2713
2723 2714 2727
2717 2711 2709
2719 2710 2721
2718 2713 2711
2721 2712 2723
2752 2753 2754
2753 2755 2756
2755 2757 2758
2759 2760 2757
2761 2756 2762
2763 2753 2752
2762 2758 2764
2765 2755 2753
2764 2760 2766
2767 2757 2755
2768 2760 2769
2770 2757 2771
2772 2773 2769
2772 2769 2759
2774 2775 2776
2774 2776 2777
2778 2779 2777
2778 2777 2776
2780 2781 2779
2780 2779 2778
2782 2783 2781
2782 2781 2780
2784 2777 2785
2786 2776 2775
2787 2777 2779
2788 2776 2789
2790 2779 2781
2791 2778 2788
2792 2781 2783
2793 2780 2791
2794 2775 2774
2794 2774 2795
2757 2760 2758
2759 2769 2760
2753 2756 2754
2755 2758 2756
2793 2782 2780
2791 2780 2778
2788 2778 2776
2786 2789 2776
2792 2790 2781
2790 2787 2779
2787 2785 2777
2784 2774 2777
2768 2766 2760
2770 2759 2757
2764 2758 2760
2767 2771 2757
2761 2754 2756
2763 2765 2753
2762 2756 2758
2765 2767 2755
2796 2797 2798
2798 2799 2800
2800 2801 2802
2803 2802 2804
2805 2806 2799
2807 2796 2798
2806 2808 2801
2809 2798 2800
2808 2810 2804
2811 2800 2802
2812 2813 2804
2814 2815 2802
2816 2803 2813
2816 2813 2817
2818 2819 2820
2818 2820 2821
2822 2818 2821
2822 2821 2823
2824 2822 2823
2824 2823 2825
2826 2824 2825
2826 2825 2827
2828 2829 2821
2830 2819 2818
2831 2823 2821
2832 2833 2818
2834 2825 2823
2835 2832 2822
2836 2827 2825
2837 2835 2824
2838 2839 2820
2838 2820 2819
2802 2801 2804
2803 2804 2813
2798 2797 2799
2800 2799 2801
2837 2824 2826
2835 2822 2824
2832 2818 2822
2830 2818 2833
2836 2825 2834
2834 2823 2831
2831 2821 2829
2828 2821 2820
2812 2804 2810
2814 2802 2803
2808 2804 2801
2811 2802 2815
2805 2799 2797
2807 2798 2809
2806 2801 2799
2809 2800 2811
2840 2841 2842
2841 2843 2844
2843 2845 2846
2847 2848 2845
2849 2844 2850
2851 2841 2840
2850 2846 2852
2853 2843 2841
2852 2848 2854
2855 2845 2843
2856 2848 2857
2858 2845 2859
2860 2861 2857
2860 2857 2847
2862 2863 2864
2862 2864 2865
2866 2867 2865
2866 2865 2864
2868 2869 2867
2868 2867 2866
2870 2871 2869
2870 2869 2868
2872 2865 2873
2874 2864 2863
2875 2865 2867
2876 2864 2877
2878 2867 2869
2879 2866 2876
2880 2869 2871
2881 2868 2879
2882 2863 2862
2882 2862 2883
2845 2848 2846
2847 2857 2848
2841 2844 2842
2843 2846 2844
2881 2870 2868
2879 2868 2866
2876 2866 2864
2874 2877 2864
2880 2878 2869
2878 2875 2867
2875 2873 2865
2872 2862 2865
2856 2854 2848
2858 2847 2845
2852 2846 2848
2855 2859 2845
2849 2842 2844
2851 2853 2841
2850 2844 2846
2853 2855 2843
2884 2885 2886
2886 2887 2888
2888 2889 2890
2891 2890 2892
2893 2894 2887
2895 2884 2886
2894 2896 2889
2897 2886 2888
2896 2898 2892
2899 2888 2890
2900 2901 2892
2902 2903 2890
2904 2891 2901
2904 2901 2905
2906 2907 2908
2906 2908 2909
2910 2906 2909
2910 2909 2911
2912 2910 2911
2912 2911 2913
2914 2912 2913
2914 2913 2915
2916 2917 2909
2918 2907 2906
2919 2911 2909
2920 2921 2906
2922 2913 2911
2923 2920 2910
2924 2915 2913
2925 2923 2912
2926 2927 2908
2926 2908 2907
2890 2889 2892
2891 2892 2901
2886 2885 2887
2888 2887 2889
2925 2912 2914
2923 2910 2912
2920 2906 2910
2918 2906 2921
2924 2913 2922
2922 2911 2919
2919 2909 2917
2916 2909 2908
2900 2892 2898
2902 2890 2891
2896 2892 2889
2899 2890 2903
2893 2887 2885
2895 2886 2897
2894 2889 2887
2897 2888 2899
2928 2929 2930
2929 2931 2932
2931 2933 2934
2935 2936 2933
2937 2932 2938
2939 2929 2928
2938 2934 2940
2941 2931 2929
2940 2936 2942
2943 2933 2931
2944 2936 2945
2946 2933 2947
2948 2949 2945
2948 2945 2935
2950 2951 2952
2950 2952 2953
2954 2955 2953
2954 2953 2952
2956 2957 2955
2956 2955 2954
2958 2959 2957
2958 2957 2956
2960 2953 2961
2962 2952 2951
2963 2953 2955
2964 2952 2965
2966 2955 2957
2967 2954 2964
2968 2957 2959
2969 2956 2967
2970 2951 2950
2970 2950 2971
2933 2936 2934
2935 2945 2936
2929 2932 2930
2931 2934 2932
2969 2958 2956
2967 2956 2954
2964 2954 2952
2962 2965 2952
2968 2966 2957
2966 2963 2955
2963 2961 2953
2960 2950 2953
2944 2942 2936
2946 2935 2933
2940 2934 2936
2943 2947 2933
2937 2930 2932
2939 2941 2929
2938 2932 2934
2941 2943 2931
2972 2973 2974
2974 2975 2976
2976 2977 2978
2979 2978 2980
2981 2982 2975
2983 2972 2974
2982 2984 2977
2985 2974 2976
2984 2986 2980
2987 2976 2978
2988 2989 2980
2990 2991 2978
2992 2979 2989
2992 2989 2993
2994 2995 2996
2994 2996 2997
2998 2994 2997
2998 2997 2999
3000 2998 2999
3000 2999 3001
3002 3000 3001
3002 3001 3003
3004 3005 2997
3006 2995 2994
3007 2999 2997
3008 3009 2994
3010 3001 2999
3011 3008 2998
3012 3003 3001
3013 3011 3000
3014 3015 2996
3014 2996 2995
2978 2977 2980
2979 2980 2989
2974 2973 2975
2976 2975 2977
3013 3000 3002
3011 2998 3000
3008 2994 2998
3006 2994 3009
3012 3001 3010
3010 2999 3007
3007 2997 3005
3004 2997 2996
2988 2980 2986
2990 2978 2979
2984 2980 2977
2987 2978 2991
2981 2975 2973
2983 2974 2985
2982 2977 2975
2985 2976 2987
3016 3017 3018
3017 3019 3020
3019 3021 3022
3023 3024 3021
3025 3020 3026
3027 3017 3016
3026 3022 3028
3029 3019 3017
3028 3024 3030
3031 3021 3019
3032 3024 3033
3034 3021 3035
3036 3037 3033
3036 3033 3023
3038 3039 3040
3038 3040 3041
3042 3043 3041
3042 3041 3040
3044 3045 3043
3044 3043 3042
3046 3047 3045
3046 3045 3044
3048 3041 3049
3050 3040 3039
3051 3041 3043
3052 3040 3053
3054 3043 3045
3055 3042 3052
3056 3045 3047
3057 3044 3055
3058 3039 3038
3058 3038 3059
3021 3024 3022
3023 3033 3024
3017 3020 3018
3019 3022 3020
3057 3046 3044
3055 3044 3042
3052 3042 3040
3050 3053 3040
3056 3054 3045
3054 3051 3043
3051 3049 3041
3048 3038 3041
3032 3030 3024
3034 3023 3021
3028 3022 3024
3031 3035 3021
3025 3018 3020
3027 3029 3017
3026 3020 3022
3029 3031 3019
3060 3061 3062
3062 3063 3064
3064 3065 3066
3067 3066 3068
3069 3070 3063
3071 3060 3062
3070 3072 3065
3073 3062 3064
3072 3074 3068
3075 3064 3066
3076 3077 3068
3078 3079 3066
3080 3067 3077
3080 3077 3081
3082 3083 3084
3082 3084 3085
3086 3082 3085
3086 3085 3087
3088 3086 3087
3088 3087 3089
3090 3088 3089
3090 3089 3091
3092 3093 3085
3094 3083 3082
3095 3087 3085
3096 3097 3082
3098 3089 3087
3099 3096 3086
3100 3091 3089
3101 3099 3088
3102 3103 3084
3102 3084 3083
3066 3065 3068
3067 3068 3077
3062 3061 3063
3064 3063 3065
3101 3088 3090
3099 3086 3088
3096 3082 3086
3094 3082 3097
3100 3089 3098
3098 3087 3095
3095 3085 3093
3092 3085 3084
3076 3068 3074
3078 3066 3067
3072 3068 3065
3075 3066 3079
3069 3063 3061
3071 3062 3073
3070 3065 3063
3073 3064 3075
3104 3105 3106
3105 3107 3108
3107 3109 3110
3111 3112 3109
3113 3108 3114
3115 3105 3104
3114 3110 3116
3117 3107 3105
3116 3112 3118
3119 3109 3107
3120 3112 3121
3122 3109 3123
3124 3125 3121
3124 3121 3111
3126 3127 3128
3126 3128 3129
3130 3131 3129
3130 3129 3128
3132 3133 3131
3132 3131 3130
3134 3135 3133
3134 3133 3132
3136 3129 3137
3138 3128 3127
3139 3129 3131
3140 3128 3141
3142 3131 3133
3143 3130 3140
3144 3133 3135
3145 3132 3143
3146 3127 3126
3146 3126 3147
3109 3112 3110
3111 3121 3112
3105 3108 3106
3107 3110 3108
3145 3134 3132
3143 3132 3130
3140 3130 3128
3138 3141 3128
3144 3142 3133
3142 3139 3131
3139 3137 3129
3136 3126 3129
3120 3118 3112
3122 3111 3109
3116 3110 3112
3119 3123 3109
3113 3106 3108
3115 3117 3105
3114 3108 3110
3117 3119 3107
3148 3149 3150
3150 3151 3152
3152 3153 3154
3155 3154 3156
3157 3158 3151
3159 3148 3150
3158 3160 3153
3161 3150 3152
3160 3162 3156
3163 3152 3154
3164 3165 3156
3166 3167 3154
3168 3155 3165
3168 3165 3169
3170 3171 3172
3170 3172 3173
3174 3170 3173
3174 3173 3175
3176 3174 3175
3176 3175 3177
3178 3176 3177
3178 3177 3179
3180 3181 3173
3182 3171 3170
3183 3175 3173
3184 3185 3170
3186 3177 3175
3187 3184 3174
3188 3179 3177
3189 3187 3176
3190 3191 3172
3190 3172 3171
3154 3153 3156
3155 3156 3165
3150 3149 3151
3152 3151 3153
3189 3176 3178
3187 3174 3176
3184 3170 3174
3182 3170 3185
3188 3177 3186
3186 3175 3183
3183 3173 3181
3180 3173 3172
3164 3156 3162
3166 3154 3155
3160 3156 3153
3163 3154 3167
3157 3151 3149
3159 3150 3161
3158 3153 3151
3161 3152 3163
3192 3193 3194
3193 3195 3196
3195 3197 3198
3199 3200 3197
3201 3196 3202
3203 3193 3192
3202 3198 3204
3205 3195 3193
3204 3200 3206
3207 3197 3195
3208 3200 3209
3210 3197 3211
3212 3213 3209
3212 3209 3199
3214 3215 3216
3214 3216 3217
3218 3219 3217
3218 3217 3216
3220 3221 3219
3220 3219 3218
3222 3223 3221
3222 3221 3220
3224 3217 3225
3226 3216 3215
3227 3217 3219
3228 3216 3229
3230 3219 3221
3231 3218 3228
3232 3221 3223
3233 3220 3231
3234 3215 3214
3234 3214 3235
3197 3200 3198
3199 3209 3200
3193 3196 3194
3195 3198 3196
3233 3222 3220
3231 3220 3218
3228 3218 3216
3226 3229 3216
3232 3230 3221
3230 3227 3219
3227 3225 3217
3224 3214 3217
3208 3206 3200
3210 3199 3197
3204 3198 3200
3207 3211 3197
3201 3194 3196
3203 3205 3193
3202 3196 3198
3205 3207 3195
3236 3237 3238
3238 3239 3240
3240 3241 3242
3243 3242 3244
3245 3246 3239
3247 3236 3238
3246 3248 3241
3249 3238 3240
3248 3250 3244
3251 3240 3242
3252 3253 3244
3254 3255 3242
3256 3243 3253
3256 3253 3257
3258 3259 3260
3258 3260 3261
3262 3258 3261
3262 3261 3263
3264 3262 3263
3264 3263 3265
3266 3264 3265
3266 3265 3267
3268 3269 3261
3270 3259 3258
3271 3263 3261
3272 3273 3258
3274 3265 3263
3275 3272 3262
3276 3267 3265
3277 3275 3264
3278 3279 3260
3278 3260 3259
3242 3241 3244
3243 3244 3253
3238 3237 3239
3240 3239 3241
3277 3264 3266
3275 3262 3264
3272 3258 3262
3270 3258 3273
3276 3265 3274
3274 3263 3271
3271 3261 3269
3268 3261 3260
3252 3244 3250
3254 3242 3243
3248 3244 3241
3251 3242 3255
3245 3239 3237
3247 3238 3249
3246 3241 3239
3249 3240 3251
3280 3281 3282
3281 3283 3284
3283 3285 3286
3287 3288 3285
3289 3284 3290
3291 3281 3280
3290 3286 3292
3293 3283 3281
3292 3288 3294
3295 3285 3283
3296 3288 3297
3298 3285 3299
3300 3301 3297
3300 3297 3287
3302 3303 3304
3302 3304 3305
3306 3307 3305
3306 3305 3304
3308 3309 3307
3308 3307 3306
3310 3311 3309
3310 3309 3308
3312 3305 3313
3314 3304 3303
3315 3305 3307
3316 3304 3317
3318 3307 3309
3319 3306 3316
3320 3309 3311
3321 3308 3319
3322 3303 3302
3322 3302 3323
3285 3288 3286
3287 3297 3288
3281 3284 3282
3283 3286 3284
3321 3310 3308
3319 3308 3306
3316 3306 3304
3314 3317 3304
3320 3318 3309
3318 3315 3307
3315 3313 3305
3312 3302 3305
3296 3294 3288
3298 3287 3285
3292 3286 3288
3295 3299 3285
3289 3282 3284
3291 3293 3281
3290 3284 3286
3293 3295 3283
3324 3325 3326
3324 3326 3327
3328 3329 3330
3328 3330 3331
3332 3333 3334
3332 3334 3335
3336 3337 3338
3336 3338 3339
3340 3341 3342
3343 3344 3345
3343 3345 3346
3347 3348 3349
3347 3349 3350
3351 3352 3353
3351 3353 3354
3355 3356 3357
3355 3357 3358
3359 3360 3361
3359 3361 3362
3363 3364 3365
3363 3365 3366
3367 3368 3369
3367 3369 3370
3371 3372 3373
3371 3373 3374
3375 3376 3377
3375 3377 3378
3340 3342 3379
3342 3341 3380
3380 3381 3382
3380 3341 3381
3383 3382 3384
3380 3382 3383
3385 3386 3379
3385 3387 3386
3383 3387 3385
3383 3384 3387
3379 3342 3385
3388 3343 3346
3388 3346 3389
3345 3344 3390
3388 3389 3391
1300 1299 3392
1300 3392 3393
3394 3395 3396
3394 3396 3397
3398 1303 1306
3398 1306 3399
3400 1318 1317
3400 1317 3401
1301 3395 3394
1301 3394 1302
3402 3403 3404
3402 3404 3405
3406 3407 3408
3406 3408 3409
1353 1352 1344
1353 1344 1343
1302 3394 3392
1302 3392 1299
3395 1301 1300
3395 1300 3393
3410 1341 1340
3410 1340 3411
3412 3413 3414
3412 3414 3415
3416 3417 3418
3416 3418 3419
3420 3421 3422
3420 3422 1356
3423 1371 1374
3423 1374 3424
3425 1361 1360
3425 1360 3426
3427 1407 1406
3427 1406 3428
3429 3430 3421
3429 3421 3420
3431 3432 3433
3431 3433 3434
3422 3435 1357
3422 1357 1356
3435 3430 3429
3435 3429 1357
1395 1398 1409
1395 1409 1408
3436 3437 3438
3436 3438 3439
