byte offset: 0
first index: 0
index count: 7806
topology: trianglelist
format: DXGI_FORMAT_R16_UINT

0 1 2
0 3 4
0 5 3
3 5 6
7 6 5
7 5 8
8 9 7
8 10 9
10 11 9
10 12 11
13 8 5
13 10 8
5 0 14
14 13 5
10 15 12
13 16 10
16 15 10
17 12 15
17 18 12
17 19 18
17 20 19
17 21 20
17 22 21
15 22 17
22 23 21
24 22 15
24 15 16
22 25 23
24 25 22
23 25 26
23 26 27
25 28 26
25 29 28
24 29 25
29 30 28
29 31 30
31 29 24
32 30 31
32 31 33
31 24 34
33 31 34
16 34 24
33 34 35
34 36 35
16 37 34
34 37 36
13 37 16
38 36 37
13 39 37
38 37 39
14 39 13
14 38 39
14 40 38
0 40 14
0 41 40
0 42 41
42 0 43
44 45 42
45 46 47
48 49 50
48 51 52
48 52 53
52 54 53
55 53 54
55 56 53
56 55 57
56 57 58
58 57 59
58 59 60
61 53 56
61 56 58
53 62 48
62 53 61
58 60 63
61 58 64
64 58 63
65 63 60
65 60 66
65 66 67
65 67 68
65 68 69
65 69 70
63 65 70
70 69 71
72 63 70
72 64 63
70 71 73
72 70 73
71 74 73
71 75 74
73 74 76
73 76 77
72 73 77
77 76 78
77 78 79
79 72 77
80 79 78
80 81 79
79 82 72
81 82 79
64 72 82
81 83 82
82 83 84
64 82 85
82 84 85
61 64 85
86 85 84
61 85 87
86 87 85
62 61 87
62 87 86
62 86 88
48 62 88
48 88 89
48 89 90
90 91 48
90 92 93
94 92 95
96 97 98
99 100 101
102 103 104
102 105 103
106 105 102
103 105 107
103 107 108
105 109 107
105 110 109
106 110 105
109 110 111
110 106 112
111 110 112
106 113 112
114 111 112
112 113 115
114 112 116
112 115 116
114 116 117
116 118 117
119 116 115
116 119 118
119 115 120
119 121 118
122 119 120
119 123 121
122 123 119
121 123 124
124 123 122
121 124 125
124 122 126
127 125 124
124 126 128
127 124 129
124 128 129
127 129 130
131 129 128
130 129 131
131 128 132
130 131 133
134 135 136
134 137 135
138 137 134
138 134 139
135 137 140
135 140 141
141 140 142
141 142 143
143 142 144
145 140 137
145 137 138
145 142 140
146 138 139
146 139 147
144 142 148
148 149 144
138 150 145
138 146 150
151 146 147
151 147 152
153 151 152
146 151 154
146 154 150
153 155 151
155 154 151
156 155 153
145 157 142
158 145 150
158 157 145
142 157 159
158 159 157
142 159 148
160 150 154
160 158 150
155 161 154
161 160 154
158 162 159
160 162 158
156 163 155
164 161 155
164 155 163
161 165 160
164 165 161
166 163 156
166 156 167
160 168 162
165 168 160
163 169 164
163 166 169
170 169 166
171 166 167
170 166 171
171 167 172
172 173 171
173 170 171
172 174 173
164 169 175
175 169 170
164 176 165
164 175 176
165 177 168
176 177 165
173 174 178
178 174 179
180 168 177
162 168 180
162 180 181
180 182 181
159 162 181
159 181 183
182 183 181
148 159 183
177 184 180
180 184 182
176 185 177
177 185 184
148 183 186
186 149 148
149 186 187
149 187 188
189 187 186
186 190 189
186 183 190
191 190 183
182 191 183
191 192 190
191 193 192
191 194 193
182 194 191
195 193 194
182 184 196
185 196 184
195 194 197
197 198 195
182 199 194
182 196 199
197 194 199
197 200 198
200 201 198
197 199 202
202 199 196
200 197 202
185 203 196
202 196 204
203 204 196
200 202 205
205 202 204
203 185 206
176 206 185
175 206 176
200 207 201
200 205 208
200 208 207
205 204 209
208 205 209
203 210 204
209 204 210
201 207 211
201 211 212
211 213 212
207 214 211
207 208 214
211 215 213
214 215 211
215 216 213
210 203 217
203 206 217
215 218 216
218 219 216
218 220 219
221 219 220
215 222 218
218 222 220
214 223 215
215 223 222
224 214 208
223 214 224
221 220 225
226 221 225
222 223 227
223 224 227
224 208 228
208 209 228
228 209 229
209 210 229
224 228 230
228 229 230
224 230 231
227 224 231
229 210 232
210 217 232
233 230 229
231 230 233
229 232 234
233 229 234
235 232 217
235 234 232
235 217 236
206 236 217
206 237 236
175 237 206
237 175 238
175 170 238
234 239 233
235 240 234
234 240 239
241 239 240
241 240 242
243 240 235
236 243 235
243 242 240
237 244 236
236 244 243
237 238 245
237 245 244
246 238 170
246 245 238
239 247 233
231 233 247
248 231 247
239 249 247
249 248 247
241 249 239
246 170 250
173 250 170
173 251 250
251 246 250
173 178 251
248 252 231
227 231 252
252 253 227
222 227 253
252 254 253
248 254 252
255 222 253
255 253 254
255 220 222
256 220 255
256 225 220
255 254 257
256 255 257
248 258 254
258 257 254
259 258 248
258 260 257
258 259 260
259 248 261
249 261 248
261 249 262
241 262 249
225 256 263
256 257 264
264 263 256
257 260 265
257 265 264
260 259 266
265 260 266
225 263 267
226 225 267
226 267 268
226 268 269
267 270 268
267 263 270
263 271 270
263 272 271
264 272 263
273 271 272
274 272 264
273 272 274
274 264 265
274 275 273
274 265 276
265 266 276
277 276 266
274 278 275
274 276 278
278 279 275
280 278 276
278 280 279
280 276 281
277 281 276
279 280 282
281 282 280
279 282 283
282 284 283
281 285 282
277 285 281
282 286 284
286 282 285
286 287 284
286 288 287
288 286 289
286 285 289
288 289 290
291 290 289
291 289 292
292 289 285
291 292 293
292 285 294
277 294 285
295 293 292
294 295 292
296 293 295
297 294 277
294 297 295
296 295 298
299 296 298
297 300 295
300 298 295
299 298 301
302 299 301
302 303 299
304 303 302
300 305 298
301 298 305
297 306 300
306 305 300
304 302 307
308 304 307
309 302 301
301 305 309
309 310 302
305 311 309
310 309 311
302 310 312
302 312 307
306 313 305
305 313 311
306 314 313
311 313 314
297 315 306
306 315 314
316 310 311
312 310 316
297 317 315
297 277 317
277 318 317
277 266 318
266 259 318
319 317 318
319 315 317
319 318 259
311 314 320
316 311 320
321 314 315
321 315 319
319 259 322
261 322 259
323 319 322
261 323 322
323 321 319
261 262 323
321 323 262
324 314 321
321 262 324
324 320 314
324 262 241
320 324 241
320 241 316
241 325 316
241 242 325
243 325 242
312 316 325
243 326 325
312 325 326
244 326 243
312 326 327
326 328 327
327 307 312
244 329 326
326 329 328
245 329 244
327 330 307
328 330 327
308 307 330
245 331 329
328 329 331
246 331 245
308 330 332
328 332 330
308 332 333
334 333 332
334 332 335
335 332 328
335 336 334
337 331 246
251 337 246
328 331 338
335 328 338
337 338 331
338 339 335
338 337 339
335 339 336
251 339 337
340 336 339
340 341 336
342 341 340
343 339 251
343 340 339
178 343 251
342 340 344
345 342 344
345 344 346
344 347 346
340 348 344
344 348 347
340 343 348
348 349 347
343 178 350
343 350 348
348 350 349
178 179 350
349 350 179
349 179 351
352 353 354
352 355 353
356 355 352
355 357 353
356 358 355
359 358 356
355 360 357
358 360 355
361 357 360
361 362 357
361 363 362
363 364 362
359 365 358
358 366 360
365 366 358
359 367 365
368 367 359
360 369 361
360 366 369
370 369 366
365 371 366
367 371 365
370 366 371
361 369 372
370 372 369
367 373 371
373 370 371
368 374 367
375 373 367
375 367 374
368 376 374
376 375 374
368 377 376
378 376 377
378 377 379
373 380 370
375 380 373
376 381 375
378 381 376
375 382 380
381 382 375
380 383 370
380 384 383
380 382 384
370 383 385
370 385 372
382 386 384
372 385 387
382 388 386
381 388 382
386 388 389
381 389 388
386 389 390
378 391 381
381 391 389
390 389 392
393 390 392
394 391 378
378 379 394
389 391 395
389 395 392
394 395 391
393 392 396
396 392 395
379 397 394
379 398 397
399 395 394
396 395 399
399 394 397
400 393 396
399 400 396
401 393 400
399 402 400
402 401 400
397 402 399
402 403 401
404 403 402
398 405 397
404 405 398
397 405 402
404 402 405
406 407 408
406 408 409
410 406 409
408 411 409
408 412 411
409 411 413
409 413 414
410 409 414
413 415 414
414 416 410
415 416 414
410 416 417
418 416 415
416 419 417
418 420 416
416 420 419
418 421 420
420 421 422
423 419 420
420 422 423
423 424 419
423 422 425
426 424 423
423 425 427
426 423 427
425 428 427
428 426 427
425 429 428
428 430 426
431 428 429
428 432 430
431 433 428
428 433 432
431 434 433
435 432 433
434 435 433
435 436 432
434 437 435
438 439 440
438 440 441
442 438 441
442 443 438
440 444 441
440 445 444
445 446 444
445 447 446
447 448 446
449 441 444
449 442 441
449 444 446
450 443 442
450 451 443
448 452 446
452 448 453
442 449 454
442 454 450
455 451 450
455 456 451
457 456 455
450 458 455
450 454 458
457 455 459
459 455 458
460 457 459
449 446 461
462 454 449
462 449 461
446 463 461
462 461 463
446 452 463
464 458 454
464 454 462
459 458 465
465 458 464
462 463 466
464 462 466
460 459 467
468 459 465
468 467 459
465 464 469
468 465 469
470 460 467
470 471 460
464 466 472
469 464 472
467 468 473
467 473 470
474 470 473
475 471 470
474 475 470
475 476 471
476 475 477
477 475 474
476 477 478
468 479 473
479 474 473
468 469 480
468 480 479
469 472 481
480 469 481
477 482 478
482 483 478
484 481 472
466 484 472
466 485 484
484 485 486
463 485 466
463 487 485
486 485 487
452 487 463
481 484 488
484 486 488
480 481 489
481 488 489
452 490 487
490 452 453
453 491 490
453 492 491
493 490 491
490 493 494
490 494 487
495 487 494
486 487 495
495 494 496
495 496 497
495 497 498
486 495 498
499 498 497
486 500 488
489 488 500
499 501 498
501 499 502
486 498 503
486 503 500
501 503 498
501 502 504
504 502 505
501 506 503
506 500 503
504 506 501
489 500 507
506 508 500
507 500 508
504 509 506
509 508 506
507 510 489
480 489 510
479 480 510
504 505 511
504 512 509
504 511 512
509 513 508
512 513 509
507 508 514
513 514 508
505 515 511
505 516 515
515 516 517
511 515 518
511 518 512
515 517 519
518 515 519
519 517 520
507 521 510
514 521 507
519 520 522
522 520 523
522 523 524
525 524 523
519 522 526
522 524 526
518 519 527
519 526 527
528 512 518
527 528 518
525 529 524
530 529 525
526 531 527
527 531 528
528 532 512
512 532 513
532 533 513
513 533 514
528 534 532
532 534 533
528 535 534
531 535 528
533 536 514
514 536 521
537 533 534
535 537 534
533 538 536
537 538 533
539 521 536
539 536 538
539 540 521
510 521 540
510 540 541
479 510 541
541 542 479
479 542 474
538 537 543
539 538 544
538 543 544
545 544 543
545 546 544
547 539 544
540 539 547
547 544 546
541 540 548
540 547 548
541 549 542
541 548 549
550 474 542
550 542 549
543 537 551
535 551 537
552 551 535
543 551 553
553 551 552
545 543 553
547 546 554
545 554 546
548 547 555
547 554 555
549 548 556
548 555 556
555 557 556
549 556 558
557 558 556
550 549 558
552 535 559
531 559 535
559 531 560
526 560 531
559 560 561
552 559 561
562 560 526
562 561 560
562 526 524
563 562 524
563 524 529
562 564 561
563 564 562
552 561 565
565 561 564
566 552 565
565 564 567
565 567 566
566 568 552
553 552 568
568 569 553
545 553 569
529 570 563
563 571 564
571 563 570
564 572 567
564 571 572
567 573 566
572 573 567
529 574 570
530 574 529
530 575 574
530 576 575
574 575 577
574 577 570
570 577 578
570 578 579
571 570 579
580 579 578
581 571 579
580 581 579
581 572 571
581 580 582
581 583 572
572 583 573
584 573 583
581 582 585
581 585 583
585 582 586
587 583 585
585 586 587
587 588 583
584 583 588
586 589 587
588 587 589
586 590 589
589 590 591
588 589 592
584 588 592
589 591 593
593 592 589
593 591 594
593 594 595
595 596 593
593 596 592
595 597 596
598 596 597
598 599 596
599 592 596
598 600 599
599 601 592
584 592 601
602 599 600
601 599 602
603 602 600
604 584 601
601 602 604
603 605 602
606 605 603
604 602 607
607 602 605
606 608 605
609 608 606
609 606 610
611 609 610
607 605 612
608 612 605
604 607 613
613 607 612
611 614 609
615 614 611
616 608 609
608 616 612
616 609 617
612 616 618
617 618 616
609 619 617
609 614 619
613 612 620
612 618 620
613 620 621
618 621 620
604 613 622
613 621 622
623 618 617
619 623 617
604 622 624
604 624 584
584 624 625
584 625 573
573 625 566
626 625 624
626 624 622
626 566 625
618 627 621
623 627 618
628 622 621
628 626 622
626 629 566
568 566 629
630 629 626
568 629 630
630 626 628
568 630 569
628 569 630
631 628 621
628 631 569
631 621 627
631 545 569
627 545 631
627 623 545
545 623 554
619 554 623
619 555 554
619 632 555
632 619 614
555 632 557
632 614 633
557 632 633
615 633 614
615 634 633
557 633 634
615 635 634
636 634 635
636 637 634
637 557 634
637 636 638
637 639 557
557 639 558
637 638 640
639 637 640
641 558 639
639 640 641
641 550 558
642 550 641
640 642 641
643 640 638
643 638 644
645 643 644
642 646 550
550 646 474
477 474 646
477 646 642
477 642 482
647 642 640
482 642 647
647 640 643
645 648 643
649 648 645
649 650 648
648 650 651
643 648 652
648 651 652
643 652 647
652 651 653
647 654 482
647 652 654
652 653 654
482 654 483
653 483 654
653 655 483
656 657 658
656 658 659
660 656 659
659 658 661
660 659 662
663 660 662
659 661 664
662 659 664
665 664 661
665 661 666
665 666 667
667 666 668
663 662 669
662 664 670
669 662 670
663 669 671
672 663 671
664 665 673
664 673 670
674 670 673
665 675 673
674 673 675
669 670 676
671 669 676
674 676 670
671 676 677
677 676 674
672 671 678
679 671 677
679 678 671
672 678 680
680 678 679
672 680 681
682 681 680
682 683 681
677 674 684
679 677 684
680 679 685
682 680 685
679 684 686
685 679 686
684 674 687
684 687 688
684 688 686
674 689 687
674 675 689
686 688 690
675 691 689
686 690 692
685 686 692
690 693 692
685 692 693
690 694 693
682 685 695
685 693 695
694 696 693
697 696 694
698 682 695
682 698 683
693 699 695
693 696 699
698 695 699
697 700 696
700 699 696
683 698 701
683 701 702
703 698 699
700 703 699
703 701 698
704 700 697
703 700 704
705 704 697
703 704 706
706 704 705
701 703 706
706 705 707
708 706 707
702 701 709
708 702 709
701 706 709
708 709 706
710 711 712
710 713 711
714 713 710
714 710 715
714 715 716
711 713 717
711 717 718
717 719 718
717 720 719
713 721 717
721 720 717
713 714 721
721 722 720
723 722 721
723 721 714
723 724 722
714 716 725
723 714 725
726 724 723
725 726 723
726 727 724
726 728 727
726 729 728
729 726 730
725 730 726
716 730 725
716 731 730
732 733 734
732 734 735
736 732 735
736 737 732
736 738 737
734 739 735
734 740 739
739 740 741
739 741 742
735 739 743
743 739 742
735 743 736
743 742 744
745 743 744
745 736 743
745 744 746
736 747 738
745 747 736
748 745 746
747 745 748
748 746 749
748 749 750
748 750 751
751 752 748
747 748 752
738 747 752
738 752 753
754 755 756
755 754 757
758 759 760
758 760 761
762 761 760
762 760 763
763 764 762
763 765 764
766 764 765
766 767 764
767 766 768
767 768 769
769 768 770
769 770 771
771 770 772
773 771 774
775 773 776
775 772 777
778 779 772
780 781 777
780 779 781
782 783 784
782 785 783
786 787 788
788 789 786
790 791 792
790 793 791
794 791 793
794 795 791
795 794 796
795 796 797
798 797 796
798 796 799
799 800 798
799 801 800
801 802 800
801 803 802
803 804 802
805 806 803
807 808 805
807 809 804
810 804 811
812 813 809
811 813 812
814 815 816
815 814 817
818 819 820
818 821 819
822 818 820
821 823 819
822 824 818
821 818 825
825 818 824
822 826 824
822 827 826
827 828 826
829 828 827
826 830 824
824 831 825
824 830 831
828 832 826
826 832 830
830 833 831
830 834 833
834 830 832
833 835 831
836 825 831
836 831 835
836 835 837
833 838 835
837 835 838
836 839 825
821 825 839
828 840 832
841 840 828
829 841 828
842 841 829
842 829 843
841 844 840
842 844 841
832 840 845
845 840 844
843 846 842
847 846 843
842 848 844
846 848 842
832 845 849
834 832 849
845 844 850
848 850 844
845 851 849
851 834 849
845 852 851
845 850 852
851 853 834
854 852 850
855 834 853
855 853 856
834 855 833
857 855 856
857 833 855
857 856 858
848 859 850
854 850 859
858 860 857
858 861 860
862 859 848
846 862 848
863 854 859
862 863 859
863 864 854
865 862 846
847 865 846
863 866 864
866 867 864
868 863 862
865 868 862
868 866 863
847 869 865
869 868 865
847 870 869
866 868 871
869 871 868
866 872 867
866 871 872
870 873 869
870 874 873
875 871 869
875 869 873
874 875 873
872 871 875
874 876 875
877 867 872
872 875 877
876 877 875
878 867 877
876 878 877
879 857 860
833 857 879
879 860 880
881 879 880
833 879 882
881 882 879
833 882 883
833 883 838
880 860 884
884 860 861
884 861 885
881 886 882
886 883 882
887 838 883
837 838 887
888 837 887
886 889 883
887 883 889
881 890 886
889 886 890
889 890 891
881 892 890
891 893 889
887 889 893
888 887 893
888 893 894
888 894 895
888 895 896
364 888 896
897 892 881
364 898 888
363 898 364
888 898 837
837 898 363
837 363 899
836 837 899
361 899 363
897 881 900
881 880 900
897 900 901
897 901 902
900 880 903
900 903 901
880 884 903
902 901 904
904 905 902
903 884 906
884 885 906
901 903 907
901 907 904
903 906 907
904 908 905
907 908 904
909 906 885
909 885 910
906 911 907
906 909 911
907 911 908
912 909 910
911 909 912
912 910 913
905 908 914
905 914 915
908 911 916
911 912 916
908 916 914
912 913 917
916 912 917
915 914 918
918 919 915
914 916 920
914 920 918
916 917 920
921 917 913
921 913 922
918 923 919
923 918 920
917 924 920
917 921 924
923 920 924
925 921 922
924 921 925
925 922 926
927 925 926
924 925 928
923 924 928
927 928 925
929 919 923
923 928 929
929 928 927
929 930 919
929 927 930
361 931 899
361 372 931
931 372 932
372 387 932
387 933 932
387 934 933
933 934 935
931 932 936
936 932 933
937 899 931
936 937 931
936 933 938
937 936 938
937 938 939
940 899 937
939 940 937
836 899 940
836 940 839
939 839 940
933 935 941
938 933 941
942 941 935
942 935 943
938 941 944
939 938 944
944 941 942
943 945 942
946 945 943
944 942 947
947 942 945
946 948 945
947 945 949
949 945 948
944 947 950
950 947 949
939 944 951
944 950 951
946 952 948
946 953 952
954 952 953
954 953 955
948 952 956
956 952 954
949 948 957
948 956 957
950 949 958
958 949 957
951 950 959
958 959 950
951 959 960
958 961 959
958 957 962
958 962 961
962 957 956
963 961 962
964 951 960
964 960 965
951 964 939
966 964 965
967 939 964
966 967 964
839 939 967
962 956 968
963 962 968
969 967 966
969 966 970
839 967 971
969 971 967
821 839 971
968 956 972
956 954 972
963 968 973
968 972 973
963 973 974
970 975 969
976 975 970
969 977 971
977 821 971
977 969 975
972 954 978
954 955 978
974 973 979
980 974 979
973 972 981
972 978 981
973 981 979
955 982 978
982 981 978
955 983 982
977 984 821
821 984 823
977 975 985
984 977 985
986 823 984
984 985 986
986 987 823
981 988 979
980 979 988
985 975 989
976 989 975
986 990 987
991 987 990
986 985 992
985 989 992
986 992 990
993 989 976
993 992 989
993 976 994
995 990 992
993 995 992
994 996 993
995 993 996
997 996 994
991 990 998
995 998 990
995 996 999
998 995 999
1000 991 998
998 999 1000
1000 1001 991
997 1002 996
999 996 1002
1000 1003 1001
1003 1004 1001
1000 999 1005
999 1002 1005
1000 1005 1003
1006 1005 1002
1003 1005 1006
1007 1002 997
1006 1002 1007
1007 997 1008
1009 1007 1008
1009 1006 1007
1009 1008 1010
1009 1010 1011
1009 1011 1012
1009 1012 1006
1012 1011 1013
1012 1013 1014
1014 1006 1012
1013 1004 1014
1003 1015 1004
1003 1006 1015
1014 1015 1006
1014 1004 1015
1016 982 983
1016 983 1017
1016 1017 1018
982 1016 1019
1016 1018 1019
982 1019 1020
982 1020 981
981 1020 988
1019 988 1020
1018 1021 1019
1019 1021 988
1018 1022 1021
1021 980 988
1021 1022 980
1023 1024 1025
1023 1025 1026
1027 1024 1023
1026 1025 1028
1027 1023 1029
1026 1030 1023
1030 1029 1023
1027 1029 1031
1027 1031 1032
1032 1031 1033
1034 1032 1033
1031 1029 1035
1029 1030 1036
1029 1036 1035
1033 1031 1037
1031 1035 1037
1035 1036 1038
1035 1038 1039
1039 1037 1035
1038 1036 1040
1041 1036 1030
1041 1040 1036
1041 1042 1040
1038 1040 1043
1042 1043 1040
1041 1030 1044
1026 1044 1030
1033 1037 1045
1046 1033 1045
1034 1033 1046
1047 1034 1046
1047 1048 1034
1046 1045 1049
1047 1046 1049
1037 1050 1045
1050 1049 1045
1048 1047 1051
1052 1048 1051
1047 1049 1053
1051 1047 1053
1037 1054 1050
1039 1054 1037
1050 1055 1049
1053 1049 1055
1050 1054 1056
1056 1054 1039
1050 1056 1057
1050 1057 1055
1056 1039 1058
1059 1055 1057
1060 1058 1039
1060 1061 1058
1039 1038 1060
1062 1061 1060
1062 1060 1038
1062 1063 1061
1053 1055 1064
1059 1064 1055
1063 1062 1065
1063 1065 1066
1067 1053 1064
1051 1053 1067
1068 1064 1059
1067 1064 1068
1068 1059 1069
1070 1051 1067
1052 1051 1070
1068 1069 1071
1071 1069 1072
1073 1067 1068
1070 1067 1073
1073 1068 1071
1052 1070 1074
1074 1070 1073
1052 1074 1075
1071 1076 1073
1074 1073 1076
1071 1072 1077
1071 1077 1076
1075 1074 1078
1075 1078 1079
1080 1074 1076
1080 1078 1074
1079 1078 1080
1077 1080 1076
1079 1080 1081
1082 1077 1072
1077 1082 1080
1081 1080 1082
1083 1082 1072
1081 1082 1083
1084 1065 1062
1038 1084 1062
1084 1085 1065
1086 1085 1084
1038 1087 1084
1086 1084 1087
1038 1088 1087
1038 1043 1088
1085 1089 1065
1089 1066 1065
1089 1090 1066
1086 1087 1091
1091 1087 1088
1092 1088 1043
1042 1092 1043
1093 1092 1042
1091 1088 1094
1092 1094 1088
1086 1091 1095
1094 1095 1091
1094 1096 1095
1086 1095 1097
1096 1094 1098
1092 1098 1094
1093 1098 1092
1093 1099 1098
1093 1100 1099
1093 1101 1100
668 1101 1093
1102 1086 1097
668 1093 1103
667 668 1103
1093 1042 1103
1042 667 1103
1042 1104 667
1041 1104 1042
665 667 1104
1102 1105 1086
1086 1105 1085
1102 1106 1105
1102 1107 1106
1105 1108 1085
1105 1106 1108
1085 1108 1089
1107 1109 1106
1109 1107 1110
1108 1111 1089
1089 1111 1090
1106 1112 1108
1106 1109 1112
1108 1112 1111
1109 1110 1113
1112 1109 1113
1114 1090 1111
1114 1115 1090
1111 1112 1116
1111 1116 1114
1112 1113 1116
1117 1115 1114
1116 1117 1114
1117 1118 1115
1110 1119 1113
1110 1120 1119
1113 1121 1116
1116 1121 1117
1113 1119 1121
1117 1122 1118
1121 1122 1117
1120 1123 1119
1123 1120 1124
1119 1125 1121
1119 1123 1125
1121 1125 1122
1126 1118 1122
1126 1127 1118
1123 1124 1128
1128 1125 1123
1122 1125 1129
1122 1129 1126
1128 1129 1125
1130 1127 1126
1129 1130 1126
1130 1131 1127
1132 1131 1130
1129 1133 1130
1128 1133 1129
1132 1130 1133
1134 1128 1124
1128 1134 1133
1134 1132 1133
1134 1124 1135
1134 1135 1132
665 1104 1136
665 1136 675
1137 1136 1104
675 1136 1138
1138 1136 1137
1139 1137 1104
1140 1137 1139
1041 1139 1104
1041 1044 1139
1140 1139 1044
675 1138 1141
675 1141 691
691 1141 1142
1138 1142 1141
691 1142 1143
1142 1144 1143
1137 1145 1138
1138 1145 1142
1137 1140 1145
1142 1146 1144
1145 1146 1142
1147 1144 1146
1147 1148 1144
1145 1149 1146
1140 1149 1145
1149 1147 1146
1148 1147 1150
1151 1148 1150
1149 1152 1147
1152 1150 1147
1151 1150 1153
1152 1154 1150
1154 1153 1150
1149 1155 1152
1155 1154 1152
1140 1156 1149
1149 1156 1155
1151 1153 1157
1151 1157 1158
1159 1158 1157
1159 1160 1158
1153 1161 1157
1161 1159 1157
1154 1162 1153
1153 1162 1161
1155 1163 1154
1163 1162 1154
1156 1164 1155
1163 1155 1164
1156 1165 1164
1163 1164 1166
1163 1167 1162
1163 1166 1167
1167 1161 1162
1168 1167 1166
1169 1165 1156
1169 1170 1165
1156 1140 1169
1171 1170 1169
1172 1169 1140
1171 1169 1172
1044 1172 1140
1167 1173 1161
1168 1173 1167
1174 1171 1172
1174 1175 1171
1044 1176 1172
1174 1172 1176
1026 1176 1044
1173 1177 1161
1161 1177 1159
1168 1178 1173
1173 1178 1177
1168 1179 1178
1175 1174 1180
1181 1175 1180
1174 1176 1182
1182 1176 1026
1182 1180 1174
1177 1183 1159
1159 1183 1160
1179 1184 1178
1185 1184 1179
1178 1186 1177
1177 1186 1183
1178 1184 1186
1160 1183 1187
1187 1183 1186
1160 1187 1188
1182 1026 1189
1026 1028 1189
1185 1190 1184
1186 1184 1190
1189 1191 1182
1182 1191 1180
1192 1189 1028
1189 1192 1191
1192 1028 1193
1191 1194 1180
1181 1180 1194
1192 1193 1195
1196 1195 1193
1192 1197 1191
1191 1197 1194
1192 1195 1197
1198 1181 1194
1198 1194 1197
1198 1199 1181
1200 1197 1195
1198 1197 1200
1199 1198 1201
1200 1201 1198
1202 1199 1201
1196 1203 1195
1200 1195 1203
1200 1204 1201
1203 1204 1200
1205 1203 1196
1203 1205 1204
1205 1196 1206
1202 1201 1207
1204 1207 1201
1205 1206 1208
1208 1206 1209
1205 1210 1204
1204 1210 1207
1205 1208 1210
1211 1207 1210
1208 1211 1210
1212 1202 1207
1211 1212 1207
1212 1213 1202
1214 1213 1212
1214 1212 1211
1214 1215 1213
1214 1216 1215
1214 1217 1216
1214 1211 1217
1217 1218 1216
1217 1219 1218
1218 1219 1209
1219 1217 1211
1208 1209 1220
1219 1220 1209
1219 1211 1220
1208 1220 1211
1221 1188 1187
1221 1222 1188
1221 1223 1222
1187 1224 1221
1221 1224 1223
1187 1225 1224
1187 1186 1225
1186 1190 1225
1224 1225 1190
1223 1224 1226
1224 1190 1226
1223 1226 1227
1226 1190 1185
1226 1185 1227
1228 1229 1230
1231 1230 1229
1232 1228 1230
1232 1233 1228
1231 1234 1230
1232 1230 1234
1235 1234 1231
1236 1233 1232
1236 1237 1233
1235 1238 1234
1239 1238 1235
1232 1234 1240
1240 1236 1232
1238 1240 1234
1240 1241 1236
1242 1237 1236
1242 1243 1237
1242 1244 1243
1239 1245 1238
1245 1239 1246
1247 1236 1241
1247 1242 1236
1248 1245 1246
1249 1248 1246
1249 1250 1248
1251 1248 1250
1245 1248 1251
1251 1250 1252
1251 1252 1253
1254 1238 1245
1245 1251 1254
1251 1253 1255
1254 1251 1255
1255 1253 1256
1254 1257 1238
1238 1257 1240
1254 1255 1258
1257 1254 1258
1257 1258 1259
1257 1260 1240
1259 1260 1257
1260 1241 1240
1255 1256 1261
1262 1258 1255
1262 1255 1261
1256 1263 1261
1262 1261 1263
1256 1264 1263
1265 1259 1258
1258 1262 1265
1266 1265 1262
1267 1263 1264
1267 1264 1268
1267 1268 1269
1262 1263 1270
1266 1262 1270
1271 1270 1263
1271 1263 1267
1271 1266 1270
1267 1269 1272
1271 1267 1272
1269 1273 1272
1269 1274 1273
1273 1274 1275
1271 1272 1276
1272 1273 1277
1272 1277 1276
1273 1275 1278
1277 1273 1278
1279 1271 1276
1271 1279 1266
1279 1276 1280
1280 1276 1277
1275 1281 1278
1275 1282 1281
1282 1283 1281
1282 1284 1283
1285 1278 1281
1283 1285 1281
1284 1286 1283
1283 1286 1285
1284 1287 1286
1286 1287 1288
1277 1278 1289
1285 1289 1278
1286 1290 1285
1289 1285 1290
1286 1288 1291
1286 1291 1290
1288 1290 1291
1288 1292 1290
1292 1293 1290
1289 1290 1293
1292 1294 1293
1295 1293 1294
1296 1277 1289
1296 1289 1293
1295 1296 1293
1280 1277 1296
1295 1280 1296
1295 1297 1280
1298 1280 1297
1298 1279 1280
1266 1279 1298
1266 1298 1299
1299 1300 1266
1299 1301 1300
1265 1266 1300
1301 1302 1300
1265 1300 1302
1301 1303 1302
1304 1265 1302
1304 1259 1265
1305 1302 1303
1305 1303 1306
1307 1305 1306
1304 1302 1308
1308 1302 1305
1309 1304 1308
1309 1308 1310
1308 1305 1310
1307 1311 1305
1311 1310 1305
1312 1311 1307
1312 1307 1313
1314 1312 1313
1311 1315 1310
1315 1311 1312
1304 1316 1259
1309 1316 1304
1309 1310 1317
1315 1317 1310
1314 1318 1312
1315 1312 1319
1318 1319 1312
1314 1320 1318
1314 1321 1320
1322 1320 1321
1322 1321 1323
1318 1320 1324
1324 1320 1322
1325 1322 1323
1324 1322 1325
1325 1323 1326
1318 1327 1319
1318 1324 1327
1315 1319 1328
1327 1328 1319
1315 1329 1317
1315 1328 1329
1330 1325 1326
1330 1326 1331
1332 1325 1330
1332 1330 1331
1332 1324 1325
1332 1331 1333
1324 1334 1327
1324 1332 1334
1334 1332 1333
1327 1334 1328
1334 1333 1335
1334 1335 1336
1334 1336 1328
1337 1328 1336
1337 1329 1328
1329 1337 1338
1329 1338 1317
1309 1317 1338
1309 1338 1339
1309 1339 1340
1309 1340 1341
1340 1342 1341
1316 1309 1341
1342 1316 1341
1340 1343 1342
1344 1342 1343
1342 1345 1316
1316 1345 1259
1344 1346 1342
1347 1346 1344
1342 1348 1345
1348 1342 1346
1345 1348 1349
1345 1350 1259
1259 1350 1260
1348 1346 1351
1349 1348 1351
1347 1352 1346
1352 1351 1346
1353 1352 1347
1353 1347 1354
1355 1353 1354
1352 1356 1351
1356 1352 1353
1345 1357 1350
1345 1349 1357
1349 1351 1358
1356 1358 1351
1260 1350 1359
1360 1350 1357
1360 1359 1350
1361 1360 1357
1260 1359 1362
1260 1362 1241
1362 1359 1363
1363 1359 1360
1349 1364 1357
1364 1361 1357
1349 1365 1364
1365 1361 1364
1349 1366 1365
1366 1349 1358
1365 1367 1361
1366 1358 1368
1369 1361 1367
1370 1368 1358
1356 1370 1358
1370 1371 1368
1369 1372 1361
1373 1372 1369
1361 1374 1360
1372 1374 1361
1370 1356 1375
1356 1353 1375
1371 1370 1376
1370 1375 1376
1371 1376 1377
1378 1375 1353
1355 1378 1353
1379 1376 1375
1378 1379 1375
1380 1377 1376
1379 1380 1376
1380 1381 1377
1382 1381 1380
1355 1383 1378
1355 1384 1383
1385 1379 1378
1380 1379 1385
1385 1378 1383
1382 1380 1386
1380 1385 1386
1387 1382 1386
1387 1386 1388
1385 1388 1386
1389 1387 1388
1385 1390 1388
1389 1388 1390
1383 1390 1385
1391 1389 1390
1392 1383 1384
1392 1384 1391
1383 1392 1390
1391 1390 1392
1374 1393 1360
1363 1360 1393
1374 1394 1393
1395 1394 1374
1372 1395 1374
1396 1395 1372
1373 1396 1372
1397 1396 1373
1397 1373 1398
1397 1398 1399
1396 1400 1395
1397 1400 1396
1395 1401 1394
1400 1401 1395
1402 1393 1394
1402 1394 1401
1402 1403 1393
1363 1393 1403
1402 1401 1404
1363 1403 1405
1406 1404 1401
1400 1406 1401
1406 1407 1404
1406 1408 1407
1405 1409 1363
1362 1363 1409
1405 1410 1409
1409 1241 1362
1410 1411 1409
1409 1411 1241
1410 1412 1411
1413 1411 1412
1414 1241 1411
1413 1414 1411
1415 1414 1413
1414 1247 1241
1415 1416 1414
1416 1247 1414
1416 1415 1417
1416 1418 1247
1242 1247 1418
1416 1417 1419
1418 1416 1419
1242 1418 1420
1242 1420 1244
1421 1419 1417
1421 1417 1422
1418 1419 1423
1420 1418 1423
1421 1423 1419
1244 1420 1424
1420 1423 1424
1244 1424 1425
1424 1426 1425
1427 1421 1422
1427 1422 1428
1421 1429 1423
1429 1424 1423
1429 1421 1427
1428 1430 1427
1429 1427 1430
1428 1431 1430
1429 1432 1424
1424 1432 1426
1430 1432 1429
1433 1430 1431
1430 1433 1432
1433 1426 1432
1433 1431 1434
1433 1434 1426
1397 1435 1400
1406 1400 1435
1435 1397 1436
1397 1399 1436
1406 1435 1437
1406 1437 1408
1437 1435 1438
1435 1436 1438
1439 1438 1436
1440 1436 1399
1439 1436 1440
1440 1399 1441
1408 1437 1442
1437 1438 1442
1442 1438 1439
1408 1442 1443
1442 1444 1443
1441 1445 1440
1439 1440 1445
1441 1446 1445
1442 1447 1444
1442 1439 1447
1448 1444 1447
1449 1445 1446
1439 1445 1449
1449 1446 1450
1448 1447 1451
1439 1451 1447
1439 1449 1451
1450 1448 1451
1450 1451 1449
1452 1453 1454
1455 1454 1453
1456 1453 1452
1456 1452 1457
1455 1453 1458
1456 1458 1453
1459 1455 1458
1460 1456 1457
1460 1457 1461
1459 1458 1462
1463 1459 1462
1456 1464 1458
1464 1456 1460
1462 1458 1464
1464 1460 1465
1466 1460 1461
1466 1461 1467
1466 1467 1468
1463 1462 1469
1469 1470 1463
1471 1465 1460
1471 1460 1466
1472 1470 1469
1473 1470 1472
1473 1472 1474
1475 1474 1472
1469 1475 1472
1475 1476 1474
1475 1477 1476
1478 1469 1462
1469 1478 1475
1475 1479 1477
1478 1479 1475
1479 1480 1477
1478 1462 1481
1462 1464 1481
1478 1482 1479
1481 1482 1478
1481 1483 1482
1481 1464 1484
1483 1481 1484
1484 1464 1465
1479 1485 1480
1486 1479 1482
1486 1485 1479
1480 1485 1487
1486 1487 1485
1480 1487 1488
1489 1482 1483
1482 1489 1486
1490 1486 1489
1486 1491 1487
1490 1491 1486
1492 1488 1487
1492 1493 1488
1492 1494 1493
1495 1487 1491
1495 1492 1487
1495 1491 1490
1492 1496 1494
1495 1496 1492
1494 1496 1497
1494 1497 1498
1497 1499 1498
1495 1500 1496
1496 1501 1497
1496 1500 1501
1497 1502 1499
1501 1502 1497
1503 1500 1495
1495 1490 1503
1503 1504 1500
1504 1501 1500
1499 1502 1505
1499 1505 1506
1506 1505 1507
1506 1507 1508
1509 1505 1502
1507 1505 1509
1508 1507 1510
1507 1509 1510
1508 1510 1511
1510 1512 1511
1501 1513 1502
1509 1502 1513
1510 1509 1514
1513 1514 1509
1510 1515 1512
1510 1514 1515
1512 1515 1514
1512 1514 1516
1516 1514 1517
1513 1517 1514
1516 1517 1518
1519 1518 1517
1520 1513 1501
1520 1517 1513
1519 1517 1520
1504 1520 1501
1519 1520 1504
1519 1504 1521
1522 1521 1504
1522 1504 1503
1490 1522 1503
1490 1523 1522
1523 1490 1524
1523 1524 1525
1489 1524 1490
1525 1524 1526
1489 1526 1524
1525 1526 1527
1528 1526 1489
1528 1489 1483
1529 1527 1526
1529 1530 1527
1531 1530 1529
1528 1532 1526
1532 1529 1526
1533 1532 1528
1533 1534 1532
1532 1534 1529
1531 1529 1535
1535 1529 1534
1536 1531 1535
1536 1537 1531
1538 1537 1536
1535 1534 1539
1539 1536 1535
1528 1483 1540
1533 1528 1540
1533 1541 1534
1539 1534 1541
1538 1536 1542
1539 1543 1536
1542 1536 1543
1538 1542 1544
1538 1544 1545
1546 1545 1544
1546 1547 1545
1542 1548 1544
1548 1546 1544
1549 1547 1546
1548 1549 1546
1549 1550 1547
1542 1543 1551
1542 1551 1548
1539 1552 1543
1551 1543 1552
1539 1541 1553
1539 1553 1552
1554 1550 1549
1554 1555 1550
1556 1554 1549
1556 1555 1554
1556 1549 1548
1556 1557 1555
1548 1551 1558
1548 1558 1556
1558 1557 1556
1551 1552 1558
1558 1559 1557
1558 1560 1559
1558 1552 1560
1561 1560 1552
1561 1552 1553
1553 1562 1561
1553 1541 1562
1533 1562 1541
1533 1563 1562
1533 1564 1563
1533 1565 1564
1564 1565 1566
1540 1565 1533
1566 1565 1540
1564 1566 1567
1568 1567 1566
1566 1540 1569
1540 1483 1569
1568 1566 1570
1571 1568 1570
1569 1483 1572
1483 1484 1572
1573 1570 1566
1566 1569 1573
1569 1574 1573
1573 1575 1570
1574 1575 1573
1571 1570 1576
1576 1570 1575
1577 1571 1576
1577 1578 1571
1579 1578 1577
1576 1575 1580
1580 1577 1576
1569 1572 1581
1569 1581 1574
1574 1582 1575
1580 1575 1582
1484 1583 1572
1584 1581 1572
1584 1572 1583
1585 1581 1584
1484 1586 1583
1484 1465 1586
1586 1587 1583
1587 1584 1583
1574 1581 1588
1588 1581 1585
1574 1588 1589
1589 1588 1585
1574 1589 1590
1590 1582 1574
1589 1585 1591
1590 1592 1582
1593 1591 1585
1594 1582 1592
1580 1582 1594
1594 1592 1595
1593 1585 1596
1597 1593 1596
1594 1598 1580
1580 1598 1577
1595 1599 1594
1594 1599 1598
1595 1600 1599
1601 1577 1598
1579 1577 1601
1602 1599 1600
1602 1600 1603
1604 1602 1603
1605 1598 1599
1601 1598 1605
1605 1599 1602
1579 1601 1606
1579 1606 1607
1608 1601 1605
1602 1608 1605
1608 1606 1601
1604 1609 1602
1602 1609 1608
1610 1609 1604
1610 1611 1609
1608 1609 1611
1612 1611 1610
1608 1611 1613
1612 1613 1611
1606 1608 1613
1614 1613 1612
1615 1614 1607
1615 1607 1606
1606 1613 1615
1614 1615 1613
1596 1585 1616
1585 1584 1616
1616 1584 1617
1587 1617 1584
1596 1616 1618
1616 1617 1619
1618 1616 1619
1620 1596 1618
1597 1596 1620
1621 1597 1620
1621 1622 1597
1621 1623 1622
1620 1618 1624
1621 1620 1624
1618 1619 1625
1624 1618 1625
1626 1619 1617
1626 1625 1619
1626 1617 1627
1587 1627 1617
1626 1628 1625
1587 1629 1627
1630 1625 1628
1624 1625 1630
1630 1628 1631
1630 1631 1632
1629 1587 1633
1586 1633 1587
1629 1633 1634
1633 1586 1465
1634 1633 1635
1633 1465 1635
1634 1635 1636
1637 1636 1635
1638 1635 1465
1637 1635 1638
1639 1637 1638
1638 1465 1471
1639 1638 1640
1640 1638 1471
1640 1641 1639
1640 1471 1642
1466 1642 1471
1640 1643 1641
1642 1643 1640
1466 1644 1642
1466 1468 1644
1645 1641 1643
1645 1646 1641
1642 1647 1643
1644 1647 1642
1645 1643 1647
1468 1648 1644
1644 1648 1647
1468 1649 1648
1648 1649 1650
1651 1646 1645
1651 1652 1646
1645 1647 1653
1653 1647 1648
1653 1651 1645
1652 1651 1654
1653 1654 1651
1652 1654 1655
1653 1648 1656
1648 1650 1656
1654 1653 1656
1657 1655 1654
1654 1656 1657
1657 1656 1650
1657 1658 1655
1657 1650 1658
1621 1624 1659
1630 1659 1624
1659 1660 1621
1621 1660 1623
1630 1661 1659
1630 1632 1661
1661 1662 1659
1659 1662 1660
1663 1660 1662
1664 1623 1660
1663 1664 1660
1664 1665 1623
1632 1666 1661
1661 1666 1662
1666 1663 1662
1632 1667 1666
1666 1667 1668
1665 1664 1669
1663 1669 1664
1665 1669 1670
1666 1668 1671
1666 1671 1663
1672 1671 1668
1673 1670 1669
1663 1673 1669
1673 1674 1670
1672 1675 1671
1663 1671 1675
1663 1675 1673
1674 1673 1675
1674 1675 1672
