byte offset: 0
first index: 13065
index count: 4890
topology: trianglelist
format: DXGI_FORMAT_R16_UINT

3821 3822 3823
3821 3823 3824
3825 3826 3827
3825 3827 3828
3829 3830 3831
3829 3831 3832
3833 3834 3835
3833 3835 3836
3837 3838 3839
3837 3839 3840
3841 3842 3829
3841 3829 3843
3844 3845 3846
3844 3846 3847
3848 3849 3850
3848 3850 3851
3823 3822 3852
3823 3852 3853
3823 3853 3854
3823 3854 3851
3855 3853 3852
3855 3852 3856
3857 3858 3859
3857 3859 3860
3861 3862 3863
3861 3863 3864
3865 3866 3867
3865 3867 3868
3869 3870 3871
3869 3871 3872
3873 3874 3875
3873 3875 3876
3877 3878 3879
3877 3879 3880
3881 3882 3883
3881 3883 3884
3885 3886 3887
3885 3887 3888
3829 3832 3889
3829 3889 3843
3830 3829 3842
3830 3842 3890
3891 3826 3825
3892 3893 3894
3895 3832 3831
3895 3831 3896
3851 3850 3824
3851 3824 3823
3851 3854 3897
3851 3897 3848
3854 3898 3899
3854 3899 3897
3876 3875 3845
3876 3845 3844
3900 3901 3902
3900 3902 3903
3904 3905 3883
3904 3883 3906
3907 3908 3909
3907 3909 3910
3911 3882 3912
3911 3912 3913
3914 3863 3862
3915 3841 3843
3915 3843 3916
3843 3889 3917
3843 3917 3916
3855 3856 3918
3855 3918 3919
3920 3899 3898
3920 3898 3921
3872 3871 3922
3872 3922 3923
3837 3840 3924
3837 3924 3925
3926 3927 3912
3926 3912 3928
3929 3930 3931
3932 3933 3921
3932 3921 3919
3934 3935 3936
3934 3936 3937
3861 3932 3938
3861 3938 3939
3940 3941 3933
3940 3933 3864
3853 3855 3898
3853 3898 3854
3942 3943 3859
3942 3859 3858
3867 3866 3944
3945 3863 3914
3862 3946 3914
3947 3948 3949
3950 3951 3952
3950 3952 3953
3951 3950 3954
3951 3954 3955
3953 3952 3956
3953 3956 3957
3958 3959 3960
3958 3960 3961
3962 3963 3964
3958 3965 3966
3958 3966 3959
3967 3968 3969
3969 3970 3967
3971 3972 3973
3971 3973 3974
3975 3974 3973
3975 3973 3976
3977 3978 3979
3977 3979 3980
3981 3982 3983
3981 3983 3984
3985 3986 3987
3985 3987 3988
3989 3990 3991
3989 3991 3992
3993 3994 3995
3993 3995 3996
3997 3998 3999
3999 3980 3979
3999 3979 4000
3950 3953 4001
3950 4001 4002
4002 4003 3950
4003 4004 3954
4005 4006 4007
4006 4008 4009
4006 4009 4007
4010 4011 4012
4010 4012 4013
3966 3965 3967
4014 3989 3992
4014 3992 4015
4016 4017 4018
4019 4020 4021
4019 4021 4022
4023 4024 4025
4023 4025 4026
4027 3948 3947
4028 4029 4030
4028 4030 4031
4032 4033 4034
4032 4034 4035
4036 4037 4038
4039 3970 4040
4039 4040 4041
3999 4000 3997
3961 3960 3962
3961 3962 3964
3990 3975 3976
3990 3976 3991
3984 3983 3986
3984 3986 3985
4028 4031 4042
4028 4042 4043
4037 4044 4038
4038 4044 4045
4038 4045 4046
4034 4047 4048
4034 4048 4035
4035 4048 4049
4035 4049 4030
4050 4001 3953
4050 3953 3957
4034 4033 4051
4034 4051 4046
4018 4017 4022
4018 4022 4021
4052 4023 4026
4052 4026 4019
4024 4053 4054
4024 4054 4025
4055 4056 4057
4055 4057 4058
4059 4060 4061
4059 4061 4062
4063 4064 4065
4063 4065 4066
4067 4068 4069
4067 4069 4070
4071 4066 4065
4071 4065 4072
4073 4074 4075
4073 4075 4076
4074 4077 4078
4074 4078 4075
4079 4080 4081
4082 4083 4084
4082 4084 4085
4084 4086 4085
4087 4088 4074
4087 4074 4073
4089 4090 4091
4092 4093 4079
4083 4094 4095
4083 4095 4096
4095 4097 4096
4098 4099 4100
4098 4100 4072
4070 4101 4102
4070 4102 4067
4062 4061 4103
4062 4103 4104
4105 4106 4107
4105 4107 4108
4109 4110 4111
4109 4111 4112
4113 4114 4115
4113 4115 4116
4117 4118 4119
4117 4119 4120
4121 4122 4123
4124 4125 4126
4127 4128 4129
4127 4129 4130
4131 4132 4133
4131 4133 4134
4135 4136 4128
4135 4128 4127
4134 4133 4137
4134 4137 4138
4139 4140 4141
4139 4141 4142
4139 4143 4140
4144 4130 4129
4144 4129 4145
4064 4063 4146
4064 4146 4147
4148 4149 4150
4065 4064 4151
4065 4151 4152
4148 4153 4154
4155 4156 4157
4155 4157 4158
4159 4160 4161
4159 4161 4162
4064 4147 4163
4064 4163 4151
4147 4164 4165
4147 4165 4163
4166 4167 4168
4166 4168 4169
4170 4171 4172
4098 4072 4065
4098 4065 4152
4146 4173 4164
4146 4164 4147
4174 4159 4162
4174 4162 4175
4172 4171 4176
4177 4149 4178
4177 4178 4179
4180 4078 4077
4180 4077 4091
4077 4089 4091
4181 4149 4177
4081 4180 4091
4081 4091 4079
4079 4091 4090
4079 4090 4092
4154 4153 4167
4154 4167 4166
4153 4182 4167
4080 4079 4083
4080 4083 4082
4079 4093 4094
4079 4094 4083
4183 4144 4145
4183 4145 4184
4169 4168 4185
4113 4108 4107
4113 4107 4114
4159 4157 4156
4159 4156 4160
4186 4187 4188
4186 4188 4189
4190 4191 4192
4190 4192 4193
4194 4190 4193
4194 4193 4195
4077 4074 4088
4077 4088 4196
4179 4165 4164
4179 4164 4177
4177 4164 4173
4177 4173 4197
4118 4117 4112
4118 4112 4111
4124 4126 4198
4124 4198 4199
4060 4059 4200
4060 4200 4201
4202 4203 4200
4202 4200 4204
4148 4205 4206
4148 4206 4153
4153 4206 4182
4150 4149 4181
4178 4149 4148
4077 4196 4089
4186 4116 4115
4186 4115 4187
4207 4120 4119
4207 4119 4208
4162 4161 4191
4162 4191 4190
4175 4162 4190
4175 4190 4194
4209 4189 4188
4209 4188 4210
4193 4192 4211
4193 4211 4212
4195 4193 4212
4195 4212 4213
4208 4214 4215
4208 4215 4207
4100 4099 4155
4100 4155 4158
4105 4102 4101
4105 4101 4106
4104 4103 4110
4104 4110 4109
4199 4198 4215
4199 4215 4214
4209 4210 4121
4209 4121 4123
4212 4211 4170
4212 4170 4172
4213 4212 4172
4213 4172 4176
4073 4069 4087
4069 4068 4216
4072 4100 4217
4072 4217 4071
4100 4158 4218
4100 4218 4217
4158 4157 4219
4158 4219 4218
4157 4159 4174
4157 4174 4219
4148 4154 4178
4220 4221 4222
4220 4222 4223
4224 4225 4226
4224 4226 4227
4228 4229 4230
4227 4226 4231
4227 4231 4232
4233 4234 4235
4233 4236 4237
4233 4237 4234
4222 4221 4238
4222 4238 4239
4240 4241 4242
4243 4244 4245
4243 4245 4246
4247 4248 4249
4247 4249 4250
4251 4252 4253
4251 4253 4254
4255 4221 4220
4256 4257 4258
4259 4260 4261
4262 4227 4232
4262 4232 4263
4264 4224 4227
4264 4227 4262
4265 4266 4267
4265 4267 4268
4254 4269 4270
4254 4270 4251
4271 4250 4272
4271 4272 4273
4274 4275 4236
4274 4236 4233
4276 4277 4278
4276 4278 4279
4280 4281 4282
4280 4282 4283
4284 4285 4286
4284 4286 4287
4287 4286 4288
4287 4288 4289
4290 4251 4270
4290 4270 4291
4259 4292 4293
4294 4295 4296
4294 4296 4297
4293 4298 4299
4293 4299 4300
4255 4301 4238
4302 4243 4246
4302 4246 4303
4304 4247 4250
4304 4250 4271
4305 4267 4306
4305 4306 4307
4244 4243 4268
4244 4268 4308
4309 4242 4272
4309 4272 4310
4311 4312 4313
4311 4313 4314
4240 4242 4309
4315 4316 4317
4315 4317 4318
4319 4320 4321
4319 4321 4322
4319 4323 4324
4319 4324 4320
4325 4319 4322
4325 4322 4326
4317 4327 4328
4317 4328 4329
4330 4331 4332
4333 4334 4335
4336 4337 4338
4336 4338 4339
4340 4338 4341
4340 4341 4342
4343 4344 4334
4343 4334 4345
4346 4347 4339
4346 4339 4348
4349 4350 4335
4349 4335 4351
4352 4350 4353
4352 4353 4354
4355 4347 4356
4355 4356 4357
4358 4356 4347
4358 4347 4346
4349 4359 4353
4349 4353 4350
4360 4361 4362
4360 4362 4363
4364 4365 4366
4364 4366 4367
4368 4369 4364
4368 4364 4367
4370 4371 4362
4370 4362 4318
4372 4345 4334
4372 4334 4333
4373 4341 4338
4373 4338 4337
4374 4343 4345
4374 4345 4375
4376 4375 4345
4375 4377 4378
4375 4378 4374
4375 4376 4379
4375 4379 4377
4380 4381 4382
4380 4382 4383
4382 4384 4385
4382 4385 4383
4358 4324 4323
4358 4323 4356
4328 4327 4353
4328 4353 4359
4386 4327 4317
4386 4317 4316
4387 4323 4319
4387 4319 4325
4388 4389 4390
4388 4390 4391
4392 4393 4394
4392 4394 4395
4396 4397 4398
4391 4390 4399
4391 4399 4400
4395 4394 4401
4395 4401 4402
4403 4404 4405
4403 4405 4406
4407 4408 4409
4407 4409 4410
4411 4412 4413
4411 4413 4414
4413 4412 4415
4413 4415 4416
4389 4388 4417
4389 4417 4418
4419 4420 4421
4419 4421 4422
4423 4424 4425
4423 4425 4426
4427 4428 4429
4427 4429 4430
4429 4428 4431
4429 4431 4432
4422 4421 4433
4422 4433 4434
4435 4423 4426
4435 4426 4436
4430 4429 4437
4430 4437 4438
4429 4432 4439
4429 4439 4437
4434 4433 4440
4435 4436 4441
4438 4437 4442
4437 4439 4442
4392 4443 4444
4392 4444 4393
4445 4446 4447
4445 4447 4448
4449 4450 4451
4449 4451 4452
4453 3835 4454
3910 3909 4455
3910 4455 4456
4383 4385 4457
4383 4457 4458
4459 4460 4461
4459 4461 4462
3839 3909 3908
3839 3908 4463
4464 4294 4297
4464 4297 4465
4200 4203 4466
4200 4466 4201
4035 4030 4029
4035 4029 4032
4030 4049 4031
4012 4058 4057
4012 4057 4013
4003 4467 4004
3950 4003 3954
4019 4022 4468
4019 4468 4052
4026 4025 4469
4026 4469 4470
4019 4026 4470
4019 4470 4020
4468 4022 4017
4468 4017 4471
4017 4016 4471
3828 3827 4472
3828 4472 4473
4474 3831 3830
4474 3830 4475
4475 3830 3890
4475 3890 4476
4477 3896 3831
4477 3831 4474
4290 4261 4478
4290 4478 4479
4261 4480 4259
4481 4482 4483
4481 4483 4484
4361 4315 4318
4361 4318 4362
4322 4321 4365
4322 4365 4364
4326 4322 4364
4326 4364 4369
4329 4370 4318
4329 4318 4317
4485 4332 4331
4485 4331 4363
4486 4331 4330
4487 4488 4489
4490 4487 4489
3926 4491 4458
3926 4458 3927
3901 4492 4493
3901 4493 3902
3909 3839 3838
3909 3838 4455
3927 4458 4457
3927 4457 4494
3839 4463 3840
4495 4464 4465
4495 4465 4496
4458 4491 4380
4458 4380 4383
4456 3915 3916
4456 3916 3910
3916 3917 3907
3916 3907 3910
4300 4299 4296
4300 4296 4295
4381 4378 4377
4381 4377 4382
4377 4379 4384
4377 4384 4382
4494 3913 3912
4494 3912 3927
3885 3925 3924
3885 3924 3886
3881 3928 3912
3881 3912 3882
3884 3883 3905
3884 3905 4497
3888 3887 3879
3888 3879 3878
3906 3883 3882
3906 3882 3911
4446 4452 4451
4446 4451 4447
4261 4290 4291
4261 4291 4480
4498 4335 4350
4336 4339 4347
4336 4347 4355
4348 4339 4338
4348 4338 4340
4351 4335 4334
4351 4334 4344
4418 4417 4482
4418 4482 4481
4473 4472 3870
4473 3870 3869
3875 4474 4475
3875 4475 3845
3845 4475 4476
3845 4476 3846
3874 4477 4474
3874 4474 3875
4251 4290 4479
4251 4479 4252
3919 3918 3938
3919 3938 3932
3941 3920 3921
3941 3921 3933
3855 3919 3921
3855 3921 3898
3937 3936 3943
3937 3943 3942
3847 3821 3824
3847 3824 3844
3876 3850 3849
3876 3849 3873
3844 3824 3850
3844 3850 3876
3923 3922 3857
3923 3857 3860
3932 3861 3864
3932 3864 3933
3934 3865 3868
3934 3868 3935
3861 3939 3946
3861 3946 3862
3945 3940 3864
3945 3864 3863
4499 4500 4266
4262 4263 4269
4262 4269 4254
4264 4262 4254
4501 4502 4277
4501 4277 4276
4314 4307 4306
4314 4306 4311
4354 4353 4327
4354 4327 4386
4387 4357 4356
4387 4356 4323
4226 4225 4229
4226 4229 4228
4503 4504 4231
4503 4231 4505
4302 4265 4268
4302 4268 4243
4279 4278 4281
4279 4281 4280
4308 4268 4267
4308 4267 4305
4506 4230 4233
4506 4235 4505
4246 4245 4248
4246 4248 4247
4283 4282 4285
4283 4285 4284
4304 4303 4246
4304 4246 4247
4275 4223 4222
4275 4222 4236
4236 4222 4239
4236 4239 4237
4273 4272 4242
4273 4242 4241
4289 4288 4258
4289 4258 4257
4310 4272 4250
4310 4250 4249
4454 3893 3892
4454 3835 3893
3836 3835 4453
3894 4461 4460
3894 3893 4461
3877 3880 4507
3903 3902 3905
3903 3905 3904
3931 3930 3834
3931 3834 3833
4445 4448 4508
3902 4493 4497
3902 4497 3905
3957 3956 3949
3957 3949 3948
4010 4009 4008
4010 4008 4011
4034 4046 4045
4034 4045 4047
4027 4050 3957
4027 3957 3948
4046 4051 4036
4046 4036 4038
4167 4182 4509
4148 4150 4205
4404 4396 4398
4404 4398 4405
4400 4399 4408
4400 4408 4407
4402 4401 4412
4402 4412 4411
4412 4401 4510
4412 4510 4415
4419 4403 4406
4419 4406 4420
4410 4409 4425
4410 4425 4424
4414 4413 4428
4414 4428 4427
4428 4413 4416
4428 4416 4431
4450 4449 4511
4450 4511 4512
4496 4512 4511
4496 4511 4495
4513 4292 4514
4513 4514 4515
4515 4514 4444
4515 4444 4443
4293 4292 4298
4298 4292 4513
4232 4231 4504
4232 4504 4516
4235 4234 4517
4235 4517 4518
4234 4237 4519
4234 4519 4517
4239 4238 4301
4239 4301 4520
4263 4232 4516
4263 4516 4521
4522 4270 4269
4522 4269 4523
4444 4291 4270
4444 4270 4522
4514 4480 4291
4514 4291 4444
4269 4263 4521
4269 4521 4523
4505 4231 4228
4505 4235 4518
4505 4518 4503
4237 4239 4520
4237 4520 4519
4292 4259 4480
4292 4480 4514
4341 4524 4342
4043 4042 4054
4043 4054 4053
4054 4469 4025
4462 4525 4526
4462 4526 4459
4527 4528 4529
4527 4529 4530
4529 4528 4531
4529 4531 4532
4533 4534 4535
4533 4535 4536
4536 4535 4537
4536 4537 4538
4539 4540 4541
4539 4541 4542
4543 4544 4545
4543 4545 4546
4547 4548 4549
4547 4549 4550
4551 4552 4553
4551 4553 4554
4553 4552 4555
4553 4555 4556
4557 4558 4559
4557 4559 4560
4561 4562 4552
4561 4552 4551
4562 4563 4555
4562 4555 4552
4564 4565 4566
4564 4566 4567
4531 4528 4568
4531 4568 4569
4568 4528 4527
4568 4527 4570
4558 4571 4572
4558 4572 4559
4565 4573 4574
4565 4574 4566
4530 4529 4575
4529 4532 4575
4543 4546 4576
4547 4550 4577
4578 4579 4574
4580 4554 4553
4580 4553 4581
4581 4553 4556
4581 4556 4582
4583 4578 4574
4583 4574 4573
4582 4533 4536
4582 4536 4581
4536 4538 4580
4536 4580 4581
4584 4585 4586
4584 4586 4587
4588 4589 4585
4588 4585 4584
4590 4591 4589
4590 4589 4588
4592 4593 4591
4592 4591 4590
4594 4595 4593
4594 4593 4592
4596 4597 4595
4596 4595 4594
4598 4599 4597
4598 4597 4596
4600 4601 4599
4600 4599 4598
4602 4603 4601
4602 4601 4600
4604 4605 4603
4604 4603 4602
4606 4607 4605
4606 4605 4604
4608 4609 4607
4608 4607 4606
4610 4609 4608
4509 4168 4167
4611 4612 4613
4611 4613 4614
4614 4613 4615
4614 4615 4616
4617 4618 4619
4617 4619 4620
4621 4622 4623
4621 4623 4624
4625 4611 4614
4625 4614 4626
4627 4626 4628
4627 4628 4629
4617 4630 4631
4617 4631 4632
4625 4633 4634
4625 4634 4635
4636 4637 4638
4636 4638 4639
4638 4640 4641
4638 4641 4639
4642 4643 4644
4642 4644 4645
4646 4647 4648
4646 4648 4649
4647 4650 4651
4647 4651 4648
4652 4653 4654
4652 4654 4645
4655 4656 4657
4655 4657 4658
4659 4660 4661
4659 4661 4662
4661 4663 4664
4661 4664 4662
4618 4665 4666
4618 4666 4619
4667 4668 4665
4667 4665 4618
4669 4670 4671
4672 4673 4674
4675 4676 4677
4678 4679 4680
4678 4680 4681
4682 4683 4679
4682 4679 4678
4644 4684 4685
4644 4685 4686
4645 4644 4686
4645 4686 4652
4636 4687 4688
4636 4688 4637
4645 4654 4689
4645 4689 4642
4658 4657 4690
4658 4690 4691
4692 4693 4694
4630 4617 4620
4630 4620 4695
4696 4697 4622
4696 4622 4698
4633 4625 4626
4633 4626 4627
4667 4632 4628
4667 4628 4616
4618 4617 4632
4618 4632 4667
4611 4625 4635
4611 4635 4671
4699 4700 4701
4699 4701 4702
4703 4704 4705
4669 4635 4634
4706 4672 4707
4708 4693 4709
4710 4711 4712
4713 4692 4694
4713 4694 4714
4673 4672 4706
4715 4716 4717
4616 4615 4668
4616 4668 4667
4629 4628 4632
4629 4632 4631
4659 4646 4649
4659 4649 4660
4718 4654 4653
4718 4653 4719
4720 4689 4654
4720 4654 4718
4616 4628 4626
4616 4626 4614
4650 4721 4722
4650 4722 4651
4671 4670 4612
4671 4612 4611
4658 4718 4719
4658 4719 4655
4691 4720 4718
4691 4718 4658
4671 4635 4669
4722 4721 4723
4657 4656 4724
4690 4657 4724
4673 4725 4674
4726 4727 4728
4726 4728 4729
4730 4731 4732
4730 4732 4733
4734 4735 4736
4734 4736 4737
4731 4738 4739
4731 4739 4732
4726 4732 4739
4726 4739 4740
4735 4741 4742
4735 4742 4736
4738 4743 4744
4738 4744 4739
4739 4744 4745
4739 4745 4740
4746 4747 4748
4746 4748 4749
4741 4750 4751
4741 4751 4742
4743 4752 4753
4743 4753 4744
4744 4753 4754
4744 4754 4745
4747 4755 4756
4747 4756 4748
4750 4757 4758
4750 4758 4751
4753 4752 4759
4753 4759 4760
4754 4753 4760
4754 4760 4761
4755 4762 4763
4755 4763 4756
4764 4765 4766
4764 4766 4767
4768 4769 4770
4768 4770 4771
4772 4771 4770
4772 4770 4773
4774 4775 4776
4774 4776 4777
4778 4779 4734
4749 4780 4781
4749 4781 4746
4782 4783 4780
4784 4785 4786
4784 4786 4787
4788 4789 4790
4788 4790 4791
4792 4793 4794
4792 4794 4795
4796 4797 4798
4796 4798 4799
4764 4784 4787
4764 4787 4765
4771 4791 4790
4771 4790 4768
4795 4794 4772
4795 4772 4800
4777 4796 4799
4777 4799 4774
4785 4758 4757
4785 4757 4786
4788 4760 4759
4788 4759 4789
4801 4761 4793
4801 4793 4792
4797 4763 4762
4797 4762 4798
4767 4766 4802
4770 4769 4803
4804 4773 4803
4776 4775 4805
4733 4806 4807
4733 4807 4730
4729 4728 4808
4729 4808 4809
4810 4811 4812
4810 4812 4813
4814 4815 4816
4814 4816 4817
4811 4818 4819
4811 4819 4812
4817 4816 4820
4817 4820 4821
4818 4822 4823
4818 4823 4819
4821 4820 4824
4821 4824 4825
4822 4826 4827
4824 4828 4825
4826 4829 4830
4826 4830 4827
4828 4831 4829
4828 4829 4826
4829 4832 4833
4829 4833 4830
4831 4834 4832
4831 4832 4829
4732 4726 4729
4732 4729 4733
4726 4740 4835
4726 4835 4727
4740 4745 4836
4740 4836 4835
4745 4754 4837
4745 4837 4836
4754 4761 4801
4754 4801 4837
4800 4772 4773
4800 4773 4804
4791 4794 4793
4791 4793 4788
4771 4772 4794
4771 4794 4791
4788 4793 4761
4788 4761 4760
4729 4809 4806
4729 4806 4733
4810 4814 4817
4810 4817 4811
4811 4817 4821
4811 4821 4818
4821 4825 4822
4821 4822 4818
4822 4825 4826
4803 4773 4770
4838 4839 4840
4838 4840 4841
4841 4840 4807
4841 4807 4813
4842 4843 4844
4842 4844 4845
4846 4845 4844
4846 4844 4847
4848 4849 4850
4848 4850 4851
4852 4853 4854
4852 4854 4855
4843 4856 4857
4843 4857 4844
4844 4857 4858
4844 4858 4847
4859 4848 4860
4859 4860 4861
4862 4863 4864
4862 4864 4865
4866 4867 4868
4866 4868 4869
4866 4869 4870
4866 4870 4871
4872 4873 4874
4872 4874 4875
4876 4877 4853
4876 4853 4852
4865 4855 4854
4865 4854 4862
4857 4856 4867
4857 4867 4866
4871 4858 4857
4871 4857 4866
4878 4879 4880
4878 4880 4881
4864 4863 4882
4869 4868 4883
4870 4869 4883
4884 4885 4886
4813 4812 4887
4813 4887 4841
4841 4887 4888
4841 4888 4838
4812 4819 4887
4887 4819 4889
4887 4889 4888
4819 4823 4890
4819 4890 4889
4823 4827 4891
4823 4891 4890
4830 4833 4892
4830 4892 4893
4894 4892 4833
4894 4833 4895
4893 4891 4827
4893 4827 4830
4896 4897 4842
4896 4842 4845
4845 4846 4898
4845 4898 4896
4899 4900 4877
4901 4902 4903
4901 4903 4904
4905 4906 4907
4905 4907 4908
4909 4910 4911
4909 4911 4912
4911 4910 4913
4911 4913 4914
4910 4915 4916
4910 4916 4913
4917 4918 4919
4917 4919 4699
4919 4918 4920
4919 4920 4921
4903 4902 4922
4903 4922 4923
4906 4905 4924
4906 4924 4925
4926 4927 4928
4926 4928 4929
4930 4931 4932
4930 4932 4933
4934 4935 4936
4934 4936 4937
4934 4937 4938
4934 4938 4939
4934 4939 4940
4934 4940 4941
4904 4903 4942
4904 4942 4943
4903 4923 4944
4903 4944 4942
4945 4926 4929
4945 4929 4946
4947 4948 4949
4947 4949 4950
4943 4942 4951
4943 4951 4952
4942 4944 4953
4942 4953 4951
4954 4945 4946
4954 4946 4955
4956 4909 4957
4956 4957 4958
4956 4915 4910
4956 4910 4909
4947 4936 4935
4947 4935 4948
4952 4951 4905
4952 4905 4908
4951 4953 4924
4951 4924 4905
4959 4954 4955
4959 4955 4960
4907 4906 4961
4906 4925 4961
4939 4938 4962
4963 4964 4965
4966 4967 4968
4969 4970 4966
4971 4972 4973
4974 4975 4972
4976 4977 4978
4976 4978 4979
4973 4970 4980
4981 4967 4982
4967 4983 4984
4970 4985 4986
4985 4972 4987
4988 4967 4981
4987 4972 4975
4989 4984 4990
4991 4992 4975
4991 4975 4974
4993 4994 4992
4993 4992 4991
4985 4987 4995
4986 4985 4995
4996 4997 4998
4996 4998 4999
5000 5001 5002
5003 5004 5001
5003 5001 5000
5005 5006 5007
4999 4998 5008
5009 5010 4997
5009 4997 4996
5011 5012 5013
4984 5014 4990
4984 4983 5014
5015 5016 5017
5018 5019 5020
5021 5022 5023
5021 5023 5024
5025 5026 5027
5028 5029 5030
5028 5030 5031
5030 5029 5032
5030 5032 5033
5028 5031 5034
5028 5034 5035
4993 5036 5037
4993 5037 4994
5036 5038 5039
5036 5039 5037
5040 5041 5042
5040 5042 5043
5041 5044 5042
5037 5039 5045
5037 5045 5046
5039 5047 5048
5039 5048 5045
5042 5044 5049
5050 5051 5052
5050 5052 5053
5054 5055 5056
5054 5056 5057
5058 5059 5060
5058 5060 5047
5061 5062 5060
5061 5060 5043
5063 5064 5065
5063 5065 5066
5067 5068 5069
4973 4985 4970
4973 4972 4985
4982 4967 4984
5063 5070 5064
5071 5072 5022
5071 5022 5021
5073 5074 5072
5073 5072 5071
5075 5076 5077
5075 5077 5078
4979 4978 5079
4979 5079 5080
5078 5077 5081
5078 5081 5082
5082 5081 5083
5082 5083 5084
5084 5083 5074
5084 5074 5073
5085 4677 4676
5066 5065 5086
5066 5086 5087
5080 5079 5088
5080 5088 5089
4970 4986 5014
4970 5014 4983
5090 4967 4988
5087 5086 5091
5089 5088 5076
5089 5076 5075
4980 4970 5092
5069 5093 4977
5069 4977 4976
5046 5094 4994
5046 4994 5037
5094 5095 4992
5094 4992 4994
5095 5096 4975
5095 4975 4992
4966 4983 4967
5092 4970 4969
4966 4970 4983
5059 5040 5043
5059 5043 5060
5053 5052 5020
5053 5020 5019
5057 5056 5026
5057 5026 5025
5049 5061 5043
5049 5043 5042
5024 5023 5051
5024 5051 5050
5035 5034 5055
5035 5055 5054
5062 5048 5047
5062 5047 5060
5038 5058 5047
5038 5047 5039
4968 4967 5090
5097 5098 5033
5097 5033 5032
4895 4833 4832
4895 4832 5099
4832 4834 5100
4813 4807 4806
4813 4806 4810
4809 4808 4815
4809 4815 4814
4806 4809 4814
4806 4814 4810
4896 4840 4839
4896 4839 4897
4807 4840 4896
4807 4896 4898
4974 4972 4971
4714 4711 4710
4714 4710 4713
4712 4711 5101
5064 5070 5102
5103 5104 5105
5105 5104 5106
5105 5106 5107
5107 5106 5108
5107 5108 5109
5109 5108 5110
5109 5110 5111
4676 4675 5112
5069 5068 5093
4711 5113 5101
4832 5100 5099
4620 4619 4622
4620 4622 4697
4682 4664 4663
4682 4663 4683
4619 4666 4623
4619 4623 4622
4640 4685 4684
4640 4684 4641
4695 4620 4697
4695 4697 5114
4921 4920 4922
4921 4922 4902
4927 4930 4933
4927 4933 4928
4916 5115 5116
4916 5116 4913
4902 4901 5117
4902 5117 4921
4921 5117 5118
4921 5118 4919
5118 4700 4699
5118 4699 4919
4643 5119 4684
4643 4684 4644
5119 5120 4641
5119 4641 4684
5120 4639 4641
4703 4705 5121
4778 4734 4737
4780 4783 4781
5122 4932 4931
5122 4931 5123
5124 5125 5126
5124 5126 4949
5127 4914 4913
5127 4913 5116
4960 4964 4963
4960 4963 4959
5128 5124 4949
5128 4949 4948
4909 4912 5129
4909 5129 4957
5130 5128 4948
5130 4948 4935
4941 5130 4935
4941 4935 4934
5125 5127 5116
5125 5116 5126
5131 5132 4702
5131 4702 4701
4699 4702 5133
4699 5133 4917
5134 5135 5122
5136 5137 4853
5136 4853 4877
4849 4848 4859
5138 4879 4878
5138 4878 5139
4881 4880 4885
4881 4885 4884
4873 4872 4861
4873 4861 4860
5140 5138 5139
5141 4875 4874
4899 4877 4876
4962 4940 4939
4333 4335 4498
4498 4350 4352
4073 4076 4069
4204 4200 4059
5142 4041 5143
5142 5143 5144
5145 5146 4202
4202 5146 4203
4041 5142 4039
5143 4041 4040
5143 4040 5147
3967 3970 4039
3967 4039 3966
5134 5122 5123
4261 4260 5148
4261 5148 4478
4500 4311 4306
4049 4048 5149
4049 5149 5150
4047 5151 5149
4047 5149 4048
4045 5152 5151
4045 5151 4047
4045 4044 5153
4045 5153 5152
4044 4037 5153
4444 5154 4393
5154 5155 4394
5154 4394 4393
5155 4510 4401
5155 4401 4394
5156 4502 5157
5156 5157 5158
5158 5157 5159
5158 5159 5160
4397 5161 5162
4396 5161 4397
5163 5164 5165
5163 5165 5166
5164 4502 4501
5164 4501 5165
4312 5167 5168
4312 5168 4313
5166 5169 5170
5166 5170 5163
4534 5171 5172
4534 5172 4535
4535 5172 5173
4535 5173 4537
5167 5174 5175
5167 5175 5168
5170 5169 5176
5170 5176 5177
5172 5171 5178
5172 5178 5179
5172 5179 5180
5172 5180 5173
5174 5181 5182
5174 5182 5175
5176 5183 5184
5176 5184 5177
5160 5159 5185
4486 4360 4363
4486 4363 4331
4367 4366 4488
4367 4488 4487
4490 4368 4367
4490 4367 4487
4371 4485 4363
4371 4363 4362
4548 4557 4560
4548 4560 4549
4564 4567 4545
4564 4545 4544
4569 4568 4562
4569 4562 4561
4562 4568 4570
4562 4570 4563
5087 5091 5186
4181 4177 4197
4293 4260 4259
4376 4345 4372
4825 4828 4826
4822 4827 4823
4277 4502 5156
4095 4094 5187
5187 4094 4093
5187 4093 5188
4093 4092 5189
4093 5189 5188
5189 4092 4090
5189 4090 5190
4090 4089 5191
4090 5191 5190
4089 4196 5192
4089 5192 5191
4196 4088 5193
4196 5193 5192
4088 4087 5194
4088 5194 5193
4087 4069 4216
4087 4216 5194
4694 4693 4708
4266 4500 4306
4266 4306 4267
4233 4235 4506
4228 4230 4506
4264 4254 4253
4506 4505 4228
4228 4231 4226
4233 4230 4274
4255 4238 4221
5121 5195 4696
5121 4696 4703
4696 5195 5114
4696 5114 4697
5196 5197 5198
5196 5198 5199
5197 5200 5198
5201 5202 4579
5201 4579 4578
4540 4539 5203
4540 5203 5204
4572 4571 4542
4572 4542 4541
5203 5205 5204
5116 5115 5206
5116 5206 5126
5126 5206 4950
5126 4950 4949
5207 5132 5131
5208 4851 4850
5111 5110 5209
5111 5209 5210
5210 5209 5211
5210 5211 5212
5212 5211 4621
5212 4621 4624
4696 4698 5213
4696 5213 4703
5213 4704 4703
5214 5215 5216
5214 5216 5217
5218 5219 5220
5218 5220 5214
5214 5220 5221
5214 5221 5215
5222 5223 5224
5222 5224 5225
5220 5219 5226
5220 5226 5227
5220 5227 5228
5220 5228 5221
5223 5229 5230
5223 5230 5224
5231 5232 5233
5234 5235 5236
5236 5235 5237
5238 5232 5231
5233 5225 5224
5233 5224 5231
5227 5226 5234
5227 5234 5236
5237 5228 5227
5237 5227 5236
5224 5230 5238
5224 5238 5231
5222 5239 5240
5222 5240 5223
5223 5240 5241
5223 5241 5229
5240 5242 5243
5240 5243 5241
5244 5245 5246
5244 5246 5247
5245 5248 5249
5245 5249 5250
5245 5250 5251
5245 5251 5246
5252 5253 5254
5250 5249 5255
5250 5255 5217
5244 5256 5248
5244 5248 5245
5217 5216 5251
5217 5251 5250
5252 5243 5242
5252 5242 5253
5217 5255 5218
5217 5218 5214
5244 5257 5258
5244 5258 5256
5244 5247 5259
5244 5259 5257
5259 5260 5257
5133 4702 5261
5261 4702 5132
5262 5263 5264
5262 5264 5265
5263 5266 5267
5263 5267 5264
5268 5267 5266
4715 4680 4716
4680 4679 4716
5201 5269 5270
5201 5270 5202
5269 5271 5270
4479 4478 5205
5203 4479 5205
4877 4900 5136
