byte offset: 0
first index: 0
index count: 8616
topology: trianglelist
format: DXGI_FORMAT_R16_UINT

0 1 2
0 2 3
1 4 5
1 5 2
6 5 4
6 4 7
8 9 7
10 11 12
10 12 3
13 10 3
13 3 2
5 6 14
15 0 3
15 3 12
9 16 6
17 18 19
17 19 20
17 21 22
23 24 25
23 25 26
20 15 12
20 12 17
17 12 11
17 11 21
27 28 29
30 31 32
30 32 33
34 35 36
37 38 34
39 40 41
39 41 36
42 43 35
28 44 45
46 47 28
48 49 50
48 50 51
52 53 54
55 56 57
55 57 58
59 60 61
59 61 62
63 64 65
66 27 67
68 69 70
68 70 71
72 73 33
72 33 74
75 76 77
75 77 78
76 79 77
80 81 63
80 63 82
83 84 85
83 85 86
87 88 89
87 89 90
91 25 24
91 24 92
93 94 10
93 10 13
95 96 21
95 21 11
97 98 99
97 99 100
35 14 39
101 99 98
99 101 102
76 102 79
22 21 96
22 96 103
58 57 53
103 60 104
103 104 22
22 104 18
105 23 26
105 26 106
107 108 105
107 105 106
109 110 108
109 108 107
111 112 110
111 110 109
113 112 18
113 18 114
114 115 116
114 116 113
117 118 119
117 119 120
121 119 118
121 118 122
104 123 115
104 115 114
122 118 124
122 124 125
56 55 126
56 126 127
94 95 11
94 11 10
128 129 130
128 130 131
132 129 128
132 128 133
133 134 132
134 135 136
134 136 137
138 110 112
138 112 113
110 138 130
110 130 108
108 130 129
108 129 105
129 132 23
129 23 105
24 23 132
24 132 137
92 24 137
92 137 136
139 140 141
139 141 142
75 139 142
75 142 100
100 142 143
100 143 97
144 70 69
144 69 145
45 146 145
45 145 69
70 144 147
70 147 148
71 70 148
71 148 149
140 139 150
140 150 151
47 46 125
47 125 124
122 125 126
55 121 122
121 55 58
152 58 52
152 52 153
154 155 153
154 153 52
156 50 49
156 49 157
158 159 160
158 160 161
162 158 161
162 161 163
164 162 163
164 163 165
166 164 165
166 165 167
166 167 168
166 168 169
170 169 168
170 168 171
171 172 173
171 173 170
174 173 175
62 61 176
62 176 177
61 160 159
61 159 176
155 154 50
155 50 156
51 50 154
35 43 14
19 18 112
19 112 111
28 27 46
178 179 66
179 126 125
178 127 126
178 126 179
34 36 180
34 180 181
177 182 183
177 183 62
184 59 62
184 62 183
59 184 185
59 185 123
123 185 117
123 117 115
152 186 119
152 119 121
153 187 186
153 186 152
187 153 155
187 155 188
156 189 188
156 188 155
156 190 189
190 157 191
186 192 120
186 120 119
187 193 192
187 192 186
188 194 193
188 193 187
189 195 194
189 194 188
190 196 195
190 195 189
196 190 191
196 191 197
115 117 120
115 120 116
192 198 116
192 116 120
198 192 193
198 193 131
194 128 131
194 131 193
133 128 194
133 194 195
134 133 195
134 195 196
135 134 196
135 196 197
123 104 60
123 60 59
198 138 113
198 113 116
138 198 131
138 131 130
144 199 200
144 200 147
145 201 199
145 199 144
201 145 146
201 146 182
182 146 44
182 44 183
183 44 47
183 47 184
124 185 184
124 184 47
118 117 185
118 185 124
202 40 39
202 39 16
34 181 37
181 203 204
81 205 64
205 206 102
101 65 64
207 208 65
30 33 73
30 73 209
31 30 149
31 149 148
147 200 90
147 90 89
87 84 83
87 83 88
210 72 74
181 180 211
42 38 171
42 171 168
168 167 93
168 93 42
167 165 94
167 94 93
95 94 165
95 165 163
96 95 163
96 163 161
161 160 103
161 103 96
60 103 160
60 160 61
42 93 13
42 13 43
5 43 13
5 13 2
78 150 139
78 139 75
75 100 76
37 204 172
171 38 37
171 37 172
69 68 29
69 29 45
68 212 213
212 68 71
212 71 214
149 215 214
149 214 71
215 149 30
215 30 209
89 31 148
89 148 147
31 89 88
31 88 32
83 216 32
83 32 88
217 218 219
217 219 220
208 219 218
208 218 65
216 221 74
216 74 33
216 33 32
82 63 218
82 218 217
83 86 216
222 223 224
222 224 225
226 227 228
229 230 169
229 169 170
231 232 77
151 150 233
234 235 236
234 236 237
176 159 238
176 238 239
240 241 158
240 158 162
242 164 166
242 166 243
239 244 177
239 177 176
245 246 247
245 247 248
225 235 234
225 234 222
249 250 235
249 235 225
251 252 253
251 253 254
255 256 257
255 257 258
259 260 78
225 224 261
225 261 249
262 227 263
264 265 266
264 266 267
77 79 268
269 85 84
269 84 270
271 268 79
271 79 206
267 266 272
273 274 275
273 275 276
258 277 278
258 278 255
162 164 242
162 242 240
243 166 169
243 169 230
279 280 281
232 259 78
200 199 246
200 246 245
282 283 284
282 284 285
286 282 285
286 285 287
287 288 289
287 289 286
290 291 292
293 294 260
293 260 290
233 294 295
182 177 244
182 244 201
201 244 246
201 246 199
270 296 297
270 297 269
297 205 81
297 81 269
298 270 299
298 299 300
283 296 301
283 301 284
205 297 271
205 271 206
302 303 304
305 306 245
305 245 248
224 293 290
224 290 261
293 224 223
293 223 295
300 299 306
300 306 305
307 308 309
307 309 310
311 312 279
313 314 315
313 315 316
314 313 252
314 252 251
273 276 317
273 317 318
319 320 321
319 321 322
321 323 324
321 324 325
326 244 239
309 316 315
309 315 327
328 329 261
328 261 290
249 261 329
249 329 327
250 249 327
250 327 315
250 315 314
250 314 230
243 230 314
243 314 251
291 290 260
291 260 259
232 231 286
232 286 289
231 268 282
231 282 286
271 283 268
271 297 296
271 296 283
259 232 289
259 289 291
291 289 288
291 288 292
292 288 330
292 330 331
90 306 299
90 299 87
306 90 200
306 200 245
296 270 298
296 298 301
332 333 301
332 301 298
251 254 242
251 242 243
240 242 254
240 254 334
334 335 241
334 241 240
239 238 336
227 226 330
227 330 337
338 278 277
338 277 339
340 341 335
340 335 334
227 337 342
227 342 263
333 264 267
333 267 343
263 342 343
263 343 267
336 344 345
253 340 334
253 334 254
346 331 280
346 280 279
347 348 303
347 303 332
308 307 349
308 349 350
329 328 346
329 346 310
351 352 353
351 353 354
354 338 339
354 339 351
355 326 336
320 356 323
320 323 321
248 322 357
248 357 305
350 353 352
350 352 308
280 226 358
303 302 265
303 265 264
159 158 241
159 241 238
335 344 238
335 238 241
344 335 341
344 341 359
256 275 274
256 274 257
326 247 244
355 319 247
355 247 326
320 318 356
236 229 170
236 170 173
84 87 299
84 299 270
237 236 173
237 173 174
229 236 235
229 235 250
229 250 230
360 361 362
363 364 365
366 367 368
369 370 371
372 373 374
375 376 377
378 379 380
381 382 375
383 384 385
383 386 381
383 381 384
387 388 389
390 391 392
390 393 394
390 395 396
390 396 397
390 397 398
390 398 399
390 399 400
401 390 402
403 390 404
405 390 406
406 390 400
360 407 408
366 409 367
410 411 412
410 412 413
414 379 415
388 379 378
388 378 389
381 386 382
388 387 371
388 371 370
370 369 365
363 374 373
363 373 364
384 373 372
384 372 385
253 252 339
253 339 277
327 329 310
327 310 309
313 316 352
313 352 351
339 252 313
339 313 351
319 322 248
319 248 247
316 309 308
316 308 352
331 330 226
331 226 280
332 303 333
337 330 288
337 288 287
341 340 258
341 258 257
285 342 337
285 337 287
333 343 284
333 284 301
285 284 343
285 343 342
345 359 273
340 253 277
340 277 258
331 346 328
331 328 292
332 298 347
279 312 307
345 273 318
325 357 322
325 322 321
359 341 257
359 257 274
319 355 320
81 80 85
81 85 269
379 414 380
348 325 304
357 325 348
357 348 347
347 300 305
347 305 357
416 222 234
416 234 417
418 419 295
418 295 223
181 204 37
142 141 420
142 420 143
421 422 423
421 423 424
425 426 427
425 427 428
428 427 429
428 429 421
430 428 421
430 421 424
424 431 432
424 432 430
430 432 433
428 430 425
4 1 433
4 433 434
1 0 425
1 425 433
7 4 434
7 434 435
435 436 8
435 8 7
0 15 426
0 426 425
437 432 431
437 431 438
432 437 434
437 439 435
439 437 438
439 438 440
440 438 441
440 441 442
438 431 443
438 443 441
424 423 443
424 443 431
444 445 442
444 442 441
441 443 446
441 446 444
447 448 449
447 449 450
451 452 20
451 20 19
453 109 107
453 107 454
109 453 455
109 455 111
456 457 458
456 458 459
459 458 452
459 452 451
453 460 461
453 461 455
462 461 463
461 462 456
461 456 459
459 451 455
459 455 461
463 464 465
463 465 462
466 456 465
464 467 468
464 468 465
466 469 470
466 470 471
466 471 456
472 473 474
472 474 475
473 476 477
473 477 474
473 472 467
473 467 464
463 460 478
463 478 476
454 478 460
454 460 453
476 473 464
476 464 463
454 107 106
454 106 479
480 477 476
480 476 478
478 454 479
478 479 480
481 482 483
481 483 484
485 486 487
485 487 488
489 490 491
489 491 492
452 426 15
452 15 20
427 458 457
427 457 429
458 427 426
458 426 452
429 457 471
429 471 493
111 455 451
111 451 19
494 495 496
494 496 497
493 471 470
493 470 498
465 468 469
465 469 466
493 422 421
493 421 429
422 493 498
422 498 499
483 496 495
483 495 484
500 501 502
500 502 503
447 450 503
447 503 502
443 423 504
443 504 446
423 422 499
423 499 504
490 485 488
490 488 491
505 506 507
505 507 508
494 497 449
494 449 448
509 510 487
509 487 486
511 512 513
511 513 514
515 516 517
518 519 520
521 520 519
521 519 522
523 524 525
514 513 526
527 519 518
527 518 528
511 514 529
522 519 530
522 530 531
532 514 523
519 533 530
531 534 535
531 535 522
536 523 525
536 525 537
538 539 540
538 540 541
542 543 544
542 544 545
539 538 546
539 546 547
543 542 548
543 548 549
545 544 550
545 550 551
552 541 540
552 540 553
554 549 555
554 555 556
557 544 543
546 558 559
546 559 560
538 541 561
536 532 523
528 562 563
528 563 527
527 563 564
527 564 533
565 555 549
565 549 548
547 546 560
547 560 566
511 529 567
511 567 517
517 516 512
517 512 511
556 555 568
556 568 569
519 527 533
538 561 558
538 558 546
557 543 549
557 549 554
561 541 552
550 544 557
566 567 529
566 529 547
547 529 532
539 532 536
539 536 540
540 536 537
540 537 553
551 534 531
551 531 545
531 530 542
531 542 545
530 533 548
530 548 542
565 548 533
565 533 564
535 570 522
517 571 572
517 572 515
547 532 539
529 514 532
521 522 573
514 526 574
573 522 570
523 574 524
514 574 523
440 575 576
440 576 439
576 577 436
576 436 439
577 578 8
577 8 436
563 562 579
563 579 580
563 580 564
581 568 555
581 555 565
559 582 583
559 583 560
560 583 584
560 584 566
567 585 571
567 571 517
566 584 585
566 585 567
564 586 581
564 581 565
587 588 589
587 589 590
26 591 479
26 479 106
588 591 26
588 26 25
589 588 25
589 25 91
480 479 591
480 591 592
592 591 588
592 588 587
593 592 587
593 587 594
477 480 592
477 592 593
595 593 594
595 594 596
474 477 593
474 593 595
597 595 596
597 596 598
595 597 475
595 475 474
599 600 601
599 601 602
599 489 492
599 492 600
594 587 590
594 590 603
596 594 603
596 603 604
181 211 203
220 210 221
220 221 217
217 221 86
217 86 82
86 85 80
86 80 82
605 606 607
605 607 608
79 102 206
9 8 578
9 578 609
16 9 202
610 180 36
610 36 41
610 211 180
204 611 175
203 611 204
598 596 604
598 604 612
175 613 174
174 614 615
174 615 237
295 419 616
295 616 233
237 615 417
237 417 234
416 418 223
416 223 222
415 412 414
390 394 395
190 156 157
367 362 361
390 403 402
360 377 617
360 617 407
390 405 404
409 366 411
390 401 391
412 415 413
390 392 393
345 344 359
304 303 348
333 303 264
336 238 344
273 359 274
244 247 246
356 318 317
290 292 328
433 432 434
7 9 6
425 430 433
434 437 435
435 439 436
210 74 221
216 86 221
46 27 179
66 179 27
29 28 45
67 27 29
345 318 355
320 355 318
456 471 457
463 461 460
17 22 18
18 104 114
375 382 618
370 365 364
39 14 16
6 16 14
202 9 609
5 14 43
132 134 137
78 260 150
150 260 294
77 232 78
205 102 64
63 81 64
63 65 218
77 268 231
233 150 294
151 233 616
101 64 102
207 65 101
101 98 207
99 102 76
76 100 99
326 239 336
295 294 293
45 44 146
28 47 44
268 283 282
377 376 617
442 619 575
442 575 440
620 619 442
620 442 445
121 58 152
122 126 55
179 125 46
52 54 154
58 53 52
51 154 54
465 456 462
355 336 345
34 38 35
172 204 175
42 35 38
36 35 39
621 622 623
621 623 624
624 623 625
624 625 626
627 628 626
627 626 625
629 628 630
631 622 632
631 632 633
634 623 622
634 622 631
625 635 627
636 632 622
636 622 621
630 627 637
638 639 640
638 640 641
638 642 643
644 645 646
644 646 647
639 638 632
639 632 636
638 643 633
638 633 632
648 649 650
651 652 653
651 653 654
655 656 657
658 655 659
660 656 41
660 41 40
661 657 662
650 663 664
665 650 666
667 668 669
667 669 670
671 672 673
674 675 676
674 676 677
678 679 680
678 680 681
682 683 684
685 686 648
687 688 689
687 689 690
691 692 652
691 652 693
694 695 696
694 696 697
695 694 698
699 682 700
699 701 682
702 703 704
702 704 705
706 707 708
706 708 709
91 92 647
91 647 646
710 634 631
710 631 711
712 633 643
712 643 713
714 715 716
714 716 717
657 660 635
718 717 716
716 719 718
695 698 719
642 720 713
642 713 643
675 673 676
720 642 721
720 721 681
642 641 721
722 723 645
722 645 644
724 723 722
724 722 725
726 724 725
726 725 727
728 726 727
728 727 729
730 731 641
730 641 729
731 730 732
731 732 733
734 735 736
734 736 737
738 739 737
738 737 736
721 731 733
721 733 740
739 741 742
739 742 737
677 743 744
677 744 674
711 631 633
711 633 712
745 746 747
745 747 748
749 750 745
749 745 748
750 749 751
751 752 136
751 136 135
753 730 729
753 729 727
727 725 747
727 747 753
725 722 748
725 748 747
748 722 644
748 644 749
647 752 749
647 749 644
92 136 752
92 752 647
754 755 141
754 141 140
696 715 755
696 755 754
715 714 756
715 756 755
757 758 690
757 690 689
663 690 758
663 758 759
689 760 761
689 761 757
688 762 760
688 760 689
140 151 763
140 763 754
666 742 741
666 741 665
739 744 741
674 739 738
738 675 674
764 765 671
764 671 675
766 671 765
766 765 767
768 769 670
768 670 669
770 771 772
770 772 773
774 775 771
774 771 770
776 777 775
776 775 774
778 779 777
778 777 776
778 780 781
778 781 779
782 783 781
782 781 780
783 782 784
783 784 785
786 787 784
679 788 789
679 789 680
680 789 773
680 773 772
767 768 669
767 669 766
668 766 669
657 635 662
640 728 729
640 729 641
650 665 648
790 685 791
791 741 744
790 791 744
790 744 743
655 792 793
655 793 656
788 679 794
788 794 795
796 794 679
796 679 678
678 740 797
678 797 796
740 733 734
740 734 797
764 738 736
764 736 798
765 764 798
765 798 799
799 800 767
799 767 765
768 767 800
768 800 801
768 801 802
802 803 769
798 736 735
798 735 804
799 798 804
799 804 805
800 799 805
800 805 806
801 800 806
801 806 807
802 801 807
802 807 808
808 197 803
808 803 802
733 732 735
733 735 734
804 735 732
804 732 809
809 746 805
809 805 804
806 805 746
806 746 745
750 807 806
750 806 745
751 808 807
751 807 750
135 197 808
135 808 751
740 678 681
740 681 721
809 732 730
809 730 753
753 747 746
753 746 809
757 761 810
757 810 811
758 757 811
758 811 812
812 795 759
812 759 758
795 794 664
795 664 759
794 796 666
794 666 664
742 666 796
742 796 797
737 742 797
737 797 734
202 637 660
202 660 40
655 658 792
792 813 203
700 684 814
814 719 815
718 684 683
816 683 817
651 818 693
651 693 652
654 760 762
654 762 651
761 708 707
761 707 810
706 709 702
706 702 705
819 692 691
792 211 793
661 781 783
661 783 659
781 661 710
781 710 779
779 710 711
779 711 777
712 775 777
712 777 711
713 771 775
713 775 712
771 713 720
771 720 772
681 680 772
681 772 720
661 662 634
661 634 710
625 623 634
625 634 662
697 696 754
697 754 763
696 695 715
658 785 813
783 785 658
783 658 659
690 663 649
690 649 687
687 649 820
821 822 688
821 688 687
762 688 822
762 822 823
823 818 651
823 651 762
708 761 760
708 760 654
654 653 709
654 709 708
702 709 653
702 653 824
825 826 827
825 827 828
817 683 828
817 828 827
824 692 829
824 653 652
824 652 692
701 825 828
701 828 682
702 824 703
830 831 832
830 832 833
834 835 836
837 782 780
837 780 838
839 694 840
151 841 763
842 843 844
842 844 845
789 846 847
789 847 773
848 774 770
848 770 849
850 851 778
850 778 776
846 789 788
846 788 852
853 854 855
853 855 856
831 830 842
831 842 845
857 831 845
857 845 858
859 860 861
859 861 862
863 864 865
863 865 866
867 697 868
831 857 869
831 869 832
870 871 872
873 874 875
873 875 876
694 877 698
878 879 705
878 705 704
880 815 698
880 698 877
874 872 871
881 882 883
881 883 884
864 863 885
864 885 886
774 848 850
774 850 776
851 838 780
851 780 778
887 888 889
840 697 867
810 853 856
810 856 811
890 891 892
890 892 893
894 895 893
894 893 892
895 894 896
895 896 897
898 899 900
868 901 902
868 902 898
841 903 901
795 812 852
795 852 788
812 811 856
812 856 852
904 905 879
904 879 878
700 814 904
700 904 878
906 907 908
906 908 879
909 905 891
909 891 890
814 815 880
814 880 904
910 911 912
913 854 853
913 853 914
832 869 898
832 898 902
902 903 833
902 833 832
907 913 914
907 914 908
915 916 917
915 917 918
888 887 919
920 921 922
920 922 923
923 859 862
923 862 920
881 924 925
881 925 882
926 927 928
926 928 929
928 930 931
928 931 932
933 846 852
917 934 922
917 922 921
935 898 869
935 869 936
857 934 936
857 936 869
858 922 934
858 934 857
858 838 923
858 923 922
851 859 923
851 923 838
900 867 868
900 868 898
840 896 894
840 894 839
839 894 892
839 892 877
880 877 891
905 904 880
905 880 891
867 900 896
867 896 840
900 899 897
900 897 896
899 937 938
899 938 897
707 706 908
707 908 914
914 853 810
914 810 707
906 879 905
906 905 909
909 939 940
909 940 906
859 851 850
859 850 860
848 941 860
848 860 850
941 848 849
941 849 942
846 943 847
836 944 938
836 938 834
945 946 886
945 886 885
947 941 942
947 942 948
836 872 949
836 949 944
939 950 874
939 874 873
872 874 950
872 950 949
943 951 952
861 860 941
861 941 947
953 887 954
953 954 937
955 940 912
955 912 956
918 957 958
918 958 915
936 916 953
936 953 935
959 960 961
959 961 962
960 959 946
960 946 945
963 943 933
929 928 932
929 932 964
854 913 965
854 965 927
957 918 962
957 962 961
954 889 966
912 873 876
912 876 910
773 847 849
773 849 770
942 849 847
942 847 952
952 967 948
952 948 942
866 865 884
866 884 883
933 852 855
963 933 855
963 855 926
929 964 924
844 784 782
844 782 837
705 879 908
705 908 706
843 786 784
843 784 844
837 858 845
837 845 844
837 838 858
968 969 970
971 972 973
974 975 976
977 978 979
980 981 982
983 984 985
986 987 988
989 983 990
991 992 993
991 993 989
991 989 994
995 996 997
998 999 1000
998 1001 1002
998 1003 1004
998 1005 1003
998 1006 1005
998 1007 1006
998 1008 1007
1009 1010 998
1011 1012 998
1013 1014 998
1014 1008 998
968 970 1015
974 976 1016
1017 1018 1019
1017 1019 1020
1021 1022 988
997 996 986
997 986 988
989 990 994
997 979 978
997 978 995
979 972 977
971 973 982
971 982 981
993 992 980
993 980 982
861 886 946
861 946 862
934 917 916
934 916 936
920 959 962
920 962 921
946 959 920
946 920 862
926 855 854
926 854 927
921 962 918
921 918 917
937 954 834
937 834 938
940 939 912
944 895 897
944 897 938
948 865 864
948 864 947
893 895 944
893 944 949
890 950 939
890 939 909
950 890 893
950 893 949
951 881 967
947 864 886
947 886 861
937 899 935
937 935 953
940 955 906
887 953 916
887 916 915
951 924 881
930 928 927
930 927 965
967 884 865
967 865 948
926 929 963
700 878 704
700 704 699
988 987 1021
956 911 930
965 955 956
965 956 930
955 965 913
955 913 907
416 417 842
416 842 830
418 833 903
418 903 419
792 658 813
755 756 420
755 420 141
1023 1024 1025
1023 1025 1026
1027 1028 1029
1027 1029 1030
1028 1023 1031
1028 1031 1029
1032 1024 1023
1032 1023 1028
1024 1032 1033
1024 1033 1034
1032 1035 1033
1028 1027 1032
626 1036 1035
626 1035 624
624 1035 1027
624 1027 621
628 1037 1036
628 1036 626
1037 628 629
1037 629 1038
621 1027 1030
621 1030 636
1039 1040 1034
1039 1034 1033
1033 1036 1039
1039 1037 1041
1041 1042 1040
1041 1040 1039
1042 1043 1044
1042 1044 1040
1040 1044 1045
1040 1045 1034
1024 1034 1045
1024 1045 1025
1046 1044 1043
1046 1043 1047
1044 1046 1048
1044 1048 1045
1049 1050 1051
1049 1051 1052
1053 640 639
1053 639 1054
1055 1056 724
1055 724 726
726 728 1057
726 1057 1055
1058 1059 1060
1058 1060 1061
1059 1053 1054
1059 1054 1060
1055 1057 1062
1055 1062 1063
1064 1065 1062
1062 1059 1058
1062 1058 1064
1059 1062 1057
1059 1057 1053
1065 1064 1066
1065 1066 1067
1068 1066 1058
1067 1066 1069
1067 1069 1070
1068 1071 1072
1068 1072 1073
1068 1058 1071
1074 1075 1076
1074 1076 1077
1077 1076 1078
1077 1078 1079
1077 1067 1070
1077 1070 1074
1065 1079 1080
1065 1080 1063
1056 1055 1063
1056 1063 1080
1079 1065 1067
1079 1067 1077
1056 1081 723
1056 723 724
1082 1080 1079
1082 1079 1078
1080 1082 1081
1080 1081 1056
1083 1084 1085
1083 1085 1086
1087 1088 1089
1087 1089 1090
1091 1092 1093
1091 1093 1094
1054 639 636
1054 636 1030
1029 1031 1061
1029 1061 1060
1060 1054 1030
1060 1030 1029
1031 1095 1071
1031 1071 1061
728 640 1053
728 1053 1057
1096 1097 1098
1096 1098 1099
1095 1100 1072
1095 1072 1071
1069 1066 1068
1069 1068 1073
1095 1031 1023
1095 1023 1026
1026 1101 1100
1026 1100 1095
1085 1084 1099
1085 1099 1098
1102 1103 1104
1102 1104 1105
1049 1104 1103
1049 1103 1050
1045 1048 1106
1045 1106 1025
1025 1106 1101
1025 1101 1026
1094 1093 1088
1094 1088 1087
1107 1102 1105
1107 1105 506
1096 1052 1051
1096 1051 1097
1086 1090 1089
1086 1089 1083
1108 1109 1110
1108 1110 1111
1112 1113 1114
1115 1116 1117
1118 1119 1117
1118 1117 1116
1120 1121 1122
1109 1123 1110
1124 1125 1115
1124 1115 1117
1108 1126 1109
1119 1127 1128
1119 1128 1117
1129 1120 1109
1117 1128 1130
1127 1119 1131
1127 1131 1132
1133 1134 1121
1133 1121 1120
1135 1136 1137
1135 1137 1138
1139 1140 1141
1139 1141 1142
1138 1143 1144
1138 1144 1135
1142 1145 1146
1142 1146 1139
1140 1147 1148
1140 1148 1141
1149 1150 1137
1149 1137 1136
1151 1152 1153
1151 1153 1145
1154 1142 1141
1144 1155 1156
1144 1156 1157
1135 1158 1136
1133 1120 1129
1125 1124 1159
1125 1159 1160
1124 1130 1161
1124 1161 1159
1162 1146 1145
1162 1145 1153
1143 1163 1155
1143 1155 1144
1108 1113 1164
1108 1164 1126
1113 1108 1111
1113 1111 1114
1152 1165 1166
1152 1166 1153
1117 1130 1124
1135 1144 1157
1135 1157 1158
1154 1151 1145
1154 1145 1142
1158 1149 1136
1148 1154 1141
1163 1143 1126
1163 1126 1164
1143 1129 1126
1138 1137 1133
1138 1133 1129
1137 1150 1134
1137 1134 1133
1147 1140 1127
1147 1127 1132
1127 1140 1139
1127 1139 1128
1128 1139 1146
1128 1146 1130
1162 1161 1130
1162 1130 1146
1131 1119 1167
1113 1112 1168
1113 1168 1169
1143 1138 1129
1126 1129 1109
1118 1170 1119
1109 1171 1123
1170 1167 1119
1120 1122 1171
1109 1120 1171
1042 1041 576
1042 576 575
576 1041 1038
576 1038 577
577 1038 629
577 629 578
1172 1160 1159
1172 1159 1173
1159 1161 1173
1174 1162 1153
1174 1153 1166
1156 1155 1175
1156 1175 1176
1155 1163 1177
1155 1177 1175
1164 1113 1169
1164 1169 1178
1163 1164 1178
1163 1178 1177
1161 1162 1174
1161 1174 1179
1180 590 589
1180 589 1181
645 723 1081
645 1081 1182
1181 646 645
1181 645 1182
589 91 646
589 646 1181
1082 1183 1182
1082 1182 1081
1183 1180 1181
1183 1181 1182
1184 1185 1180
1184 1180 1183
1078 1184 1183
1078 1183 1082
1186 1187 1185
1186 1185 1184
1076 1186 1184
1076 1184 1078
1188 1189 1187
1188 1187 1186
1186 1076 1075
1186 1075 1188
1190 1191 1192
1190 1192 1193
1192 1191 1092
1192 1092 1091
1185 603 590
1185 590 1180
1187 604 603
1187 603 1185
792 203 211
826 825 829
826 829 819
825 701 703
825 703 829
703 701 699
703 699 704
1194 608 1190
1194 1190 1193
698 815 719
630 609 578
630 578 629
637 202 630
610 41 656
610 656 793
610 793 211
813 787 611
203 813 611
1189 612 604
1189 604 1187
787 786 613
786 843 615
786 615 614
903 841 616
903 616 419
843 842 417
843 417 615
416 830 833
416 833 418
1022 1021 1019
998 1004 1001
802 769 768
976 975 970
998 1010 1011
968 1015 1195
998 1012 1013
1016 1017 1020
998 1000 1009
1019 1018 1022
998 1002 999
951 967 952
911 956 912
939 873 912
943 952 847
881 884 967
852 856 855
964 925 924
898 935 899
1035 1036 1033
628 627 630
1027 1035 1032
1036 1037 1039
1037 1038 1041
819 829 692
824 829 703
665 791 648
685 648 791
649 663 650
686 649 648
951 963 924
929 924 963
1058 1061 1071
1065 1063 1062
638 641 642
641 731 721
983 985 1196
979 973 972
660 637 635
627 635 637
202 609 630
625 662 635
749 752 751
697 763 868
763 901 868
694 697 840
814 684 719
682 684 700
682 828 683
694 839 877
841 901 763
151 616 841
718 719 684
816 718 683
718 816 717
716 695 719
695 716 715
933 943 846
903 902 901
663 759 664
650 664 666
877 892 891
984 1197 985
1043 1042 575
1043 575 619
620 1047 1043
620 1043 619
738 764 675
739 674 744
791 665 741
671 766 672
675 671 673
668 672 766
1066 1064 1058
963 951 943
655 657 659
785 787 813
661 659 657
656 660 657
1198 1199 1200
1198 1200 1201
1202 1203 1204
1202 1204 1205
1198 1201 1206
1198 1206 1207
1208 1209 1203
1208 1203 1202
1210 1211 1212
1210 1212 1213
1214 1215 1216
1214 1216 1217
1218 1219 1220
1218 1220 1221
1222 1210 1213
1222 1213 1223
1224 1225 1215
1224 1215 1214
1226 1227 1228
1226 1228 1229
1230 1231 1219
1230 1219 1218
1229 1232 1233
1229 1233 1226
1234 1231 1230
1234 1230 1235
1199 1236 1237
1199 1237 1200
1228 1227 1238
1228 1238 1239
1217 1216 1239
1217 1239 1238
1205 1204 1237
1205 1237 1236
1221 1220 1212
1221 1212 1211
1240 1241 1242
1240 1242 1243
1242 1244 1245
1242 1245 1243
1246 1247 1241
1246 1241 1240
1248 1247 1246
1248 1246 1249
1250 1251 1248
1250 1248 1249
1252 1253 1254
1252 1254 1255
1256 1257 1258
1256 1258 1259
1258 1260 1261
1258 1261 1259
1262 1263 1252
1262 1252 1255
1253 1264 1265
1253 1265 1254
1266 1267 1257
1266 1257 1256
1260 1268 1269
1260 1269 1261
1270 1271 1263
1270 1263 1262
1264 1272 1273
1264 1273 1265
1274 1275 1267
1274 1267 1266
1276 1277 1245
1276 1245 1244
1278 1279 1273
1278 1273 1272
1274 1280 1281
1274 1281 1275
1282 1283 1284
1285 1286 1287
1285 1287 1288
1289 1290 1291
1289 1291 1292
1293 1294 1295
1293 1295 1296
1297 1298 1299
1300 1301 1302
1300 1302 1303
1304 1305 1306
1307 1308 1309
1307 1309 1310
1311 1312 1313
1311 1313 1314
1314 1313 1315
1314 1315 1316
1317 1302 1298
1317 1298 1318
1303 1302 1317
1303 1317 1319
1320 1291 1312
1320 1312 1311
1321 1322 1283
1321 1283 1282
1305 1304 1323
1305 1323 1324
1325 1297 1326
1325 1326 1327
1322 1328 1285
1322 1285 1283
1328 1329 1286
1328 1286 1285
1304 1309 1330
1304 1330 1323
1330 1309 1308
1330 1308 1331
1312 1291 1290
1313 1293 1296
1313 1296 1315
1297 1299 1332
1297 1332 1326
1333 1334 1301
1333 1301 1300
1320 1335 1292
1320 1292 1291
1318 1298 1297
1318 1297 1325
1332 1306 1305
1332 1305 1326
1326 1305 1324
1326 1324 1327
1321 1282 1292
1321 1292 1335
1282 1284 1289
1282 1289 1292
1288 1287 1295
1288 1295 1294
1310 1334 1333
1310 1333 1307
1298 1302 1301
1298 1301 1299
1299 1301 1334
1299 1334 1332
1306 1332 1334
1306 1334 1310
1310 1309 1304
1310 1304 1306
1283 1285 1288
1283 1288 1284
1284 1288 1294
1284 1294 1289
1294 1293 1290
1294 1290 1289
1293 1313 1312
1293 1312 1290
1336 1337 1338
1336 1338 1339
1340 1341 1342
1340 1342 1343
1344 1345 1346
1347 1348 1349
1339 1338 1350
1339 1350 1351
1352 1353 1354
1352 1354 1355
1356 1357 1358
1356 1358 1359
1360 1361 1362
1360 1362 1363
1364 1365 1366
1364 1366 1367
1368 1369 1345
1368 1345 1370
1371 1372 1373
1371 1373 1374
1374 1373 1341
1374 1341 1375
1376 1372 1344
1376 1344 1346
1377 1378 1379
1377 1379 1380
1341 1340 1381
1341 1381 1375
1366 1365 1379
1366 1379 1378
1382 1383 1384
1382 1384 1385
1385 1384 1345
1385 1345 1369
1386 1387 1345
1386 1345 1384
1359 1388 1355
1359 1355 1356
1389 1390 1357
1389 1357 1356
1382 1353 1352
1382 1352 1383
1383 1352 1391
1383 1391 1392
1393 1370 1345
1393 1345 1394
1380 1395 1396
1380 1396 1377
1395 1397 1396
1394 1345 1344
1394 1344 1398
1357 1399 1358
1390 1399 1357
1384 1383 1392
1384 1392 1386
1361 1400 1401
1361 1401 1362
1337 1402 1403
1337 1403 1338
1338 1403 1404
1343 1336 1339
1343 1339 1340
1367 1360 1363
1367 1363 1364
1351 1381 1340
1351 1340 1339
1342 1341 1373
1342 1373 1405
1372 1376 1405
1372 1405 1373
1393 1406 1370
1398 1344 1372
1398 1372 1371
1407 1408 1409
1397 1407 1409
1397 1409 1410
1370 1406 1368
1347 1403 1402
1347 1402 1411
1349 1404 1403
1347 1411 1412
1345 1387 1346
1413 1414 1415
1416 1417 1418
1419 1420 1413
1421 1422 1423
1424 1421 1423
1424 1423 1425
1426 1427 1428
1426 1428 1429
1430 1431 1426
1430 1426 1429
1432 1433 1431
1432 1431 1430
1434 1433 1432
1434 1432 1435
1408 1407 1436
1380 1437 1438
1380 1438 1395
1438 1434 1435
1438 1435 1395
1420 1419 1439
1420 1439 1401
1439 1440 1362
1439 1362 1401
1440 1441 1363
1440 1363 1362
1441 1442 1364
1441 1364 1363
1442 1443 1365
1442 1365 1364
1443 1444 1379
1443 1379 1365
1444 1437 1380
1444 1380 1379
1425 1423 1445
1425 1445 1446
1428 1425 1446
1428 1446 1447
1430 1429 1448
1430 1448 1449
1432 1430 1449
1432 1449 1450
1422 1445 1423
1436 1407 1435
1435 1451 1436
1436 1452 1408
1432 1450 1451
1432 1451 1435
1435 1397 1395
1355 1389 1356
1388 1391 1352
1388 1352 1355
1427 1424 1425
1427 1425 1428
1447 1448 1429
1447 1429 1428
1347 1453 1454
1347 1454 1348
1401 1400 1455
1420 1455 1456
1420 1456 1457
1420 1457 1413
1407 1397 1435
1397 1410 1396
1458 1349 1459
1460 1461 1462
1455 1463 1456
1347 1349 1403
1389 1355 1354
1338 1404 1350
1453 1464 1465
1414 1413 1466
1454 1453 1465
1413 1457 1466
1455 1400 1467
1401 1455 1420
1436 1451 1452
1468 1469 1470
1468 1470 1471
1472 1473 1474
1472 1474 1475
1476 1477 1478
1476 1478 1479
1479 1480 1481
1479 1481 1476
1482 1468 1471
1480 1470 1469
1480 1469 1481
1483 1484 1485
1483 1472 1475
1483 1475 1484
1486 1487 1488
1486 1488 1489
1349 1458 1404
1455 1467 1490
1491 1492 1493
1491 1493 1494
1495 1496 1497
1495 1497 1498
1499 1500 1501
1499 1501 1502
1503 1504 1505
1503 1505 1506
1498 1507 1495
1499 1502 1494
1499 1494 1493
1497 1496 1506
1497 1506 1505
1504 1503 1492
1504 1492 1491
1501 1500 1508
1509 1510 1511
1509 1511 1512
1513 1474 1473
1513 1473 1514
1515 1478 1477
1515 1477 1516
1516 1509 1512
1516 1512 1515
1510 1488 1487
1510 1487 1511
1489 1513 1514
1489 1514 1486
1517 1518 1519
1520 1519 1518
1520 1518 1521
1522 1523 1524
1522 1524 1525
1526 1527 1528
1526 1528 1529
1522 1530 1531
1522 1531 1523
1532 1526 1529
1532 1529 1533
1534 1535 1536
1534 1536 1537
1538 1539 1540
1538 1540 1541
1542 1543 1544
1542 1544 1545
1546 1547 1535
1546 1535 1534
1548 1538 1541
1548 1541 1549
1550 1551 1552
1550 1552 1553
1554 1542 1545
1554 1545 1555
1551 1550 1556
1551 1556 1557
1558 1559 1554
1558 1554 1555
1525 1524 1560
1525 1560 1561
1552 1562 1563
1552 1563 1553
1539 1563 1562
1539 1562 1540
1527 1561 1560
1527 1560 1528
1543 1537 1536
1543 1536 1544
1564 1565 1566
1564 1566 1567
1566 1565 1568
1566 1568 1569
1570 1564 1567
1570 1567 1571
1572 1573 1570
1572 1570 1571
1574 1573 1572
1574 1572 1575
1576 1577 1578
1576 1578 1579
1580 1581 1582
1580 1582 1583
1582 1581 1584
1582 1584 1585
1586 1577 1576
1586 1576 1587
1579 1578 1588
1579 1588 1589
1590 1580 1583
1590 1583 1591
1585 1584 1592
1585 1592 1593
1594 1586 1587
1594 1587 1595
1589 1588 1596
1589 1596 1597
1598 1590 1591
1598 1591 1599
1600 1569 1568
1600 1568 1601
1602 1597 1596
1602 1596 1603
1598 1599 1604
1598 1604 1605
1606 1607 1608
1609 1610 1611
1609 1611 1612
1613 1614 1615
1613 1615 1616
1617 1618 1619
1617 1619 1620
1621 1622 1623
1624 1625 1626
1624 1626 1627
1628 1629 1630
1631 1632 1633
1631 1633 1634
1635 1636 1637
1635 1637 1638
1636 1639 1640
1636 1640 1637
1641 1642 1623
1641 1623 1626
1625 1643 1641
1625 1641 1626
1644 1635 1638
1644 1638 1615
1645 1606 1608
1645 1608 1646
1630 1647 1648
1630 1648 1628
1649 1650 1651
1649 1651 1621
1646 1608 1609
1646 1609 1652
1652 1609 1612
1652 1612 1653
1628 1648 1654
1628 1654 1633
1654 1655 1634
1654 1634 1633
1638 1616 1615
1637 1640 1618
1637 1618 1617
1621 1651 1656
1621 1656 1622
1657 1624 1627
1657 1627 1658
1644 1615 1614
1644 1614 1659
1642 1649 1621
1642 1621 1623
1656 1651 1630
1656 1630 1629
1651 1650 1647
1651 1647 1630
1645 1659 1614
1645 1614 1606
1606 1614 1613
1606 1613 1607
1610 1620 1619
1610 1619 1611
1632 1631 1657
1632 1657 1658
1623 1622 1627
1623 1627 1626
1622 1656 1658
1622 1658 1627
1629 1632 1658
1629 1658 1656
1632 1629 1628
1632 1628 1633
1608 1607 1610
1608 1610 1609
1607 1613 1620
1607 1620 1610
1620 1613 1616
1620 1616 1617
1617 1616 1638
1617 1638 1637
1660 1661 1662
1660 1662 1663
1664 1665 1666
1664 1666 1667
1668 1669 1670
1671 1672 1673
1661 1674 1675
1661 1675 1662
1676 1677 1678
1676 1678 1679
1680 1681 1682
1680 1682 1683
1684 1685 1686
1684 1686 1687
1688 1689 1690
1688 1690 1691
1670 1692 1693
1670 1693 1694
1695 1696 1697
1695 1697 1698
1696 1699 1667
1696 1667 1697
1700 1669 1668
1700 1668 1698
1701 1702 1703
1701 1703 1704
1667 1699 1705
1667 1705 1664
1688 1704 1703
1688 1703 1689
1706 1707 1708
1706 1708 1709
1670 1708 1707
1670 1707 1692
1710 1708 1670
1710 1670 1711
1681 1680 1677
1681 1677 1712
1713 1680 1683
1713 1683 1714
1706 1709 1676
1706 1676 1679
1709 1715 1716
1709 1716 1676
1670 1694 1717
1670 1717 1718
1702 1701 1719
1702 1719 1720
1720 1719 1721
1668 1670 1718
1668 1718 1722
1683 1682 1723
1714 1683 1723
1708 1710 1715
1708 1715 1709
1685 1684 1724
1685 1724 1725
1663 1662 1726
1663 1726 1727
1662 1728 1726
1665 1664 1661
1665 1661 1660
1691 1690 1687
1691 1687 1686
1674 1661 1664
1674 1664 1705
1666 1729 1697
1666 1697 1667
1698 1697 1729
1698 1729 1700
1717 1694 1730
1722 1695 1698
1722 1698 1668
1731 1732 1733
1721 1734 1732
1721 1732 1731
1694 1693 1730
1671 1735 1736
1672 1726 1728
1671 1737 1738
1671 1738 1735
1670 1669 1711
1739 1740 1741
1739 1741 1742
1743 1744 1745
1746 1747 1744
1746 1744 1743
1748 1749 1750
1748 1750 1751
1748 1752 1753
1748 1753 1749
1752 1754 1755
1752 1755 1753
1756 1757 1755
1756 1755 1754
1733 1758 1731
1759 1760 1702
1759 1702 1720
1759 1720 1757
1759 1757 1756
1740 1739 1761
1762 1724 1684
1762 1684 1763
1763 1684 1687
1763 1687 1764
1764 1687 1690
1764 1690 1765
1765 1690 1689
1765 1689 1766
1766 1689 1703
1766 1703 1767
1767 1703 1702
1767 1702 1760
1768 1744 1747
1768 1747 1769
1769 1747 1750
1769 1750 1770
1771 1749 1753
1771 1753 1772
1772 1753 1755
1772 1755 1773
1745 1744 1768
1758 1757 1731
1757 1758 1774
1758 1733 1775
1755 1757 1774
1755 1774 1773
1757 1720 1721
1677 1680 1713
1712 1677 1676
1712 1676 1716
1751 1750 1747
1751 1747 1746
1770 1750 1749
1770 1749 1771
1671 1673 1776
1671 1776 1737
1724 1777 1725
1739 1778 1777
1739 1742 1779
1739 1779 1778
1731 1757 1721
1721 1719 1734
1780 1781 1672
1782 1783 1784
1777 1778 1785
1671 1726 1672
1713 1678 1677
1662 1675 1728
1737 1786 1738
1741 1787 1742
1776 1786 1737
1742 1787 1779
1777 1788 1725
1724 1739 1777
1758 1775 1774
1789 1790 1791
1789 1791 1792
1793 1794 1795
1793 1795 1796
1797 1798 1799
1797 1799 1800
1798 1797 1801
1798 1801 1802
1803 1790 1789
1802 1801 1792
1802 1792 1791
1804 1805 1806
1796 1795 1804
1796 1804 1806
1807 1808 1809
1807 1809 1810
1672 1728 1780
1777 1811 1788
1812 1813 1814
1812 1814 1815
1816 1817 1818
1816 1818 1819
1820 1821 1822
1820 1822 1823
1824 1825 1826
1824 1826 1827
1817 1816 1828
1822 1814 1813
1822 1813 1823
1818 1826 1825
1818 1825 1819
1827 1812 1815
1827 1815 1824
1820 1829 1821
1830 1831 1832
1830 1832 1833
1794 1793 1834
1794 1834 1835
1800 1799 1836
1800 1836 1837
1833 1832 1837
1833 1837 1836
1810 1809 1831
1810 1831 1830
1835 1834 1808
1835 1808 1807
1838 1839 1840
1841 1842 1840
1841 1840 1839
1843 1844 1845
1843 1845 1846
1847 1848 1849
1847 1849 1850
1851 1849 1852
1853 1854 1855
1847 1856 1845
1847 1845 1848
1857 1858 1859
1857 1859 1846
1857 1846 1845
1857 1845 1856
1848 1860 1852
1848 1852 1849
1860 1848 1845
1860 1845 1844
1859 1861 1843
1859 1843 1846
1851 1850 1849
1853 1862 1854
1862 1861 1859
1862 1859 1854
1859 1858 1855
1859 1855 1854
1863 1864 1865
1863 1865 1866
1867 1868 1869
1867 1869 1870
1871 1872 1869
1873 1874 1875
1867 1870 1865
1867 1865 1876
1877 1878 1879
1877 1879 1864
1865 1864 1879
1865 1879 1876
1870 1869 1872
1870 1872 1880
1865 1870 1880
1865 1880 1866
1877 1864 1863
1877 1863 1881
1871 1869 1868
1873 1875 1882
1877 1881 1882
1877 1882 1875
1877 1875 1874
1877 1874 1878
1883 1884 1885
1886 1885 1884
1886 1884 1887
1888 1889 1890
1891 1890 1889
1891 1889 1892
1893 1894 1895
1896 1895 1894
1896 1894 1897
1898 1899 1900
1901 1902 1900
1901 1900 1899
1903 1904 1905
1906 1907 1905
1906 1905 1904
1908 1909 1910
1911 1912 1910
1911 1910 1909
1913 1914 1915
1913 1915 1916
1913 1917 1918
1913 1918 1914
1919 1920 1921
1919 1921 1922
1918 1917 1923
1918 1923 1924
1919 1925 1920
1926 1927 1916
1926 1916 1915
1928 1924 1923
1928 1923 1929
1930 1931 1932
1926 1931 1930
1926 1930 1927
1932 1931 1933
1932 1933 1934
1935 1933 1936
1922 1921 1928
1922 1928 1929
1934 1933 1935
1936 1933 1937
1936 1937 1938
1939 1940 1941
1939 1941 1942
1939 1942 1943
1939 1943 1944
1945 1946 1947
1945 1947 1948
1943 1949 1950
1943 1950 1944
1945 1948 1951
1952 1941 1940
1952 1940 1953
1954 1955 1950
1954 1950 1949
1956 1957 1958
1956 1958 1952
1956 1952 1953
1957 1959 1960
1957 1960 1958
1961 1962 1960
1946 1955 1954
1946 1954 1947
1959 1961 1960
1962 1963 1960
1962 1964 1963
1965 1966 1967
1965 1967 1968
1965 1969 1970
1965 1970 1966
1971 1972 1973
1970 1969 1974
1970 1974 1975
1976 1977 1968
1976 1968 1967
1978 1975 1974
1978 1974 1979
1980 1981 1982
1980 1982 1983
1984 1985 1977
1984 1977 1976
1980 1983 1986
1973 1972 1978
1973 1978 1979
1987 1988 1989
1990 1989 1985
1987 1991 1988
1992 1993 1991
1982 1981 1989
1982 1989 1994
1985 1984 1990
1990 1994 1989
1989 1995 1985
1988 1995 1989
1987 1992 1991
1996 1997 1998
1996 1998 1999
1996 1999 2000
1996 2000 2001
2002 2003 2004
2000 2005 2006
2000 2006 2001
2007 1998 1997
2007 1997 2008
2009 2010 2006
2009 2006 2005
2011 2012 2013
2011 2013 2014
2015 2007 2008
2015 2008 2016
2013 2017 2014
2003 2010 2009
2003 2009 2004
2018 2019 2020
2021 2016 2019
2018 2020 2022
2023 2022 2024
2019 2012 2011
2019 2011 2025
2016 2021 2015
2021 2019 2025
2019 2016 2026
2020 2019 2026
2018 2022 2023
2027 580 579
2027 579 2028
1172 1173 2029
1172 2029 2030
586 580 2027
1173 1179 2029
564 580 586
1173 1161 1179
226 228 358
228 227 262
280 358 281
262 263 272
267 272 263
360 408 361
279 281 311
347 298 300
304 325 324
367 361 368
409 411 410
1347 1412 1464
1347 1464 1453
375 618 376
279 307 310
279 310 346
307 312 349
906 955 907
874 871 875
870 872 836
836 835 870
834 966 835
954 966 834
887 889 954
919 887 915
919 915 958
983 1196 990
968 1195 1197
968 1197 984
930 911 931
1016 1020 974
976 970 969
1671 1736 1727
1671 1727 1726
1762 1761 1739
1762 1739 1724
68 213 29
29 213 67
687 820 821
820 649 686
175 611 613
611 787 613
174 613 614
613 786 614
784 787 785
175 173 172
