byte offset: 0
first index: 0
index count: 4305
topology: trianglelist
format: DXGI_FORMAT_R16_UINT

0 1 2
3 1 4
1 5 6
1 7 5
8 7 1
8 9 7
10 11 7
10 7 12
12 7 13
12 13 14
15 16 12
15 12 17
17 12 18
17 18 19
20 15 17
19 21 17
20 17 21
15 20 22
15 22 23
23 24 15
23 25 24
21 26 20
27 22 20
27 20 26
28 23 22
29 25 23
28 29 23
22 30 28
22 27 30
29 28 31
28 30 31
29 31 32
29 33 25
34 33 29
34 35 33
27 36 30
37 31 30
30 36 37
26 38 27
27 38 36
37 39 31
39 40 31
39 41 40
42 25 33
25 42 43
25 43 44
42 33 45
46 45 33
46 47 45
37 36 48
39 37 49
37 48 49
50 41 39
39 49 50
51 48 36
51 36 38
45 52 42
42 52 53
42 53 54
45 55 52
56 55 45
56 57 55
55 58 52
59 49 48
50 49 60
59 60 49
61 59 48
51 61 48
50 60 62
63 50 62
50 63 41
60 59 64
65 62 60
60 64 65
65 64 66
65 66 67
65 68 62
68 65 69
68 69 70
68 71 62
63 62 71
71 72 63
71 73 72
68 74 71
74 73 71
75 74 68
75 76 74
74 77 73
78 77 74
78 79 77
77 80 73
81 73 80
81 82 73
77 83 80
84 83 77
84 85 83
83 86 80
80 86 87
80 87 88
87 86 89
83 90 86
86 90 91
92 90 83
92 93 90
94 90 95
96 97 98
99 98 100
101 102 98
101 98 103
103 98 104
103 104 105
103 106 107
103 108 106
109 108 103
109 110 108
111 112 108
111 108 113
113 108 114
113 114 115
63 116 113
63 113 41
41 113 117
41 117 118
119 120 121
122 123 52
124 125 126
126 127 128
126 129 127
129 126 130
131 130 126
131 126 132
130 131 133
133 131 134
134 131 135
134 135 136
129 130 137
130 133 138
138 137 130
138 139 137
140 138 133
141 133 134
141 140 133
140 142 138
142 143 138
142 144 143
145 142 140
145 144 142
146 140 141
145 140 146
147 141 134
146 141 148
148 141 147
147 134 149
149 134 150
149 150 151
152 147 149
152 149 151
147 152 153
148 147 153
153 152 154
152 151 155
156 153 154
153 156 148
156 154 157
146 148 158
158 148 156
159 156 157
158 156 159
159 157 160
161 159 160
161 158 159
161 160 162
163 146 158
161 163 158
163 145 146
162 164 161
163 161 164
162 165 164
163 166 145
145 166 144
165 167 164
165 168 167
163 164 169
163 169 166
164 170 169
164 167 170
169 171 166
169 170 171
166 172 144
166 171 172
144 172 173
144 173 174
170 175 171
170 176 175
167 176 170
171 177 172
171 178 177
172 177 179
172 179 180
167 181 176
181 167 182
181 182 183
181 184 176
176 184 185
176 185 186
181 187 184
188 184 187
181 189 187
181 190 189
191 192 184
193 187 194
195 196 197
197 198 199
197 199 200
201 197 200
201 202 197
203 197 202
204 202 201
204 205 202
206 201 200
201 206 207
201 207 208
206 200 209
200 210 209
200 211 210
209 137 206
212 206 137
212 137 213
209 129 137
129 209 214
129 214 215
216 202 217
218 219 206
220 221 222
223 220 224
225 226 220
225 220 227
227 220 228
227 228 229
230 227 231
230 231 232
230 233 227
230 234 233
235 236 230
235 230 237
237 230 238
237 238 239
19 240 237
19 237 241
241 237 242
241 242 243
244 19 241
19 244 21
245 241 243
244 241 245
245 243 246
247 21 244
21 247 26
248 244 245
247 244 248
249 245 246
248 245 249
249 246 250
251 249 250
252 248 249
252 249 251
252 247 248
253 252 251
254 26 247
254 247 252
26 254 38
253 255 252
254 252 255
255 38 254
255 51 38
256 255 253
256 51 255
61 51 256
61 256 257
257 258 61
61 258 59
257 259 258
59 258 259
257 260 259
259 260 155
59 259 64
259 155 151
151 64 259
151 261 64
262 55 263
264 265 266
267 268 269
270 269 271
270 271 272
273 270 274
273 274 275
273 276 277
273 277 278
279 280 281
282 281 283
284 283 281
285 284 281
285 286 284
284 287 283
288 283 287
288 287 289
290 287 284
290 284 291
292 287 290
292 293 287
292 290 294
294 290 295
296 292 294
296 294 297
297 298 296
299 292 296
299 300 292
301 299 296
301 296 302
303 296 304
305 299 306
305 307 299
307 308 299
307 309 308
310 311 307
312 307 313
314 315 316
317 316 318
316 319 320
316 320 321
322 316 321
322 321 323
321 324 325
321 325 326
327 321 326
327 326 328
326 329 330
297 326 331
332 326 297
333 326 332
334 332 335
332 336 337
338 336 332
339 336 338
340 341 336
342 336 341
338 343 344
345 343 338
346 343 345
346 347 343
348 343 349
348 350 343
350 351 343
350 352 351
353 350 354
353 355 350
355 356 350
355 357 356
358 355 359
358 360 355
360 361 355
360 362 361
363 360 364
365 366 360
367 368 369
370 371 368
368 371 372
368 372 373
374 368 373
374 373 375
373 372 376
373 376 341
341 376 377
378 373 341
378 341 379
380 381 382
383 384 381
381 385 386
381 386 387
388 381 387
388 387 389
387 390 391
387 391 392
393 387 392
393 392 394
395 392 396
395 345 392
397 392 345
392 397 398
397 399 400
401 399 397
402 399 401
401 403 404
405 399 406
405 407 399
407 408 399
407 409 408
410 407 411
410 412 407
412 413 407
412 414 413
415 414 412
416 412 417
418 419 420
421 422 419
419 422 423
423 422 424
423 424 425
419 423 426
427 419 426
427 426 428
426 423 429
430 429 423
430 431 429
432 429 431
432 433 429
426 429 434
434 429 433
435 426 434
435 434 436
434 433 437
434 438 439
434 439 440
401 441 433
401 433 442
443 444 445
446 447 422
448 449 450
451 452 453
452 454 455
456 457 452
454 456 458
454 458 459
456 452 460
461 460 452
461 462 460
463 458 456
464 456 460
463 456 464
464 460 465
466 465 460
466 460 467
468 464 465
468 469 464
469 463 464
470 469 468
470 471 469
472 471 470
472 470 473
474 472 473
475 472 474
476 472 475
476 475 477
475 474 478
479 478 474
479 480 478
480 479 481
482 475 478
482 478 480
482 483 475
482 480 484
475 483 485
475 485 486
483 487 485
480 481 488
484 480 488
481 489 488
484 488 490
488 489 490
491 487 492
493 494 495
496 493 497
498 497 493
497 498 499
497 499 500
498 493 501
502 501 493
502 503 501
501 504 498
505 498 504
505 506 498
501 507 504
501 508 507
508 501 509
508 509 510
511 505 504
507 512 504
511 504 512
513 511 512
514 507 508
507 514 512
515 512 514
515 516 512
513 512 516
513 516 517
518 505 511
518 519 505
518 520 519
521 518 511
522 511 513
522 521 511
523 520 518
521 523 518
524 522 513
524 525 522
522 526 521
522 525 526
527 523 521
527 521 526
523 528 520
529 523 527
529 528 523
530 529 527
530 527 531
527 526 531
526 532 531
525 533 526
526 533 532
534 531 532
534 535 531
528 536 520
520 536 537
520 537 538
539 528 529
540 539 529
540 529 541
528 542 536
539 542 528
543 536 542
543 542 539
533 544 532
545 532 544
545 544 546
545 534 532
533 547 544
547 546 544
533 548 547
533 549 548
525 549 533
525 550 549
546 551 545
546 552 551
553 534 545
545 554 553
545 555 554
553 556 534
557 556 553
556 558 534
556 559 558
553 560 561
562 556 563
564 546 565
564 565 566
546 567 565
565 567 568
546 569 567
547 569 546
570 567 569
570 569 571
547 572 569
573 572 547
572 574 569
573 575 572
576 574 572
577 572 575
576 572 577
577 575 578
579 578 575
579 580 578
581 576 577
581 577 582
578 582 577
583 578 580
583 580 584
578 585 582
583 585 578
585 586 582
582 586 587
587 588 581
582 587 589
586 590 587
586 591 590
585 592 586
586 592 593
586 593 594
585 595 592
585 583 595
583 596 595
583 597 596
596 597 598
596 598 599
600 599 598
600 598 601
602 601 598
602 603 601
600 601 604
604 605 600
604 606 605
606 607 605
601 608 604
608 606 604
601 609 608
608 610 606
611 609 601
611 601 612
609 611 613
606 614 607
610 614 606
607 614 615
610 616 614
614 616 615
617 618 613
619 620 497
621 622 623
624 516 625
516 626 627
628 629 630
631 632 629
633 634 635
636 637 635
508 636 635
638 636 508
638 639 636
508 635 640
641 640 635
641 642 640
640 514 508
640 643 514
643 640 644
645 514 643
459 643 644
645 643 646
459 458 643
646 643 458
646 458 463
463 647 646
463 648 647
469 648 463
469 649 648
650 651 646
652 653 469
654 648 655
648 656 657
648 657 658
659 660 636
661 662 663
663 664 665
666 663 667
666 668 663
669 663 668
669 668 670
671 668 672
673 672 668
673 668 674
672 673 675
673 676 675
672 675 677
673 678 676
678 673 679
680 676 678
678 679 681
677 682 672
677 683 682
680 678 684
681 684 678
685 672 682
685 686 672
687 682 683
685 682 687
687 683 688
689 680 684
689 690 680
689 691 690
685 687 692
685 692 693
685 693 694
695 685 694
695 694 696
687 688 697
688 698 697
688 699 698
700 687 697
700 701 687
702 700 697
702 697 703
694 704 705
706 694 707
700 708 709
710 700 711
712 713 714
715 716 717
718 716 719
720 716 721
720 722 716
723 716 722
723 724 716
725 722 726
725 727 722
728 722 727
728 729 722
730 727 731
730 732 727
727 732 733
727 733 734
735 732 730
736 733 732
736 732 735
736 737 733
737 738 733
733 738 739
740 736 735
736 741 737
740 741 736
735 730 742
740 735 743
743 735 742
740 744 741
743 745 740
744 740 745
746 737 741
747 741 744
746 741 747
748 746 747
749 737 746
748 749 746
737 750 738
749 750 737
750 749 751
750 751 752
750 753 738
750 752 753
738 753 754
738 754 755
752 756 753
752 757 756
757 752 758
757 758 759
748 747 760
760 747 761
747 744 761
761 744 762
744 745 762
760 761 763
761 762 764
764 763 761
762 745 765
762 766 764
762 765 766
764 767 763
767 764 766
765 745 768
743 768 745
768 743 769
743 742 769
770 760 763
771 763 767
770 763 771
767 766 772
771 767 772
765 773 766
772 766 773
774 760 770
748 760 774
765 768 775
768 769 776
775 768 776
765 777 773
775 777 765
772 778 771
779 770 771
779 771 778
778 780 779
772 781 778
772 773 781
782 778 781
778 782 780
773 783 781
782 781 783
784 773 777
773 784 783
785 770 779
780 786 779
786 785 779
785 787 770
774 770 787
786 788 785
788 787 785
787 789 774
748 774 789
788 790 787
787 790 789
791 790 788
786 792 788
792 791 788
780 793 786
793 792 786
794 783 784
794 795 783
795 782 783
795 796 782
796 780 782
797 795 794
797 796 795
796 798 780
799 793 780
799 780 798
797 800 796
798 796 800
793 801 792
802 793 799
802 801 793
803 792 801
792 803 791
803 804 791
803 805 804
803 801 806
806 805 803
807 801 802
807 806 801
808 807 802
809 802 799
808 802 809
799 798 810
809 799 810
811 807 808
811 812 807
812 806 807
810 798 813
798 800 813
809 810 814
810 813 814
806 815 805
812 815 806
808 809 816
809 814 816
813 800 817
800 818 817
800 797 818
819 818 797
797 794 819
817 818 820
819 820 818
813 821 814
813 817 822
813 822 821
823 821 822
824 814 821
824 816 814
823 824 821
817 820 825
822 817 825
826 820 819
825 820 826
827 819 794
827 826 819
822 825 828
823 822 828
825 826 829
828 825 829
827 794 830
784 830 794
827 831 826
829 826 831
784 832 830
830 832 833
784 777 832
833 832 777
833 777 834
775 834 777
835 834 775
775 776 835
836 833 834
835 836 834
837 835 776
838 837 776
837 839 835
836 835 839
838 776 769
836 839 840
841 838 769
840 842 836
836 842 833
840 843 842
844 842 843
841 769 845
846 841 845
845 769 742
844 847 842
847 833 842
847 844 848
846 845 849
849 845 742
849 850 846
849 742 730
849 851 850
730 851 849
730 852 851
853 850 851
853 851 854
855 854 851
855 856 854
847 848 857
858 857 848
859 847 857
847 859 833
830 833 859
860 830 859
859 857 860
860 827 830
858 861 857
861 860 857
862 861 858
827 860 863
861 863 860
827 863 831
862 864 861
864 863 861
865 864 862
866 831 863
864 866 863
865 867 864
867 865 868
867 869 864
869 866 864
867 868 870
870 869 867
871 870 868
866 872 831
829 831 872
869 873 866
873 872 866
871 874 870
875 874 871
875 876 874
870 877 869
877 870 874
877 873 869
877 874 878
876 879 874
876 880 879
881 829 872
828 829 881
873 882 872
881 872 882
877 883 873
882 873 883
884 828 881
823 828 884
885 883 877
885 877 886
882 883 887
885 887 883
885 888 887
882 889 881
884 881 889
882 887 889
890 823 884
889 890 884
891 889 887
887 892 891
889 893 890
891 893 889
894 890 893
894 893 895
896 893 891
896 895 893
891 897 896
891 898 897
899 895 896
899 900 895
900 901 895
900 902 901
896 903 904
905 900 906
905 907 900
907 908 900
907 909 908
910 907 911
910 912 907
912 913 907
912 914 913
915 912 916
917 918 912
919 920 921
922 919 923
924 925 919
924 926 925
927 928 919
927 929 928
930 931 932
933 934 935
936 937 938
939 938 940
938 941 942
938 459 941
943 459 938
943 944 459
945 946 947
948 947 949
950 947 951
950 951 952
953 954 947
953 955 954
956 957 958
959 956 960
959 961 956
962 956 961
962 963 956
963 964 956
962 965 963
963 965 966
961 815 962
961 805 815
967 805 961
967 968 805
815 969 962
962 969 965
815 812 969
969 970 965
969 971 970
812 972 969
812 973 972
965 974 975
976 977 978
979 980 981
982 983 984
985 984 986
513 987 988
989 990 513
989 513 991
992 993 994
995 996 994
994 996 997
994 997 998
998 999 994
998 1000 999
1001 997 996
1002 1001 996
998 997 1003
1001 1004 997
1003 997 1004
1004 1001 1005
1004 1005 1006
998 1003 1007
1007 1008 998
1007 1009 1008
1003 1004 1010
1010 1004 1011
1010 1011 1012
1013 1007 1003
1014 1007 1013
1015 1003 1010
1013 1003 1015
1015 1010 1016
1016 1010 1017
1016 1017 1018
1019 1015 1016
1020 1013 1015
1020 1015 1019
1019 1016 1021
1021 1016 1022
1021 1022 1023
1024 1019 1021
1024 1021 749
1021 1025 749
748 1024 749
1026 1019 1024
1024 748 1026
1026 1020 1019
748 789 1026
789 1020 1026
789 1027 1020
1027 1013 1020
790 1027 789
1027 1028 1013
1028 1029 1013
1028 1030 1029
790 1031 1027
1031 1028 1027
791 1031 790
1031 1032 1028
791 1032 1031
1032 1030 1028
791 1033 1032
1034 1033 791
1033 1035 1032
1032 1035 1030
1033 1036 1035
1037 1036 1033
1037 1038 1036
1035 1039 1030
1030 1039 1040
1030 1040 1041
1036 1042 1035
1035 1042 1039
1043 1039 1042
1036 1044 1042
1044 1045 1042
1046 1044 1036
1046 1047 1044
1048 1049 1039
1050 1051 1044
1001 1052 1053
1054 1055 1056
1057 1054 1058
1059 1054 1060
1059 1060 1061
1062 1054 1063
1062 1063 1064
1065 1066 1064
1067 1068 536
1069 1070 1071
1072 1069 1073
1074 1069 1075
1074 1075 1076
1077 1075 1069
1077 1078 1075
1075 1079 1080
1075 1080 681
681 1081 1075
681 1082 1081
681 1080 684
1083 684 1080
1084 1083 1080
1084 1080 1085
1083 689 684
1083 1086 689
689 1086 691
1084 1087 1083
1083 1087 1086
1084 1088 1087
1089 691 1086
1089 1090 691
1086 1087 1091
1086 1091 1089
1090 1089 1092
1090 1092 1093
1089 1091 1094
1089 1094 1092
1087 1095 1091
1087 1096 1095
1091 1095 1097
1091 1097 1098
1093 1092 1099
1093 1099 1100
1092 1101 1099
1092 1102 1101
1099 1101 1103
1100 1099 1104
1100 1104 1105
1099 1106 1104
1099 1107 1106
1105 1104 1108
1106 1108 1104
1105 1108 1109
1106 1110 1108
1106 1111 1110
1106 1112 1111
1113 1112 1106
1113 1114 1112
1108 1115 1109
1116 1109 1115
1116 1117 1109
1108 1118 1115
1108 1119 1118
1115 1118 1120
1115 1120 1121
1112 1122 1123
1124 1125 1112
1118 1126 1127
1128 1129 1118
1130 1131 1132
1130 1133 1134
1135 1130 1084
1135 1084 1136
1137 1084 1130
1137 1138 1084
1139 1140 1141
1142 1143 1141
1141 1144 1145
1141 1145 1146
1146 1147 1141
1146 1148 1147
1146 1149 1150
1146 1150 1151
1152 1146 1151
1152 1151 1153
854 1151 1154
854 1154 1155
1156 1151 854
1156 854 1157
1158 1159 1160
1161 1162 1158
1163 1158 1164
1163 1164 1165
1163 1166 1158
1163 1167 1166
1168 1169 1163
1168 1163 1170
1171 1170 1163
1171 1172 1170
1173 1174 1170
1173 1175 1174
1176 1177 1170
1176 1178 1177
1179 1180 1181
1182 1183 1184
1185 1186 1187
1188 1189 1190
1189 1191 1192
1189 1192 1193
1194 1195 1196
1197 1198 1199
1200 1199 1201
1199 1202 1203
1199 1204 1202
1205 1204 1199
1205 1206 1204
1204 1207 1208
1204 757 1207
1209 757 1204
1209 1210 757
1211 1212 1213
1214 1215 1211
1216 1217 1211
1216 1218 1217
1219 1211 1220
1219 1220 1221
1222 1219 1223
1222 1223 1224
753 1225 1226
1227 1228 1229
1230 1231 587
1232 1233 1234
1235 1236 549
549 1237 1238
1239 1240 1241
1242 1241 1243
1244 567 1245
1246 565 1247
1248 1249 1250
1251 1249 1252
1249 1253 1254
1249 1101 1253
1255 1101 1249
1255 1256 1101
1257 1258 1259
1260 1261 1262
1263 1264 1262
1265 1266 1262
1265 1262 1267
1262 1268 1267
1262 1269 1268
1270 1271 1267
1270 1267 885
1267 1272 885
1267 1273 1272
1274 1275 1276
1277 1278 1274
1279 1280 1274
1279 1281 1280
1282 1274 1283
1282 1283 1284
1285 1286 1287
1288 1289 1290
1291 1292 1293
1294 1295 1292
1292 1296 1297
1292 1297 576
1298 1292 576
1298 576 1299
1300 1301 1302
1303 1304 1305
1306 1307 1308
1309 1310 1307
525 1311 1312
525 1313 1314
525 1314 1315
1316 1317 1318
1319 1317 1320
1321 1320 1317
1321 1317 1322
1323 1322 1317
1323 1324 1322
1321 1325 1320
1326 1320 1325
1327 1321 1322
1321 1328 1325
1328 1321 1327
1329 1325 1328
1329 1328 1330
1327 1322 1331
1332 1331 1322
1332 1333 1331
1328 1327 1334
1335 1328 1334
1335 1334 1336
1327 1331 1337
1338 1337 1331
1334 1327 1339
1327 1337 1339
1334 1339 1340
1341 1334 1340
1341 1340 1342
1340 1339 1343
1339 1337 1344
1339 1344 1343
1340 1343 1345
1346 1340 1345
1346 1345 1347
1345 1343 1348
1345 1348 890
1345 890 1349
890 1348 823
1343 1350 1348
1348 1350 823
1343 1344 1350
823 1350 824
1344 824 1350
1344 1351 824
1337 1351 1344
816 824 1351
1337 1352 1351
1353 1352 1337
1353 1354 1352
816 1351 1355
1355 1351 1352
808 816 1355
1355 1352 1356
1356 808 1355
1354 1356 1352
1356 1357 808
1358 808 1357
1359 1357 1356
1354 1359 1356
1359 1360 1357
1361 1357 1360
1361 1360 1362
1363 1359 1354
1364 1363 1354
1364 1354 1365
1360 1359 1366
1363 1366 1359
1367 1366 1363
1360 1366 1368
1368 1366 1369
1370 1360 1368
1370 1368 1371
1372 1363 1373
1374 1368 1375
1325 1376 1377
1378 1379 580
580 1380 1381
580 1381 1382
1383 1384 1385
1386 1387 1383
1388 1383 1389
1388 1389 1390
1391 1392 1383
1391 1393 1392
1394 1395 1396
1397 575 1398
1399 539 1400
1401 1402 1403
1404 1405 1401
1095 1401 1406
1095 1406 1407
1095 1408 1401
1095 1409 1408
1410 1411 1412
1413 1411 1414
1411 1415 1416
1411 1417 1415
1418 1417 1411
1418 1419 1417
1420 1421 1417
1420 1417 1422
1423 1422 1417
1423 1424 1422
1425 1422 876
1425 876 1426
876 1422 1427
876 1427 1428
1429 1430 1431
1432 1429 1433
1434 1429 1435
1434 1435 1436
1437 1435 1429
1437 1438 1435
1439 1435 1440
1439 1441 1435
1441 1442 1435
1441 1443 1442
1444 1441 1445
1444 1445 1446
1447 1448 1441
1447 1449 1448
1450 583 1451
1452 1453 1454
1455 1456 1457
1458 1459 1460
1461 1462 1463
1464 1465 1466
1467 1468 1466
1467 1466 1469
1470 1471 1472
1473 1470 1474
1475 1476 1470
1475 1477 1476
1478 1479 1470
1478 1480 1479
1481 1482 1483
1484 283 1485
1486 1487 1488
1488 1489 1486
1490 1491 1488
1490 1488 177
177 1488 1492
177 1492 1493
1494 1495 1496
1494 1496 1497
1498 1499 1500
1498 1500 1501
1502 1503 1504
1502 284 1503
472 1505 1506
472 1506 1507
1508 1509 1510
1508 1510 1511
598 1512 1513
598 1513 1514
1515 1516 1517
1515 1517 1518
1519 1520 1521
1519 1521 1522
