byte offset: 0
first index: 0
index count: 6186
topology: trianglelist
format: DXGI_FORMAT_R16_UINT

0 1 2
0 3 4
0 5 3
5 6 3
5 0 7
8 6 5
7 9 5
8 5 9
7 10 9
11 9 10
12 9 11
9 13 8
13 9 12
11 10 14
15 13 12
15 12 16
17 11 14
18 16 12
18 19 16
20 18 12
20 12 21
12 11 21
22 20 21
11 22 21
22 23 20
17 24 11
11 24 22
23 22 25
23 25 26
22 27 25
22 24 27
24 28 27
24 17 28
28 17 29
30 31 32
32 33 34
35 32 34
35 34 36
36 37 35
36 38 37
37 38 39
37 39 40
41 39 38
40 39 42
40 42 43
41 44 39
44 42 39
44 41 45
44 45 46
46 47 44
44 47 42
46 48 47
48 49 47
49 42 47
48 50 49
49 51 42
51 43 42
51 52 43
53 54 55
56 57 58
59 58 60
61 59 62
61 63 59
64 59 63
65 63 66
67 65 68
68 65 69
68 69 70
70 69 71
70 71 72
73 74 75
76 77 78
76 79 80
76 80 81
81 80 82
81 83 76
84 81 82
83 81 85
84 85 81
83 85 86
87 86 85
88 87 85
85 84 89
89 88 85
87 90 86
91 88 89
91 92 88
93 90 87
94 88 92
94 92 95
96 88 94
96 97 88
88 97 87
98 97 96
87 97 98
98 96 99
93 87 100
87 98 100
99 101 98
99 102 101
98 101 103
98 103 100
100 103 104
100 104 93
104 105 93
106 107 108
107 109 110
111 109 107
111 112 109
112 111 113
112 113 114
113 115 114
113 116 115
117 114 115
116 118 115
116 119 118
117 115 120
120 115 118
120 121 117
120 122 121
122 120 123
120 118 123
122 123 124
124 123 125
125 123 118
124 125 126
125 118 127
127 118 119
127 119 128
129 130 131
132 133 134
135 136 133
137 138 135
137 135 139
140 139 135
141 142 139
143 144 141
144 145 141
144 146 145
146 147 145
146 148 147
149 150 151
152 153 154
154 153 155
156 154 155
157 154 156
158 157 156
159 155 153
159 153 160
159 160 161
159 162 155
162 156 155
159 161 163
163 162 159
164 163 161
158 156 165
166 158 165
162 167 156
167 165 156
166 165 168
169 166 168
169 168 170
170 171 169
170 172 171
173 168 165
167 173 165
167 162 174
163 174 162
164 175 163
176 175 164
167 174 177
177 173 167
163 178 174
163 175 178
178 177 174
176 179 175
178 175 179
179 176 180
173 181 168
170 168 181
179 180 182
182 180 183
178 179 184
182 184 179
178 185 177
185 178 184
177 186 173
186 181 173
187 177 185
187 186 177
186 187 188
186 189 181
186 188 189
189 190 181
170 181 190
188 191 189
190 189 191
182 183 192
182 193 184
192 193 182
194 184 193
185 184 195
195 184 194
196 185 195
196 187 185
197 192 183
197 183 198
197 198 199
192 200 193
194 193 200
201 192 197
201 200 192
197 199 202
201 197 202
202 199 203
195 194 204
196 195 204
196 204 205
201 206 200
194 200 206
202 203 207
208 207 203
205 209 196
196 209 187
208 210 207
210 208 211
187 209 212
187 212 188
201 202 213
202 207 214
202 214 213
215 207 210
215 214 207
210 211 216
215 210 216
217 201 213
201 217 206
211 218 216
211 219 218
218 219 220
218 220 221
221 220 222
221 222 223
221 223 224
225 223 222
225 226 223
224 223 226
226 225 227
218 221 228
221 224 228
216 218 229
218 228 229
226 227 230
224 226 230
227 231 230
231 224 230
227 232 231
232 233 231
231 233 224
232 234 233
235 224 233
235 233 234
235 228 224
235 234 236
237 228 235
237 235 236
237 229 228
229 237 238
237 236 239
238 237 239
238 239 240
241 238 240
229 238 242
216 229 242
215 216 242
238 215 242
241 243 238
238 243 215
243 241 244
243 214 215
243 244 245
243 245 214
213 214 245
245 244 246
213 245 247
245 246 247
217 213 247
246 217 247
246 248 217
249 217 248
249 206 217
249 250 206
249 251 250
250 194 206
252 250 251
194 250 253
252 253 250
253 204 194
252 254 253
252 255 254
253 256 204
256 205 204
253 257 256
253 254 257
258 257 254
259 254 255
258 254 259
259 255 260
261 259 260
262 256 257
256 262 205
261 263 259
263 258 259
262 257 264
264 257 258
265 263 261
265 261 266
265 266 267
262 264 268
268 264 269
264 258 269
268 269 270
262 268 271
269 272 270
273 262 271
273 271 274
262 273 205
273 274 275
269 276 272
258 276 269
276 277 272
205 273 278
273 275 278
258 279 276
263 279 258
280 279 263
276 279 280
280 263 265
276 281 277
276 280 281
282 277 281
282 281 280
282 283 277
284 280 265
282 280 284
285 283 282
285 286 283
285 287 286
288 285 282
288 282 284
289 288 284
284 265 290
289 284 290
265 267 290
267 289 290
267 291 289
292 289 291
285 293 287
288 293 285
293 294 287
292 295 289
296 295 292
297 288 289
288 297 293
297 289 295
293 298 294
297 298 293
298 299 294
296 300 295
300 296 301
295 302 297
297 302 298
295 300 302
300 301 303
303 301 304
300 305 302
300 303 305
303 304 305
299 305 304
305 298 302
298 306 299
305 306 298
299 306 305
307 308 309
307 309 310
311 307 310
312 310 309
312 309 313
314 312 313
314 313 315
316 314 315
316 317 314
317 318 314
311 310 319
319 310 312
311 319 320
311 320 321
319 322 320
319 323 322
319 312 323
324 321 320
312 325 323
314 325 312
322 323 325
314 318 326
314 326 325
318 327 326
318 328 327
329 325 326
322 325 329
329 326 327
330 327 328
330 328 331
330 331 332
327 333 329
329 333 322
327 330 333
330 334 333
330 332 335
330 335 334
335 332 336
335 336 337
337 334 335
337 336 338
337 338 339
339 338 340
339 340 341
341 340 342
341 342 343
344 337 339
337 345 334
344 345 337
346 339 341
346 344 339
341 343 347
348 341 347
348 346 341
343 349 347
349 348 347
343 350 349
350 351 349
350 352 351
353 349 351
349 353 348
354 351 352
353 351 354
354 352 355
355 356 354
356 353 354
356 357 353
353 357 358
353 358 348
348 358 359
348 359 346
359 360 346
346 360 344
344 360 361
344 361 362
344 362 345
345 362 363
345 363 334
364 334 363
364 365 334
366 365 364
333 334 365
366 367 365
368 367 366
333 365 369
322 333 369
365 370 369
365 367 370
368 371 367
372 371 368
322 369 373
373 369 370
374 367 371
374 370 367
370 374 375
372 376 371
376 374 371
376 372 377
322 373 378
378 320 322
373 370 379
370 375 379
378 380 320
324 320 380
381 378 373
381 373 379
380 378 381
382 324 380
382 380 381
382 383 324
384 381 379
384 379 375
382 381 384
375 385 384
383 382 386
383 386 387
386 388 387
389 382 384
386 382 389
389 384 385
386 390 388
389 390 386
390 391 388
389 392 390
385 392 389
390 393 391
393 390 392
393 394 391
393 395 394
394 395 396
395 397 396
393 392 398
398 395 393
395 399 397
399 400 397
385 401 392
401 398 392
402 399 395
398 402 395
403 400 399
403 404 400
402 405 399
405 403 399
404 403 406
404 406 407
407 406 408
409 408 406
407 408 410
410 408 411
411 408 409
410 411 412
413 412 411
411 409 413
413 414 412
415 414 413
415 413 416
416 413 409
417 415 416
417 416 418
416 409 418
418 419 417
418 420 419
409 420 418
421 419 420
409 406 422
409 422 420
422 406 403
422 403 423
423 420 422
405 423 403
423 424 420
421 420 424
424 423 405
425 421 424
424 405 425
425 426 421
402 425 405
425 427 426
402 428 425
427 425 428
427 428 429
428 402 398
429 428 430
428 398 431
430 428 431
430 431 432
401 431 398
431 433 432
431 401 433
433 401 434
433 434 435
436 435 434
434 401 385
436 434 385
436 437 435
436 385 438
375 438 385
439 437 436
439 440 437
439 441 440
442 441 439
442 443 441
444 443 442
444 442 445
446 445 442
445 447 444
448 447 445
448 445 446
448 449 447
450 449 448
439 451 442
446 442 451
452 439 436
439 452 451
446 451 453
452 453 451
452 436 454
436 438 454
454 438 455
375 455 438
456 452 454
454 455 456
452 457 453
456 457 452
375 458 455
459 455 458
375 374 458
460 456 455
460 455 459
460 461 456
457 456 461
460 462 461
459 462 460
457 461 463
457 463 464
457 464 453
459 465 462
453 464 466
467 465 459
466 468 453
466 469 468
468 469 470
446 453 468
468 470 471
446 468 471
471 470 472
467 459 473
467 473 474
446 471 475
448 446 475
476 471 472
476 475 471
476 472 477
475 478 448
450 448 478
476 479 475
475 479 478
477 480 476
480 479 476
477 481 480
482 450 478
482 483 450
484 478 479
480 484 479
484 482 478
481 485 480
485 484 480
481 486 485
487 483 482
487 482 484
487 488 483
489 485 486
485 489 484
487 484 489
488 487 489
489 486 490
488 489 490
491 492 493
491 493 494
495 491 494
494 493 496
495 494 497
497 498 495
494 496 499
497 494 499
500 499 496
500 501 499
497 499 501
501 500 502
501 502 503
503 497 501
504 503 502
497 505 498
503 505 497
505 506 498
504 507 503
505 503 507
507 504 508
505 509 506
505 507 509
510 506 509
507 508 511
511 509 507
511 508 512
510 509 513
511 513 509
513 514 510
512 515 511
512 516 515
516 517 515
515 517 518
518 517 519
520 518 519
521 513 511
521 511 515
513 521 514
521 515 518
521 522 514
521 518 522
514 522 523
377 523 522
377 522 524
524 522 518
376 377 524
520 525 518
524 518 525
526 376 524
526 524 525
376 526 374
374 526 458
527 525 520
526 525 527
527 520 528
529 527 528
526 527 530
458 526 530
529 530 527
458 530 531
459 458 531
473 459 531
532 530 529
532 529 533
532 533 534
535 531 530
473 531 535
535 530 532
532 534 536
536 534 537
538 536 537
539 535 532
539 473 535
539 532 536
538 540 536
541 540 538
539 542 473
474 473 542
474 542 543
542 544 543
545 539 536
545 536 540
545 542 539
541 546 540
545 540 546
547 546 541
548 546 547
542 549 544
545 549 542
549 550 544
545 546 551
551 549 545
552 550 549
551 552 549
552 553 550
548 554 546
551 546 554
555 553 552
555 556 553
557 552 551
551 554 557
557 555 552
548 558 554
558 557 554
548 559 558
556 555 560
556 560 561
555 557 562
558 562 557
555 562 560
563 558 559
562 558 563
563 559 564
562 563 565
565 563 564
560 562 565
565 564 566
565 566 567
561 560 568
560 565 568
561 568 567
565 567 568
569 570 571
570 572 571
573 572 570
574 573 570
575 573 574
576 571 572
576 577 571
576 578 577
576 572 579
579 572 573
576 580 578
580 576 579
581 578 580
575 582 573
583 582 575
579 573 584
584 573 582
583 585 582
586 585 583
586 587 585
587 586 588
587 588 589
590 582 585
584 582 590
584 591 579
580 579 591
581 580 592
593 581 592
584 594 591
594 584 590
580 591 595
580 595 592
595 591 594
593 592 596
595 596 592
596 597 593
590 585 598
587 598 585
596 599 597
599 600 597
595 601 596
599 596 601
595 594 602
602 601 595
594 590 603
603 590 598
604 602 594
604 594 603
603 605 604
603 598 606
603 606 605
606 598 607
587 607 598
605 606 608
607 608 606
599 601 609
610 609 601
602 611 601
611 610 601
612 599 609
599 612 600
613 611 602
613 602 604
611 614 610
613 614 611
613 615 614
613 604 616
615 613 616
612 609 617
610 617 609
618 600 612
618 619 600
618 620 619
621 612 617
621 618 612
618 622 620
621 622 618
622 623 620
604 624 616
604 605 624
610 625 617
621 617 625
622 626 623
627 623 626
627 626 628
628 629 627
621 630 622
622 631 626
622 630 631
632 628 626
632 626 631
628 633 629
632 633 628
621 625 634
634 630 621
629 633 635
629 635 636
635 637 636
635 638 637
638 639 637
638 640 639
638 641 640
642 639 640
642 640 643
641 643 640
643 644 642
635 645 638
638 645 641
633 646 635
635 646 645
643 647 644
641 647 643
644 647 648
648 647 641
644 648 649
649 648 650
648 641 650
649 650 651
652 650 641
652 651 650
652 641 645
652 653 651
654 652 645
654 653 652
654 645 646
646 655 654
654 656 653
655 656 654
655 657 656
658 657 655
646 659 655
633 659 646
632 659 633
655 659 632
658 655 660
655 632 660
660 661 658
660 632 631
660 662 661
660 631 662
630 662 631
662 663 661
630 664 662
662 664 663
634 664 630
663 664 634
663 634 665
666 665 634
666 634 625
666 625 667
666 667 668
667 625 610
669 668 667
610 670 667
669 667 670
670 610 614
669 670 671
669 671 672
670 614 673
673 614 615
670 673 674
670 674 671
675 671 674
676 672 671
675 676 671
676 677 672
678 677 676
679 674 673
673 615 679
678 676 680
680 676 675
679 681 674
681 675 674
682 678 680
682 683 678
682 684 683
679 685 681
685 686 681
681 686 675
685 687 686
679 688 685
686 687 689
690 688 679
690 691 688
679 615 690
690 692 691
686 689 693
675 686 693
693 689 694
615 695 690
690 695 692
675 693 696
680 675 696
697 680 696
693 697 696
697 682 680
693 694 698
693 698 697
699 698 694
699 697 698
699 694 700
701 682 697
699 701 697
702 699 700
702 700 703
702 703 704
705 699 702
705 701 699
706 701 705
701 707 682
706 707 701
682 707 684
684 707 706
684 706 708
709 708 706
702 704 710
705 702 710
710 704 711
709 706 712
713 709 712
714 706 705
705 710 714
714 712 706
710 711 715
714 710 715
715 711 716
713 712 717
717 718 713
712 714 719
714 715 719
712 719 717
717 720 718
720 721 718
717 719 722
717 722 720
720 722 721
716 721 722
722 719 715
715 716 723
722 715 723
716 722 723
724 725 726
724 727 725
728 727 724
729 725 727
729 730 725
731 730 729
731 732 730
733 732 731
733 731 734
734 731 735
728 736 727
736 729 727
728 737 736
728 738 737
736 737 739
736 739 740
736 740 729
741 737 738
729 740 742
731 729 742
739 742 740
731 743 735
731 742 743
735 743 744
735 744 745
746 743 742
739 746 742
746 744 743
747 745 744
747 748 745
747 749 748
744 746 750
746 739 750
744 750 747
747 750 751
747 752 749
747 751 752
752 753 749
752 754 753
754 752 751
754 755 753
754 756 755
756 757 755
756 758 757
758 759 757
758 760 759
761 756 754
754 751 762
761 754 762
763 758 756
763 756 761
758 764 760
765 764 758
765 758 763
760 764 766
766 764 765
760 766 767
767 766 768
767 768 769
770 768 766
766 765 770
771 769 768
770 771 768
771 772 769
772 771 773
773 771 770
773 770 774
770 775 774
770 765 775
765 776 775
765 763 776
776 763 777
763 761 777
761 778 777
761 779 778
761 762 779
762 780 779
762 751 780
781 780 751
781 751 782
783 781 782
750 782 751
783 782 784
785 783 784
750 786 782
739 786 750
782 786 787
782 787 784
785 784 788
789 785 788
739 790 786
790 787 786
791 788 784
791 784 787
787 792 791
789 788 793
793 788 791
793 794 789
739 795 790
795 739 737
790 796 787
787 796 792
795 737 797
741 797 737
798 790 795
798 796 790
797 798 795
799 797 741
799 798 797
799 741 800
801 796 798
801 792 796
799 801 798
792 801 802
800 803 799
800 804 803
803 804 805
806 801 799
803 806 799
806 802 801
803 805 807
806 803 807
807 805 808
806 807 809
802 806 809
807 808 810
810 809 807
810 808 811
810 811 812
811 813 812
812 813 814
810 815 809
815 810 812
812 814 816
816 814 817
802 809 818
818 809 815
819 812 816
815 812 819
820 816 817
820 817 821
819 816 822
822 816 820
821 823 820
821 824 823
824 825 823
826 823 825
824 827 825
827 828 825
828 826 825
827 829 828
830 828 829
828 830 826
830 829 831
832 830 831
832 833 830
833 826 830
834 833 832
834 835 833
833 835 826
835 834 836
835 836 837
826 835 837
838 837 836
826 839 823
826 837 839
839 820 823
839 840 820
840 839 837
822 820 840
840 837 841
838 841 837
841 822 840
842 841 838
841 842 822
842 838 843
819 822 842
842 843 844
819 842 845
844 845 842
844 846 845
845 815 819
846 847 845
845 848 815
847 848 845
847 849 848
818 815 848
848 849 850
848 850 818
850 851 818
850 852 851
853 851 852
851 802 818
853 802 851
853 852 854
853 855 802
792 802 855
856 853 854
856 854 857
856 857 858
859 856 858
859 858 860
861 859 860
861 862 859
863 859 862
862 861 864
865 862 864
865 863 862
865 864 866
867 865 866
856 859 868
863 868 859
869 853 856
856 868 869
863 870 868
869 868 870
869 871 853
853 871 855
871 872 855
792 855 872
873 871 869
871 873 872
869 870 874
873 869 874
792 872 875
876 875 872
792 875 791
877 872 873
877 876 872
877 873 878
874 878 873
877 878 879
876 877 879
874 880 878
874 881 880
874 870 881
876 879 882
870 883 881
884 876 882
883 870 885
883 885 886
885 887 886
863 885 870
885 888 887
863 888 885
888 889 887
884 890 876
884 891 890
863 892 888
865 892 863
893 889 888
893 888 892
893 894 889
892 865 895
867 895 865
893 892 896
892 895 896
894 893 897
897 893 896
894 897 898
899 895 867
899 867 900
901 896 895
897 896 901
901 895 899
898 897 902
902 897 901
898 902 903
904 899 900
904 901 899
904 900 905
902 901 906
906 903 902
904 906 901
905 906 904
906 907 903
905 907 906
908 909 910
908 911 909
912 911 908
911 913 909
912 914 911
914 912 915
911 916 913
914 916 911
917 913 916
917 916 918
914 918 916
918 919 917
918 920 919
920 918 914
921 919 920
914 915 922
920 914 922
922 915 923
921 920 924
922 924 920
924 925 921
922 923 926
922 926 924
927 926 923
924 928 925
928 924 926
928 929 925
927 930 926
928 926 930
930 927 931
929 928 932
929 932 933
933 932 934
932 935 934
935 936 934
937 936 935
938 928 930
938 932 928
930 931 938
938 935 932
938 931 939
938 939 935
931 940 939
794 939 940
794 941 939
941 935 939
793 941 794
937 935 942
941 942 935
943 941 793
943 942 941
793 791 943
791 875 943
944 937 942
943 944 942
944 945 937
946 945 944
943 947 944
875 947 943
946 944 947
875 948 947
876 948 875
890 948 876
949 946 947
949 950 946
949 951 950
952 947 948
890 952 948
952 949 947
949 953 951
953 954 951
955 954 953
956 949 952
956 952 890
956 953 949
955 953 957
958 955 957
956 890 959
891 959 890
891 960 959
959 960 961
962 953 956
962 957 953
962 956 959
958 957 963
962 963 957
964 958 963
965 964 963
959 961 966
962 959 966
966 961 967
962 968 963
968 962 966
969 966 967
968 966 969
969 967 970
965 963 971
968 971 963
972 969 970
972 970 973
974 968 969
968 974 971
974 969 972
965 971 975
975 971 974
965 975 976
973 977 972
973 978 977
972 979 974
975 974 979
972 977 979
980 976 975
979 980 975
980 981 976
979 982 980
982 981 980
977 982 979
982 983 981
982 984 983
978 984 985
978 985 977
977 985 982
982 985 984
986 987 988
986 989 987
990 987 989
989 986 991
990 989 992
989 991 993
993 992 989
994 993 991
993 995 992
994 996 993
996 995 993
996 994 997
996 998 995
996 997 999
998 996 999
1000 999 997
998 999 1001
1000 1002 999
1001 999 1002
1001 1002 1003
1004 1005 1006
1004 1006 1007
1008 1007 1006
1007 1009 1004
1008 1010 1007
1007 1011 1009
1011 1007 1010
1012 1009 1011
1011 1010 1013
1012 1011 1014
1014 1011 1013
1014 1015 1012
1014 1013 1016
1014 1017 1015
1016 1017 1014
1018 1015 1017
1016 1019 1017
1018 1017 1020
1019 1020 1017
1019 1021 1020
1022 172 1023
1023 1024 1022
170 1023 172
1023 1025 1024
1025 1026 1024
1027 1023 170
1027 170 190
1028 1023 1027
1028 1025 1023
1028 1027 190
1025 1029 1026
1028 1029 1025
1028 190 1030
190 191 1030
1026 1029 1031
1026 1031 1032
1028 1033 1029
1030 1033 1028
1031 1029 1033
1034 1032 1031
1034 1035 1032
1034 1036 1035
1030 1037 1033
1037 1030 191
1031 1033 1038
1038 1034 1031
1038 1033 1037
1038 1037 1039
1037 191 1040
1040 1039 1037
1038 1041 1034
1041 1038 1039
1034 1042 1036
1041 1042 1034
1043 1036 1042
1043 1044 1036
1041 1045 1042
1043 1042 1045
1046 1040 191
188 1046 191
1041 1039 1047
1047 1045 1041
1048 1044 1043
1048 1049 1044
1050 1049 1048
1050 1048 1051
1051 1052 1050
1051 1053 1052
1051 1054 1053
1055 1052 1053
1056 1051 1048
1051 1056 1054
1057 1048 1043
1056 1048 1057
1043 1045 1058
1057 1043 1058
1055 1053 1059
1059 1053 1054
1059 1060 1055
1059 1054 1060
1055 1060 1061
1062 1061 1060
1062 1060 1054
1061 1062 1063
1064 1063 1062
1062 1054 1064
1064 1065 1063
1054 1066 1064
1066 1065 1064
1054 1056 1066
1066 1067 1065
1056 1057 1068
1056 1068 1066
1068 1067 1066
1068 1057 1058
1068 1069 1067
1069 1068 1070
1068 1058 1070
1069 1070 1071
1070 1072 1071
1058 1073 1070
1070 1073 1072
1058 1045 1073
1073 1074 1072
1047 1073 1045
1073 1047 1074
1047 1075 1074
1047 1039 1075
1039 1076 1075
1039 1077 1076
1077 1039 1040
1076 1077 1078
1078 1077 1040
1076 1078 1079
1046 1078 1040
1080 1079 1078
1046 1080 1078
1080 1081 1079
1046 1082 1080
188 1082 1046
1081 1080 1083
1082 1083 1080
1081 1083 1084
188 1085 1082
188 212 1085
1086 1084 1083
1086 1087 1084
1086 1088 1087
1082 1089 1083
1085 1089 1082
1086 1083 1089
212 1090 1085
1085 1090 1089
1086 1089 1091
1091 1089 1090
1086 1092 1088
1091 1092 1086
212 1093 1090
209 1093 212
1088 1092 1094
1088 1094 1095
209 1096 1093
205 1096 209
1096 205 278
1095 1094 1097
1098 1095 1097
1091 1090 1099
1091 1100 1092
1100 1091 1099
1101 1094 1092
1101 1092 1100
1102 1099 1090
1102 1090 1093
1100 1099 1103
1103 1099 1102
1104 1097 1094
1104 1094 1101
1105 1101 1100
1105 1100 1103
1103 1106 1105
1107 1101 1105
1107 1104 1101
1106 1107 1105
1103 1102 1108
1103 1108 1106
1093 1109 1102
1110 1108 1102
1109 1110 1102
1110 1111 1108
1106 1108 1111
1109 1112 1110
1106 1111 1113
1109 1114 1112
1115 1106 1113
1109 1093 1116
1109 1116 1114
1116 1093 1096
1115 1117 1106
1106 1117 1107
1115 1118 1117
1118 1107 1117
1115 1119 1118
1120 1118 1119
1120 1119 1121
1122 1120 1121
1118 1123 1107
1123 1118 1120
1104 1107 1123
1104 1123 1124
1097 1104 1124
1116 1096 1125
1096 278 1125
1116 1125 1126
278 1126 1125
1122 1127 1120
1127 1122 1128
1123 1120 1129
1124 1123 1129
1097 1124 1130
1098 1097 1130
1120 1131 1129
1120 1127 1131
1124 1129 1132
1132 1130 1124
1132 1129 1131
1130 1133 1098
1132 1133 1130
1098 1133 1134
1127 1128 1135
1136 1135 1128
1132 1131 1137
1137 1133 1132
1134 1133 1138
1137 1138 1133
1138 1139 1134
1140 1131 1127
1140 1127 1135
1140 1137 1131
1135 1141 1140
1136 1142 1135
1135 1142 1141
1143 1142 1136
1138 1144 1139
1144 1138 1137
1145 1139 1144
1140 1146 1137
1144 1137 1146
1146 1140 1141
1143 1147 1142
1141 1142 1147
1147 1143 1148
1145 1144 1149
1146 1149 1144
1149 1150 1145
1149 1151 1150
1146 1152 1149
1152 1151 1149
1146 1141 1152
1152 1153 1151
1148 1151 1153
1153 1152 1141
1147 1148 1154
1148 1153 1154
1141 1147 1154
1153 1141 1154
1114 1116 1155
1114 1155 1156
1116 1126 1155
1157 1156 1155
1157 1155 1158
1158 1155 1126
1159 1157 1158
1159 1160 1157
1159 1161 1160
1159 1162 1161
1163 1161 1162
1164 1159 1158
1162 1159 1164
1158 1126 1165
1164 1158 1165
1165 1126 1166
278 1166 1126
1166 278 275
1166 275 1167
1166 1167 1168
1166 1168 1169
1165 1166 1169
1169 1168 1170
1171 1165 1169
1171 1164 1165
1169 1170 1171
1172 1164 1171
1162 1164 1172
1162 1172 1173
1174 1171 1170
1172 1171 1174
1173 1172 1174
1174 1170 1175
1174 1175 1176
1174 1176 1177
1173 1174 1177
1176 1178 1177
1178 1173 1177
1176 1179 1178
1178 1179 1180
1162 1173 1181
1163 1162 1181
1182 1163 1181
1173 1182 1181
1182 1183 1163
1182 1184 1183
1173 1185 1182
1178 1185 1173
1182 1186 1184
1186 1182 1185
1186 1187 1184
1178 1180 1188
1189 1188 1180
1190 1185 1178
1186 1185 1190
1190 1178 1188
1191 1186 1190
1191 1190 1188
1186 1192 1187
1191 1192 1186
1193 1187 1192
1189 1194 1188
1191 1188 1194
1194 1189 1195
1193 1192 1196
1191 1196 1192
1196 1197 1193
1194 1195 1198
1191 1194 1198
1198 1195 1197
1191 1199 1196
1191 1198 1199
1198 1197 1199
1196 1199 1197
1200 1201 589
1201 1200 1202
587 589 1201
1201 1202 1203
1203 1202 1204
1205 587 1201
1205 607 587
1206 1205 1201
1206 1201 1203
1206 607 1205
1203 1204 1207
1206 1203 1207
1206 1208 607
607 1208 608
1204 1209 1207
1204 1210 1209
1206 1207 1211
1208 1206 1211
1209 1211 1207
1212 1209 1210
1212 1210 1213
1212 1213 1214
1208 1211 1215
1215 608 1208
1209 1216 1211
1216 1209 1212
1216 1215 1211
1216 1217 1215
1215 1218 608
1218 1215 1217
1216 1212 1219
1219 1217 1216
1212 1214 1220
1219 1212 1220
1221 1220 1214
1221 1214 1222
1219 1220 1223
1221 1223 1220
1224 608 1218
605 608 1224
1219 1225 1217
1225 1219 1223
1226 1221 1222
1226 1222 1227
1228 1226 1227
1228 1229 1226
1229 1228 1230
1229 1230 1231
1229 1231 1232
1233 1231 1230
1234 1226 1229
1229 1232 1234
1235 1221 1226
1234 1235 1226
1221 1236 1223
1235 1236 1221
1233 1237 1231
1237 1232 1231
1237 1233 1238
1237 1238 1232
1233 1239 1238
1240 1238 1239
1240 1232 1238
1239 1241 1240
1242 1240 1241
1240 1242 1232
1242 1241 1243
1232 1242 1244
1244 1242 1243
1232 1244 1234
1244 1243 1245
1234 1246 1235
1234 1244 1246
1246 1244 1245
1246 1245 1247
1246 1236 1235
1247 1248 1246
1246 1248 1236
1247 1249 1248
1248 1249 1250
1236 1248 1251
1248 1250 1251
1236 1251 1223
1251 1250 1252
1225 1223 1251
1251 1252 1225
1225 1252 1253
1225 1253 1217
1217 1253 1254
1217 1254 1255
1255 1218 1217
1254 1256 1255
1256 1218 1255
1254 1257 1256
1224 1218 1256
1258 1256 1257
1224 1256 1258
1258 1257 1259
1224 1258 1260
605 1224 1260
1259 1261 1258
1260 1258 1261
1259 1262 1261
605 1260 1263
605 1263 624
1264 1261 1262
1264 1262 1265
1264 1265 1266
1260 1261 1267
1263 1260 1267
1264 1267 1261
624 1263 1268
1263 1267 1268
1264 1269 1267
1269 1268 1267
1264 1266 1270
1269 1264 1270
624 1268 1271
616 624 1271
1266 1272 1270
1266 1273 1272
616 1271 1274
615 616 1274
1274 695 615
1273 1275 1272
1276 1275 1273
1269 1277 1268
1269 1270 1278
1278 1277 1269
1279 1270 1272
1279 1278 1270
1280 1268 1277
1280 1271 1268
1278 1281 1277
1281 1280 1277
1282 1272 1275
1282 1279 1272
1283 1278 1279
1283 1281 1278
1281 1283 1284
1285 1283 1279
1285 1279 1282
1284 1283 1285
1281 1286 1280
1281 1284 1286
1271 1280 1287
1288 1280 1286
1287 1280 1288
1288 1286 1289
1284 1289 1286
1287 1288 1290
1284 1291 1289
1287 1290 1292
1293 1291 1284
1287 1294 1271
1287 1292 1294
1294 1274 1271
1293 1284 1295
1284 1285 1295
1293 1295 1296
1296 1295 1285
1293 1296 1297
1298 1297 1296
1298 1299 1297
1300 1299 1298
1296 1285 1301
1301 1298 1296
1282 1301 1285
1282 1302 1301
1275 1302 1282
1294 1303 1274
1274 1303 695
1294 1304 1303
695 1303 1304
1300 1298 1305
1305 1306 1300
1301 1307 1298
1302 1307 1301
1275 1308 1302
1276 1308 1275
1298 1307 1309
1298 1309 1305
1302 1310 1307
1310 1302 1308
1310 1309 1307
1308 1276 1311
1310 1308 1311
1276 1312 1311
1305 1313 1306
1314 1306 1313
1310 1315 1309
1315 1310 1311
1312 1316 1311
1315 1311 1316
1316 1312 1317
1318 1305 1309
1318 1313 1305
1318 1309 1315
1313 1318 1319
1314 1313 1320
1313 1319 1320
1321 1314 1320
1316 1317 1322
1322 1315 1316
1323 1322 1317
1318 1315 1324
1322 1324 1315
1324 1319 1318
1321 1320 1325
1319 1325 1320
1325 1326 1321
1323 1327 1322
1324 1322 1327
1327 1323 1328
1327 1328 1329
1324 1327 1330
1330 1327 1329
1324 1330 1319
1330 1329 1331
1326 1331 1329
1331 1319 1330
1325 1332 1326
1326 1332 1331
1319 1332 1325
1331 1332 1319
1292 1333 1294
1292 1334 1333
1294 1333 1304
1335 1333 1334
1335 1336 1333
1336 1304 1333
1337 1336 1335
1337 1335 1338
1337 1338 1339
1337 1339 1340
1341 1340 1339
1342 1336 1337
1340 1342 1337
1336 1343 1304
1342 1343 1336
1343 1344 1304
695 1304 1344
1344 692 695
1344 1345 692
1344 1346 1345
1344 1347 1346
1343 1347 1344
1347 1348 1346
1349 1347 1343
1349 1343 1342
1347 1349 1348
1350 1349 1342
1340 1350 1342
1340 1351 1350
1352 1348 1349
1350 1352 1349
1351 1352 1350
1352 1353 1348
1352 1354 1353
1352 1355 1354
1351 1355 1352
1354 1355 1356
1356 1355 1351
1354 1356 1357
1356 1358 1357
1340 1359 1351
1341 1359 1340
1360 1359 1341
1351 1359 1360
1360 1341 1361
1360 1361 1362
1351 1360 1363
1356 1351 1363
1360 1362 1364
1364 1363 1360
1364 1362 1365
1356 1366 1358
1367 1358 1366
1368 1356 1363
1364 1368 1363
1368 1366 1356
1369 1368 1364
1369 1366 1368
1364 1365 1370
1369 1364 1370
1371 1370 1365
1367 1366 1372
1369 1372 1366
1372 1373 1367
1371 1374 1370
1369 1370 1374
1374 1371 1375
1372 1376 1373
1369 1376 1372
1376 1375 1373
1369 1374 1377
1369 1377 1376
1376 1377 1375
1374 1375 1377
