byte offset: 0
first index: 0
index count: 7434
topology: trianglelist
format: DXGI_FORMAT_R16_UINT

0 1 2
3 4 5
3 5 6
7 3 6
7 6 8
9 7 8
9 8 10
11 9 10
11 10 12
13 11 12
13 12 14
15 13 14
15 14 16
17 15 16
17 16 18
19 17 18
19 18 20
21 19 20
21 20 22
23 21 22
23 22 24
25 23 24
25 24 26
27 25 26
27 26 28
29 27 28
29 28 30
31 29 30
31 30 32
33 31 32
33 32 34
35 33 34
35 34 36
37 35 36
37 36 38
37 38 39
37 39 40
40 39 41
40 41 42
42 41 43
42 43 44
44 43 45
44 45 46
46 45 47
46 47 48
48 47 49
48 49 50
50 49 51
50 51 52
52 51 53
52 53 54
54 53 55
54 55 56
56 55 57
56 57 58
58 57 59
58 59 60
60 59 61
60 61 62
62 61 63
62 63 64
65 66 67
65 68 66
65 69 68
65 70 69
70 71 69
70 72 71
72 73 71
72 74 73
74 75 73
74 76 75
76 77 75
76 78 77
78 79 77
78 80 79
80 81 79
80 82 81
82 83 81
82 84 83
84 85 83
84 86 85
86 87 85
86 88 87
88 89 87
88 90 89
90 91 89
90 92 91
92 93 91
92 94 93
95 96 97
95 97 98
99 95 98
99 100 95
101 100 99
101 99 102
103 101 102
103 104 101
105 104 103
105 103 106
107 105 106
107 108 105
109 108 107
109 107 110
111 109 110
111 112 109
113 112 111
113 111 114
115 113 114
115 116 113
117 116 115
117 115 118
119 117 118
119 120 117
121 120 119
121 119 122
123 121 122
123 124 121
125 126 127
128 126 125
129 128 125
128 130 126
128 131 130
131 132 130
131 133 132
132 133 134
132 134 135
135 134 136
135 136 137
136 138 137
136 139 138
140 138 139
141 142 143
143 144 141
143 145 144
143 146 145
147 144 145
147 148 144
145 149 147
146 150 145
145 150 149
146 151 150
152 150 151
153 149 150
152 153 150
154 153 152
153 155 149
156 153 154
157 155 153
156 157 153
157 158 155
159 157 156
157 160 158
161 157 159
157 161 160
161 159 162
161 163 160
161 162 164
161 165 163
164 165 161
166 163 165
164 167 165
168 166 165
167 168 165
168 169 166
167 170 168
171 169 168
170 171 168
170 172 171
172 173 171
174 175 176
174 176 177
178 177 176
178 176 179
178 179 180
178 181 177
181 182 177
183 182 181
178 180 184
180 185 184
178 186 181
184 186 178
183 181 187
187 181 186
188 183 187
188 189 183
187 186 190
187 190 188
184 191 186
191 190 186
192 184 185
192 191 184
189 188 193
189 193 194
195 188 190
195 193 188
192 185 196
185 197 196
196 198 192
192 198 191
196 199 198
191 200 190
198 200 191
200 195 190
199 201 198
198 201 200
199 202 201
200 203 195
201 203 200
204 201 202
201 204 203
204 202 205
206 195 203
206 193 195
207 206 203
204 207 203
208 204 205
208 205 209
208 209 210
211 193 206
207 211 206
207 204 212
212 204 208
208 210 213
213 210 214
207 212 215
215 211 207
208 216 212
208 213 216
215 212 216
213 214 217
217 214 218
213 217 219
213 219 216
217 218 220
220 219 217
220 218 221
220 221 222
223 222 221
220 224 219
224 220 222
223 225 222
226 225 223
224 222 227
225 227 222
226 228 225
229 228 226
229 230 228
228 231 225
225 231 227
230 232 228
228 232 231
230 233 232
232 233 234
232 234 235
231 232 235
227 231 236
231 235 236
224 227 237
227 236 237
224 237 238
219 224 238
219 238 239
219 239 216
240 216 239
215 216 240
238 241 239
240 239 241
237 242 238
241 238 242
236 243 237
237 243 242
235 244 236
236 244 243
235 245 244
235 246 245
247 245 246
247 248 245
248 249 245
248 250 249
245 251 244
251 245 249
252 243 244
251 252 244
250 253 249
250 254 253
253 254 255
256 249 253
253 255 256
251 249 257
257 249 256
251 258 252
258 251 257
259 243 252
259 252 258
257 256 260
257 260 258
261 255 254
261 254 262
259 263 243
242 243 263
264 260 256
264 256 255
265 261 262
265 262 266
265 266 267
267 266 268
269 261 265
269 265 267
242 263 270
241 242 270
255 261 271
269 271 261
255 271 272
273 271 269
274 255 272
274 272 275
274 264 255
276 274 275
277 273 269
269 267 277
277 278 273
277 279 278
280 264 274
276 280 274
280 260 264
280 276 281
282 260 280
280 281 282
282 258 260
282 281 283
258 282 284
282 283 284
258 284 259
285 284 283
259 284 285
285 283 286
259 285 263
285 286 287
263 285 287
287 286 288
263 287 270
287 288 270
270 288 289
270 289 241
289 288 290
290 288 291
292 290 291
293 241 289
289 290 293
293 240 241
292 294 290
294 292 295
294 295 296
240 293 297
240 297 215
298 293 290
294 298 290
298 297 293
296 299 294
294 299 298
299 296 300
301 215 297
301 297 298
298 299 301
215 301 211
299 300 302
301 299 302
301 302 211
303 302 300
304 211 302
303 304 302
211 304 193
304 303 194
304 194 193
305 306 307
305 308 306
309 308 305
309 310 308
311 308 310
312 306 308
311 312 308
312 313 306
314 312 311
313 312 315
314 315 312
313 315 316
317 316 315
315 314 318
317 315 319
315 318 319
319 320 317
318 321 319
319 321 320
318 322 321
323 321 322
320 321 324
323 324 321
320 324 325
324 326 325
326 324 323
326 323 327
328 329 330
328 330 331
332 331 330
328 331 333
331 332 334
333 331 335
331 334 335
333 335 336
337 335 334
335 338 336
335 337 338
339 338 337
339 337 340
338 339 341
342 339 340
339 343 341
342 344 339
339 344 343
345 344 342
346 343 344
345 346 344
346 347 343
346 348 347
345 349 346
346 349 348
350 348 349
345 351 349
350 349 352
351 352 349
351 353 352
354 355 356
354 357 355
354 358 357
359 355 357
359 357 360
361 359 360
361 362 359
363 364 365
363 366 364
367 364 366
367 366 368
369 367 368
369 370 367
369 371 370
369 372 371
373 371 372
373 372 374
375 373 374
375 374 376
375 376 377
375 377 378
378 377 379
380 381 382
380 382 383
384 380 383
384 383 385
386 384 385
386 387 384
387 386 388
389 387 388
389 388 390
391 389 390
391 392 389
391 393 392
394 392 393
394 395 392
396 395 394
396 394 397
398 399 400
398 401 399
398 402 401
403 404 405
404 406 405
404 407 406
406 407 408
405 406 409
405 409 410
411 406 408
411 409 406
410 409 412
410 412 413
414 409 411
409 414 412
415 413 412
416 415 412
416 412 414
415 417 413
418 413 417
418 417 419
414 420 416
414 421 420
422 421 414
414 411 422
423 421 422
423 422 411
423 424 421
425 424 423
423 411 426
426 411 408
425 423 427
427 423 426
428 425 427
426 408 429
430 429 408
431 426 429
427 426 431
430 432 429
431 429 432
433 432 430
433 434 432
431 432 434
434 433 435
428 427 436
436 437 428
438 427 431
431 434 438
438 436 427
434 435 439
439 438 434
436 440 437
436 438 440
441 437 440
441 442 437
440 438 443
439 443 438
440 443 441
435 444 439
435 445 444
439 446 443
439 444 446
446 441 443
445 447 444
446 444 447
445 448 447
449 442 441
449 450 442
451 450 449
446 452 441
446 447 452
449 441 452
448 453 447
453 452 447
448 454 453
451 449 455
456 451 455
449 452 457
453 457 452
455 449 457
454 458 453
454 459 458
458 459 460
461 457 453
455 457 461
461 453 458
462 461 458
458 460 463
462 458 463
463 460 464
465 455 461
456 455 465
465 461 462
464 466 463
463 466 462
464 467 466
468 456 465
462 468 465
468 469 456
467 470 466
470 467 471
472 462 466
472 466 470
473 468 462
472 473 462
468 474 469
473 474 468
474 475 469
474 476 475
476 474 473
476 477 475
476 473 478
476 478 477
472 479 473
479 478 473
477 478 480
479 480 478
481 477 480
470 482 472
479 472 482
481 480 483
483 484 481
480 479 485
479 482 485
480 485 483
482 470 486
470 471 486
487 486 471
487 471 488
487 488 489
485 482 490
482 486 490
485 490 483
487 490 486
491 484 483
490 491 483
491 492 484
490 493 491
487 493 490
494 492 491
494 491 493
494 495 492
487 489 496
489 497 496
487 498 493
487 496 498
499 494 493
493 498 499
495 494 500
499 500 494
495 500 501
501 500 502
502 500 499
501 502 503
502 504 503
502 499 505
505 499 498
504 502 505
497 506 496
497 507 506
506 507 508
508 509 506
508 510 509
509 510 511
496 512 498
496 506 512
505 498 512
512 506 509
504 505 513
513 505 512
513 512 509
514 504 513
514 513 515
513 509 515
516 514 515
516 515 517
518 517 515
509 511 519
515 509 519
515 519 518
519 511 520
519 521 518
519 520 521
521 522 518
521 520 523
521 524 522
521 523 524
524 525 522
526 525 524
523 527 524
526 524 527
523 528 527
527 529 526
528 530 527
527 530 529
530 528 531
532 529 530
530 531 532
532 533 529
532 531 534
533 532 535
532 534 535
533 535 536
536 535 537
534 537 535
536 537 538
534 539 537
540 539 534
541 538 537
537 539 541
541 542 538
539 540 543
543 540 544
543 544 545
543 545 546
539 543 547
547 541 539
543 546 547
548 542 541
547 548 541
542 548 549
550 549 548
547 551 548
550 548 551
547 546 551
551 552 550
551 553 552
546 553 551
546 554 553
546 555 554
556 555 546
556 546 545
545 557 556
545 558 557
559 560 561
559 561 562
563 564 565
563 565 566
567 568 569
570 567 569
569 571 570
572 567 570
570 571 573
571 574 573
575 572 570
575 570 573
576 572 575
577 573 574
577 574 578
579 576 575
580 576 579
581 580 579
582 575 573
575 582 579
573 577 582
583 581 579
582 583 579
584 581 583
585 577 578
586 585 578
585 586 587
577 588 582
583 582 588
588 577 585
583 589 584
589 583 588
589 590 584
591 588 585
588 591 589
590 589 592
591 592 589
590 592 593
592 594 593
592 595 594
592 591 595
595 596 594
596 595 597
595 591 597
598 596 597
587 598 597
599 591 585
599 585 587
591 599 597
599 587 597
600 601 602
601 603 602
601 604 603
602 603 605
604 606 603
604 607 606
605 603 608
603 606 608
609 605 608
607 610 606
607 611 610
612 609 608
613 609 612
614 613 612
606 615 608
612 608 615
615 606 610
614 612 616
616 612 615
617 614 616
618 615 610
615 618 616
611 619 610
610 619 618
617 616 620
621 617 620
618 622 616
618 619 622
620 616 622
619 611 623
619 623 622
611 624 623
621 620 625
625 620 622
623 625 622
623 624 625
626 621 625
624 626 625
626 624 627
628 626 627
627 624 629
624 630 629
631 628 627
632 628 631
627 633 631
629 633 627
634 632 631
633 634 631
632 634 635
634 636 635
636 634 633
635 636 637
636 638 637
638 636 639
639 636 633
640 638 639
630 641 629
641 630 642
643 633 629
641 643 629
641 642 643
633 643 639
642 644 643
639 645 640
643 645 639
643 644 645
640 645 646
644 647 645
645 647 646
647 648 646
649 650 651
650 652 651
652 650 653
654 651 652
655 651 654
654 656 655
656 657 655
657 656 658
659 654 652
656 654 659
660 652 653
659 652 660
661 660 653
662 661 653
663 659 660
660 661 663
664 656 659
659 663 664
656 665 658
665 656 664
658 665 666
667 658 666
666 665 668
668 665 664
669 666 668
663 670 664
668 664 670
669 668 671
671 668 670
672 669 671
671 673 672
673 671 670
673 674 672
663 675 670
675 673 670
663 661 675
673 676 674
673 675 676
674 676 677
661 678 675
675 678 676
676 679 677
679 680 677
676 681 679
678 681 676
680 679 682
681 682 679
683 680 682
678 661 684
684 661 662
685 684 662
686 681 678
684 686 678
681 686 682
684 685 686
683 682 687
686 687 682
685 687 686
688 683 687
687 685 688
689 690 691
692 689 691
691 693 692
689 692 694
693 695 692
695 693 696
693 697 696
698 696 697
699 698 697
700 698 699
701 700 699
700 701 702
701 703 702
704 702 703
698 700 705
700 702 705
702 704 706
702 706 705
704 707 706
707 708 706
708 709 706
706 709 705
708 710 709
711 698 705
696 698 711
705 709 711
709 710 712
709 712 711
710 713 712
714 696 711
714 711 712
695 696 714
712 713 715
715 714 712
713 716 715
717 695 714
717 714 715
692 695 717
715 716 718
717 715 718
716 719 718
720 692 717
720 717 718
692 720 694
718 719 721
721 720 718
720 721 694
719 722 721
721 723 694
721 722 723
722 724 723
725 726 727
726 728 727
726 729 728
730 727 728
729 731 728
732 730 728
730 732 733
731 734 728
728 734 732
731 735 734
735 736 734
734 736 737
734 737 732
736 738 737
732 739 733
732 737 739
733 739 740
737 738 741
737 741 739
738 742 741
739 743 740
739 741 743
741 744 743
744 741 742
745 744 742
746 740 747
746 747 748
748 749 746
748 750 749
750 751 749
749 751 746
751 750 752
751 752 753
751 753 746
753 754 746
753 755 754
754 755 756
753 757 755
757 753 758
755 759 756
756 759 760
757 761 755
755 761 759
762 757 758
761 757 762
758 763 762
763 764 762
765 762 764
765 761 762
766 765 764
759 767 760
767 768 760
761 769 759
769 761 765
769 767 759
770 765 766
770 769 765
771 770 766
772 770 771
770 772 769
773 772 771
772 774 769
769 774 767
774 775 767
767 775 768
775 776 768
777 778 779
778 780 779
781 780 778
782 781 778
781 782 783
784 781 783
783 785 784
786 785 783
785 786 787
788 785 787
787 789 788
789 787 790
791 789 790
790 792 791
792 793 791
789 791 794
791 793 794
793 795 794
795 796 794
797 798 799
798 800 799
798 801 800
802 799 800
801 803 800
803 801 804
805 802 800
800 803 805
802 805 806
803 804 807
804 808 807
803 809 805
809 803 807
805 810 806
806 810 811
810 812 811
812 810 813
814 810 805
810 814 813
809 814 805
813 814 815
816 809 807
814 809 816
817 807 808
807 817 816
814 818 815
818 814 816
819 817 808
808 820 819
817 821 816
816 821 818
817 819 821
818 822 815
821 822 818
822 823 815
820 824 819
820 825 824
819 826 821
821 826 822
826 819 824
822 827 823
826 827 822
827 828 823
829 826 824
827 826 829
828 827 830
830 827 829
831 828 830
825 832 824
829 824 832
830 833 831
833 834 831
830 829 835
833 830 835
835 829 832
834 833 836
836 833 835
837 834 836
838 837 836
836 835 839
835 832 839
839 838 836
825 840 832
840 839 832
839 840 838
840 825 841
840 841 838
842 843 844
842 845 843
846 843 845
842 847 845
842 848 847
846 845 849
849 845 847
848 850 847
848 851 850
852 850 851
853 846 849
853 854 846
853 855 854
849 847 856
856 847 850
857 853 849
857 849 856
853 858 855
857 858 853
859 855 858
859 860 855
861 860 859
857 862 858
859 858 862
863 857 856
863 862 857
856 850 864
863 856 864
861 859 865
865 866 861
859 862 867
867 865 859
865 868 866
868 869 866
864 850 870
852 870 850
852 871 870
852 872 871
864 870 873
871 873 870
867 862 874
863 874 862
867 875 865
875 868 865
876 863 864
876 864 873
863 877 874
863 876 877
867 874 878
875 867 878
878 874 877
872 879 871
872 880 879
881 879 880
881 882 879
883 882 881
883 884 882
885 884 883
886 871 879
887 879 882
887 886 879
888 882 884
888 887 882
889 887 888
890 888 884
889 888 890
885 891 884
890 884 891
885 892 891
885 893 892
894 890 891
894 891 892
893 895 892
893 896 895
886 897 871
871 897 873
898 873 897
898 897 886
898 876 873
899 890 894
889 890 899
900 894 892
900 892 895
896 901 895
896 902 901
903 901 902
903 904 901
905 901 904
906 895 901
905 906 901
906 900 895
907 906 905
899 894 908
900 908 894
909 900 906
900 909 908
907 910 906
909 906 910
907 911 910
909 910 911
907 912 911
913 911 912
908 914 899
889 899 914
909 915 908
908 915 914
909 916 915
909 911 916
913 917 911
918 917 913
919 915 916
919 914 915
920 916 911
920 911 917
919 916 920
921 920 917
921 919 920
918 922 917
921 917 922
918 923 922
918 924 923
922 925 921
922 923 925
924 926 923
924 927 926
928 926 927
929 923 926
929 925 923
928 930 926
930 929 926
930 928 931
930 931 932
932 931 933
930 934 929
934 930 932
935 925 929
934 935 929
934 936 935
921 925 937
935 937 925
934 932 938
938 936 934
939 932 933
939 938 932
940 939 933
940 933 941
939 940 942
943 939 942
938 939 943
943 942 944
945 943 944
938 943 946
938 946 936
945 947 943
946 943 947
948 947 945
946 947 949
936 946 949
948 950 947
949 947 950
951 950 948
951 948 952
949 950 953
954 950 951
953 950 954
954 951 955
955 951 956
936 949 957
957 949 953
953 954 958
954 955 958
955 956 959
959 956 960
957 953 961
961 953 958
936 957 962
961 962 957
955 963 958
963 955 959
959 960 964
965 964 960
963 959 966
964 966 959
967 958 963
967 963 966
961 958 968
967 968 958
968 969 961
961 969 962
936 962 970
936 970 935
970 937 935
971 964 965
971 965 972
973 971 972
973 972 974
971 973 975
968 976 969
967 976 968
970 962 977
970 978 937
970 977 978
962 969 979
962 979 977
969 976 980
969 980 979
981 937 978
921 937 981
921 981 919
981 982 919
919 982 914
981 978 983
981 983 982
984 983 978
984 978 977
984 982 983
977 979 985
977 985 984
982 986 914
889 914 986
984 987 982
985 987 984
982 987 986
988 986 987
985 988 987
989 985 979
989 979 980
889 986 990
988 990 986
985 991 988
985 989 991
991 990 988
889 990 992
889 992 887
992 886 887
991 993 990
992 990 993
992 994 886
992 993 994
898 886 994
898 994 993
989 995 991
995 993 991
898 993 996
995 996 993
996 876 898
996 877 876
995 877 996
989 997 995
997 989 980
995 998 877
997 998 995
878 877 998
997 980 999
976 999 980
998 1000 878
875 878 1000
997 1001 998
999 1001 997
998 1001 1000
976 1002 999
967 1002 976
999 1003 1001
1000 1001 1003
1002 1003 999
875 1000 1004
1000 1003 1004
1005 1002 967
967 966 1005
1002 1006 1003
1005 1006 1002
1006 1004 1003
875 1004 1007
875 1007 868
966 1008 1005
1008 1006 1005
1006 1009 1004
1009 1007 1004
1008 1009 1006
1010 868 1007
868 1010 869
1009 1011 1007
1008 1011 1009
1010 1007 1011
966 1012 1008
964 1012 966
1008 1013 1011
1013 1010 1011
1012 1013 1008
1014 869 1010
1013 1014 1010
1014 1015 869
975 1015 1014
964 1016 1012
1012 1016 1013
964 971 1016
971 975 1017
975 1014 1017
1017 1014 1013
1017 1016 971
1017 1013 1016
1018 1019 1020
1018 1020 1021
1021 1022 1018
1021 1020 1023
1021 1024 1022
1021 1023 1024
1022 1024 1025
1023 1025 1024
1023 1026 1025
1025 1026 1027
1022 1025 1028
1025 1027 1028
1028 1029 1030
1028 1030 1031
1029 1032 1030
1033 1032 1029
1030 1032 1034
1030 1034 1035
1030 1035 1031
1034 1032 1036
1034 1036 1035
1037 1036 1032
1037 1038 1036
1036 1038 1035
1039 1031 1035
1039 1035 1038
1040 1031 1039
1040 1041 1031
1042 1040 1039
1039 1038 1043
1043 1038 1044
1043 1044 1045
1045 1046 1043
1043 1046 1047
1042 1039 1048
1039 1043 1048
1043 1047 1048
1048 1049 1042
1050 1048 1047
1048 1050 1049
1051 1052 1053
1051 1053 1054
1051 1054 1055
1056 1055 1054
1054 1057 1056
1054 1058 1057
1054 1059 1058
1053 1060 1054
1053 1061 1060
1061 1062 1060
1061 1063 1062
1064 1062 1063
1064 1063 1065
1066 1064 1065
1066 1065 1067
1066 1067 1068
1068 1067 1069
1070 1066 1068
1070 1068 1071
1071 1072 1070
1070 1072 1073
1074 1070 1073
1074 1073 1075
1074 1075 1076
1077 1076 1075
1077 1075 1078
1078 1079 1077
1079 1078 1080
1079 1080 1081
1081 1082 1079
1081 1083 1082
1081 1084 1083
1081 1085 1084
267 268 1086
1087 1086 268
1088 1086 1087
1089 267 1086
1089 277 267
1089 1090 277
277 1090 279
1090 1091 279
1092 1089 1086
1089 1092 1090
1088 1093 1086
1092 1086 1093
1090 1094 1091
1092 1094 1090
1095 1093 1088
1095 1088 1096
1097 1092 1093
1092 1097 1094
1097 1093 1095
1091 1094 1098
1097 1098 1094
1091 1098 1099
1100 1099 1098
1101 1097 1095
1097 1101 1098
1101 1095 1102
1102 1095 1096
1103 1098 1101
1100 1098 1103
1102 1096 1104
1105 1100 1103
1104 1106 1102
1104 1107 1106
1106 1107 1108
1105 1103 1109
1110 1105 1109
1103 1111 1109
1110 1109 1111
1103 1101 1111
1112 1110 1111
1112 1111 1113
1113 1111 1101
1113 1114 1112
1113 1115 1114
1116 1114 1115
1102 1106 1117
1102 1117 1101
1106 1118 1117
1101 1117 1118
1106 1108 1119
1106 1119 1118
1120 1119 1108
1120 1118 1119
1120 1108 1121
1121 1122 1120
1113 1101 1123
1123 1115 1113
1120 1122 1124
1120 1124 1118
1123 1101 1125
1101 1118 1125
1124 1122 1126
1122 1127 1126
1127 1128 1126
1127 1129 1128
1125 1130 1123
1123 1130 1115
1124 1131 1118
1124 1126 1131
1132 1125 1118
1125 1132 1130
1132 1118 1131
1115 1130 1133
1132 1133 1130
1126 1134 1131
1126 1128 1134
1131 1135 1132
1132 1135 1133
1131 1134 1135
1115 1133 1136
1116 1115 1136
1136 1137 1116
1136 1138 1137
1133 1138 1136
1138 1139 1137
1135 1140 1133
1133 1140 1138
1141 1135 1134
1135 1141 1140
1138 1142 1139
1143 1139 1142
1138 1140 1144
1141 1144 1140
1138 1144 1142
1145 1142 1144
1143 1142 1146
1145 1146 1142
1147 1143 1146
1147 1146 1148
1148 1146 1145
1149 1147 1148
1141 1134 1150
1150 1134 1128
1141 1151 1144
1151 1141 1150
1151 1145 1144
1151 1150 1152
1150 1128 1152
1152 1153 1151
1151 1153 1145
1128 1154 1152
1152 1154 1153
1145 1153 1155
1153 1154 1156
1153 1156 1155
1128 1157 1154
1157 1156 1154
1128 1158 1157
1157 1158 1156
1128 1129 1158
1159 1156 1158
1159 1155 1156
1129 1160 1158
1159 1158 1160
1129 1161 1160
1161 1162 1160
1162 1159 1160
1161 1163 1162
1162 1163 1164
1165 1162 1164
1162 1165 1159
1165 1164 1166
1159 1167 1155
1165 1167 1159
1166 1168 1165
1165 1168 1167
1166 1169 1168
1168 1169 1170
1167 1171 1155
1145 1155 1171
1148 1145 1171
1167 1172 1171
1168 1172 1167
1148 1171 1172
1168 1170 1173
1168 1173 1172
1148 1172 1174
1174 1172 1173
1149 1148 1174
1175 1173 1170
1174 1173 1175
1175 1149 1174
1175 1170 1176
1175 1177 1149
1178 1175 1176
1178 1177 1175
1179 1180 1181
1180 1182 1181
1180 1179 1183
1179 1184 1183
1185 1182 1180
1186 1182 1185
1187 1186 1185
1188 1183 1184
1189 1188 1184
1189 1190 1188
1185 1180 1191
1192 1187 1185
1192 1185 1191
1183 1193 1180
1193 1191 1180
1188 1194 1183
1194 1193 1183
1192 1195 1187
1195 1196 1187
1191 1197 1192
1191 1193 1197
1195 1198 1196
1198 1199 1196
1199 1198 1200
1195 1192 1201
1197 1201 1192
1198 1202 1200
1202 1203 1200
1195 1204 1198
1204 1202 1198
1204 1195 1201
1202 1205 1203
1202 1204 1205
1205 1206 1203
1206 1205 1207
1208 1207 1205
1209 1208 1205
1204 1209 1205
1208 1209 1210
1204 1201 1211
1204 1211 1209
1209 1212 1210
1211 1212 1209
1210 1212 1213
1201 1214 1211
1214 1201 1197
1212 1215 1213
1215 1216 1213
1217 1212 1211
1214 1217 1211
1212 1217 1215
1218 1214 1197
1217 1214 1218
1193 1218 1197
1219 1218 1193
1194 1219 1193
1220 1217 1218
1219 1220 1218
1219 1194 1221
1194 1188 1221
1215 1222 1216
1223 1216 1222
1217 1224 1215
1220 1224 1217
1220 1219 1225
1225 1219 1221
1188 1226 1221
1190 1226 1188
1227 1226 1190
1228 1227 1190
1226 1229 1221
1226 1227 1229
1227 1228 1230
1228 1231 1230
1222 1215 1232
1224 1232 1215
1225 1221 1233
1229 1233 1221
1234 1225 1233
1235 1233 1229
1229 1227 1236
1235 1229 1236
1236 1227 1230
1234 1237 1225
1237 1220 1225
1237 1234 1238
1224 1220 1239
1220 1237 1239
1240 1232 1224
1239 1240 1224
1241 1240 1239
1237 1242 1239
1242 1237 1238
1242 1241 1239
1242 1238 1243
1241 1242 1243
1238 1244 1243
1245 1232 1240
1245 1222 1232
1243 1244 1246
1246 1244 1247
1248 1241 1243
1248 1243 1246
1249 1245 1240
1240 1241 1249
1250 1222 1245
1250 1223 1222
1223 1250 1251
1250 1252 1251
1253 1251 1252
1254 1250 1245
1250 1254 1252
1249 1255 1245
1255 1254 1245
1256 1246 1247
1246 1256 1257
1257 1248 1246
1248 1258 1241
1258 1248 1257
1241 1259 1249
1258 1259 1241
1255 1249 1260
1249 1259 1260
1255 1261 1254
1255 1260 1261
1260 1259 1262
1259 1258 1262
1260 1263 1261
1263 1260 1262
1261 1264 1254
1265 1254 1264
1254 1265 1252
1262 1266 1263
1266 1267 1263
1268 1265 1264
1264 1269 1268
1270 1252 1265
1270 1253 1252
1268 1269 1271
1269 1272 1271
1253 1270 1273
1274 1253 1273
1275 1274 1273
1276 1275 1273
1277 1276 1273
1277 1273 1270
1278 1276 1277
1279 1270 1265
1279 1277 1270
1280 1278 1277
1277 1279 1280
1281 1278 1280
1279 1265 1282
1279 1282 1280
1265 1268 1282
1280 1282 1283
1283 1281 1280
1282 1268 1284
1283 1282 1284
1284 1268 1271
1284 1285 1283
1286 1284 1271
1284 1286 1285
1287 1281 1283
1285 1287 1283
1288 1286 1271
1272 1288 1271
1288 1272 1289
1272 1290 1289
1286 1288 1291
1291 1288 1289
1286 1292 1285
1292 1286 1291
1290 1293 1289
1290 1294 1293
1291 1289 1295
1292 1291 1296
1291 1295 1296
1297 1295 1289
1293 1297 1289
1295 1298 1296
1298 1295 1297
1285 1292 1299
1292 1296 1300
1299 1292 1300
1296 1301 1300
1298 1301 1296
1300 1301 1302
1299 1300 1302
1299 1303 1285
1303 1287 1285
1301 1298 1304
1302 1301 1304
1299 1302 1305
1299 1305 1303
1304 1306 1302
1306 1305 1302
1307 1298 1297
1298 1308 1304
1308 1298 1307
1297 1309 1307
1309 1297 1293
1310 1309 1293
1294 1310 1293
1311 1310 1294
1312 1311 1294
1309 1310 1313
1310 1311 1313
1312 1314 1311
1312 1267 1314
1267 1315 1314
1315 1267 1266
1316 1315 1266
1262 1316 1266
1315 1317 1314
1317 1315 1316
1311 1314 1318
1317 1318 1314
1311 1319 1313
1319 1311 1318
1316 1262 1320
1258 1320 1262
1320 1258 1321
1321 1258 1257
1322 1316 1320
1322 1320 1321
1323 1317 1316
1316 1322 1323
1324 1318 1317
1323 1324 1317
1325 1319 1318
1324 1325 1318
1257 1326 1321
1256 1326 1257
1322 1327 1323
1328 1324 1323
1323 1327 1328
1322 1321 1329
1322 1329 1327
1325 1324 1330
1324 1328 1330
1326 1331 1321
1321 1331 1329
1319 1325 1332
1325 1330 1333
1325 1333 1332
1334 1319 1332
1319 1334 1313
1327 1335 1328
1327 1329 1336
1335 1327 1336
1330 1328 1337
1328 1335 1337
1331 1338 1329
1338 1336 1329
1330 1339 1333
1339 1330 1337
1334 1332 1340
1334 1341 1313
1341 1334 1340
1342 1341 1340
1332 1333 1343
1340 1332 1343
1344 1313 1341
1344 1309 1313
1339 1345 1333
1345 1343 1333
1341 1342 1346
1346 1344 1341
1347 1309 1344
1309 1347 1307
1344 1346 1348
1348 1347 1344
1307 1347 1349
1349 1308 1307
1350 1308 1349
1347 1351 1349
1347 1348 1351
1349 1351 1350
1352 1345 1339
1353 1352 1339
1353 1339 1337
1345 1352 1354
1345 1354 1343
1354 1355 1343
1340 1343 1355
1356 1340 1355
1356 1342 1340
1348 1357 1351
1351 1358 1350
1351 1357 1358
1357 1348 1359
1346 1359 1348
1346 1360 1359
1342 1360 1346
1361 1357 1359
1360 1361 1359
1361 1362 1357
1362 1358 1357
1361 1360 1362
1350 1358 1363
1363 1358 1362
1360 1364 1362
1364 1360 1342
1365 1363 1362
1362 1364 1365
1366 1364 1342
1364 1367 1365
1367 1364 1366
1366 1342 1368
1368 1369 1366
1342 1356 1368
1368 1356 1370
1368 1370 1369
1356 1371 1370
1356 1355 1371
1370 1371 1372
1370 1372 1369
1371 1355 1373
1371 1373 1372
1355 1354 1373
1354 1374 1373
1352 1374 1354
1365 1367 1375
1376 1367 1366
1367 1376 1375
1369 1377 1366
1376 1366 1377
1375 1378 1365
1378 1363 1365
1373 1379 1372
1374 1380 1373
1379 1373 1380
1369 1372 1381
1372 1379 1381
1375 1376 1382
1383 1378 1375
1382 1383 1375
1363 1378 1384
1378 1383 1385
1384 1378 1385
1386 1363 1384
1386 1350 1363
1376 1387 1382
1383 1382 1388
1382 1387 1388
1389 1387 1376
1389 1376 1377
1390 1387 1389
1377 1390 1389
1387 1391 1388
1391 1387 1390
1392 1383 1388
1392 1388 1391
1393 1390 1377
1393 1377 1369
1383 1392 1394
1385 1383 1394
1391 1390 1395
1390 1393 1395
1393 1396 1395
1397 1391 1395
1396 1393 1398
1399 1393 1369
1393 1399 1398
1398 1399 1400
1399 1369 1381
1391 1397 1401
1401 1392 1391
1397 1402 1401
1401 1402 1403
1399 1404 1400
1381 1404 1399
1405 1400 1404
1405 1404 1406
1406 1404 1381
1407 1405 1406
1392 1401 1408
1394 1392 1408
1401 1403 1409
1408 1401 1409
1403 1410 1409
1410 1411 1409
1408 1409 1411
1411 1410 1412
1413 1406 1381
1379 1413 1381
1407 1406 1414
1406 1413 1414
1415 1407 1414
1408 1416 1394
1416 1408 1411
1417 1411 1412
1416 1411 1417
1413 1379 1418
1414 1413 1418
1415 1414 1419
1419 1414 1418
1420 1415 1419
1421 1420 1419
1419 1422 1421
1422 1419 1418
1422 1423 1421
1423 1422 1424
1379 1425 1418
1425 1379 1380
1426 1422 1418
1425 1426 1418
1422 1427 1424
1427 1422 1426
1426 1425 1428
1425 1380 1428
1428 1427 1426
1429 1427 1428
1424 1427 1430
1427 1429 1430
1424 1430 1431
1430 1432 1431
1428 1380 1433
1433 1429 1428
1380 1374 1433
1432 1430 1434
1434 1430 1429
1435 1432 1434
1435 1434 1436
1437 1436 1434
1433 1374 1438
1433 1438 1429
1374 1352 1438
1439 1437 1434
1439 1434 1429
1440 1437 1439
1438 1352 1441
1352 1353 1441
1438 1442 1429
1429 1442 1439
1442 1438 1441
1443 1440 1439
1442 1443 1439
1440 1443 1444
1441 1353 1445
1353 1337 1445
1446 1442 1441
1446 1443 1442
1446 1441 1447
1443 1446 1447
1447 1441 1445
1443 1448 1444
1447 1448 1443
1444 1448 1449
1450 1448 1447
1445 1450 1447
1450 1449 1448
1445 1337 1451
1450 1445 1451
1337 1335 1451
1452 1449 1450
1449 1452 1453
1452 1454 1453
1455 1454 1452
1456 1451 1335
1336 1456 1335
1457 1450 1451
1457 1452 1450
1456 1457 1451
1458 1455 1452
1452 1457 1458
1459 1455 1458
1456 1336 1460
1457 1456 1460
1336 1338 1460
1461 1459 1458
1461 1462 1459
1462 1461 1463
1463 1461 1464
1465 1463 1464
1466 1465 1464
1457 1467 1458
1458 1467 1461
1467 1457 1460
1467 1468 1461
1467 1460 1468
1461 1468 1464
1460 1338 1469
1460 1469 1468
1470 1466 1464
1466 1470 1471
1470 1472 1471
1468 1473 1464
1468 1469 1473
1338 1474 1469
1338 1331 1474
1469 1474 1475
1469 1475 1473
1474 1331 1476
1474 1476 1475
1331 1326 1476
1473 1477 1464
1464 1477 1470
1470 1478 1472
1478 1479 1472
1480 1479 1478
1481 1473 1475
1477 1473 1481
1477 1482 1470
1470 1482 1478
1482 1477 1481
1478 1482 1483
1482 1481 1483
1484 1480 1478
1484 1478 1483
1485 1480 1484
1486 1485 1484
1486 1484 1487
1488 1481 1475
1481 1488 1483
1475 1476 1488
1484 1489 1487
1489 1484 1483
1487 1489 1490
1476 1491 1488
1476 1326 1491
1489 1483 1492
1489 1492 1490
1488 1493 1483
1483 1493 1492
1488 1491 1493
1490 1492 1494
1492 1493 1494
1490 1494 1231
1494 1230 1231
1326 1495 1491
1326 1256 1495
1491 1496 1493
1493 1496 1494
1491 1495 1496
1494 1497 1230
1496 1497 1494
1496 1495 1497
1497 1236 1230
1256 1498 1495
1495 1498 1497
1236 1497 1499
1497 1498 1499
1235 1236 1499
1500 1235 1499
1501 1498 1256
1498 1501 1499
1500 1499 1501
1247 1501 1256
1502 1500 1501
1247 1502 1501
1417 1412 1503
1412 1504 1503
1505 1503 1504
1505 1504 1506
1507 1505 1506
1507 1506 1508
1508 1509 1507
1503 1505 1510
1505 1507 1511
1505 1511 1510
1509 1512 1507
1507 1512 1511
1513 1512 1509
1512 1513 1511
1514 1513 1509
1513 1514 1515
1513 1516 1511
1516 1513 1515
1516 1517 1511
1517 1516 1515
1517 1510 1511
1518 1517 1515
1517 1518 1519
1520 1517 1519
1517 1520 1510
1520 1519 1521
1503 1510 1522
1520 1522 1510
1417 1503 1522
1523 1520 1521
1520 1523 1522
1521 1524 1523
1523 1524 1525
1525 1524 1526
1523 1527 1522
1527 1523 1525
1417 1522 1528
1522 1527 1528
1529 1525 1526
1529 1526 1530
1531 1417 1528
1531 1528 1532
1531 1416 1417
1531 1533 1416
1531 1532 1533
1416 1533 1394
1394 1533 1385
1533 1534 1385
1532 1534 1533
1385 1534 1384
1534 1535 1384
1535 1534 1532
1384 1535 1386
1535 1536 1386
1386 1536 1350
1528 1537 1532
1527 1537 1528
1538 1535 1532
1535 1538 1536
1536 1539 1350
1350 1539 1308
1537 1527 1540
1540 1527 1525
1541 1532 1537
1532 1541 1538
1541 1537 1540
1536 1542 1539
1538 1542 1536
1308 1539 1543
1542 1543 1539
1304 1308 1543
1541 1544 1538
1542 1538 1544
1543 1542 1544
1541 1540 1544
1304 1543 1545
1543 1544 1545
1306 1304 1545
1540 1546 1544
1544 1546 1545
1547 1540 1525
1546 1540 1547
1548 1547 1525
1548 1546 1547
1529 1548 1525
1546 1549 1545
1549 1546 1548
1306 1545 1549
1529 1549 1548
1550 1306 1549
1550 1549 1529
1550 1305 1306
1530 1550 1529
1305 1550 1551
1305 1551 1303
1552 1550 1530
1550 1552 1551
1553 1552 1530
1303 1551 1554
1303 1554 1287
1555 1552 1553
1556 1555 1553
1557 1551 1552
1555 1557 1552
1551 1557 1554
1558 1554 1557
1554 1559 1287
1554 1558 1559
1287 1559 1281
1560 1555 1556
1560 1557 1555
1560 1558 1557
1561 1560 1556
1560 1561 1558
1561 1562 1558
1562 1563 1558
1559 1564 1281
1281 1564 1563
1563 1564 1558
1558 1564 1559
1565 1566 1567
1568 1567 1566
1568 1566 1569
1570 1568 1569
1570 1569 1571
1571 1572 1570
1565 1573 1566
1574 1573 1565
1574 1565 1575
1576 1574 1575
1577 1569 1566
1578 1566 1573
1578 1577 1566
1577 1579 1569
1571 1569 1579
1580 1579 1577
1580 1577 1578
1573 1581 1578
1573 1574 1581
1571 1579 1582
1582 1579 1580
1578 1583 1580
1578 1581 1583
1582 1580 1584
1582 1584 1585
1586 1583 1581
1586 1581 1574
1586 1587 1583
1588 1571 1582
1571 1588 1572
1586 1574 1589
1576 1589 1574
1587 1586 1590
1589 1590 1586
1576 1591 1589
1589 1591 1590
1576 1592 1591
1593 1587 1590
1593 1590 1591
1593 1594 1587
1592 1595 1591
1593 1591 1595
1592 1596 1595
1588 1582 1597
1582 1585 1597
1598 1594 1593
1598 1593 1595
1596 1599 1595
1598 1595 1599
1596 1600 1599
1598 1601 1594
1599 1601 1598
1602 1594 1601
1600 1603 1599
1599 1603 1601
1600 1604 1603
1597 1605 1588
1572 1588 1605
1572 1605 1606
1605 1607 1606
1608 1601 1603
1602 1601 1608
1604 1609 1603
1608 1603 1609
1604 1610 1609
1611 1609 1610
1597 1612 1605
1585 1612 1597
1605 1613 1607
1612 1613 1605
1602 1608 1614
1609 1614 1608
1611 1615 1609
1609 1615 1614
1616 1602 1614
1616 1614 1615
1616 1617 1602
1618 1615 1611
1616 1615 1618
1618 1611 1619
1620 1618 1619
1607 1613 1621
1607 1621 1622
1623 1622 1621
1618 1624 1616
1617 1616 1624
1620 1625 1618
1618 1625 1624
1626 1625 1620
1617 1624 1627
1625 1627 1624
1626 1628 1625
1625 1628 1627
1628 1626 1629
1617 1627 1630
1628 1630 1627
1617 1630 1631
1628 1629 1632
1628 1632 1630
1629 1633 1632
1629 1634 1633
1635 1630 1632
1631 1630 1635
1635 1632 1633
1636 1633 1634
1636 1634 1637
1638 1635 1633
1631 1635 1638
1638 1633 1636
1639 1636 1637
1639 1637 1640
1641 1638 1636
1631 1638 1641
1641 1636 1639
1640 1642 1639
1640 1643 1642
1644 1641 1639
1631 1641 1644
1644 1639 1642
1643 1645 1642
1643 1646 1645
1642 1647 1644
1631 1644 1647
1642 1645 1647
1631 1647 1648
1648 1647 1645
1631 1648 1649
1646 1650 1645
1648 1645 1650
1646 1651 1650
1649 1648 1652
1650 1652 1648
1651 1653 1650
1650 1653 1652
1651 1654 1653
1653 1654 1655
1649 1652 1656
1656 1652 1653
1656 1657 1649
1653 1655 1658
1656 1653 1658
1655 1659 1658
1655 1660 1659
1658 1661 1656
1656 1661 1657
1658 1659 1661
1660 1662 1659
1660 1663 1662
1664 1661 1659
1657 1661 1664
1664 1659 1662
1663 1665 1662
1663 1666 1665
1667 1665 1666
1662 1668 1664
1657 1664 1668
1662 1665 1668
1667 1669 1665
1669 1667 1670
1665 1671 1668
1657 1668 1671
1665 1669 1671
1669 1670 1672
1672 1670 1673
1669 1674 1671
1657 1671 1674
1669 1672 1674
1657 1674 1675
1672 1675 1674
1676 1657 1675
1672 1673 1677
1672 1677 1675
1676 1675 1678
1678 1675 1677
1676 1678 1679
1679 1678 1677
1676 1679 1680
1681 1677 1673
1679 1677 1681
1681 1673 1623
1623 1621 1681
1679 1682 1680
1681 1682 1679
1681 1621 1682
1682 1585 1680
1621 1683 1682
1682 1683 1585
1621 1613 1683
1585 1683 1612
1612 1683 1613
