byte offset: 0
first index: 21816
index count: 4476
topology: trianglelist
format: DXGI_FORMAT_R16_UINT

6322 6323 6324
6325 6326 6324
6325 6324 6327
6328 6325 6327
6328 6327 6329
6328 6329 6330
6331 6323 6322
6331 6322 6332
6333 6331 6332
6333 6332 6334
6335 6333 6334
6335 6334 6336
6337 6335 6336
6337 6336 6338
6339 6337 6338
6339 6338 6340
6341 6342 6339
6341 6339 6340
6342 6341 6343
6342 6343 6344
6345 6346 6344
6345 6344 6343
6347 6348 6349
6330 6350 6351
6351 6350 6352
6346 6345 6353
6346 6353 6354
6354 6353 6349
6354 6349 6348
6355 6356 6352
6355 6352 6357
6358 6359 6360
6358 6360 6361
6362 6363 6359
6362 6359 6358
6364 6363 6362
6364 6362 6365
6366 6364 6365
6367 6368 6325
6367 6325 6328
6368 6369 6326
6368 6326 6325
6369 6370 6371
6369 6371 6326
6372 6371 6370
6372 6370 6373
6373 6374 6375
6373 6375 6372
6376 6375 6374
6376 6374 6377
6377 6378 6379
6377 6379 6376
6378 6380 6381
6378 6381 6379
6382 6381 6380
6383 6382 6380
6383 6380 6384
6384 6385 6386
6384 6386 6383
6385 6387 6388
6385 6388 6386
6387 6389 6390
6387 6390 6388
6389 6391 6392
6389 6392 6390
6393 6394 6395
6396 6323 6397
6324 6323 6396
6324 6396 6398
6327 6324 6398
6327 6398 6399
6329 6327 6399
6329 6399 6400
6401 6330 6329
6401 6329 6400
6402 6350 6330
6402 6330 6401
6403 6357 6350
6403 6350 6402
6404 6355 6357
6404 6357 6403
6355 6404 6405
6355 6405 6361
6406 6362 6358
6406 6358 6407
6408 6365 6362
6408 6362 6406
6365 6408 6409
6410 6411 6412
6410 6412 6413
6411 6410 6414
6415 6416 6413
6415 6413 6412
6417 6418 6416
6417 6416 6415
6419 6420 6418
6419 6418 6417
6420 6419 6421
6420 6421 6422
6421 6423 6424
6421 6424 6422
6425 6426 6427
6425 6427 6428
6426 6425 6429
6428 6427 6424
6428 6424 6423
6430 6431 6432
6430 6432 6433
6434 6435 6436
6434 6436 6437
6438 6434 6437
6438 6437 6439
6438 6439 6432
6440 6437 6436
6440 6436 6441
6442 6439 6437
6442 6437 6440
6433 6439 6442
6432 6439 6433
6443 6436 6435
6443 6435 6444
6445 6441 6436
6445 6436 6443
6446 6443 6444
6446 6444 6447
6448 6445 6443
6448 6443 6446
6449 6446 6447
6449 6447 6450
6451 6448 6446
6451 6446 6449
6452 6449 6450
6452 6450 6453
6454 6451 6449
6454 6449 6452
6455 6452 6453
6455 6453 6456
6452 6455 6457
6458 6455 6456
6458 6456 6399
6455 6458 6459
6455 6459 6457
6460 6458 6399
6460 6399 6398
6461 6462 6463
6462 6461 6459
6462 6458 6460
6464 6460 6398
6464 6398 6396
6465 6462 6460
6465 6460 6464
6466 6467 6468
6466 6468 6469
6469 6470 6471
6469 6471 6466
6470 6472 6473
6470 6473 6471
6474 6475 6397
6474 6397 6467
6476 6464 6396
6476 6396 6475
6477 6465 6464
6477 6464 6476
6478 6476 6475
6478 6475 6474
6479 6477 6476
6479 6476 6478
6480 6478 6474
6480 6474 6481
6482 6479 6478
6482 6478 6480
6483 6480 6481
6483 6481 6484
6485 6482 6480
6485 6480 6483
6467 6466 6481
6467 6481 6474
6466 6471 6484
6466 6484 6481
6471 6473 6486
6471 6486 6484
6467 6397 6331
6467 6331 6468
6396 6397 6475
6397 6323 6331
6487 6473 6472
6487 6472 6488
6486 6473 6487
6486 6487 6489
6488 6490 6491
6487 6492 6489
6493 6494 6495
6493 6495 6496
6497 6494 6498
6499 6483 6484
6499 6484 6500
6501 6485 6483
6501 6483 6499
6502 6499 6500
6502 6500 6503
6499 6502 6504
6499 6504 6501
6505 6506 6507
6505 6507 6508
6509 6510 6507
6509 6507 6511
6512 6506 6505
6513 6514 6463
6513 6463 6462
6515 6516 6514
6515 6514 6513
6517 6518 6516
6517 6516 6515
6519 6520 6521
6519 6521 6522
6523 6524 6525
6523 6525 6526
6527 6528 6525
6527 6525 6524
6529 6530 6528
6529 6528 6527
6531 6530 6529
6532 6533 6534
6532 6534 6535
6536 6534 6533
6537 6538 6539
6537 6539 6540
6541 6542 6540
6541 6540 6539
6543 6544 6542
6543 6542 6541
6545 6546 6544
6545 6544 6543
6546 6545 6547
6546 6547 6548
6549 6550 6548
6549 6548 6547
6551 6552 6550
6551 6550 6549
6535 6534 6538
6535 6538 6537
6553 6533 6532
6553 6532 6554
6554 6555 6553
6556 6557 6558
6556 6558 6559
6560 6561 6562
6563 6564 6565
6562 6563 6566
6567 6563 6565
6567 6565 6568
6569 6570 6567
6569 6567 6568
6566 6563 6571
6572 6570 6569
6573 6561 6560
6573 6560 6574
6575 6576 6577
6578 6579 6580
6557 6581 6582
6557 6582 6558
6581 6583 6584
6581 6584 6582
6583 6585 6586
6583 6586 6584
6586 6585 6587
6586 6587 6588
6589 6590 6591
6589 6591 6592
6551 6593 6552
6587 6594 6588
6595 6596 6597
6598 6599 6596
6598 6596 6595
6600 6601 6599
6600 6599 6598
6591 6590 6601
6591 6601 6600
6578 6602 6579
6578 6580 6592
6603 6579 6604
6592 6580 6589
6589 6580 6603
6580 6579 6603
6563 6562 6564
6562 6561 6564
6560 6562 6566
6556 6559 6605
6556 6605 6606
6607 6608 6609
6607 6609 6610
6606 6605 6608
6606 6608 6607
6610 6609 6611
6610 6611 6612
6613 6610 6612
6613 6612 6614
6610 6613 6615
6610 6615 6607
6607 6615 6616
6607 6616 6606
6617 6618 6619
6620 6617 6619
6620 6619 6621
6622 6623 6624
6622 6624 6625
6626 6623 6622
6619 6618 6616
6498 6494 6493
6627 6620 6621
6627 6621 6628
6629 6630 6631
6632 6613 6633
6634 6615 6613
6634 6613 6632
6635 6616 6615
6635 6615 6634
6636 6637 6638
6636 6639 6637
6640 6641 6642
6640 6642 6643
6641 6644 6642
6645 6646 6647
6648 6649 6650
6648 6650 6651
6650 6652 6651
6638 6637 6653
6653 6637 6654
6637 6655 6654
6616 6635 6656
6616 6656 6657
6658 6659 6660
6658 6660 6661
6660 6659 6662
6660 6662 6663
6664 6665 6662
6666 6667 6668
6669 6670 6666
6669 6666 6671
6633 6613 6614
6633 6614 6672
6668 6671 6666
6668 6673 6674
6675 6676 6677
6678 6679 6680
6678 6680 6681
6682 6683 6681
6684 6683 6674
6684 6674 6673
6671 6685 6669
6671 6674 6685
6685 6674 6683
6685 6683 6682
6678 6683 6684
6681 6683 6678
6667 6686 6687
6666 6686 6667
6688 6689 6690
6691 6690 6692
6693 6694 6688
6670 6695 6696
6670 6696 6666
6697 6698 6699
6697 6699 6700
6698 6701 6702
6698 6702 6699
6703 6704 6702
6703 6702 6701
6705 6706 6704
6705 6704 6703
6707 6708 6706
6707 6706 6705
6708 6707 6709
6697 6694 6710
6711 6698 6697
6711 6697 6712
6712 6710 6693
6712 6693 6713
6710 6694 6693
6713 6714 6712
6672 6715 6716
6672 6716 6717
6718 6719 6720
6718 6720 6721
6722 6723 6724
6722 6724 6725
6725 6724 6726
6725 6726 6727
6728 6729 6730
6727 6726 6729
6727 6729 6731
6732 6733 6734
6732 6734 6735
6736 6733 6732
6736 6732 6737
6738 6739 6736
6738 6736 6737
6740 6741 6739
6740 6739 6738
6742 6741 6740
6742 6740 6743
6744 6742 6743
6744 6743 6745
6746 6744 6745
6746 6745 6747
6748 6746 6747
6748 6747 6749
6750 6748 6749
6750 6749 6751
6752 6753 6750
6752 6750 6751
6754 6755 6756
6754 6756 6757
6758 6754 6757
6393 6395 6759
6755 6753 6752
6755 6752 6756
6391 6394 6392
6395 6394 6391
6760 6761 6762
6760 6762 6763
6761 6760 6764
6761 6764 6765
6766 6767 6765
6766 6765 6764
6768 6766 6769
6767 6766 6768
6767 6768 6770
6771 6768 6769
6771 6769 6772
6773 6774 6771
6773 6771 6772
6775 6367 6328
6775 6328 6351
6776 6775 6351
6776 6351 6352
6777 6774 6773
6777 6773 6778
6779 6776 6352
6779 6352 6356
6778 6780 6781
6614 6612 6782
6614 6782 6783
6784 6783 6782
6784 6782 6785
6672 6614 6783
6672 6783 6786
6787 6784 6785
6787 6785 6788
6789 6790 6763
6789 6763 6762
6791 6792 6790
6791 6790 6789
6792 6791 6793
6792 6793 6794
6795 6794 6793
6795 6793 6796
6796 6797 6798
6796 6798 6795
6799 6800 6798
6799 6798 6797
6801 6802 6799
6803 6804 6805
6801 6806 6802
6807 6808 6809
6807 6809 6810
6811 6812 6807
6811 6807 6810
6813 6611 6814
6815 6816 6814
6815 6814 6817
6818 6815 6817
6818 6817 6819
6807 6820 6804
6812 6821 6820
6811 6821 6812
6807 6804 6808
6812 6820 6807
6804 6803 6808
6822 6818 6819
6822 6819 6823
6824 6822 6823
6824 6823 6825
6826 6824 6825
6826 6825 6827
6828 6826 6827
6828 6827 6829
6828 6829 6805
6817 6814 6830
6817 6830 6831
6819 6817 6831
6819 6831 6832
6814 6611 6830
6813 6814 6816
6803 6833 6809
6803 6809 6808
6829 6834 6833
6829 6833 6803
6827 6835 6834
6827 6834 6829
6827 6825 6836
6827 6836 6835
6837 6823 6838
6825 6823 6837
6825 6837 6836
6838 6819 6832
6838 6823 6819
6782 6839 6840
6782 6840 6785
6785 6840 6841
6785 6841 6788
6611 6782 6612
6611 6839 6782
6715 6672 6786
6715 6786 6842
6843 6844 6842
6843 6842 6786
6843 6786 6783
6843 6783 6784
6845 6843 6784
6845 6784 6787
6846 6847 6848
6846 6848 6849
6352 6350 6357
6328 6330 6351
6850 6777 6778
6850 6778 6781
6780 6851 6781
6366 6852 6364
6853 6363 6364
6853 6359 6363
6355 6361 6360
6355 6360 6356
6361 6405 6407
6361 6407 6358
6356 6360 6854
6356 6854 6779
6781 6851 6855
6853 6856 6359
6856 6854 6360
6856 6360 6359
6457 6459 6461
6457 6461 6857
6462 6459 6458
6452 6457 6454
6454 6457 6857
6858 6853 6852
6429 6425 6859
6365 6409 6366
6860 6861 6862
6863 6862 6864
6865 6863 6864
6865 6864 6866
6867 6868 6865
6867 6865 6866
6868 6867 6869
6868 6869 6870
6870 6869 6871
6870 6871 6872
6872 6871 6873
6872 6873 6874
6875 6874 6873
6875 6873 6876
6877 6875 6876
6877 6876 6878
6878 6879 6877
6860 6862 6863
6799 6802 6800
6625 6624 6880
6625 6880 6881
6648 6647 6646
6648 6646 6649
6494 6492 6491
6494 6491 6495
6575 6573 6574
6575 6574 6576
6497 6882 6492
6497 6492 6494
6883 6884 6627
6883 6627 6628
6509 6511 6503
6653 6640 6643
6653 6643 6638
6679 6676 6675
6679 6675 6680
6504 6502 6885
6656 6658 6661
6656 6661 6657
6886 6885 6512
6512 6885 6506
6496 6495 6887
6508 6507 6510
6511 6507 6506
6511 6506 6885
6495 6491 6490
6495 6490 6887
6502 6511 6885
6503 6511 6502
6504 6885 6886
6888 6889 6890
6508 6510 6891
6688 6694 6689
6690 6689 6692
6487 6491 6492
6488 6491 6487
6489 6492 6882
6892 6893 6894
6496 6887 6895
6629 6631 6883
6616 6618 6606
6660 6663 6888
6662 6659 6664
6883 6628 6629
6627 6884 6892
6663 6896 6888
6663 6662 6665
6663 6665 6896
6884 6893 6892
6884 6883 6631
6884 6631 6893
6805 6829 6803
6668 6674 6671
6712 6697 6710
6881 6880 6897
6881 6897 6898
6898 6897 6899
6852 6853 6364
6611 6813 6839
6697 6700 6694
6517 6522 6521
6517 6521 6518
6720 6719 6717
6720 6717 6900
6718 6721 6723
6718 6723 6722
6520 6519 6523
6520 6523 6526
6322 6324 6326
6901 6902 6903
6904 6905 6906
6904 6906 6907
6907 6906 6908
6907 6908 6909
6908 6910 6911
6908 6911 6909
6912 6913 6914
6905 6915 6916
6905 6916 6906
6906 6916 6917
6906 6917 6908
6917 6918 6910
6917 6910 6908
6913 6919 6920
6913 6920 6915
6915 6920 6921
6915 6921 6916
6916 6921 6922
6916 6922 6917
6922 6923 6918
6922 6918 6917
6920 6919 6924
6920 6924 6925
6920 6925 6926
6920 6926 6921
6921 6926 6927
6921 6927 6922
6927 6928 6923
6927 6923 6922
6905 6929 6930
6905 6930 6914
6912 6931 6932
6912 6932 6933
6933 6934 6913
6933 6913 6912
6933 6932 6935
6933 6935 6936
6934 6933 6936
6934 6936 6937
6938 6934 6937
6938 6937 6939
6940 6938 6939
6940 6939 6941
6942 6901 6903
6943 6944 6945
6907 6946 6947
6907 6947 6904
6909 6948 6946
6909 6946 6907
6949 6950 6948
6949 6948 6909
6951 6948 6950
6951 6950 6952
6953 6946 6948
6953 6948 6951
6946 6953 6954
6946 6954 6947
6943 6955 6944
6956 6957 6958
6949 6909 6911
6959 6954 6953
6959 6953 6960
6961 6959 6960
6961 6960 6962
6960 6953 6951
6960 6951 6963
6963 6951 6952
6963 6952 6964
6965 6963 6964
6962 6960 6963
6962 6963 6965
6966 6967 6968
6966 6968 6969
6970 6971 6967
6970 6967 6966
6972 6973 6971
6972 6971 6970
6955 6974 6975
6955 6975 6976
6977 6975 6974
6977 6974 6978
6979 6980 6981
6957 6982 6983
6957 6983 6958
6982 6984 6985
6982 6985 6983
6986 6987 6988
6989 6931 6912
6989 6912 6914
6914 6915 6905
6990 6930 6929
6990 6929 6991
6992 6990 6991
6992 6991 6993
6994 6995 6996
6997 6992 6993
6997 6993 6998
6999 6997 7000
7001 7002 7003
7001 7003 7004
7005 7006 7007
7008 7009 6995
7008 6995 7010
7011 7012 7013
7014 7011 7006
7006 7011 7013
7015 7006 7013
7016 7006 7015
7014 7006 7005
7017 7014 7005
7018 7019 7020
7021 7019 7018
7021 7018 7022
6996 7023 7024
6996 7024 6994
7025 7026 7027
7025 7027 7028
7029 7025 7028
7023 7027 7026
7023 7026 7024
7030 7031 7032
7030 7032 7033
7034 7035 7036
7034 7036 7037
7037 7038 7039
7037 7039 7034
7040 7041 7039
7040 7039 7038
7042 7043 7041
7044 7045 7043
7044 7043 7042
7046 6932 6931
7046 6931 7047
7048 6935 6932
7048 6932 7046
7049 7046 7047
7049 7047 7050
7051 7048 7046
7051 7046 7049
7052 7049 7050
7052 7050 7053
7054 7051 7049
7054 7049 7052
7055 7052 7053
7055 7053 7056
7057 7054 7052
7057 7052 7055
7058 7055 7056
7058 7056 7059
7060 7057 7055
7060 7055 7058
7061 7058 7059
7061 7059 7062
7063 7060 7058
7063 7058 7061
7064 7061 7062
7064 7062 7065
7066 7063 7061
7066 7061 7064
7067 7064 7065
7067 7065 7068
7069 7066 7064
7069 7064 7067
7070 7067 7068
7070 7069 7067
7071 7072 7073
7071 7073 7074
7072 7075 7076
7072 7076 7073
7075 7077 7078
7075 7078 7076
7077 7079 7080
7077 7080 7078
7081 7082 7080
7081 7080 7079
7071 7074 7083
7071 7083 7084
7084 7083 7085
7084 7085 7086
7086 7085 7087
7086 7087 7088
7087 7089 7090
7087 7090 7088
7091 7090 7089
7091 7089 7092
7091 7092 7093
7091 7093 7094
7094 7093 7095
7094 7095 7096
7097 7086 7088
7097 7088 7098
7099 7100 7101
7099 7101 7102
7103 7098 7088
7103 7088 7090
7104 7102 7101
7104 7101 7105
7106 7103 7090
7106 7090 7091
7107 7104 7105
7107 7105 7108
7109 7106 7091
7109 7091 7094
7110 7107 7108
7110 7108 7111
7112 7109 7094
7112 7094 7096
7113 7110 7114
7081 7115 7116
7081 7116 7082
6941 7117 7118
6941 7118 6940
6924 6940 7118
6924 7118 7119
6925 7120 7121
7122 6926 6925
7122 6925 7121
6926 7122 6927
6927 7123 6928
6927 7122 7123
7116 7115 7124
7116 7124 7125
7118 7117 7126
7127 7119 7118
7127 7118 7126
7128 7126 7129
7126 7130 7131
7132 7121 7120
7132 7120 7127
7120 6925 7119
7133 7134 7135
7136 7121 7132
7137 7122 7121
7137 7121 7136
7122 7138 7123
7139 7140 7137
7139 7137 7141
7133 7142 7141
7133 7141 7134
7132 7134 7141
7132 7141 7136
7131 7135 7134
7139 7141 7142
7141 7137 7136
7143 7144 7145
7143 7145 7146
7145 7144 7147
7148 7143 7146
7148 7146 7149
7150 7148 7149
7150 7149 7151
7152 7153 7154
7155 7156 7157
7158 7159 7160
7158 7160 7161
7162 7163 7159
7162 7159 7158
7164 7165 7166
7164 7166 7167
7168 7165 7164
7168 7164 7169
7167 7166 7163
7167 7163 7162
7170 7160 7159
7171 7158 7161
7171 7161 7172
7173 7162 7158
7173 7158 7171
7174 7167 7162
7174 7162 7173
7167 7174 7175
7167 7175 7164
7176 7169 7164
7176 7164 7175
7177 7178 7179
7177 7179 7180
7172 7177 7180
7172 7180 7171
7181 7178 7182
7156 7155 7183
7179 7178 7181
7181 7182 7184
7183 7185 7184
7157 7156 7186
7153 7150 7151
7153 7151 7154
7138 7122 7137
7138 7137 7140
7186 7187 7188
7186 7188 7157
7174 7173 7189
7174 7189 7190
7190 7189 7191
7190 7191 7192
7193 7192 7191
7191 7179 7181
7194 7193 7181
7185 7194 7184
7183 7184 7182
7191 7181 7193
7189 7173 7171
7189 7171 7180
7189 7180 7179
7189 7179 7191
7165 7168 7195
7165 7195 7196
7197 7166 7165
7197 7165 7196
7198 7163 7166
7198 7166 7197
7199 7159 7163
7199 7163 7198
7196 7195 7200
7196 7200 7201
7202 7203 7204
7197 7205 7206
7197 7206 7198
7207 7199 7198
7207 7198 7208
7209 7210 7211
7205 7197 7196
7205 7196 7212
7213 7170 7214
7199 7207 7215
7199 7215 7214
7214 7216 7217
7218 7219 7217
7218 7217 7216
7220 7221 7219
7220 7219 7218
7220 7222 7223
7220 7223 7221
7224 7225 7223
7224 7223 7222
7226 7227 7225
7226 7225 7224
7228 7227 7226
7229 7230 7231
7231 7232 7229
7233 7234 7229
7229 7232 7233
7214 7159 7199
7214 7170 7159
7207 7235 7236
7207 7236 7215
7207 7208 7237
7207 7237 7235
7238 7235 7239
7240 7241 7242
7240 7242 7243
7244 7236 7238
7241 7245 7246
7241 7246 7242
7247 7206 7205
7247 7205 7248
7248 7205 7212
7248 7212 7249
7250 7204 7203
7251 7203 7252
7248 7249 7253
7248 7253 7254
7254 7255 7247
7254 7247 7248
7256 7257 7255
7256 7255 7254
7258 7256 7254
7258 7254 7253
7259 7260 7256
7259 7256 7258
7261 7262 7263
7261 7263 7264
7265 7262 7266
7260 7267 7257
7260 7257 7256
7262 7268 7269
7262 7269 7263
7265 7268 7262
7266 7262 7261
7203 7251 7250
7270 7271 7201
7270 7201 7200
7272 7273 7271
7272 7271 7270
7274 7275 7273
7274 7273 7272
7275 7274 7276
7275 7276 7277
7278 7277 7276
7279 7272 7270
7279 7270 7280
7281 7280 7270
7281 7270 7200
7282 7281 7200
7282 7200 7195
7282 7195 7168
7282 7168 7283
7169 7284 7283
7169 7283 7168
7176 7285 7169
7286 7274 7272
7286 7272 7279
7287 7276 7288
7289 7290 7291
7290 7289 7292
7290 7292 7293
7294 7295 7293
7294 7293 7292
7296 7297 7295
7296 7295 7294
7296 7298 7297
7299 7300 7211
7301 7302 7300
7303 7304 7302
7303 7302 7301
7305 7306 7304
7305 7304 7303
7299 7211 7210
7300 7302 7307
7301 7300 7299
7308 7309 7310
7310 7309 7311
7312 7313 7311
7312 7311 7314
7309 7315 7314
7316 7317 7239
7316 7239 7318
7319 7320 7244
7319 7244 7238
7312 7321 7322
7312 7322 7313
7323 7324 7233
7323 7233 7232
7325 7326 7324
7325 7324 7323
7326 7325 7327
7326 7327 7328
7126 7117 7129
7132 7127 7131
7119 6925 6924
7120 7119 7127
7095 7329 7096
7096 7329 7112
7114 7330 7113
7331 7332 7333
7331 7333 7334
7335 7332 7331
7335 7331 7336
7337 7338 7339
7340 7341 7338
7340 7338 7337
7335 7336 7341
7335 7341 7340
7016 7342 7343
7016 7343 7007
7016 7015 7344
7016 7344 7342
7345 7035 7346
7039 7041 7347
7042 7041 7040
7041 7043 7347
7044 7348 7045
7333 7349 7350
7349 7351 7350
7333 7350 7334
7352 7084 7086
7352 7086 7097
7353 7071 7084
7353 7084 7352
7354 7072 7071
7354 7071 7353
7355 7075 7072
7355 7072 7354
7356 7077 7075
7356 7075 7355
7357 7079 7077
7357 7077 7356
7358 7081 7079
7358 7079 7357
7359 7115 7081
7359 7081 7358
7360 7124 7115
7360 7115 7359
7100 7099 7361
7100 7361 7362
7363 7364 7365
7363 7365 7018
7365 7366 7022
7365 7022 7018
7367 7368 7022
7367 7022 7366
7022 7368 7369
7022 7369 7021
7370 7368 7367
7370 7367 7371
7370 7371 7372
7370 7372 7373
7374 7375 7364
7374 7364 7363
7374 7363 7020
7374 7020 7376
7374 7376 7377
7378 7379 7380
7378 7380 7375
7378 7374 7377
7378 7377 7381
7382 7383 7379
7382 7379 7378
7384 7385 7383
7384 7383 7382
7386 7387 7385
7386 7385 7384
7388 7389 7387
7388 7387 7386
7390 7389 7388
7391 7390 7392
7381 7393 7382
7381 7382 7378
7384 7382 7393
7384 7393 7394
7386 7384 7394
7386 7394 7395
7388 7386 7395
7388 7395 7396
7388 7396 7392
7397 6982 6957
7397 6957 7398
7399 7398 6957
7397 6984 6982
7400 7401 7402
7400 7402 7403
7400 7404 7377
7400 7377 7401
7405 7406 7407
7405 7407 7408
7406 7405 7409
7410 7409 7411
7412 7413 7410
7412 7410 7411
7414 7415 7416
7414 7416 7417
7418 7416 7419
7420 7419 7421
7420 7421 7422
7423 7424 7425
7423 7425 7426
7427 7423 7426
7427 7426 7428
7429 7427 7428
7429 7428 7430
7431 7432 7433
7431 7433 7434
7434 7435 7436
7434 7436 7431
7433 7432 7437
7433 7437 7438
7438 7437 7439
7438 7439 7440
7439 7441 7442
7443 7229 7234
7444 7445 7446
7444 7446 7447
7448 7449 7406
7448 7406 7409
7450 7448 7409
7445 7451 7452
7453 7444 7454
7455 7453 7454
7454 7456 7457
7454 7457 7455
7458 7457 7456
7458 7456 7459
7460 7458 7461
7460 7461 7462
7460 7462 7463
7460 7463 7464
7465 7464 7463
7466 7444 7453
7466 7453 7467
7467 7468 7469
7467 7469 7466
7470 7469 7468
7444 7466 7471
7444 7471 7445
7466 7469 7472
7466 7472 7471
7377 7404 7471
7377 7471 7381
7471 7472 7393
7471 7393 7381
7394 7393 7472
7394 7472 7473
7473 7472 7469
7473 7469 7470
7473 7474 7395
7473 7395 7394
7396 7395 7474
7396 7474 7475
7474 7473 7470
7474 7470 7476
7475 7474 7476
7475 7476 7477
7478 7475 7477
7478 7477 7479
7475 7478 7392
7475 7392 7396
7480 7403 7481
7482 7483 7484
7482 7484 7485
7442 7441 7486
7448 7450 7487
7471 7451 7445
7425 7424 7422
7425 7422 7421
7488 7436 7435
7489 7429 7430
7490 7491 7492
7492 7491 7493
7492 7493 7494
7494 7493 7495
7494 7495 7496
7496 7495 7497
7496 7497 7498
7498 7497 7499
7498 7499 7500
7500 7499 7501
7500 7501 7502
7418 7417 7416
7503 7408 7407
7503 7407 7504
7504 7505 7506
7504 7506 7503
7507 7508 7509
7507 7509 7510
7511 7505 7512
7504 7407 7513
7504 7513 7514
7449 7513 7407
7449 7407 7406
7515 7402 7516
7517 7518 7519
7517 7519 7520
7510 7509 7519
7510 7519 7518
6965 6964 7521
7515 7481 7403
7515 7403 7402
7522 7523 7524
7525 7526 7527
7525 7527 7528
7528 7527 7376
7528 7376 7020
7529 7032 7031
7529 7031 7530
7531 7532 7373
7531 7373 7372
7532 7533 7370
7532 7370 7373
7529 7530 7534
7370 7533 7369
7370 7369 7368
7535 7536 7537
7535 7537 7538
7535 7538 7447
7535 7447 7446
7538 7456 7454
7538 7454 7447
7539 7540 7541
7539 7541 7542
7543 7544 7536
7464 7545 7546
7470 7468 7547
7470 7547 7548
7549 7550 7457
7549 7457 7458
7549 7458 7460
7549 7460 7551
7455 7457 7550
7455 7550 7552
7455 7552 7553
7455 7553 7453
7453 7553 7554
7453 7554 7467
7467 7554 7547
7467 7547 7468
7465 7545 7464
7412 7555 7413
7414 7556 7415
7251 7557 7558
7251 7558 7250
7557 7559 7560
7557 7560 7558
7561 7562 7560
7561 7560 7559
7563 7564 7565
7563 7565 7566
7563 7567 7568
7563 7568 7564
7252 7557 7251
7569 7570 7571
7572 7483 7482
7570 7569 7573
7567 7574 7568
7575 7569 7571
7575 7571 7576
7577 7578 7579
7577 7579 7580
7581 7577 7580
7581 7580 7582
7581 7582 7456
7581 7456 7538
7521 6968 6967
7521 6967 6965
6965 6967 6971
6965 6971 6962
6962 6971 6973
6962 6973 6961
6978 6981 6980
6978 6980 6977
7506 7505 7511
7481 7509 7508
7481 7508 7480
7504 7514 7512
7504 7512 7505
7520 7519 7515
7520 7515 7516
7509 7481 7515
7509 7515 7519
6985 6984 6988
6985 6988 6987
7583 7584 7003
7583 7003 7000
7343 7342 7585
7342 7344 7585
7586 7587 7526
7586 7526 7525
7286 7288 7276
7286 7276 7274
7460 7464 7588
7460 7588 7551
6914 6930 6989
6930 6990 7589
6930 7589 6989
6990 6992 7008
6990 7008 7589
6992 6997 7590
6992 7590 7008
6997 6999 7590
6999 7002 7591
6999 7591 7592
7002 7001 7593
7002 7593 7591
7594 7586 7595
7004 7003 7584
7004 7584 7596
7000 7003 7002
7000 7002 6999
7000 6997 6998
7594 7524 7587
7594 7587 7586
7597 7240 7243
7597 7243 7598
7238 7239 7317
7238 7317 7319
7239 7235 7237
7238 7236 7235
7239 7237 7318
7590 6999 7592
7000 6998 7583
7264 7263 7260
7264 7260 7259
7263 7269 7267
7263 7267 7260
7485 7484 7306
7485 7306 7305
7566 7565 7562
7566 7562 7561
7578 7575 7576
7578 7576 7579
7454 7444 7447
7599 7034 7039
7599 7039 7600
7537 7544 7601
7536 7544 7537
7544 7540 7602
7544 7602 7601
7542 7603 7604
7542 7604 7605
7243 7242 7319
7243 7319 7317
7242 7246 7320
7242 7320 7319
7322 7321 7606
7328 7327 7607
7541 7540 7544
7598 7243 7317
7598 7317 7316
7541 7544 7543
7540 7539 7608
7602 7540 7608
7604 7541 7543
7311 7309 7314
7418 7419 7420
7409 7405 7411
6996 6995 7009
7501 7452 7502
7445 7452 7501
7214 7217 7213
7439 7442 7440
7169 7285 7284
6942 6903 6956
7018 7020 7363
6944 6955 6976
6956 6958 6942
7369 7533 7609
7533 7532 7610
7533 7610 7609
7532 7531 7610
7007 7006 7016
7039 7347 7600
7390 7388 7392
7114 7110 7111
7036 7035 7345
7611 7035 7034
6940 6924 6919
6940 6919 6938
6919 6913 6934
6919 6934 6938
6914 6913 6915
7010 7612 7008
7589 7612 6931
7589 6931 6989
7008 7612 7589
7362 7361 7375
7362 7375 7380
7378 7375 7374
7351 7613 7614
7345 7346 7615
7351 7614 7616
7346 7035 7611
7611 7034 7599
7278 7276 7287
7617 7618 7619
7618 7130 7128
7130 7126 7128
7617 7135 7618
7135 7131 7130
7133 7135 7617
7135 7130 7618
7131 7134 7132
7126 7131 7127
7618 7128 7619
7183 7155 7185
7194 7181 7184
