byte offset: 0
first index: 0
index count: 2814
topology: trianglelist
format: DXGI_FORMAT_R16_UINT

0 1 2
0 2 3
3 2 4
3 4 5
5 4 6
5 6 7
7 6 8
7 8 9
9 8 10
9 10 11
11 10 12
11 12 13
14 15 16
14 16 17
17 16 1
17 1 0
18 19 20
21 22 23
22 24 23
25 26 27
28 29 30
31 32 18
22 21 33
22 33 19
34 27 26
26 25 35
28 36 37
32 31 38
29 39 40
32 38 29
26 35 41
42 43 44
45 43 42
46 43 47
48 43 49
50 43 51
52 43 50
53 43 54
55 43 53
47 43 56
56 43 45
51 43 48
57 43 52
54 43 57
44 43 58
59 43 55
58 43 59
49 43 46
30 36 28
34 37 27
38 39 29
33 20 19
18 32 19
23 24 60
41 35 61
62 63 2
62 2 1
4 2 63
4 63 64
6 65 66
6 66 8
8 66 67
8 67 10
12 10 67
12 67 68
16 69 62
16 62 1
30 29 70
70 29 40
28 37 34
71 72 73
71 73 74
74 73 75
74 75 76
76 75 77
76 77 78
79 80 81
79 81 82
82 81 83
82 83 84
85 84 83
85 83 86
34 0 3
34 3 28
28 3 5
28 5 29
29 5 7
29 7 32
32 7 9
32 9 19
19 9 11
19 11 22
22 11 13
22 13 24
41 14 17
41 17 26
17 0 34
17 34 26
87 88 89
87 89 90
90 89 91
90 91 92
93 94 95
93 95 96
96 95 97
96 97 98
98 97 99
98 99 100
87 100 99
87 99 88
101 102 103
91 104 105
95 101 97
99 101 103
88 104 89
103 106 104
94 107 95
99 103 88
95 107 101
88 103 104
108 109 110
111 112 113
114 115 116
117 118 119
120 121 122
123 124 125
126 127 128
129 130 131
129 131 132
108 133 109
134 135 136
137 138 139
140 141 142
140 142 143
144 145 146
147 148 149
147 149 144
150 151 152
150 152 153
123 139 154
123 154 124
141 155 120
156 143 142
157 158 131
157 131 130
147 144 159
147 159 160
161 162 163
159 164 165
153 133 108
153 108 150
166 162 161
167 128 168
149 148 169
149 145 144
170 171 127
172 173 174
127 126 175
128 127 171
140 135 176
176 155 141
152 166 161
152 161 153
153 161 163
153 163 133
152 177 166
178 170 175
160 179 180
154 138 181
148 147 172
148 172 174
181 114 124
181 124 154
158 113 131
160 180 172
160 172 147
182 183 169
114 116 125
114 125 124
116 184 185
116 185 125
123 186 187
187 160 165
187 179 160
188 139 123
187 188 123
189 135 140
189 140 143
188 110 139
108 110 188
151 190 177
151 177 152
171 191 128
177 190 192
177 193 166
194 177 192
183 182 195
174 196 169
197 169 196
192 190 191
190 151 191
193 177 194
193 194 198
192 199 194
194 199 200
201 202 134
162 166 193
125 185 203
185 204 203
180 173 172
188 165 108
164 191 151
159 205 164
164 151 150
195 206 183
206 145 149
167 168 146
164 205 191
156 110 143
207 126 208
207 209 126
145 208 167
208 126 167
206 208 145
195 209 207
165 188 187
108 165 150
150 165 164
163 109 133
135 189 136
136 189 109
189 143 109
137 210 138
139 110 137
211 157 130
210 211 130
110 156 137
156 210 137
210 142 120
139 138 154
212 213 214
135 215 176
135 134 215
201 134 136
210 130 129
211 122 216
120 122 211
117 122 121
217 122 117
218 217 117
219 217 218
219 218 220
221 132 222
143 110 109
120 211 210
220 223 219
111 113 224
202 225 134
162 193 226
226 193 198
200 199 227
228 229 196
173 196 174
196 229 197
184 230 204
116 231 184
116 115 231
115 114 181
202 232 225
222 213 221
221 213 233
213 212 233
214 213 234
222 234 213
214 234 235
236 235 234
237 236 222
220 238 223
111 237 222
239 238 240
218 119 220
117 119 218
241 119 118
220 240 238
156 142 210
242 197 229
184 204 185
125 203 186
222 236 234
194 200 198
230 184 231
201 243 202
225 244 215
245 239 246
232 244 225
246 119 241
245 246 241
165 160 159
215 134 225
208 206 207
207 206 195
174 169 148
182 169 197
173 228 196
200 247 198
247 248 226
247 226 198
212 138 233
141 120 142
176 141 140
120 249 121
249 118 117
249 117 121
249 241 118
233 129 132
233 132 221
206 149 183
149 169 183
205 168 191
167 146 145
144 146 159
159 146 205
112 132 131
222 132 112
111 222 112
239 240 246
240 220 119
246 240 119
131 113 112
210 129 138
138 129 233
123 125 186
244 176 215
146 168 205
191 168 128
175 126 209
175 170 127
126 128 167
250 251 80
250 80 79
71 85 86
71 86 72
211 216 157
4 64 65
4 65 6
15 252 69
15 69 16
223 253 219
97 101 99
89 104 91
178 175 254
175 209 254
255 256 257
255 257 258
259 260 261
259 261 262
259 262 263
259 263 264
256 255 265
256 265 266
260 259 267
260 267 268
264 269 267
264 267 259
270 271 272
270 272 273
274 275 276
274 276 277
278 279 276
278 276 275
262 276 279
262 279 263
257 273 272
257 272 258
262 261 277
262 277 276
270 280 281
270 281 271
274 282 283
274 283 275
283 284 278
283 278 275
285 286 287
286 288 287
289 290 291
289 291 288
290 289 292
290 292 293
290 293 294
290 294 295
295 296 291
295 291 290
296 297 287
297 298 287
299 300 301
299 301 298
302 303 304
302 304 305
305 306 307
305 307 302
306 308 309
306 309 307
308 310 311
308 311 309
304 303 312
304 312 313
314 285 301
314 301 300
315 316 293
315 293 292
293 316 317
293 317 294
318 319 311
318 311 320
296 287 291
285 287 301
287 288 291
287 298 301
321 322 323
323 322 324
325 326 327
325 327 324
328 327 326
328 326 329
326 330 331
326 331 329
325 332 330
325 330 326
332 322 333
333 322 334
335 334 336
335 336 337
338 339 340
338 340 341
341 340 342
341 342 343
343 344 345
343 345 346
346 345 347
346 347 348
349 339 338
349 338 350
336 321 351
336 351 337
352 328 329
352 329 353
354 353 329
354 329 331
355 348 347
355 347 356
332 325 322
321 336 322
322 325 324
322 336 334
357 358 359
358 360 359
361 362 363
361 363 360
361 364 365
362 365 366
367 363 362
367 362 366
367 368 359
368 369 359
370 371 372
370 372 369
373 374 375
373 375 376
377 378 379
377 379 380
378 381 382
378 382 379
381 383 384
381 384 382
385 386 387
385 387 388
389 357 372
389 372 371
364 390 391
364 391 365
391 392 393
391 393 365
394 395 384
394 384 383
367 359 363
357 359 372
359 360 363
359 369 372
361 365 362
366 365 393
396 397 398
398 397 399
400 401 402
400 402 399
402 403 404
401 405 403
406 405 401
406 401 400
406 397 407
407 397 408
409 408 410
409 410 411
412 413 414
412 414 415
416 417 418
416 418 419
419 418 420
419 420 421
421 420 422
421 422 423
424 425 426
424 426 427
410 396 428
410 428 411
429 430 404
429 404 403
429 403 431
429 431 432
433 423 422
433 422 434
406 400 397
396 410 397
397 400 399
397 410 408
402 401 403
405 431 403
435 436 437
436 438 439
440 441 442
440 442 443
440 443 444
440 444 445
446 447 437
447 448 437
449 450 451
449 451 448
452 453 454
452 454 455
456 457 458
456 458 459
457 460 461
457 461 458
454 453 462
454 462 463
464 435 451
464 451 450
465 466 443
443 466 467
443 467 444
468 469 461
468 461 460
446 437 439
435 437 451
437 448 451
456 459 470
456 470 471
472 473 452
472 452 455
474 475 440
438 476 477
439 477 446
446 477 478
438 477 439
477 479 480
477 480 481
474 482 475
479 483 480
480 484 481
482 485 486
483 487 488
488 489 490
491 492 493
491 493 494
495 496 497
495 497 498
499 495 498
499 498 500
501 502 503
501 503 504
498 497 505
500 498 506
501 504 507
505 508 509
509 508 506
510 511 507
475 482 486
441 440 475
441 475 512
445 474 440
484 480 488
486 485 491
484 488 490
465 443 442
436 439 437
488 487 489
479 477 476
480 483 488
490 489 513
506 498 509
498 505 509
507 504 510
496 495 489
496 489 487
489 495 499
489 499 513
492 503 502
492 502 493
477 481 478
471 470 514
472 515 473
475 486 512
516 517 518
518 519 520
521 522 523
521 523 524
523 525 526
523 526 524
527 517 528
528 517 529
530 529 531
530 531 532
533 534 535
533 535 536
537 538 539
537 539 540
540 539 541
540 541 542
543 534 533
543 533 544
531 516 545
531 545 532
546 524 547
548 547 524
548 524 526
549 542 541
549 541 550
527 519 517
516 531 517
517 531 529
551 538 537
551 537 552
553 536 535
553 535 554
555 523 556
520 557 558
519 527 557
527 559 557
520 519 557
557 560 561
557 562 560
555 556 563
561 560 564
560 562 565
563 566 567
564 568 569
568 570 571
572 573 574
572 574 575
576 577 578
576 578 579
580 581 577
580 577 576
582 583 584
582 584 585
577 586 578
581 587 577
584 588 585
586 589 590
589 587 590
591 588 592
556 566 563
556 523 522
556 522 593
525 523 555
565 568 560
566 573 572
565 570 568
546 521 524
518 517 519
568 571 569
561 558 557
560 568 564
570 594 571
587 589 577
577 589 586
588 591 585
579 569 571
579 571 576
580 576 571
580 571 594
583 582 575
583 575 574
557 559 562
552 595 551
553 554 596
556 593 566
597 598 599
597 599 600
601 602 603
601 603 604
605 603 602
605 602 606
607 608 609
607 609 610
611 612 613
611 613 614
615 609 608
615 608 616
617 615 616
617 616 618
618 605 606
618 606 617
619 620 621
619 621 622
623 624 625
623 625 626
613 612 623
613 623 626
622 625 624
622 624 619
627 621 620
627 620 628
628 629 630
628 630 627
629 598 597
629 597 630
604 600 599
604 599 601
631 632 633
631 633 634
635 636 637
635 637 638
639 640 641
639 641 642
643 644 645
643 645 646
647 648 649
647 649 650
651 650 652
651 652 653
651 653 654
651 654 655
656 655 657
656 657 658
656 658 659
656 659 660
661 660 662
661 662 663
661 663 664
661 664 665
661 665 647
647 666 648
667 668 669
667 669 670
671 670 672
671 672 673
671 673 674
671 674 675
671 675 676
676 677 678
676 678 679
676 679 680
676 680 681
681 682 683
681 683 684
681 684 685
681 685 667
667 686 668
647 665 666
667 670 671
651 655 656
681 680 682
647 650 651
667 685 686
656 660 661
676 675 677
687 688 689
687 689 690
691 692 693
691 693 694
695 693 692
695 692 696
697 698 699
697 699 700
701 702 703
701 703 704
705 699 698
705 698 706
707 705 706
707 706 708
708 695 696
708 696 707
709 710 711
709 711 712
713 714 715
713 715 716
703 702 713
703 713 716
712 715 714
712 714 709
717 711 710
717 710 718
718 719 720
718 720 717
719 688 687
719 687 720
694 690 689
694 689 691
721 722 723
721 723 724
725 726 727
725 727 728
729 730 731
729 731 732
733 734 735
733 735 736
737 738 739
737 739 740
741 740 742
741 742 743
741 743 744
741 744 745
746 745 747
746 747 748
746 748 749
746 749 750
751 750 752
751 752 753
751 753 754
751 754 755
751 755 737
737 756 738
757 758 759
757 759 760
761 760 762
761 762 763
761 763 764
761 764 765
761 765 766
766 767 768
766 768 769
766 769 770
766 770 771
771 772 773
771 773 774
771 774 775
771 775 757
757 776 758
737 755 756
757 760 761
741 745 746
771 770 772
737 740 741
757 775 776
746 750 751
766 765 767
777 778 779
777 779 780
781 782 783
781 783 784
785 783 782
785 782 786
787 788 789
787 789 790
791 792 793
791 793 794
795 789 788
795 788 796
797 795 796
797 796 798
798 785 786
798 786 797
799 800 801
799 801 802
803 804 805
803 805 806
793 792 803
793 803 806
802 805 804
802 804 799
807 801 800
807 800 808
808 809 810
808 810 807
809 778 777
809 777 810
784 780 779
784 779 781
811 812 813
811 813 814
815 816 817
815 817 818
819 820 821
819 821 822
823 824 825
823 825 826
827 828 829
827 829 830
831 830 832
831 832 833
831 833 834
831 834 835
836 835 837
836 837 838
836 838 839
836 839 840
841 840 842
841 842 843
841 843 844
841 844 845
841 845 827
827 846 828
847 848 849
847 849 850
851 850 852
851 852 853
851 853 854
851 854 855
851 855 856
856 857 858
856 858 859
856 859 860
856 860 861
861 862 863
861 863 864
861 864 865
861 865 847
847 866 848
827 845 846
847 850 851
831 835 836
861 860 862
827 830 831
847 865 866
836 840 841
856 855 857
486 491 494
566 572 567
