byte offset: 0
first index: 0
index count: 3822
topology: trianglelist
format: DXGI_FORMAT_R16_UINT

0 1 2
0 2 3
4 1 0
4 0 5
6 4 5
6 5 7
3 2 8
3 8 9
1 10 11
1 11 2
12 10 1
12 1 4
6 13 12
6 12 4
2 11 14
2 14 8
15 16 11
15 11 10
12 17 15
12 15 10
13 18 17
13 17 12
16 19 14
16 14 11
20 21 16
20 16 15
17 22 20
17 20 15
18 23 22
18 22 17
21 24 19
21 19 16
25 26 27
25 27 28
29 30 31
32 30 29
33 34 35
33 35 36
37 33 36
37 36 38
39 37 38
39 38 40
41 39 40
41 40 42
43 41 42
43 42 44
45 43 44
45 44 46
47 45 46
47 46 48
49 47 48
49 48 50
51 49 50
51 50 52
53 54 55
53 55 56
57 53 56
57 56 58
34 57 58
34 58 35
59 60 61
59 61 62
63 64 65
63 65 66
67 68 69
70 71 72
68 67 73
68 73 74
71 70 75
71 75 76
74 73 59
74 59 62
76 75 65
76 65 64
77 78 61
77 61 60
79 80 63
79 63 66
78 77 81
80 79 82
83 84 85
83 85 86
87 88 89
87 89 90
91 92 93
91 93 94
95 96 97
95 97 98
99 100 101
99 101 102
103 104 105
103 105 106
107 108 109
107 109 110
111 112 113
111 113 114
115 116 117
115 117 118
119 120 121
119 121 122
110 109 84
110 84 83
114 113 87
114 87 90
118 117 96
118 96 95
122 121 104
122 104 103
123 124 108
123 108 107
125 126 112
125 112 111
127 128 116
127 116 115
129 130 120
129 120 119
131 132 133
131 133 134
135 136 132
135 132 131
137 138 139
140 141 142
140 142 143
144 145 146
142 134 133
142 133 143
137 139 147
144 146 148
139 138 149
146 145 150
151 152 153
151 153 154
155 156 152
155 152 151
157 156 155
157 155 158
159 157 158
159 158 160
161 162 163
161 163 164
165 166 162
165 162 161
167 168 166
167 166 165
169 170 168
169 168 167
171 172 173
171 173 174
175 171 174
175 174 176
177 178 175
177 175 176
179 180 178
179 178 177
181 182 183
181 183 184
182 181 185
186 187 188
189 188 187
189 187 190
191 192 193
191 193 194
195 191 194
195 194 196
197 195 196
197 196 198
199 200 201
199 201 202
203 204 205
203 205 206
207 203 206
207 206 208
209 207 208
209 208 210
211 212 213
211 213 214
215 211 214
215 214 216
217 215 216
217 216 218
219 220 221
219 221 222
223 224 225
223 225 226
225 224 227
228 229 230
190 187 231
190 231 232
232 231 233
232 233 234
234 233 235
234 235 236
237 238 239
237 239 240
241 237 240
241 240 242
243 241 242
243 242 244
245 246 247
245 247 248
249 245 248
249 248 250
251 249 250
251 250 252
223 253 224
224 253 254
255 256 229
257 258 256
257 256 255
222 221 259
222 259 260
261 262 220
261 220 219
263 261 219
263 219 264
265 263 264
265 264 266
267 268 269
267 269 270
271 267 270
271 270 272
273 271 272
273 272 274
240 239 275
240 275 276
242 240 276
242 276 277
244 242 277
244 277 278
248 247 279
248 279 280
250 248 280
250 280 281
252 250 281
252 281 282
194 193 238
194 238 237
196 194 237
196 237 241
198 196 241
198 241 243
202 201 246
202 246 245
283 284 192
283 192 191
206 205 262
206 262 261
208 206 261
208 261 263
210 208 263
210 263 265
214 213 268
214 268 267
216 214 267
216 267 271
218 216 271
218 271 273
276 275 204
276 204 203
277 276 203
277 203 207
278 277 207
278 207 209
280 279 212
280 212 211
281 280 211
281 211 215
282 281 215
282 215 217
181 285 286
181 286 185
184 287 285
184 285 181
288 289 290
291 292 293
294 287 291
291 293 294
294 285 287
295 296 297
298 299 300
288 290 301
297 288 301
297 301 295
298 285 299
298 302 286
298 286 285
300 303 304
304 305 306
306 307 304
308 309 310
308 310 311
284 283 312
284 312 313
313 312 314
313 314 315
312 298 316
316 314 312
309 317 318
309 318 310
317 319 318
182 185 320
186 188 321
286 322 185
191 195 323
191 323 283
312 324 302
312 302 298
283 323 324
283 324 312
325 302 324
325 324 326
302 325 322
302 322 286
327 322 325
328 329 330
328 330 327
328 327 325
330 329 331
332 333 334
334 333 335
336 231 187
336 187 186
231 336 337
231 337 233
330 331 338
330 338 327
186 339 340
186 340 336
341 322 327
341 327 338
342 322 341
343 344 345
336 340 346
336 346 337
347 344 343
348 349 350
335 351 352
353 337 354
335 352 334
345 344 332
345 332 334
354 337 346
355 325 326
356 326 324
357 358 359
360 361 362
359 363 357
364 360 362
364 362 365
359 366 367
359 367 363
356 367 366
356 366 326
326 366 368
326 368 355
358 368 366
358 366 359
369 370 361
369 361 360
371 372 373
374 364 365
364 374 369
364 369 360
323 375 356
323 356 324
195 197 375
195 375 323
376 377 378
374 371 373
200 199 379
200 379 378
378 379 380
378 380 376
381 369 374
381 374 373
350 353 354
350 354 348
353 350 382
353 382 380
353 380 379
233 337 353
233 353 235
383 384 370
381 383 370
381 370 369
379 385 235
379 235 353
236 235 385
236 385 386
199 387 385
199 385 379
388 389 390
385 387 391
392 393 386
392 386 385
394 395 393
396 397 398
396 398 399
398 397 249
398 249 251
202 397 387
202 387 199
245 249 397
245 397 202
387 397 396
400 401 389
400 389 388
401 400 402
403 404 272
403 272 270
274 272 404
274 404 405
405 404 406
406 407 408
409 410 411
412 413 414
415 409 416
411 417 416
418 419 420
421 422 423
418 424 425
425 424 426
427 423 422
427 428 429
430 227 431
432 433 430
426 434 435
436 419 418
437 438 439
440 438 437
425 435 441
441 436 425
442 443 444
422 421 445
428 427 422
444 443 428
222 446 264
222 264 219
260 447 446
260 446 222
448 449 450
451 447 442
444 445 452
444 452 442
446 453 266
446 266 264
447 454 453
447 453 446
455 403 270
455 270 269
456 457 458
459 457 456
459 456 460
454 447 451
461 462 463
459 460 464
451 462 461
451 461 454
465 466 467
468 469 450
459 464 470
470 464 467
471 468 450
471 450 449
467 464 465
472 473 443
472 443 442
474 472 260
474 260 259
472 442 447
472 447 260
225 475 476
225 476 226
473 475 430
473 430 443
475 225 227
475 227 430
476 475 477
476 477 478
479 473 472
480 481 482
482 483 484
477 475 473
485 486 487
486 488 489
489 487 486
489 484 487
480 482 484
471 449 490
491 492 493
414 404 412
491 493 490
494 495 496
497 498 499
499 500 497
492 491 403
492 403 455
403 491 412
403 412 404
491 490 501
502 412 491
503 504 505
413 412 502
413 502 506
506 502 494
506 494 496
507 508 509
438 228 510
511 448 512
511 512 439
448 511 490
448 490 449
511 513 501
511 501 490
514 501 513
513 515 516
513 511 517
518 515 513
513 517 518
519 520 521
520 519 522
523 524 525
518 517 523
518 523 525
511 439 526
439 510 527
527 507 528
527 528 529
519 530 531
531 532 522
531 522 519
474 533 534
474 534 472
535 534 533
488 481 480
488 480 489
533 536 535
227 537 431
227 224 537
230 229 508
507 527 510
507 510 230
527 529 538
527 538 526
438 510 439
510 228 230
258 509 508
258 508 256
255 539 540
257 255 540
224 254 537
230 508 507
508 229 256
439 527 526
477 473 479
480 484 489
320 185 342
186 321 339
419 541 420
414 413 542
416 409 411
301 290 543
300 307 298
300 304 307
430 433 443
443 429 428
451 442 452
405 406 408
513 516 514
430 431 432
422 445 444
428 422 444
374 365 371
334 352 345
544 505 498
498 505 504
545 546 440
546 228 438
426 435 425
498 497 544
497 500 544
402 400 547
394 393 392
387 396 391
548 549 550
548 550 551
551 552 548
553 554 555
556 557 555
556 555 554
558 559 560
558 560 561
562 563 559
562 559 558
564 565 563
564 563 562
566 567 568
566 568 569
570 571 572
570 572 573
574 575 571
574 571 570
576 577 575
576 575 574
578 579 580
578 580 581
582 583 579
582 579 578
584 585 583
584 583 582
586 587 588
586 588 589
590 591 592
590 592 593
592 594 593
595 596 597
557 598 599
557 599 555
598 600 601
598 601 599
600 602 603
600 603 601
604 605 606
604 606 607
608 609 605
608 605 604
610 611 609
610 609 608
612 613 614
612 614 615
616 617 613
616 613 612
618 619 617
618 617 616
590 593 620
593 621 620
622 623 597
624 622 625
624 625 626
587 627 628
587 628 588
629 586 589
629 589 630
631 632 586
631 586 629
633 634 632
633 632 631
635 636 637
635 637 638
639 640 636
639 636 635
641 642 640
641 640 639
605 643 644
605 644 606
609 645 643
609 643 605
611 646 645
611 645 609
613 647 648
613 648 614
617 649 647
617 647 613
619 650 649
619 649 617
559 604 607
559 607 560
563 608 604
563 604 559
565 610 608
565 608 563
567 612 615
567 615 568
651 558 561
651 561 652
571 629 630
571 630 572
575 631 629
575 629 571
577 633 631
577 631 575
579 635 638
579 638 580
583 639 635
583 635 579
585 641 639
585 639 583
643 570 573
643 573 644
645 574 570
645 570 643
646 576 574
646 574 645
647 578 581
647 581 648
649 582 578
649 578 647
650 584 582
650 582 649
548 552 653
548 653 654
549 548 654
549 654 655
656 657 658
659 660 661
662 659 655
659 662 660
662 655 654
663 664 665
666 667 668
656 669 657
664 663 669
664 669 656
666 668 654
666 654 653
666 653 670
667 671 672
671 673 674
673 671 675
676 677 678
676 678 679
652 680 681
652 681 651
680 682 683
680 683 681
681 684 666
684 681 683
679 678 685
679 685 686
686 685 687
551 688 552
553 689 554
653 552 690
558 651 691
558 691 562
681 666 670
681 670 692
651 681 692
651 692 691
693 694 692
693 692 670
670 653 690
670 690 693
695 693 690
696 697 698
696 693 695
696 695 697
697 699 698
700 701 702
701 703 702
704 553 555
704 555 599
599 601 705
599 705 704
697 695 706
697 706 699
553 704 707
553 707 708
709 706 695
709 695 690
710 709 690
711 712 713
704 705 714
704 714 707
715 711 713
716 717 718
703 719 720
721 722 705
703 701 719
712 701 700
712 700 713
722 714 705
723 694 693
724 692 694
725 726 727
728 729 730
726 725 731
732 729 728
732 733 729
726 731 734
726 734 735
724 694 735
724 735 734
694 723 736
694 736 735
727 726 735
727 735 736
737 728 730
737 730 738
739 740 741
742 733 732
732 728 737
732 737 742
691 692 724
691 724 743
562 691 743
562 743 564
744 745 746
742 740 739
569 745 747
569 747 566
745 744 748
745 748 747
749 740 742
749 742 737
717 716 722
717 722 721
721 750 717
721 747 748
721 748 750
601 603 721
601 721 705
751 738 752
749 737 738
749 738 751
747 721 603
747 603 753
602 754 753
602 753 603
566 747 753
566 753 755
756 757 758
753 759 755
760 753 754
760 754 761
762 761 763
764 765 766
764 766 767
766 618 616
766 616 767
567 566 755
567 755 767
612 567 767
612 767 616
755 764 767
768 756 758
768 758 769
769 770 768
771 636 640
771 640 772
642 773 772
642 772 640
773 774 772
774 775 776
777 778 779
780 781 782
783 784 777
778 784 785
786 787 788
789 790 791
786 792 793
792 794 793
795 791 790
795 796 797
798 799 594
800 798 801
794 802 803
804 786 788
805 806 807
808 805 807
792 809 802
809 792 804
810 811 812
791 813 789
797 791 795
811 797 812
587 586 632
587 632 814
627 587 814
627 814 815
816 817 818
819 810 815
811 810 820
811 820 813
814 632 634
814 634 821
815 814 821
815 821 822
823 637 636
823 636 771
824 825 826
827 828 824
827 824 826
822 819 815
829 830 831
827 832 828
819 822 829
819 829 831
833 834 835
836 817 837
827 838 832
838 834 832
839 818 817
839 817 836
834 833 832
840 810 812
840 812 841
842 628 627
842 627 840
840 627 815
840 815 810
592 591 843
592 843 844
841 812 798
841 798 844
844 798 594
844 594 592
843 845 846
843 846 844
847 840 841
848 849 850
849 851 852
846 841 844
853 854 855
855 856 857
856 855 854
856 854 851
848 851 849
839 858 818
859 860 861
781 780 772
859 858 860
862 863 864
865 866 867
866 865 868
861 823 771
861 771 859
771 772 780
771 780 859
859 869 858
870 859 780
871 872 873
782 874 870
782 870 780
874 863 862
874 862 870
875 876 877
807 878 595
879 880 816
879 806 880
816 818 858
816 858 879
879 858 869
879 869 881
882 881 869
881 883 884
881 885 879
886 881 884
881 886 885
887 888 889
889 890 887
891 892 893
886 892 891
886 891 885
879 894 806
806 895 878
895 896 876
895 876 875
887 897 898
897 890 899
897 887 890
842 840 900
842 900 901
902 901 900
857 848 850
857 856 848
901 902 903
594 799 904
594 904 593
596 905 597
875 596 878
875 878 895
895 894 906
895 906 896
807 806 878
878 596 595
626 625 905
626 905 877
622 907 623
624 907 622
593 904 621
596 875 905
905 625 597
806 894 895
846 847 841
848 856 851
688 710 552
553 708 689
788 787 908
781 909 782
784 778 777
669 910 657
667 666 675
667 675 671
798 812 801
812 797 796
819 820 810
773 775 774
881 882 883
798 800 799
791 811 813
797 811 791
742 739 733
701 712 719
911 867 872
867 873 872
912 808 913
913 807 595
794 792 802
867 911 865
865 911 868
770 914 768
762 760 761
755 759 764
185 322 342
690 552 710
255 229 539
622 597 625
507 509 528
875 877 905
425 436 418
804 792 786
490 493 471
860 858 839
439 512 437
880 806 805
440 546 438
913 808 807
915 916 917
915 917 918
915 918 919
915 919 920
920 919 921
920 921 922
916 923 924
916 924 917
925 924 923
926 924 925
925 923 927
928 929 930
928 930 931
928 932 933
928 933 929
932 934 935
932 935 933
931 930 936
931 936 937
938 937 936
939 938 936
938 940 937
941 942 943
941 943 944
945 946 947
945 947 948
949 943 942
949 942 950
951 952 953
954 955 956
954 956 957
958 959 960
945 949 950
945 950 946
961 962 954
961 954 957
962 961 948
962 948 947
951 953 963
964 965 966
958 960 967
968 969 970
968 963 969
964 967 965
951 963 968
958 967 964
971 972 973
971 973 974
975 976 977
975 977 978
979 980 981
982 983 984
971 985 986
987 988 989
987 989 990
991 992 993
991 993 994
995 996 997
998 999 1000
998 1000 984
996 981 1001
996 1001 1002
1003 1004 1005
1003 1005 1006
997 996 1007
1008 998 1009
974 973 990
974 990 989
993 975 978
993 978 994
995 1010 981
995 981 996
999 998 1011
1001 981 1012
1013 998 984
1013 984 1014
1007 996 1002
982 984 1000
984 983 1014
1004 986 985
1004 985 1005
976 1003 1006
976 1006 977
1015 998 1013
1009 998 1015
1016 981 1017
1012 981 1016
979 981 1010
981 980 1017
971 986 972
1018 998 1008
1011 998 1018
1019 1020 1021
1019 1021 1022
1023 1024 1025
1023 1025 1026
1027 1028 1029
1030 1031 1032
1019 1033 1034
1035 1036 1037
1035 1037 1038
1039 1040 1041
1039 1041 1042
1043 1044 1045
1046 1031 1047
1046 1047 1048
1045 1049 1050
1045 1050 1028
1051 1052 1053
1051 1053 1054
1044 1055 1045
1056 1057 1046
1020 1037 1036
1020 1036 1021
1041 1040 1024
1041 1024 1023
1043 1045 1028
1043 1028 1058
1048 1059 1046
1050 1060 1028
1061 1062 1031
1061 1031 1046
1055 1049 1045
1030 1047 1031
1031 1062 1032
1054 1053 1034
1054 1034 1033
1026 1025 1052
1026 1052 1051
1063 1061 1046
1057 1063 1046
1064 1065 1028
1060 1064 1028
1027 1058 1028
1028 1065 1029
1019 1022 1033
1066 1056 1046
1059 1066 1046
1067 1068 1069
1067 1069 1070
1071 1067 1070
1071 1070 1072
1073 1071 1072
1073 1072 1074
1075 1073 1074
1075 1074 1076
1077 1075 1076
1077 1076 1078
1079 1077 1078
1079 1078 1080
1081 1079 1080
1081 1080 1082
1083 1081 1082
1083 1082 1084
1085 1083 1084
1085 1084 1086
1087 1085 1086
1087 1086 1088
1089 1090 1087
1089 1087 1088
1091 1092 1093
1091 1093 1094
1068 1091 1094
1068 1094 1069
1095 1096 1097
1095 1097 1098
1099 1100 1101
1099 1101 1102
1093 1092 1103
1093 1103 1104
1105 1106 1107
1105 1107 1108
1109 1105 1108
1109 1108 1110
1111 1109 1110
1111 1110 1112
1113 1114 1115
1113 1115 1116
1117 1113 1116
1117 1116 1118
1119 1117 1118
1119 1118 1120
1121 1119 1120
1121 1120 1122
1123 1121 1122
1123 1122 1124
1125 1123 1124
1125 1124 1126
1127 1125 1126
1127 1126 1128
1129 1127 1128
1129 1128 1130
1131 1129 1130
1131 1130 1132
1133 1131 1132
1133 1132 1134
1106 1133 1134
1106 1134 1107
1135 1136 1137
1135 1137 1138
1139 1140 1141
1139 1141 1142
1143 1144 1145
1143 1145 1146
1147 1148 1149
1147 1149 1150
1146 1145 1097
1146 1097 1096
1150 1149 1099
1150 1099 1102
1151 1152 1095
1151 1095 1098
1153 1154 1101
1153 1101 1100
1155 1156 1152
1155 1152 1151
1157 1158 1154
1157 1154 1153
1159 1160 1156
1159 1156 1155
1161 1162 1158
1161 1158 1157
1160 1159 1163
1162 1161 1164
1144 1143 1165
1144 1165 1166
1148 1147 1167
1148 1167 1168
1166 1165 1169
1166 1169 1170
1168 1167 1171
1168 1171 1172
1170 1169 1135
1170 1135 1138
1172 1171 1141
1172 1141 1140
1173 1174 1137
1173 1137 1136
1175 1176 1139
1175 1139 1142
1177 1178 1174
1177 1174 1173
1179 1180 1176
1179 1176 1175
1178 1177 1181
1180 1179 1182
