byte offset: 0
first index: 0
index count: 4662
topology: trianglelist
format: DXGI_FORMAT_R16_UINT

0 1 2
0 2 3
4 3 2
5 4 2
6 5 2
4 7 3
8 3 7
9 3 8
10 7 4
10 4 11
12 10 11
12 11 13
14 12 13
15 14 13
16 15 13
14 17 12
18 12 17
19 12 18
20 21 22
20 22 23
22 24 23
22 25 24
26 27 28
26 29 27
30 29 26
30 26 31
32 33 34
32 34 35
36 35 34
36 34 37
38 39 40
38 41 39
42 41 38
42 43 41
44 45 46
44 47 45
48 47 44
48 49 47
50 49 48
50 51 49
52 51 50
52 53 51
54 53 52
54 52 55
56 57 58
56 58 59
59 58 60
59 60 61
61 60 62
61 62 63
64 65 66
67 64 66
67 66 68
68 66 69
69 70 68
71 68 70
71 70 72
69 73 70
74 73 69
74 75 73
70 73 76
76 77 70
76 78 77
78 76 79
80 81 82
80 82 83
84 80 83
84 83 85
85 86 84
85 87 86
88 87 85
88 89 87
86 87 90
86 90 91
91 90 92
91 92 93
94 95 96
94 96 97
98 97 96
98 96 99
100 101 102
100 102 103
104 105 106
104 106 107
108 109 110
108 110 111
112 113 114
115 113 112
115 116 113
116 115 117
118 119 120
118 120 121
122 123 124
124 125 122
126 122 125
127 128 129
127 129 130
131 132 133
131 133 134
135 136 137
136 135 138
139 138 135
140 141 142
140 142 143
144 145 146
144 146 147
148 144 147
146 148 147
148 149 144
146 150 148
149 148 150
149 150 151
152 153 154
152 155 153
156 155 152
156 157 155
157 156 158
159 157 158
160 157 159
161 157 160
160 162 161
159 163 160
164 163 159
165 163 164
165 164 166
166 164 167
165 166 168
165 168 169
166 167 170
167 171 170
172 173 174
172 174 175
175 176 172
172 176 177
178 176 175
178 175 179
179 180 178
178 180 181
179 182 180
179 183 182
179 184 183
185 186 187
187 186 188
187 188 189
189 188 190
191 192 193
192 191 194
192 194 195
194 196 195
197 198 199
197 200 198
201 200 197
201 202 200
203 202 201
203 201 204
203 205 202
206 205 203
206 203 207
208 206 207
208 209 206
210 209 208
210 208 211
209 210 212
213 214 215
213 216 214
217 216 213
214 216 217
217 213 218
214 217 219
218 219 217
218 220 219
221 222 223
221 223 224
225 221 224
225 224 226
226 227 225
228 227 226
229 228 226
230 229 226
229 230 231
228 229 232
233 228 232
234 233 232
234 235 233
235 236 233
234 237 235
234 238 237
235 239 236
236 239 240
241 242 243
241 244 242
244 241 245
241 246 245
247 244 245
247 248 244
248 247 249
247 250 249
248 249 251
248 251 252
248 252 253
254 255 256
255 257 256
255 258 257
258 259 257
260 261 262
262 263 260
262 264 263
263 264 265
266 267 268
266 268 269
270 266 269
270 269 271
272 270 271
272 273 270
272 271 274
275 272 274
275 276 272
277 276 275
277 275 278
279 277 278
279 280 277
278 281 279
282 283 284
283 282 285
283 285 286
287 285 282
287 282 288
289 290 291
291 292 289
291 293 292
294 289 292
294 295 289
296 297 298
296 299 297
300 299 296
300 301 299
301 300 302
301 302 303
303 302 304
303 304 305
306 305 304
306 307 305
308 307 306
308 309 307
310 311 312
310 313 311
314 313 310
314 315 313
316 315 314
316 317 315
317 316 318
317 318 319
320 321 322
320 322 323
324 325 326
324 326 327
326 328 327
326 329 328
329 330 328
329 331 330
331 332 330
331 333 332
332 333 334
335 336 337
335 338 336
336 338 339
336 339 340
340 339 341
340 341 342
342 341 343
342 343 344
343 345 344
346 347 348
346 348 349
346 349 350
346 350 351
352 353 354
352 354 355
356 357 358
356 358 359
360 361 362
360 363 361
364 361 363
364 365 361
366 367 368
366 368 369
370 369 368
370 368 371
372 373 374
372 374 375
376 372 375
376 375 377
378 376 377
378 377 379
380 381 382
380 382 383
384 385 386
384 386 387
388 389 390
388 391 389
389 391 392
389 392 393
394 395 396
394 397 395
398 397 394
398 394 399
400 401 402
400 403 401
404 403 400
404 405 403
406 405 404
406 407 405
408 409 410
408 410 411
412 413 414
412 414 415
416 417 418
416 418 419
418 420 419
418 421 420
422 423 424
422 424 425
426 422 425
426 427 422
428 429 430
428 431 429
432 429 431
432 431 433
434 435 436
434 436 437
438 439 440
438 440 441
442 443 444
442 444 445
446 447 448
446 448 449
450 449 448
450 451 449
452 453 454
452 454 455
456 457 458
456 458 459
460 461 462
460 462 463
464 465 466
464 467 465
468 467 464
468 464 469
470 468 469
470 469 471
472 470 471
472 471 473
474 475 476
474 477 475
478 477 474
478 474 479
480 478 479
480 481 478
482 481 480
482 483 481
484 483 482
484 485 483
485 484 486
485 486 487
486 488 487
486 489 488
487 488 490
491 492 493
491 494 492
495 494 491
495 496 494
497 496 495
497 495 498
499 497 498
499 498 500
501 499 500
501 502 499
503 502 501
503 504 502
505 504 503
505 506 504
507 506 505
507 505 508
507 508 509
507 509 510
511 510 509
511 509 512
513 514 515
513 515 516
517 518 519
518 520 519
518 521 520
520 521 522
523 522 521
524 525 526
524 527 525
528 527 524
528 529 527
530 529 528
530 528 531
532 530 531
532 531 533
534 532 533
534 533 535
536 534 535
536 535 537
538 536 537
538 537 539
540 538 539
540 541 538
542 541 540
542 543 541
544 545 546
544 547 545
548 547 544
548 544 549
550 548 549
550 551 548
552 551 550
552 550 553
554 555 556
554 556 557
557 556 558
557 558 559
558 560 559
558 561 560
560 561 562
560 562 563
562 564 563
562 565 564
566 567 568
566 568 569
569 568 570
569 570 571
570 572 571
570 573 572
572 573 574
572 574 575
574 576 575
574 577 576
578 579 580
578 580 581
582 578 581
582 581 583
584 582 583
584 585 582
586 585 584
586 587 585
588 587 586
588 586 589
590 591 592
590 592 593
590 593 594
590 594 595
596 597 598
596 598 599
600 601 602
600 603 601
603 604 601
603 605 604
606 607 608
608 609 606
609 610 606
609 611 610
612 610 611
613 610 612
614 615 616
616 615 617
615 618 617
615 619 618
620 618 619
620 619 621
621 622 620
623 624 625
625 624 626
625 626 627
624 628 626
629 628 624
629 630 628
629 631 630
630 631 632
632 631 633
633 631 634
626 628 635
633 634 636
637 626 635
637 635 638
639 627 626
639 626 637
638 640 637
638 641 640
637 640 642
637 642 639
643 640 641
642 640 643
643 641 644
645 627 639
646 627 645
647 646 645
634 648 636
649 648 634
650 648 649
650 649 651
652 648 650
652 636 648
653 636 652
644 636 653
653 643 644
653 654 643
643 654 655
642 643 655
655 654 656
654 657 656
656 657 658
659 655 656
642 655 659
656 658 659
642 659 660
659 658 660
639 642 660
660 658 661
639 660 645
660 661 662
645 660 662
662 661 663
645 662 664
647 645 664
664 665 647
662 663 666
664 662 666
663 667 666
663 668 667
664 669 665
664 666 669
669 670 665
666 671 669
669 671 670
666 667 671
670 671 672
670 672 673
672 671 674
674 671 667
674 667 675
675 667 676
676 667 677
677 667 668
677 668 678
668 679 678
680 678 679
678 681 677
680 682 678
678 682 681
681 682 683
684 685 686
687 686 685
687 688 686
687 689 688
688 689 690
691 692 693
694 692 691
694 691 695
695 696 694
697 696 695
698 696 697
699 698 697
699 700 698
701 698 700
701 702 698
702 696 698
702 703 696
703 694 696
703 704 694
704 692 694
704 705 692
692 705 706
706 705 707
706 707 708
708 707 709
710 709 707
710 711 709
711 710 712
713 714 715
715 714 716
717 718 719
718 717 720
718 720 721
722 721 720
722 723 721
721 723 724
725 723 722
725 726 723
727 726 725
727 728 726
729 730 731
729 731 732
732 731 733
734 733 731
734 731 735
734 735 736
737 738 739
738 740 739
741 739 740
741 742 739
743 742 741
743 744 742
744 743 745
746 747 748
747 749 748
747 750 749
748 749 751
752 748 751
752 751 753
749 754 751
752 753 755
753 756 755
755 756 757
757 758 755
757 759 758
749 760 754
761 758 759
762 758 761
762 761 763
762 763 764
765 763 761
765 761 759
766 765 759
767 766 759
766 767 768
769 768 767
766 768 770
760 771 769
769 771 768
749 772 760
760 772 771
768 771 773
772 773 771
774 772 749
772 774 773
774 749 750
770 768 775
768 773 775
776 774 750
777 776 750
778 776 777
770 775 779
770 779 780
779 781 780
775 782 779
773 782 775
779 782 781
774 783 773
773 783 782
781 782 783
774 776 783
781 783 784
783 785 784
776 785 783
785 786 784
778 787 776
776 787 785
787 778 788
785 789 786
787 789 785
786 789 790
786 790 791
787 788 792
787 792 789
792 788 793
789 792 794
792 793 794
789 794 790
793 795 794
793 796 795
795 797 794
797 790 794
797 798 790
798 799 790
790 799 800
800 791 790
800 801 791
791 801 802
803 802 801
801 800 804
803 801 805
801 804 805
805 804 806
807 808 809
810 809 808
810 808 811
810 811 812
811 813 812
814 815 816
817 814 816
817 818 814
818 817 819
820 818 819
821 820 819
822 820 821
822 821 823
824 823 821
824 821 825
825 821 819
825 819 826
826 819 817
826 817 827
827 817 816
827 816 828
816 829 828
829 830 828
829 831 830
831 832 830
833 830 832
833 832 834
834 835 833
836 837 838
837 839 838
840 841 842
842 843 840
842 844 843
845 843 844
845 844 846
844 847 846
848 845 846
848 846 849
850 848 849
850 849 851
852 853 854
852 854 855
852 855 856
855 857 856
855 858 857
855 859 858
860 861 862
863 861 860
863 864 861
865 864 863
866 863 860
865 863 867
867 863 866
868 865 867
868 867 869
870 867 866
870 869 867
871 868 869
871 872 868
869 870 873
869 873 871
872 871 874
872 874 875
876 871 873
874 871 876
875 874 877
874 876 877
875 877 878
879 878 877
879 877 876
876 880 879
876 873 880
873 870 880
881 880 870
881 870 866
881 882 880
881 883 882
883 884 882
881 885 883
881 866 886
886 885 881
866 887 886
888 887 866
885 886 889
886 887 889
885 889 890
891 890 889
891 889 892
889 887 892
893 891 892
893 892 894
894 892 887
893 894 895
893 895 896
894 887 897
897 895 894
898 896 895
898 899 896
899 898 900
895 900 898
899 900 901
902 901 900
895 903 900
902 900 903
897 903 895
904 902 903
904 903 897
905 904 897
905 897 887
887 906 905
905 906 907
888 906 887
906 908 907
909 906 888
909 908 906
909 888 910
909 911 908
909 910 912
911 909 912
912 910 913
911 912 914
912 913 915
912 915 914
916 917 918
919 918 917
917 920 919
919 921 918
918 921 922
919 920 923
923 920 924
925 923 924
926 925 924
926 924 927
925 928 923
928 929 923
930 929 928
930 931 929
931 930 932
931 932 933
931 933 934
935 936 937
938 935 937
938 937 939
940 938 939
941 935 938
940 942 938
942 941 938
943 942 940
943 944 942
945 941 942
945 942 944
946 944 943
946 943 947
944 948 945
944 946 948
947 949 946
947 950 949
951 948 946
949 951 946
950 952 949
949 952 951
950 953 952
954 952 953
954 951 952
951 954 955
951 955 948
948 955 945
956 945 955
956 941 945
956 955 957
956 957 958
958 957 959
956 958 960
956 961 941
961 956 960
941 961 962
963 941 962
960 964 961
961 964 962
960 965 964
966 964 965
966 967 964
964 967 962
968 967 966
968 969 967
969 962 967
968 970 969
968 971 970
969 972 962
972 969 970
973 970 971
973 971 974
974 975 973
970 973 975
974 976 975
977 975 976
970 975 978
977 978 975
972 970 978
979 978 977
979 972 978
980 972 979
980 962 972
962 980 981
981 980 982
963 962 981
981 982 983
984 963 981
984 981 983
984 985 963
984 983 986
984 987 985
986 987 984
987 988 985
986 989 987
987 990 988
987 989 990
991 992 993
994 993 992
993 994 995
994 992 996
992 997 996
994 998 995
998 999 995
1000 999 998
1001 999 1000
1001 1002 999
1000 998 1003
1003 998 1004
1005 1003 1004
1005 1004 1006
1006 1007 1005
1006 1008 1007
1006 1009 1008
1010 1011 1012
1010 1012 1013
1014 1015 1016
1014 1017 1015
1018 1017 1014
1018 1019 1017
1020 1019 1018
1020 1021 1019
1022 1021 1020
1022 1023 1021
1023 1022 1024
1023 1024 1025
1026 1027 1028
1026 1028 1029
1030 1031 1032
1030 1032 1033
1034 1035 1036
1034 1036 1037
1038 1037 1036
1038 1039 1037
1040 1039 1038
1040 1041 1039
1042 1043 1044
1042 1044 1045
1045 1044 1046
1045 1046 1047
1047 1046 1048
1047 1048 1049
1049 1048 1050
1049 1050 1051
1051 1050 1052
1051 1052 1053
1053 1052 1054
1053 1054 1055
1056 1057 1058
1056 1059 1057
1060 1059 1056
1060 1061 1059
1062 1061 1060
1062 1063 1061
1064 1063 1062
1064 1065 1063
1066 1065 1064
1066 1067 1065
1068 1067 1066
1068 1069 1067
1070 1071 1072
1070 1072 1073
1073 1072 1074
1073 1074 1075
1075 1074 1076
1075 1076 1077
1077 1076 1078
1077 1078 1079
1079 1078 1080
1079 1080 1081
1081 1080 1082
1081 1082 1083
1084 1085 1086
1084 1087 1085
1088 1087 1084
1088 1089 1087
1090 1089 1088
1090 1091 1089
1092 1091 1090
1092 1093 1091
1094 1093 1092
1094 1095 1093
1096 1095 1094
1096 1097 1095
1098 1099 1100
1098 1101 1099
1101 1098 1102
1101 1102 1103
1104 1105 1106
1104 1106 1107
1108 1109 1110
1108 1110 1111
1108 1111 1112
1111 1113 1112
1108 1112 1114
1108 1114 1115
1116 1117 1118
1116 1118 1119
1119 1118 1120
1121 1119 1120
1121 1122 1119
1122 1121 1123
1123 1124 1122
1123 1125 1124
1126 1127 1128
1126 1129 1127
1130 1127 1129
1130 1131 1127
1130 1132 1131
1130 1133 1132
1134 1132 1133
1134 1133 1135
1136 1137 1138
1136 1139 1137
1139 1140 1137
1139 1141 1140
1141 1142 1140
1141 1143 1142
1143 1144 1142
1143 1145 1144
1146 1144 1145
1146 1147 1144
1148 1149 1150
1149 1148 1151
1149 1151 1152
1149 1152 1153
1153 1152 1154
1153 1154 1155
1156 1155 1154
1156 1157 1155
1158 1159 1160
1161 1159 1158
1161 1162 1159
1162 1163 1159
1162 1164 1163
1164 1165 1163
1164 1166 1165
1166 1167 1165
1166 1168 1167
1168 1169 1167
1167 1169 1170
1171 1172 1173
1171 1173 1174
1174 1173 1175
1174 1175 1176
1176 1175 1177
1176 1177 1178
1178 1177 1179
1178 1179 1180
1181 1180 1179
1181 1179 1182
1183 1184 1185
1185 1186 1183
1185 1187 1186
1185 1188 1187
1188 1189 1187
1188 1190 1189
1191 1189 1190
1191 1190 1192
1193 1194 1195
1196 1193 1195
1196 1195 1197
1197 1195 1198
1197 1198 1199
1199 1198 1200
1199 1200 1201
1201 1200 1202
1201 1202 1203
1203 1202 1204
1202 1205 1204
1206 1207 1208
1206 1208 1209
1210 1206 1209
1210 1211 1206
1210 1212 1211
1211 1212 1213
1213 1212 1214
1214 1212 1215
1213 1214 1216
1216 1214 1217
1218 1219 1220
1218 1221 1219
1222 1221 1218
1222 1218 1223
1222 1223 1224
1223 1225 1224
1225 1226 1224
1226 1227 1224
1225 1228 1226
1228 1229 1226
1230 1231 1232
1230 1232 1233
1232 1234 1233
1232 1235 1234
1234 1235 1236
1234 1236 1237
1237 1236 1238
1237 1238 1239
1239 1238 1240
1239 1240 1241
1242 1243 1244
1242 1244 1245
1245 1244 1246
1245 1246 1247
1247 1246 1248
1247 1248 1249
1249 1248 1250
1249 1250 1251
1250 1252 1251
1250 1253 1252
1253 1254 1252
1253 1255 1254
1255 1256 1254
1255 1257 1256
1258 1259 1260
1258 1261 1259
1262 1261 1258
1262 1263 1261
1264 1263 1262
1264 1265 1263
1266 1265 1264
1266 1267 1265
1268 1267 1266
1268 1266 1269
1270 1271 1272
1270 1272 1273
1274 1273 1272
1274 1275 1273
1275 1274 1276
1275 1276 1277
1277 1276 1278
1276 1279 1278
1280 1279 1276
1280 1276 1281
1280 1281 1282
1278 1279 1283
1278 1283 1284
1284 1283 1285
1284 1285 1286
1286 1285 1287
1286 1287 1288
1289 1290 1291
1289 1292 1290
1293 1290 1292
1293 1292 1294
1294 1295 1293
1294 1296 1295
1296 1297 1295
1295 1297 1298
1299 1295 1298
1299 1300 1295
1299 1301 1300
1297 1302 1298
1297 1303 1302
1303 1304 1302
1303 1305 1304
1305 1306 1304
1305 1307 1306
1308 1309 1310
1308 1310 1311
1312 1313 1314
1312 1314 1315
1316 1317 1318
1316 1318 1319
1319 1318 1320
1319 1320 1321
1321 1320 1322
1321 1322 1323
1323 1322 1324
1323 1324 1325
1325 1324 1326
1325 1326 1327
1327 1326 1328
1327 1328 1329
1329 1328 1330
1329 1330 1331
1331 1330 1332
1331 1332 1333
1334 1335 1336
1334 1336 1337
1337 1338 1334
1337 1336 1339
1337 1340 1338
1338 1340 1341
1340 1342 1341
1342 1343 1341
1340 1344 1342
1344 1340 1345
1345 1340 1337
1337 1339 1346
1346 1339 1347
1346 1347 1348
1348 1347 1349
1345 1337 1350
1345 1350 1351
1351 1350 1352
1353 1337 1346
1353 1350 1337
1348 1353 1346
1352 1350 1354
1350 1353 1354
1355 1352 1354
1353 1356 1354
1356 1355 1354
1348 1356 1353
1356 1357 1355
1357 1356 1358
1358 1356 1348
1348 1349 1359
1359 1349 1360
1359 1360 1361
1361 1360 1362
1361 1362 1363
1364 1361 1363
1358 1348 1365
1358 1365 1366
1366 1365 1367
1368 1348 1359
1368 1365 1348
1361 1368 1359
1367 1365 1369
1365 1368 1369
1370 1367 1369
1368 1371 1369
1371 1370 1369
1361 1371 1368
1371 1372 1370
1372 1371 1373
1373 1371 1361
1364 1374 1361
1373 1361 1374
1373 1374 1375
1374 1364 1376
1375 1374 1377
1377 1374 1376
1376 1378 1377
1379 1380 1381
1381 1380 1382
1382 1380 1383
1381 1382 1384
1381 1384 1385
1382 1386 1384
1387 1382 1383
1387 1383 1388
1387 1389 1382
1390 1389 1387
1382 1389 1391
1392 1386 1382
1393 1386 1392
1392 1382 1394
1392 1394 1395
1382 1396 1394
1397 1398 1399
1400 1398 1397
1401 1398 1400
1402 1398 1401
1403 1398 1402
1404 1398 1403
1405 1406 1407
1405 1408 1406
1408 1405 1409
1408 1410 1406
1408 1409 1411
1409 1412 1411
1411 1412 1413
1413 1412 1414
1411 1413 1415
1415 1416 1411
1416 1408 1411
1408 1417 1410
1417 1418 1410
1417 1419 1418
1419 1420 1418
1416 1421 1408
1416 1422 1421
1422 1423 1421
1424 1417 1408
1424 1408 1421
1419 1417 1424
1423 1425 1421
1421 1425 1424
1426 1425 1423
1424 1425 1427
1427 1425 1426
1419 1424 1427
1427 1426 1428
1428 1429 1427
1429 1419 1427
1419 1430 1420
1430 1431 1420
1430 1432 1431
1432 1433 1431
1432 1434 1433
1435 1434 1432
1429 1436 1419
1429 1437 1436
1437 1438 1436
1439 1430 1419
1439 1419 1436
1432 1430 1439
1438 1440 1436
1436 1440 1439
1441 1440 1438
1439 1440 1442
1442 1440 1441
1432 1439 1442
1442 1441 1443
1443 1444 1442
1444 1432 1442
1435 1432 1445
1444 1445 1432
1444 1446 1445
1445 1447 1435
1446 1448 1445
1448 1447 1445
1447 1448 1449
1450 1451 1452
1451 1453 1452
1453 1454 1452
1451 1455 1453
1451 1456 1455
1453 1455 1457
1458 1454 1453
1458 1459 1454
1458 1453 1460
1461 1458 1460
1453 1462 1460
1463 1453 1457
1464 1463 1457
1463 1465 1453
1463 1466 1465
1453 1465 1467
1468 1469 1470
1471 1468 1470
1472 1471 1470
1473 1472 1470
1474 1473 1470
1475 1474 1470
1476 1477 1478
1476 1478 1479
1480 1481 1482
1480 1483 1481
1484 1481 1483
1484 1485 1481
1486 1487 1488
1486 1489 1487
1489 1490 1487
1489 1491 1490
1492 1493 1494
1492 1494 1495
1496 1492 1495
1496 1495 1497
1498 1496 1497
1498 1497 1499
1498 1499 1500
1501 1502 1503
1501 1504 1502
1501 1505 1504
1501 1506 1505
1507 1508 1509
1507 1510 1508
1511 1510 1507
1511 1512 1510
1511 1513 1512
1511 1514 1513
1513 1514 1515
1516 1517 1518
1516 1518 1519
1520 1521 1522
1520 1522 1523
1524 1525 1526
1524 1526 1527
1527 1526 1528
1527 1528 1529
1530 1529 1528
1530 1531 1529
1532 1531 1530
1532 1533 1531
1534 1533 1532
1534 1535 1533
1536 1535 1534
1536 1537 1535
1537 1536 1538
1537 1538 1539
1540 1539 1538
1540 1541 1539
1542 1543 1544
1542 1545 1543
1542 1546 1545
1542 1547 1546
1548 1549 1550
1548 1550 1551
1548 1551 1552
1548 1552 1553
1552 1554 1553
1552 1555 1554
1556 1555 1552
1555 1556 1557
1558 1557 1556
1559 1560 1561
1559 1562 1560
1559 1563 1562
1559 1564 1563
1563 1564 1565
1563 1565 1566
1567 1563 1566
1566 1568 1567
1569 1567 1568
1570 1571 1572
1570 1573 1571
1573 1574 1571
1573 1575 1574
1575 1576 1574
1575 1577 1576
1577 1578 1576
1577 1579 1578
1580 1581 1582
1583 1581 1580
1582 1581 1584
1585 1581 1583
1584 1581 1586
1587 1581 1585
1586 1581 1588
1588 1581 1587
1589 1590 1591
1592 1591 1590
1589 1591 1593
1593 1591 1594
1593 1594 1595
1595 1594 1596
1597 1596 1594
1591 1592 1598
1594 1599 1597
1594 1600 1599
1600 1601 1599
1601 1600 1602
1603 1602 1600
1604 1594 1591
1604 1591 1605
1606 1600 1594
1606 1594 1604
1600 1607 1603
1608 1591 1598
1605 1591 1608
1608 1598 1609
1609 1610 1608
1611 1608 1610
1612 1608 1611
1612 1605 1608
1613 1605 1612
1613 1614 1605
1615 1605 1614
1616 1605 1615
1616 1604 1605
1617 1604 1616
1617 1618 1604
1619 1604 1618
1620 1604 1619
1620 1606 1604
1621 1606 1620
1621 1622 1606
1623 1606 1622
1624 1606 1623
1625 1606 1624
1625 1600 1606
1625 1624 1626
1600 1625 1607
1626 1627 1625
1607 1625 1628
1628 1625 1627
1629 1630 1631
1632 1629 1631
1630 1633 1631
1634 1632 1631
1633 1635 1631
1636 1634 1631
1635 1637 1631
1637 1636 1631
1638 1639 1640
1641 1640 1639
1639 1638 1642
1639 1642 1643
1639 1643 1644
1645 1641 1639
1644 1645 1639
1642 1646 1643
1644 1647 1645
1646 1648 1643
1647 1644 1649
1650 1643 1648
1651 1649 1644
1644 1652 1651
1653 1652 1644
1643 1653 1644
1653 1654 1652
1654 1653 1655
1656 1655 1653
1650 1657 1643
1657 1658 1643
1643 1658 1653
1657 1659 1658
1659 1660 1658
1661 1658 1660
1662 1656 1653
1662 1653 1663
1658 1663 1653
1658 1664 1663
1661 1665 1658
1665 1664 1658
1666 1662 1663
1665 1667 1664
1666 1663 1668
1667 1669 1664
1670 1668 1663
1671 1664 1669
1663 1672 1670
1671 1673 1664
1674 1672 1663
1664 1674 1663
1673 1674 1664
1674 1675 1672
1673 1676 1674
1675 1674 1677
1676 1677 1674
1678 1679 1680
1678 1680 1681
1682 1679 1678
1681 1680 1683
1682 1684 1679
1681 1683 1685
1686 1684 1682
1685 1683 1687
1686 1688 1684
1685 1687 1689
1690 1688 1686
1689 1687 1691
1690 1692 1688
1689 1691 1693
1694 1692 1690
1693 1691 1695
1694 1696 1692
1693 1695 1697
1698 1696 1694
1697 1695 1699
1698 1700 1696
1697 1699 1701
1701 1700 1698
1701 1699 1700
