byte offset: 0
first index: 1875
index count: 360
topology: trianglelist
format: DXGI_FORMAT_R16_UINT

699 700 701
699 701 702
703 704 705
706 707 708
706 708 709
706 709 710
706 710 711
701 712 702
713 714 708
713 708 715
704 703 716
717 709 718
707 701 700
707 700 719
703 701 707
703 707 706
716 703 706
716 706 720
709 708 721
709 721 718
722 710 709
722 709 723
715 708 707
715 707 724
701 703 705
701 705 712
708 714 721
724 707 719
720 706 711
709 717 723
725 726 727
725 727 728
729 730 731
732 733 734
732 734 735
736 733 732
736 732 737
727 726 738
739 740 734
739 734 741
731 742 729
743 744 733
735 745 728
735 728 727
729 732 735
729 735 727
742 746 732
742 732 729
733 744 747
733 747 734
748 749 733
748 733 736
740 750 735
740 735 734
730 729 727
730 727 738
734 747 741
750 745 735
746 737 732
733 749 743
751 752 753
751 753 754
755 756 757
758 759 760
758 760 761
762 759 758
762 758 763
753 752 764
765 766 760
765 760 767
757 768 755
769 770 759
761 771 754
761 754 753
755 758 761
755 761 753
768 772 758
768 758 755
759 770 773
759 773 760
774 775 759
774 759 762
766 776 761
766 761 760
756 755 753
756 753 764
760 773 767
776 771 761
772 763 758
759 775 769
777 778 779
777 779 780
781 782 783
784 785 786
784 786 787
784 787 788
784 788 789
779 790 780
791 792 786
791 786 793
782 781 794
795 787 796
785 779 778
785 778 797
781 779 785
781 785 784
794 781 784
794 784 798
787 786 799
787 799 796
800 788 787
800 787 801
793 786 785
793 785 802
779 781 783
779 783 790
786 792 799
802 785 797
798 784 789
787 795 801
