byte offset: 0
first index: 0
index count: 8700
topology: trianglelist
format: DXGI_FORMAT_R16_UINT

0 1 2
3 4 5
4 6 5
5 6 7
8 9 3
9 4 3
8 10 9
11 10 12
13 14 10
13 10 15
16 7 17
7 18 17
19 20 15
19 15 11
21 20 19
22 23 24
10 14 25
10 25 9
1 26 27
28 23 22
20 29 13
20 13 15
10 11 15
1 27 29
1 29 20
30 18 6
9 25 4
25 31 4
6 4 30
4 31 30
6 18 7
1 20 21
32 23 28
26 1 0
33 34 35
33 35 17
35 16 17
12 10 8
36 37 38
39 40 41
40 42 41
40 43 42
44 39 45
39 41 45
44 45 46
47 48 46
49 50 46
49 46 51
52 53 43
53 54 43
55 47 50
55 50 56
57 55 56
58 59 60
46 45 61
46 61 51
38 62 63
64 58 60
56 50 49
56 49 65
46 50 47
38 56 65
38 65 62
66 42 54
45 41 61
41 67 61
67 41 66
41 42 66
42 43 54
38 57 56
68 64 60
63 36 38
69 70 71
69 53 70
53 52 70
48 44 46
72 73 74
73 75 76
73 76 77
78 79 80
78 80 81
82 83 84
82 84 85
83 86 87
83 87 84
88 89 90
88 90 91
92 93 94
92 94 95
96 97 98
99 100 101
102 103 104
105 106 107
105 107 108
109 110 111
109 111 112
108 107 113
108 113 114
115 116 117
115 117 118
119 120 121
119 121 122
79 123 124
79 124 80
80 124 125
80 125 126
127 128 129
127 129 130
131 129 128
131 128 132
133 134 135
135 76 136
135 136 137
138 139 140
74 140 139
74 139 141
142 143 144
115 145 146
115 146 116
98 97 119
118 147 148
118 148 149
97 87 120
97 120 119
150 122 106
150 106 105
106 122 121
106 121 117
86 151 87
152 153 103
152 103 154
155 156 157
155 157 158
159 160 161
162 163 145
162 145 115
164 165 166
164 166 167
168 169 170
168 170 171
172 173 174
175 176 169
175 169 168
177 178 179
177 179 180
112 111 181
182 183 184
182 184 185
186 187 188
186 188 189
152 190 191
152 191 153
192 193 194
192 194 195
196 197 173
196 173 172
198 199 200
198 200 201
202 203 204
205 206 207
205 207 208
189 188 183
189 183 182
209 210 211
185 184 212
171 170 197
171 197 196
213 214 215
213 215 216
217 218 219
217 219 220
221 222 223
221 223 224
225 226 114
227 228 229
227 229 230
101 132 231
232 233 234
232 234 235
191 190 167
191 167 166
236 237 238
236 238 239
216 215 240
216 240 241
242 243 244
245 144 143
234 246 247
234 247 235
230 229 218
230 218 217
220 219 233
220 233 232
144 146 145
247 246 203
247 203 202
127 248 249
127 249 128
103 102 250
251 252 192
251 192 195
253 254 255
253 255 256
208 207 257
208 257 258
255 254 259
255 259 260
261 262 263
261 263 264
265 151 86
266 267 206
266 206 205
268 269 270
271 119 122
271 122 150
124 123 272
273 271 150
273 150 274
275 276 277
278 228 227
278 227 279
274 150 105
274 105 280
281 98 271
281 271 273
282 108 114
282 114 226
280 105 108
280 108 282
283 284 98
283 98 281
285 286 287
288 253 256
153 289 290
253 288 291
244 243 292
137 131 100
293 140 134
294 295 296
294 296 297
93 125 124
93 124 298
224 223 299
224 299 300
286 301 302
133 100 303
304 125 93
304 93 92
305 306 307
147 151 265
147 265 148
308 309 310
311 165 312
126 125 304
126 304 313
314 94 315
314 315 316
141 139 123
141 123 79
300 299 214
300 214 213
272 123 138
77 140 74
140 77 134
301 133 317
301 138 293
138 286 272
301 286 138
286 285 272
272 285 315
298 272 315
316 315 285
95 94 314
95 314 318
315 94 93
315 93 298
319 320 321
319 321 322
322 321 177
322 177 180
309 311 312
309 312 323
324 165 325
241 240 295
241 295 294
258 257 326
258 326 327
137 136 129
137 129 131
134 77 76
134 76 135
239 238 252
239 252 251
328 329 191
329 330 191
99 331 100
331 303 100
237 236 332
237 332 333
333 332 297
333 297 296
153 191 330
325 165 311
165 164 312
166 165 324
325 311 309
325 309 308
309 323 156
309 156 155
201 200 320
201 320 319
317 133 303
334 99 101
334 101 291
101 253 291
256 335 336
256 336 288
256 255 337
256 337 335
337 255 260
337 260 338
128 249 231
128 231 132
249 259 254
249 254 231
253 101 231
100 131 101
100 133 135
137 100 135
131 132 101
254 253 231
89 260 259
89 259 339
293 134 133
293 138 140
301 293 133
287 286 302
340 285 287
340 316 285
302 301 317
341 242 244
342 244 292
97 96 343
212 344 110
212 110 109
163 142 144
163 144 145
327 326 176
327 176 175
284 345 305
284 305 96
346 347 263
346 263 262
346 348 349
346 349 347
245 114 113
350 345 284
350 284 283
96 305 343
245 225 114
225 245 143
266 351 267
275 187 186
352 275 186
212 184 344
187 275 277
188 187 277
188 277 353
183 188 353
183 353 354
184 355 344
184 183 354
184 354 355
104 103 290
103 153 290
289 153 330
356 102 104
328 191 166
357 328 166
357 166 324
81 80 126
358 126 313
141 72 74
130 129 136
130 136 359
75 360 361
75 361 359
248 362 363
248 363 339
364 352 186
209 172 174
210 209 174
154 103 250
365 154 250
366 367 352
366 352 364
159 209 211
160 159 211
268 159 161
269 268 161
198 268 270
199 198 270
368 82 85
368 85 369
343 305 307
369 85 307
369 307 306
245 113 146
85 84 343
85 343 307
84 87 97
84 97 343
120 87 151
121 120 151
121 151 147
117 121 147
117 147 118
117 116 107
117 107 106
116 146 113
116 113 107
144 245 146
370 371 82
370 82 368
249 248 339
249 339 259
76 75 359
76 359 136
372 130 359
372 359 361
90 89 339
90 339 363
373 362 248
373 248 127
373 127 130
373 130 372
338 260 89
338 89 88
374 375 86
374 86 83
371 374 83
371 83 82
376 360 75
376 75 73
377 376 73
377 73 72
375 265 86
141 79 378
378 377 72
141 378 72
358 81 126
158 379 380
310 309 155
310 155 380
155 158 380
381 382 383
383 382 384
383 384 385
386 387 388
386 388 389
390 391 392
390 392 393
393 392 394
393 394 395
396 397 398
396 398 399
92 95 400
92 400 401
402 403 404
405 406 407
408 409 410
411 412 413
411 413 414
415 416 417
415 417 418
412 419 420
412 420 413
421 422 423
421 423 424
425 426 427
425 427 428
389 388 429
389 429 430
388 431 432
388 432 429
433 434 435
433 435 436
437 438 436
437 436 435
439 440 441
440 442 443
440 443 384
444 445 446
381 447 446
381 446 445
448 449 450
421 424 451
421 451 452
425 403 402
422 421 453
422 453 454
403 425 428
403 428 394
455 411 414
455 414 426
414 423 427
414 427 426
395 394 456
457 458 410
457 410 459
460 158 157
460 157 461
462 463 464
453 421 452
453 452 465
466 467 468
466 468 469
470 471 472
470 472 473
474 475 476
477 470 473
477 473 478
479 480 179
479 179 178
416 481 417
482 483 484
482 484 485
486 487 488
486 488 489
457 459 490
457 490 491
492 493 494
492 494 495
496 474 476
496 476 497
498 499 500
498 500 501
502 503 504
505 506 507
505 507 508
487 482 485
487 485 488
509 510 511
483 512 484
471 496 497
471 497 472
513 514 515
513 515 516
517 518 519
517 519 520
221 521 522
221 522 222
523 419 524
525 526 527
525 527 528
406 529 438
530 531 532
530 532 533
490 468 467
490 467 491
534 535 536
534 536 537
514 538 539
514 539 515
540 541 542
543 450 449
532 531 544
532 544 545
526 517 520
526 520 527
518 530 533
518 533 519
449 452 451
544 502 504
544 504 545
433 436 546
433 546 547
410 548 408
549 493 492
549 492 550
551 552 553
551 553 554
555 556 557
555 557 558
553 559 560
553 560 554
561 562 563
561 563 564
565 395 456
566 505 508
566 508 567
568 569 570
571 455 426
571 426 425
572 573 429
574 575 455
574 455 571
576 577 578
579 580 525
579 525 528
575 581 411
575 411 455
582 574 571
582 571 402
583 524 419
583 419 412
581 583 412
581 412 411
584 582 402
584 402 585
586 587 588
589 552 551
459 590 591
551 592 589
541 593 542
442 407 437
594 441 445
595 596 597
595 597 598
401 572 429
401 429 432
521 599 600
521 600 522
588 601 602
439 603 407
304 92 401
304 401 432
604 605 606
607 608 565
607 565 456
609 610 611
612 613 469
431 313 304
431 304 432
614 615 616
614 616 400
447 389 430
447 430 446
599 513 516
599 516 600
444 446 430
382 381 445
445 441 382
602 617 439
602 594 444
444 573 588
602 444 588
588 573 586
573 616 586
572 616 573
615 586 616
95 318 614
95 614 400
616 572 401
616 401 400
618 619 620
618 620 621
619 480 479
619 479 620
611 622 613
611 613 612
623 624 469
538 595 598
538 598 539
442 437 435
442 435 443
441 440 384
441 384 382
535 549 550
535 550 536
625 490 626
626 490 627
405 407 628
628 407 603
537 629 630
537 630 534
629 597 596
629 596 630
459 627 490
624 612 469
469 613 466
468 623 469
624 609 611
624 611 612
611 461 622
611 460 461
499 618 621
499 621 500
617 603 439
631 406 405
631 592 406
406 592 551
552 589 632
552 632 633
552 633 634
552 634 553
634 635 559
634 559 553
436 438 529
436 529 546
546 529 554
546 554 560
551 529 406
407 406 437
407 440 439
442 440 407
437 406 438
554 529 551
399 636 560
399 560 559
594 439 441
594 445 444
602 439 594
587 601 588
637 587 586
637 586 615
601 617 602
638 541 540
639 593 541
403 640 404
512 415 418
512 418 641
465 452 449
465 449 448
556 477 478
556 478 557
585 404 604
585 604 642
643 564 563
643 563 644
643 644 645
643 645 646
543 420 419
647 584 585
647 585 642
404 640 604
543 419 523
523 450 543
566 567 648
576 486 489
649 486 576
512 641 484
489 577 576
488 650 577
488 577 489
485 651 650
485 650 488
484 641 652
484 652 651
484 651 485
409 590 410
410 590 459
591 627 459
653 409 408
625 468 490
654 468 625
654 623 468
387 431 388
358 313 431
447 381 655
434 656 443
434 443 435
385 656 657
385 657 658
547 636 659
547 659 660
661 486 649
509 475 474
511 475 509
458 548 410
662 548 458
663 661 649
663 649 664
462 510 509
464 510 462
568 463 462
570 463 568
498 569 568
501 569 498
665 666 391
665 391 390
640 605 604
666 606 605
666 605 391
543 451 420
391 605 640
391 640 392
392 640 403
392 403 394
428 456 394
427 607 456
427 456 428
423 422 607
423 607 427
423 414 413
423 413 424
424 413 420
424 420 451
449 451 543
667 665 390
667 390 668
546 560 636
546 636 547
384 443 656
384 656 385
669 657 656
669 656 434
398 659 636
398 636 399
670 433 547
670 547 660
670 669 434
670 434 433
635 396 399
635 399 559
671 393 395
671 395 672
668 390 393
668 393 671
673 383 385
673 385 658
674 655 383
674 383 673
672 395 565
422 454 608
422 608 607
447 675 389
675 655 674
447 655 675
358 431 387
158 676 379
610 460 611
610 676 460
460 676 158
79 78 378
675 386 389
73 77 74
655 381 383
123 139 138
573 444 430
298 124 272
573 430 429
506 555 558
506 558 507
118 149 162
118 162 115
402 404 585
425 402 571
96 98 284
98 119 271
677 678 679
680 681 682
683 684 685
686 687 688
689 690 691
689 691 692
693 694 695
696 697 698
696 698 699
700 679 701
697 696 702
697 702 680
677 703 704
677 704 705
706 707 682
686 682 701
708 709 710
708 710 701
677 705 678
711 695 712
711 712 691
713 714 715
713 715 716
681 717 709
681 709 708
718 719 720
718 720 721
718 721 722
723 724 725
721 720 726
721 726 727
711 691 690
711 728 729
711 729 730
722 731 718
732 712 685
732 685 733
719 713 716
704 734 705
719 705 720
678 735 679
730 693 711
730 736 693
683 685 694
706 737 738
688 739 740
737 741 738
738 741 742
738 742 743
725 714 690
724 723 744
731 745 730
731 730 729
741 746 747
687 686 735
687 735 678
743 706 738
743 680 707
747 698 742
701 679 735
680 702 748
680 682 707
707 706 743
708 682 681
724 715 714
724 714 725
749 739 688
706 682 750
678 705 716
744 749 688
705 719 716
689 725 690
728 690 714
728 714 713
718 731 729
728 713 718
728 718 729
728 711 690
695 711 693
695 685 712
692 691 712
692 712 732
683 751 684
703 677 679
703 679 752
698 697 743
698 743 742
741 747 742
698 747 753
737 706 750
737 750 754
682 686 750
750 686 740
750 740 739
750 739 754
745 736 730
755 756 757
758 759 760
761 762 763
764 765 766
767 768 769
767 769 770
771 772 773
774 775 776
774 776 777
778 779 780
777 758 781
777 781 774
755 782 783
755 784 782
785 759 786
765 787 779
788 779 778
788 778 789
755 757 784
790 768 791
790 791 772
792 793 794
792 794 795
760 788 789
760 789 796
797 795 798
798 722 721
798 721 799
800 801 802
721 727 803
721 803 799
790 769 768
790 804 805
790 805 806
722 798 731
761 791 807
761 807 762
782 784 808
797 799 784
757 756 787
804 790 771
804 771 809
810 773 761
785 811 812
764 766 813
812 811 814
811 815 816
811 816 814
801 769 794
817 818 802
764 817 793
764 793 819
731 805 804
731 804 745
814 820 821
765 819 757
765 757 787
815 811 785
815 758 777
820 816 776
779 787 756
758 760 822
758 786 759
786 815 785
779 788 759
817 801 794
817 794 793
823 764 813
785 824 759
757 792 784
819 793 792
819 792 757
818 817 764
784 792 797
769 801 770
794 769 806
794 806 795
798 805 731
805 798 795
805 795 806
806 769 790
772 771 790
772 761 773
807 791 768
807 768 767
825 810 763
783 826 756
783 756 755
776 816 815
776 815 777
814 816 820
776 775 827
812 828 824
812 824 785
759 824 765
824 766 765
824 828 813
824 813 766
745 804 809
799 797 798
829 830 831
829 831 832
833 834 835
836 837 736
836 736 745
830 833 835
830 835 831
837 836 829
837 829 832
838 839 840
838 840 841
842 843 844
843 845 844
771 846 847
771 847 848
849 850 851
851 852 849
853 854 855
854 856 855
857 858 859
857 859 860
861 862 863
862 864 863
865 866 863
867 854 868
854 853 868
869 870 871
869 871 872
873 842 874
875 876 877
876 878 877
879 880 852
881 882 883
881 883 884
885 886 887
888 889 890
889 891 890
892 893 890
893 888 890
894 895 896
894 896 897
898 899 900
898 900 901
902 903 841
902 841 840
904 905 906
907 908 909
910 911 908
910 908 907
912 913 914
912 914 915
916 917 918
916 918 919
920 921 917
920 917 916
829 847 922
829 922 830
854 867 875
867 923 875
849 852 880
924 925 895
926 864 927
918 917 928
918 928 929
913 918 929
913 929 930
857 900 931
857 931 932
900 899 933
900 933 931
866 923 863
923 934 863
935 861 934
861 863 934
860 859 936
860 936 838
903 898 901
903 901 841
937 875 866
875 923 866
938 859 858
938 858 939
940 936 859
940 859 938
941 942 943
941 943 944
945 946 942
945 942 941
947 948 949
947 949 950
948 951 949
951 952 949
953 954 885
953 885 887
955 891 956
891 889 956
833 957 834
958 877 959
877 878 959
960 961 958
962 873 963
962 963 964
928 917 921
928 921 965
933 966 908
933 908 931
965 921 950
965 950 949
864 862 929
930 939 858
930 858 967
932 911 914
932 914 967
843 842 873
968 871 870
968 870 969
970 971 972
970 972 973
853 874 868
974 961 852
852 851 974
842 844 868
975 942 946
975 946 976
846 771 773
977 978 979
977 979 980
825 951 810
949 952 965
952 927 965
834 950 921
834 921 920
948 947 981
948 981 982
951 948 810
948 982 810
983 984 985
973 972 905
973 905 904
985 984 840
840 984 902
906 985 904
985 906 983
963 873 874
985 975 976
985 976 904
931 908 911
931 911 932
901 860 838
901 838 841
858 857 932
858 932 967
915 914 911
915 911 910
973 869 872
973 872 970
900 857 860
900 860 901
936 943 839
936 839 838
964 968 969
964 969 962
929 862 930
862 939 930
962 969 945
843 941 845
941 944 845
861 935 938
935 940 938
862 861 939
861 938 939
914 913 930
914 930 967
919 918 913
919 913 912
962 843 873
840 839 975
840 975 985
904 976 869
904 869 973
842 868 874
969 870 946
969 946 945
976 946 870
976 870 869
945 941 843
962 945 843
844 867 868
934 844 935
844 845 935
839 943 942
839 942 975
845 944 935
944 940 935
923 867 934
867 844 934
944 943 936
944 936 940
955 956 986
956 987 986
988 977 980
988 980 989
965 927 928
927 864 928
927 952 926
988 989 882
988 882 881
990 991 979
990 979 978
992 993 994
836 745 809
836 809 848
982 981 846
982 846 773
810 982 773
830 922 957
830 957 833
995 996 997
996 998 997
954 953 986
954 986 987
998 999 997
999 886 997
952 1000 1001
959 960 958
894 924 895
1002 1003 1004
1005 1006 1007
1005 1007 1008
1008 1007 1009
1008 1009 1010
1010 1009 1011
1010 1011 1012
897 896 1013
1003 1012 1011
1003 1011 1004
990 1006 1005
990 1005 991
957 922 981
957 981 947
834 957 947
834 947 950
922 847 846
922 846 981
848 847 829
848 829 836
937 866 865
926 1001 865
1001 1014 865
926 865 864
864 865 863
908 966 909
966 1015 909
848 809 771
770 801 800
725 689 1016
1017 1018 1019
1019 1018 1020
1019 1020 1021
1022 1023 1024
1022 1024 1025
1026 1027 1028
1026 1028 1029
1029 1028 1023
1029 1023 1022
1025 1024 1030
1025 1030 1031
1021 1020 1032
1021 1032 1033
1033 1032 1027
1033 1027 1026
1034 1035 1036
1035 1037 1038
1035 1038 1036
1039 1040 1041
1039 1041 1042
1043 1044 1045
1043 1045 1046
1044 1039 1042
1044 1042 1045
1040 1047 1048
1040 1048 1041
1037 1049 1050
1037 1050 1038
1049 1043 1046
1049 1046 1050
720 734 726
705 734 720
808 784 799
808 799 803
698 753 699
753 747 1051
681 748 717
680 748 681
776 827 820
820 827 1052
822 760 796
758 822 781
780 756 826
780 779 756
926 952 1001
960 879 961
1053 994 892
994 893 892
992 994 1053
1016 723 725
744 688 724
801 817 802
818 764 823
688 687 715
688 715 724
715 687 678
715 678 716
686 701 735
765 779 759
708 701 682
788 760 759
743 697 680
815 786 758
719 718 713
797 792 795
686 688 740
764 819 765
928 864 929
684 733 685
761 763 810
695 694 685
772 791 761
1002 897 1013
1002 1013 1003
855 856 1054
856 1055 1054
1054 1055 961
961 974 1054
958 961 1055
958 1055 877
1055 856 877
877 856 875
856 854 875
1056 876 875
937 1056 875
937 865 1014
996 995 883
995 884 883
1000 952 825
825 952 951
1057 1058 1059
1057 1059 1060
1061 1062 1063
1062 1064 1063
1065 1066 1067
1065 1067 1068
1069 1070 1071
1071 1072 1069
1073 1074 1075
1074 1076 1075
1077 1078 1079
1077 1079 1080
1081 1082 1083
1082 1084 1083
1085 1083 1086
1087 1088 1075
1088 1073 1075
1089 1090 1091
1089 1091 1092
1093 1094 1061
1095 1096 1097
1096 1098 1097
1099 1072 1100
1101 1102 1103
1101 1103 1104
1105 1106 1107
1108 1109 1110
1109 1111 1110
1108 1112 1109
1112 1113 1109
1114 1115 1116
1114 1116 1117
1118 1119 1120
1118 1120 1121
1122 1059 1058
1122 1058 1123
1124 1125 1126
1127 1128 1129
1130 1127 1129
1130 1129 1131
1132 1133 1134
1132 1134 1135
1136 1137 1138
1136 1138 1139
1140 1136 1139
1140 1139 1141
1075 1098 1087
1098 1142 1087
1071 1143 1100
1144 1117 1145
1146 1147 1081
1138 1148 1149
1138 1149 1139
1135 1150 1148
1135 1148 1138
1077 1151 1152
1077 1152 1120
1120 1152 1153
1120 1153 1121
1086 1083 1142
1083 1154 1142
1083 1084 1154
1084 1155 1154
1078 1057 1156
1078 1156 1079
1123 1058 1119
1123 1119 1118
1157 1086 1098
1086 1142 1098
1158 1159 1080
1158 1080 1079
1160 1158 1079
1160 1079 1156
1161 1162 1163
1161 1163 1164
1165 1161 1164
1165 1164 1166
1167 1168 1169
1167 1169 1170
1170 1169 1171
1169 1172 1171
1173 1105 1174
1110 1111 1175
1111 1176 1175
1095 1097 1177
1097 1178 1177
1179 1178 1180
1181 1182 1183
1181 1183 1093
1149 1184 1141
1149 1141 1139
1153 1152 1129
1153 1129 1185
1184 1169 1168
1184 1168 1141
1081 1148 1082
1150 1186 1080
1150 1080 1159
1151 1186 1134
1151 1134 1131
1063 1093 1061
1187 1188 1092
1187 1092 1091
1189 1190 1191
1189 1191 1192
1073 1088 1094
1072 1180 1193
1193 1069 1072
1061 1088 1062
1194 1195 1166
1194 1166 1164
1068 1196 1065
1197 1198 1199
1197 1199 1200
1201 1202 1171
1169 1184 1172
1184 1147 1172
1203 1140 1141
1203 1141 1168
1170 1204 1205
1170 1205 1167
1171 1202 1170
1202 1204 1170
1206 1207 1208
1190 1124 1126
1190 1126 1191
1207 1059 1208
1059 1122 1208
1125 1124 1207
1207 1206 1125
1183 1094 1093
1207 1124 1195
1207 1195 1194
1152 1151 1131
1152 1131 1129
1119 1058 1057
1119 1057 1078
1080 1186 1151
1080 1151 1077
1133 1130 1131
1133 1131 1134
1190 1189 1090
1190 1090 1089
1120 1119 1078
1120 1078 1077
1156 1057 1060
1156 1060 1163
1182 1181 1188
1182 1188 1187
1148 1150 1082
1150 1159 1082
1181 1165 1188
1063 1064 1161
1064 1162 1161
1160 1155 1158
1155 1084 1158
1158 1084 1159
1084 1082 1159
1134 1186 1150
1134 1150 1135
1137 1132 1135
1137 1135 1138
1181 1093 1063
1059 1207 1194
1059 1194 1060
1124 1190 1089
1124 1089 1195
1061 1094 1088
1188 1165 1166
1188 1166 1092
1195 1089 1092
1195 1092 1166
1165 1063 1161
1181 1063 1165
1062 1088 1087
1064 1062 1155
1062 1154 1155
1060 1194 1164
1060 1164 1163
1064 1155 1162
1155 1160 1162
1062 1087 1154
1087 1142 1154
1162 1160 1156
1162 1156 1163
1176 1209 1175
1209 1210 1175
1211 1212 1198
1211 1198 1197
1081 1147 1149
1147 1184 1149
1147 1146 1172
1211 1101 1104
1211 1104 1212
1213 1200 1199
1213 1199 1214
1215 1216 1217
1204 1196 1068
1204 1068 1205
1202 1196 1204
1218 1219 1220
1219 1221 1220
1222 1210 1173
1107 1106 1219
1106 1221 1219
1172 1223 1224
1177 1178 1179
1114 1117 1144
1225 1226 1227
1228 1229 1230
1228 1230 1231
1229 1232 1233
1229 1233 1230
1232 1234 1235
1232 1235 1233
1115 1236 1116
1227 1226 1235
1227 1235 1234
1213 1214 1228
1213 1228 1231
1237 1167 1205
1237 1205 1238
1203 1168 1167
1203 1167 1237
1238 1205 1068
1238 1068 1067
1157 1085 1086
1146 1085 1223
1085 1239 1223
1146 1081 1085
1081 1083 1085
1129 1128 1185
1185 1128 1240
1066 1065 1241
1146 1223 1172
1179 1180 1099
1242 1113 1216
1113 1112 1216
1215 1242 1216
1149 1148 1081
1225 1236 1115
1225 1227 1236
1243 1076 1244
1076 1074 1244
1244 1193 1180
1180 1243 1244
1178 1243 1180
1076 1243 1097
1243 1178 1097
1097 1098 1076
1098 1075 1076
1245 1098 1096
1157 1098 1245
1157 1239 1085
1220 1103 1218
1103 1102 1218
1224 1201 1172
1201 1171 1172
1246 1247 1248
1246 1248 1249
1250 1251 1252
1250 1252 1253
1254 1255 1256
1254 1256 1257
1249 1248 1258
1249 1258 1259
1253 1252 1247
1253 1247 1246
1259 1258 1260
1259 1260 1261
1262 1263 1264
1262 1264 1265
1266 1267 1268
1266 1268 1269
1265 1264 1255
1265 1255 1254
1269 1268 1251
1269 1251 1250
1257 1256 1267
1257 1267 1266
1270 1271 1272
1270 1272 1273
1261 1260 1274
1261 1274 1275
1276 1277 1278
1276 1278 1279
1280 1281 1277
1280 1277 1276
1282 1283 1284
1282 1284 1285
1279 1278 1283
1279 1283 1282
1286 1287 1281
1286 1281 1280
1288 1287 1286
1289 1290 1291
1289 1291 1292
1293 1294 1295
1293 1295 1296
1297 1298 1299
1297 1299 1300
1290 1301 1302
1290 1302 1291
1294 1289 1292
1294 1292 1295
1301 1303 1304
1301 1304 1302
1305 1306 1307
1305 1307 1308
1309 1310 1311
1309 1311 1312
1306 1297 1300
1306 1300 1307
1310 1293 1296
1310 1296 1311
1298 1309 1312
1298 1312 1299
1313 1314 1315
1313 1315 1316
1303 1317 1318
1303 1318 1304
1319 1320 1321
1319 1321 1322
1323 1319 1322
1323 1322 1324
1325 1326 1327
1325 1327 1328
1320 1325 1328
1320 1328 1321
1329 1323 1324
1329 1324 1330
1331 1329 1330
1332 1333 1334
1332 1334 1335
1336 1337 1338
1336 1338 1339
1340 1341 1342
1340 1342 1343
1339 1338 1341
1339 1341 1340
1344 1345 1337
1344 1337 1336
1346 1347 1348
1346 1348 1349
1350 1351 1352
1350 1352 1353
1343 1342 1351
1343 1351 1350
1354 1355 1356
1354 1356 1357
1358 1359 1360
1358 1360 1361
1362 1363 1364
1362 1364 1365
1359 1362 1365
1359 1365 1360
1366 1358 1361
1366 1361 1367
1368 1369 1370
1368 1370 1371
1372 1354 1357
1372 1357 1373
1363 1372 1373
1363 1373 1364
1374 1375 1376
1377 1374 1378
1377 1378 1379
1380 1381 1382
1380 1382 1383
1384 1385 1386
1384 1386 1387
1387 1386 1388
1387 1388 1389
1377 1379 1390
1391 1392 1393
1376 1375 1394
1395 1396 1397
1395 1397 1398
1399 1400 1401
1402 1399 1403
1402 1403 1404
1405 1406 1407
1405 1407 1408
1409 1410 1411
1409 1411 1412
1413 1414 1412
1413 1412 1411
1415 1416 1417
1415 1417 1418
1419 1420 1421
1419 1421 1422
1423 1424 1425
1423 1425 1426
1427 1428 1429
1430 1431 1429
1430 1429 1432
1433 1434 1431
1433 1431 1430
1435 1436 1437
1435 1437 1438
1439 1440 1441
1439 1441 1442
1434 1433 1443
1434 1443 1444
1427 1445 1446
1427 1446 1447
1443 1448 1449
1443 1449 1444
1450 1451 1452
1453 1454 1455
1453 1455 1456
1457 1458 1459
1457 1459 1460
1461 1462 1463
1464 1435 1438
1464 1438 1465
1466 1423 1426
1466 1426 1467
1459 1468 1469
1459 1469 1470
1465 1471 1470
1465 1470 1472
1473 1437 1474
1473 1474 1475
1476 1441 1477
1476 1477 1478
1479 1480 1481
1479 1481 1482
1483 1484 1411
1483 1411 1410
1485 1402 1404
1485 1404 1486
1487 1488 1421
1487 1421 1420
1489 1490 1491
1492 1493 1494
1476 1495 1496
1497 1482 1481
1497 1481 1498
1499 1468 1500
1499 1500 1456
1501 1484 1397
1501 1397 1502
1502 1397 1396
1502 1396 1503
1448 1504 1505
1448 1505 1449
1461 1463 1506
1446 1507 1508
1509 1510 1406
1509 1406 1405
1399 1430 1403
1433 1430 1399
1433 1399 1401
1503 1396 1448
1503 1448 1443
1504 1448 1396
1504 1396 1395
1511 1512 1513
1496 1442 1441
1496 1441 1476
1442 1496 1514
1442 1514 1515
1516 1517 1477
1516 1477 1518
1519 1439 1442
1519 1442 1515
1520 1423 1466
1520 1466 1521
1522 1523 1520
1522 1520 1521
1497 1524 1525
1497 1525 1482
1479 1526 1527
1479 1527 1523
1523 1527 1528
1523 1528 1520
1424 1423 1520
1424 1520 1528
1517 1529 1478
1517 1478 1477
1510 1530 1531
1510 1531 1406
1491 1532 1533
1534 1495 1535
1534 1535 1536
1403 1432 1537
1404 1403 1537
1404 1537 1538
1486 1404 1538
1486 1538 1487
1539 1473 1463
1539 1463 1540
1478 1541 1542
1529 1533 1478
1407 1406 1543
1424 1528 1544
1424 1544 1531
1545 1418 1417
1546 1418 1413
1546 1413 1501
1401 1400 1502
1401 1502 1503
1433 1401 1503
1433 1503 1443
1547 1472 1427
1464 1465 1472
1464 1472 1547
1548 1549 1462
1548 1462 1461
1550 1551 1512
1550 1512 1552
1553 1544 1528
1553 1528 1527
1554 1525 1524
1554 1524 1555
1556 1557 1553
1558 1495 1534
1559 1560 1561
1559 1561 1562
1563 1560 1564
1565 1566 1567
1565 1567 1452
1568 1408 1537
1405 1428 1509
1568 1428 1405
1488 1569 1570
1488 1570 1421
1571 1421 1570
1571 1570 1572
1537 1408 1573
1537 1573 1538
1430 1432 1403
1458 1500 1468
1458 1468 1459
1574 1575 1576
1574 1576 1577
1565 1578 1579
1565 1579 1566
1580 1581 1582
1583 1564 1560
1583 1560 1559
1573 1584 1569
1573 1569 1488
1554 1585 1556
1553 1526 1556
1400 1546 1501
1400 1501 1502
1586 1486 1487
1586 1487 1420
1482 1525 1526
1482 1526 1479
1413 1411 1484
1413 1484 1501
1538 1573 1488
1538 1488 1487
1415 1485 1486
1415 1486 1586
1398 1397 1484
1398 1484 1483
1523 1522 1480
1523 1480 1479
1449 1436 1435
1449 1435 1444
1530 1518 1440
1530 1440 1425
1428 1447 1587
1428 1587 1509
1447 1428 1427
1434 1464 1547
1434 1547 1431
1426 1439 1519
1426 1519 1467
1510 1516 1518
1510 1518 1530
1431 1547 1427
1431 1427 1429
1424 1531 1530
1424 1530 1425
1496 1558 1588
1496 1589 1514
1490 1450 1452
1567 1590 1490
1567 1490 1452
1491 1590 1591
1406 1531 1544
1406 1544 1543
1557 1556 1585
1557 1585 1592
1543 1544 1553
1543 1553 1557
1593 1586 1420
1415 1586 1594
1485 1415 1418
1485 1418 1546
1402 1485 1546
1402 1546 1400
1400 1399 1402
1445 1469 1595
1445 1595 1446
1584 1573 1408
1584 1408 1407
1592 1407 1543
1592 1543 1557
1581 1596 1597
1581 1597 1582
1491 1533 1489
1598 1450 1489
1529 1489 1533
1532 1491 1591
1532 1591 1599
1600 1580 1601
1601 1579 1578
1601 1578 1600
1597 1596 1564
1597 1564 1583
1513 1602 1603
1513 1603 1604
1561 1603 1602
1561 1602 1562
1605 1596 1581
1492 1605 1606
1564 1596 1492
1492 1596 1605
1606 1607 1608
1511 1609 1610
1610 1575 1552
1610 1552 1512
1513 1512 1551
1611 1578 1607
1493 1612 1576
1493 1576 1494
1605 1578 1611
1607 1565 1613
1452 1451 1613
1612 1493 1606
1612 1606 1608
1578 1605 1600
1600 1605 1581
1451 1598 1614
1552 1615 1549
1552 1549 1550
1575 1574 1615
1575 1615 1552
1576 1616 1494
1500 1577 1453
1500 1453 1456
1451 1614 1617
1451 1617 1455
1607 1578 1565
1511 1513 1604
1511 1610 1512
1604 1618 1511
1609 1494 1616
1618 1603 1561
1603 1618 1604
1563 1618 1561
1616 1575 1610
1548 1550 1549
1457 1460 1540
1457 1540 1462
1615 1574 1458
1615 1458 1457
1574 1577 1500
1574 1500 1458
1615 1457 1462
1615 1462 1549
1463 1462 1540
1539 1540 1460
1539 1460 1471
1619 1514 1589
1620 1619 1588
1463 1621 1506
1473 1475 1621
1473 1621 1463
1589 1588 1619
1496 1588 1589
1499 1617 1507
1499 1507 1595
1469 1445 1472
1469 1472 1470
1469 1468 1499
1469 1499 1595
1508 1622 1529
1508 1529 1517
1465 1438 1539
1465 1539 1471
1437 1473 1539
1437 1539 1438
1471 1460 1459
1471 1459 1470
1614 1529 1622
1450 1598 1451
1598 1529 1614
1598 1489 1529
1450 1490 1489
1612 1577 1576
1612 1453 1577
1608 1453 1612
1607 1454 1608
1611 1607 1606
1454 1607 1613
1608 1454 1453
1617 1614 1622
1617 1622 1507
1617 1499 1456
1617 1456 1455
1507 1622 1508
1454 1451 1455
1595 1507 1446
1613 1565 1452
1618 1563 1609
1563 1494 1609
1490 1590 1491
1535 1542 1541
1541 1533 1532
1541 1532 1535
1541 1478 1533
1542 1476 1478
1542 1495 1476
1535 1623 1536
1495 1542 1535
1496 1495 1558
1517 1516 1587
1517 1587 1508
1441 1440 1518
1441 1518 1477
1508 1587 1447
1508 1447 1446
1445 1427 1472
1437 1436 1624
1437 1624 1474
1436 1449 1505
1436 1505 1624
1464 1434 1444
1464 1444 1435
1439 1426 1425
1439 1425 1440
1516 1510 1509
1516 1509 1587
1623 1535 1532
1623 1532 1599
1429 1568 1432
1428 1568 1429
1568 1537 1432
1405 1408 1568
1527 1526 1553
1625 1626 1627
1628 1629 1625
1630 1631 1632
1630 1632 1633
1630 1634 1635
1630 1635 1631
1636 1637 1638
1636 1638 1639
1640 1641 1642
1640 1642 1643
1644 1645 1632
1644 1632 1646
1646 1632 1631
1646 1631 1647
1648 1649 1650
1648 1650 1651
1652 1642 1641
1652 1641 1653
1633 1632 1645
1633 1645 1654
1655 1656 1657
1655 1657 1647
1658 1625 1627
1626 1625 1659
1660 1661 1654
1660 1654 1645
1644 1662 1663
1644 1663 1664
1659 1625 1665
1629 1666 1625
1649 1652 1667
1649 1667 1650
1668 1636 1635
1669 1655 1635
1669 1635 1636
1625 1658 1670
1671 1672 1661
1671 1661 1660
1653 1641 1673
1653 1673 1674
1625 1666 1675
1676 1653 1674
1676 1674 1677
1660 1664 1678
1660 1678 1671
1679 1656 1655
1679 1655 1669
1680 1642 1652
1680 1652 1649
1645 1644 1664
1645 1664 1660
1635 1655 1647
1635 1647 1631
1667 1652 1653
1667 1653 1676
1639 1680 1649
1639 1649 1648
1681 1646 1647
1681 1647 1657
1662 1644 1646
1662 1646 1681
1663 1682 1678
1663 1678 1664
1680 1683 1684
1685 1639 1638
1648 1669 1636
1648 1636 1639
1651 1679 1669
1651 1669 1648
1670 1628 1625
1686 1625 1675
1687 1665 1625
1688 1689 1690
1688 1690 1691
1692 1693 1689
1692 1689 1688
1694 1695 1696
1694 1696 1697
1698 1699 1700
1698 1700 1701
1691 1690 1702
1691 1702 1703
1703 1702 1704
1703 1704 1705
1706 1707 1708
1706 1708 1709
1695 1694 1710
1695 1710 1711
1712 1713 1714
1712 1714 1715
1625 1686 1687
1716 1717 1718
1716 1718 1719
1704 1720 1721
1704 1721 1705
1722 1723 1707
1722 1707 1706
1724 1725 1723
1724 1723 1722
1715 1714 1726
1715 1726 1727
1724 1727 1726
1724 1726 1725
1719 1718 1728
1719 1728 1729
1709 1708 1699
1709 1699 1698
1701 1700 1697
1701 1697 1696
1711 1710 1693
1711 1693 1692
1730 1641 1640
1730 1640 1731
1732 1733 1734
1732 1734 1735
1736 1737 1738
1739 1740 1741
1739 1741 1736
1742 1743 1744
1742 1744 1745
1746 1747 1748
1746 1748 1749
1746 1750 1751
1746 1751 1747
1752 1753 1754
1752 1754 1755
1756 1757 1758
1756 1758 1759
1760 1761 1762
1760 1762 1763
1764 1765 1766
1767 1768 1765
1767 1765 1769
1770 1767 1769
1770 1769 1771
1772 1773 1774
1772 1774 1775
1776 1777 1778
1776 1778 1779
1771 1780 1781
1771 1781 1770
1764 1782 1783
1764 1783 1784
1781 1780 1785
1781 1785 1786
1787 1788 1789
1790 1791 1792
1790 1792 1793
1794 1795 1796
1794 1796 1797
1374 1376 1378
1798 1799 1773
1798 1773 1772
1800 1801 1761
1800 1761 1760
1796 1802 1803
1796 1803 1804
1799 1805 1802
1799 1802 1806
1807 1808 1809
1807 1809 1774
1810 1811 1812
1810 1812 1778
1813 1814 1815
1813 1815 1816
1817 1748 1747
1817 1747 1818
1819 1820 1740
1819 1740 1739
1821 1758 1757
1821 1757 1822
1823 1824 1825
1826 1827 1828
1810 1829 1830
1831 1815 1814
1831 1814 1832
1833 1791 1834
1833 1834 1804
1835 1836 1734
1835 1734 1818
1836 1837 1735
1836 1735 1734
1786 1785 1838
1786 1838 1839
1783 1840 1841
1842 1742 1745
1842 1745 1843
1736 1741 1767
1770 1737 1736
1770 1736 1767
1837 1781 1786
1837 1786 1735
1839 1732 1735
1839 1735 1786
1384 1844 1845
1829 1810 1778
1829 1778 1777
1777 1846 1847
1777 1847 1829
1848 1849 1812
1848 1812 1850
1851 1846 1777
1851 1777 1776
1852 1853 1800
1852 1800 1760
1854 1853 1852
1854 1852 1855
1856 1857 1832
1856 1832 1814
1813 1855 1858
1813 1858 1859
1855 1852 1860
1855 1860 1858
1763 1860 1852
1763 1852 1760
1850 1812 1811
1850 1811 1861
1843 1745 1862
1843 1862 1863
1824 1864 1865
1866 1867 1868
1866 1868 1830
1741 1869 1768
1740 1870 1869
1740 1869 1741
1820 1821 1870
1820 1870 1740
1871 1872 1376
1871 1376 1807
1811 1873 1874
1861 1811 1864
1744 1875 1745
1763 1862 1876
1763 1876 1860
1751 1750 1877
1878 1835 1751
1878 1751 1752
1737 1837 1836
1737 1836 1738
1770 1781 1837
1770 1837 1737
1879 1764 1805
1798 1879 1805
1798 1805 1799
1390 1880 1844
1390 1844 1881
1882 1858 1860
1882 1860 1876
1883 1857 1856
1883 1856 1884
1885 1882 1886
1887 1866 1830
1389 1388 1888
1389 1888 1889
1890 1828 1381
1891 1788 1892
1891 1892 1893
1894 1869 1743
1742 1842 1766
1894 1742 1766
1822 1757 1895
1822 1895 1896
1756 1897 1898
1756 1898 1757
1869 1870 1899
1869 1899 1743
1767 1741 1768
1797 1796 1804
1797 1804 1834
1900 1901 1902
1900 1902 1903
1891 1893 1904
1891 1904 1905
1906 1907 1908
1889 1888 1381
1889 1381 1380
1899 1822 1896
1899 1896 1909
1856 1859 1885
1856 1885 1884
1882 1885 1859
1738 1836 1835
1738 1835 1878
1910 1758 1821
1910 1821 1820
1814 1813 1859
1814 1859 1856
1751 1835 1818
1751 1818 1747
1870 1821 1822
1870 1822 1899
1755 1910 1820
1755 1820 1819
1733 1817 1818
1733 1818 1734
1855 1813 1816
1855 1816 1854
1785 1780 1772
1785 1772 1775
1863 1762 1779
1863 1779 1849
1766 1842 1911
1766 1911 1782
1782 1764 1766
1771 1769 1879
1771 1879 1798
1761 1801 1851
1761 1851 1776
1843 1863 1849
1843 1849 1848
1769 1765 1764
1769 1764 1879
1763 1762 1863
1763 1863 1862
1829 1392 1887
1829 1847 1912
1825 1788 1787
1892 1788 1825
1892 1825 1913
1824 1914 1913
1745 1875 1876
1745 1876 1862
1886 1915 1916
1886 1916 1885
1875 1886 1882
1875 1882 1876
1910 1917 1918
1919 1755 1754
1819 1878 1752
1819 1752 1755
1739 1738 1878
1739 1878 1819
1738 1739 1736
1784 1783 1920
1784 1920 1803
1909 1744 1743
1909 1743 1899
1915 1886 1875
1915 1875 1744
1383 1382 1907
1383 1907 1906
1824 1823 1864
1921 1823 1787
1861 1864 1823
1865 1922 1914
1865 1914 1824
1908 1923 1924
1924 1923 1905
1924 1905 1904
1925 1907 1382
1828 1827 1926
1381 1828 1382
1828 1925 1382
1926 1927 1928
1929 1930 1931
1929 1844 1880
1929 1880 1903
1384 1881 1844
1932 1928 1905
1827 1826 1902
1827 1902 1933
1925 1926 1932
1928 1934 1891
1788 1934 1789
1933 1927 1926
1933 1926 1827
1905 1923 1925
1925 1923 1907
1789 1935 1921
1880 1390 1379
1880 1379 1936
1903 1880 1936
1903 1936 1900
1902 1826 1930
1834 1791 1790
1834 1790 1901
1789 1792 1937
1789 1937 1935
1928 1891 1905
1845 1385 1384
1845 1844 1929
1845 1931 1938
1931 1930 1826
1938 1388 1386
1386 1385 1938
1888 1388 1890
1902 1930 1903
1794 1378 1872
1794 1872 1795
1936 1794 1797
1936 1797 1900
1900 1797 1834
1900 1834 1901
1936 1379 1378
1936 1378 1794
1376 1872 1378
1871 1806 1795
1871 1795 1872
1393 1912 1847
1807 1394 1808
1807 1376 1394
1912 1393 1392
1829 1912 1392
1833 1920 1841
1833 1841 1937
1803 1802 1805
1803 1805 1784
1803 1920 1833
1803 1833 1804
1840 1850 1861
1840 1861 1939
1799 1806 1871
1799 1871 1773
1774 1773 1871
1774 1871 1807
1806 1802 1796
1806 1796 1795
1935 1939 1861
1787 1789 1921
1921 1935 1861
1921 1861 1823
1787 1823 1825
1933 1902 1901
1933 1901 1790
1927 1933 1790
1928 1927 1793
1932 1926 1928
1793 1934 1928
1927 1790 1793
1937 1841 1939
1937 1939 1935
1937 1792 1791
1937 1791 1833
1841 1840 1939
1793 1789 1934
1920 1783 1841
1934 1788 1891
1938 1931 1890
1890 1931 1826
1825 1824 1913
1868 1874 1873
1874 1868 1865
1874 1865 1864
1874 1864 1811
1873 1811 1810
1873 1810 1830
1868 1867 1940
1830 1868 1873
1829 1887 1830
1850 1840 1911
1850 1911 1848
1778 1812 1849
1778 1849 1779
1840 1783 1782
1840 1782 1911
1784 1805 1764
1774 1809 1941
1774 1941 1775
1775 1941 1838
1775 1838 1785
1798 1772 1780
1798 1780 1771
1776 1779 1762
1776 1762 1761
1848 1911 1842
1848 1842 1843
1865 1868 1940
1865 1940 1922
1765 1768 1894
1766 1765 1894
1894 1768 1869
1742 1894 1743
1858 1882 1859
1942 1943 1944
1945 1942 1946
1947 1948 1949
1947 1949 1950
1951 1952 1950
1951 1950 1949
1953 1954 1955
1953 1955 1956
1957 1958 1959
1957 1959 1960
1961 1962 1948
1961 1948 1963
1962 1964 1949
1962 1949 1948
1965 1966 1967
1965 1967 1968
1969 1970 1959
1969 1959 1958
1971 1963 1948
1971 1948 1947
1972 1964 1973
1972 1973 1974
1975 1943 1942
1944 1976 1942
1971 1977 1978
1971 1978 1963
1961 1979 1980
1961 1980 1981
1976 1982 1942
1946 1942 1983
1968 1967 1984
1968 1984 1969
1955 1985 1951
1986 1955 1951
1986 1951 1972
1942 1987 1975
1977 1988 1989
1977 1989 1978
1970 1990 1991
1970 1991 1959
1942 1992 1983
1993 1994 1990
1993 1990 1970
1978 1989 1995
1978 1995 1979
1996 1986 1972
1996 1972 1974
1997 1968 1969
1997 1969 1958
1963 1978 1979
1963 1979 1961
1951 1949 1964
1951 1964 1972
1984 1993 1970
1984 1970 1969
1956 1965 1968
1956 1968 1997
1998 1973 1964
1998 1964 1962
1981 1998 1962
1981 1962 1961
1980 1979 1995
1980 1995 1999
2000 1997 1958
1956 1997 2001
1965 1956 1955
1965 1955 1986
1966 1965 1986
1966 1986 1996
1987 1942 1945
2002 1992 1942
2003 1942 1982
2004 2005 2006
2004 2006 2007
2008 2004 2007
2008 2007 2009
2010 2011 2012
2010 2012 2013
2014 2015 2016
2014 2016 2017
2005 2018 2019
2005 2019 2006
2018 2020 2021
2018 2021 2019
2022 2023 2024
2022 2024 2025
2011 2010 2026
2011 2026 2027
2021 2020 2028
2021 2028 2029
2030 2031 2032
2030 2032 2033
1942 2003 2002
2034 2035 2036
2034 2036 2037
2038 2022 2025
2038 2025 2039
2040 2038 2039
2040 2039 2041
2031 2042 2043
2031 2043 2032
2041 2043 2042
2041 2042 2040
2036 2044 2045
2036 2045 2037
2023 2014 2017
2023 2017 2024
2015 2013 2012
2015 2012 2016
2026 2008 2009
2026 2009 2027
1959 1991 2046
1959 2046 2047
1556 1526 1525
1556 1525 1554
1885 1916 1884
1593 2048 1586
1593 1420 1419
1758 1918 1759
1758 1910 1918
1642 1684 1643
1642 1680 1684
2000 2049 1997
2000 1958 1957
1685 1683 1680
1685 1680 1639
1956 2001 1953
1997 2049 2001
1415 1594 1416
1586 2048 1594
1919 1917 1910
1919 1910 1755
1545 1414 1413
1545 1413 1418
1877 1753 1752
1751 1877 1752
1668 1637 1636
1668 1635 1634
1985 1952 1951
1955 1954 1985
1571 2050 1422
1571 1422 1421
1898 2051 1895
1898 1895 1757
1730 2052 1673
1730 1673 1641
1959 2047 2053
1959 2053 1960
1605 1611 1606
1925 1932 1905
1580 1600 1581
1907 1923 1908
1560 1563 1561
1388 1938 1890
1563 1564 1492
1890 1381 1888
1492 1606 1493
1828 1926 1925
1454 1613 1451
1793 1792 1789
1563 1492 1494
1890 1826 1828
2054 2055 2056
2057 2058 2059
2057 2059 2060
2055 2054 2061
2062 2057 2060
2063 2064 2062
2063 2062 2065
2060 2066 2067
2060 2067 2062
2059 2068 2069
2059 2069 2060
2062 2070 2071
2062 2071 2065
2072 2073 2074
2070 2075 2071
2066 2076 2067
2073 2072 2077
2078 2079 2080
2080 2079 2081
2072 2082 2077
2083 2084 2085
2083 2085 2086
2087 2088 2089
2087 2089 2090
2091 2092 2093
2094 2078 2080
2094 2080 2095
2064 2057 2062
2057 2061 2058
2055 2057 2064
2056 2064 2063
2096 2097 2098
2096 2098 2099
2100 2101 2097
2100 2097 2096
2102 2103 2104
2102 2104 2105
2106 2107 2103
2102 2108 2106
2102 2106 2103
2109 2110 2106
2108 2111 2109
2108 2109 2106
2112 2113 2114
2112 2114 2115
2108 2116 2117
2108 2117 2111
2102 2116 2108
2105 2118 2116
2105 2116 2102
2055 2061 2057
2055 2064 2056
2119 2120 2116
2120 2117 2116
2116 2118 2119
2121 2122 2123
2124 2125 2126
2124 2126 2127
2123 2128 2121
2129 2125 2124
2130 2131 2129
2130 2129 2132
2125 2129 2133
2125 2133 2134
2126 2125 2135
2126 2135 2136
2129 2131 2137
2129 2137 2138
2139 2140 2141
2138 2137 2142
2134 2133 2143
2141 2144 2139
2145 2146 2147
2146 2148 2147
2139 2144 2149
2150 2151 2152
2150 2152 2153
2154 2155 2156
2154 2156 2157
2158 2159 2160
2161 2162 2146
2161 2146 2145
2132 2129 2124
2124 2127 2128
2123 2132 2124
2122 2130 2132
2163 2164 2165
2163 2165 2166
2167 2163 2166
2167 2166 2168
2169 2170 2171
2169 2171 2172
2173 2172 2174
2169 2172 2173
2169 2173 2175
2176 2173 2177
2175 2173 2176
2175 2176 2178
2179 2180 2181
2179 2181 2182
2175 2178 2183
2175 2183 2184
2169 2175 2184
2170 2169 2184
2170 2184 2185
2123 2124 2128
2123 2122 2132
2186 2184 2187
2187 2184 2183
2184 2186 2185
1616 1576 1575
1930 1929 1903
1174 1105 1107
886 999 887
1173 1174 1222
1210 1209 1173
849 880 2188
1071 1100 1072
879 852 961
1180 1072 1099
1618 1609 1511
1845 1938 1385
1609 1616 1610
1929 1931 1845
700 752 679
710 700 701
