byte offset: 0
first index: 0
index count: 342
topology: trianglelist
format: DXGI_FORMAT_R16_UINT

0 1 2
1 0 3
1 3 4
3 5 4
6 4 5
7 4 6
8 7 6
7 8 9
10 7 9
10 9 11
10 11 12
13 10 12
13 12 14
13 14 15
13 15 16
16 15 17
16 17 18
17 19 18
20 21 22
22 23 20
22 24 23
23 24 25
26 25 24
27 26 24
28 26 27
27 29 28
30 29 27
30 31 29
30 32 31
33 32 30
33 34 32
33 35 34
33 36 35
36 37 35
36 38 37
37 38 39
40 41 42
41 43 42
40 44 41
44 40 45
44 45 46
46 45 47
46 47 48
49 44 46
46 48 49
41 44 49
49 48 50
41 49 51
41 51 43
50 52 49
51 49 53
43 51 53
43 53 54
52 50 55
56 54 53
57 52 55
52 57 49
57 55 58
57 58 59
56 53 60
53 49 60
60 61 56
57 59 62
62 49 57
63 62 59
63 64 62
62 64 49
65 64 63
65 66 64
66 65 61
49 64 66
60 67 61
60 49 67
66 61 67
67 49 66
68 69 70
70 69 71
68 70 72
72 73 68
72 74 73
74 75 73
74 76 75
77 74 72
74 77 76
70 77 72
77 78 76
70 79 77
70 71 79
78 77 80
79 81 77
71 81 79
71 82 81
80 83 78
84 81 82
85 83 80
80 77 85
85 86 83
85 87 86
84 88 81
81 88 77
88 84 89
85 90 87
90 85 77
91 87 90
91 90 92
90 77 92
93 91 92
93 92 94
94 89 93
77 94 92
88 89 95
88 95 77
94 95 89
95 94 77
