byte offset: 0
first index: 0
index count: 16605
topology: trianglelist
format: DXGI_FORMAT_R16_UINT

0 1 2
2 3 4
5 2 6
7 5 8
9 7 10
9 11 7
9 12 11
13 14 15
16 17 18
18 19 20
18 21 19
22 21 18
23 22 18
23 24 22
25 21 22
22 24 26
25 22 26
25 27 21
21 27 28
21 28 29
30 21 29
26 24 31
25 26 32
31 33 26
32 26 33
25 34 27
25 32 35
34 25 35
31 24 36
24 37 36
24 38 37
39 33 31
40 31 36
40 39 31
33 39 41
41 39 42
42 39 40
33 41 43
40 44 42
33 43 45
32 33 45
46 45 43
40 47 44
47 40 36
47 48 44
32 45 49
46 49 45
47 50 48
51 48 50
47 36 52
52 50 47
36 53 52
36 54 53
51 50 55
55 56 51
55 57 56
55 50 58
52 58 50
59 58 52
57 55 60
55 58 60
61 60 58
57 60 62
61 63 60
62 60 63
62 63 64
64 63 65
65 66 64
67 68 63
69 70 52
71 72 52
71 73 72
74 75 76
77 78 79
80 81 79
80 79 82
83 79 84
83 85 79
85 86 79
85 87 86
85 88 89
85 89 90
91 85 92
91 92 93
94 95 96
97 98 99
100 101 97
100 102 101
103 104 102
103 105 104
106 107 108
109 110 111
112 113 114
115 113 116
115 116 117
118 119 120
119 121 122
123 119 124
124 125 126
127 128 121
127 129 128
129 127 130
129 130 131
132 133 134
135 136 132
135 132 137
138 139 137
138 137 140
141 142 143
144 142 145
144 146 142
147 142 146
147 148 142
147 149 148
147 146 150
147 151 149
147 150 151
152 150 146
146 153 152
146 154 153
155 154 146
151 156 149
150 157 151
156 151 158
157 158 151
152 159 150
150 160 157
159 160 150
156 161 149
162 149 161
162 163 149
164 156 158
165 161 156
165 156 164
158 166 164
166 167 164
167 165 164
158 168 166
165 167 169
158 170 168
157 170 158
170 171 168
165 169 172
172 161 165
172 169 173
174 170 157
170 174 171
172 173 175
175 173 176
172 177 161
175 177 172
178 161 177
178 179 161
175 176 180
180 176 181
180 181 182
180 183 175
175 183 177
184 177 183
182 185 180
180 185 183
186 183 185
182 187 185
186 185 188
188 185 187
188 187 189
189 190 188
191 192 189
193 188 194
195 177 196
197 198 177
197 199 198
200 201 202
203 204 205
204 206 207
204 207 208
209 210 204
209 204 211
211 204 212
211 212 213
211 214 215
211 215 216
217 211 218
217 218 219
220 221 222
223 224 225
226 223 227
226 227 228
229 230 228
229 231 230
232 233 234
235 236 237
238 239 240
241 242 240
243 244 240
243 240 245
246 243 247
246 247 248
246 249 250
250 251 252
250 252 253
254 255 256
254 257 258
254 259 260
254 260 261
262 260 263
262 263 264
263 265 264
265 266 267
265 268 266
268 269 270
268 270 271
272 273 274
275 276 273
275 273 277
273 278 277
279 278 273
280 279 273
280 281 279
282 279 281
282 283 279
283 278 279
277 278 284
285 277 284
285 284 286
287 278 283
284 278 287
288 287 283
288 283 289
290 284 287
290 287 291
292 284 293
294 287 295
296 297 298
299 298 300
299 301 298
298 301 302
303 298 302
304 298 303
304 303 305
306 305 303
306 303 307
307 303 302
301 308 302
309 308 301
309 310 308
311 307 302
308 311 302
312 307 311
312 313 307
314 311 308
314 315 311
316 317 308
318 319 311
320 321 322
323 320 324
323 324 325
323 326 320
327 326 323
326 327 328
326 328 329
328 330 329
331 330 328
332 331 328
332 328 327
332 327 333
333 327 323
332 333 334
335 333 323
335 323 336
334 333 337
334 337 338
339 340 341
342 339 343
342 343 344
342 345 339
346 345 342
345 346 347
345 347 348
347 349 348
350 349 347
351 350 347
351 347 346
351 346 352
352 346 342
351 352 353
354 352 342
354 342 355
353 352 356
353 356 357
358 359 360
361 358 362
361 362 363
361 364 358
365 364 361
364 365 366
364 366 367
366 368 367
369 368 366
370 369 366
370 366 365
370 365 371
371 365 361
370 371 372
373 371 361
373 361 374
372 371 375
372 375 376
377 378 379
380 377 381
380 381 382
381 377 383
377 384 383
380 385 377
385 386 377
385 387 386
380 388 385
388 389 385
388 390 389
391 380 382
380 392 388
391 392 380
392 393 388
388 393 394
388 394 395
396 392 391
392 396 393
382 397 391
396 391 398
398 391 397
396 399 393
396 398 399
393 399 400
393 400 401
382 402 397
402 403 397
402 382 381
398 397 404
403 404 397
405 399 398
406 399 405
399 406 407
399 407 408
398 409 405
398 404 409
404 410 409
410 404 411
403 411 404
410 411 412
412 411 403
410 412 413
412 414 413
412 415 414
414 415 416
414 416 417
416 418 417
416 419 418
412 420 415
415 421 416
415 420 421
412 403 422
412 422 420
421 423 416
423 424 416
403 425 422
426 420 422
422 425 426
425 427 426
426 428 420
421 420 428
427 428 426
403 429 425
402 429 403
429 430 425
425 430 427
429 402 431
429 431 430
402 381 431
432 430 431
381 432 431
430 433 427
432 433 430
432 381 434
381 383 434
421 428 435
427 436 428
435 428 436
437 421 435
438 437 435
421 437 423
435 436 439
439 440 435
439 441 440
427 442 436
439 436 442
427 443 442
427 433 443
439 442 444
444 445 439
444 446 445
442 447 444
447 448 444
447 449 448
443 433 450
433 432 450
443 451 442
442 451 447
452 450 432
432 434 452
450 453 443
443 453 451
452 453 450
454 451 453
452 434 455
383 455 434
452 456 453
454 453 456
457 456 452
457 452 455
454 456 458
456 457 458
451 459 447
447 459 460
447 460 461
451 462 459
454 462 451
462 463 459
463 464 459
463 465 464
462 466 463
454 466 462
466 467 463
467 468 463
467 469 468
454 470 466
466 471 467
470 471 466
454 472 470
454 458 472
471 473 467
473 474 467
473 475 474
471 476 473
470 477 471
477 476 471
477 470 472
477 478 476
477 479 478
479 477 480
477 472 480
480 472 481
479 480 482
480 483 482
480 484 483
480 481 484
484 485 483
484 486 485
481 486 484
487 485 486
487 486 488
481 488 486
487 488 489
481 472 490
472 458 490
490 458 491
491 458 457
481 490 492
490 491 492
493 488 481
481 492 493
491 457 494
494 457 455
495 492 491
495 493 492
493 496 488
497 488 496
497 496 498
493 499 496
500 496 499
500 499 501
502 491 494
495 491 502
495 503 493
493 503 499
504 503 495
505 499 503
503 504 505
499 505 506
499 506 507
508 495 502
504 495 508
505 504 509
505 509 510
505 510 511
504 508 512
509 504 512
508 502 513
512 508 513
509 512 514
515 514 512
514 516 509
516 514 515
517 509 516
517 516 518
512 513 519
515 512 519
520 519 513
520 515 519
521 513 502
520 513 521
521 502 522
502 494 522
522 523 521
520 521 523
524 522 494
522 524 523
516 515 525
526 516 525
526 525 527
515 528 525
529 525 528
529 528 530
520 531 515
515 531 528
520 532 531
520 523 532
531 532 528
533 528 532
533 534 528
523 535 532
524 535 523
536 532 535
536 535 537
538 535 524
539 535 538
539 540 535
541 538 524
524 494 541
494 455 541
542 541 455
383 542 455
543 542 383
543 383 544
542 545 541
545 538 541
545 542 546
545 546 547
538 545 548
538 548 549
550 551 552
377 553 554
555 556 557
558 559 560
561 562 485
563 564 437
437 565 566
566 423 437
566 567 423
567 566 568
567 569 423
570 566 571
423 572 573
574 575 576
577 575 578
579 575 580
581 575 582
583 575 584
585 575 586
587 575 588
589 575 590
590 575 591
592 575 593
592 593 594
595 596 597
598 599 595
598 600 599
599 601 595
595 601 602
598 595 603
603 595 604
603 604 605
598 603 606
606 603 607
606 607 608
609 600 598
598 606 610
609 598 610
610 606 611
606 612 611
606 613 612
614 609 610
610 611 614
600 609 615
614 616 609
616 615 609
614 611 617
614 617 616
611 618 617
611 619 618
600 615 620
620 615 621
620 599 600
616 622 615
621 615 622
623 616 617
624 623 617
617 625 624
617 626 625
616 623 627
616 627 622
622 627 628
628 629 622
621 622 629
628 630 629
630 621 629
628 631 630
630 631 632
630 632 633
632 634 633
632 635 634
634 635 636
634 636 637
630 633 638
633 634 639
633 639 638
630 640 621
630 638 640
639 634 641
641 634 642
621 640 643
644 640 638
640 644 643
643 644 645
644 638 646
639 646 638
645 644 646
621 643 647
620 621 647
647 643 648
643 645 648
647 649 620
647 648 649
620 649 599
650 649 648
599 649 650
648 645 651
650 648 651
650 652 599
599 652 601
639 653 646
645 646 654
653 654 646
655 653 639
656 653 655
639 641 655
653 657 654
657 653 658
657 658 659
645 654 660
657 660 654
645 660 661
645 661 651
657 662 660
662 657 663
662 663 664
660 662 665
665 662 666
665 666 667
661 660 668
660 665 668
661 669 651
651 669 650
669 661 670
661 668 670
671 670 668
672 650 669
672 669 670
650 672 652
671 673 670
672 670 673
672 674 652
601 652 674
675 672 673
675 674 672
671 676 673
673 676 675
668 665 677
665 678 677
665 679 678
668 677 680
671 668 680
680 677 681
681 677 682
681 682 683
680 681 684
671 680 684
684 681 685
685 681 686
685 686 687
671 684 688
684 685 689
688 684 689
671 688 690
671 690 676
689 685 691
691 685 692
691 692 693
689 691 694
688 689 695
695 689 694
695 690 688
695 694 696
695 696 697
697 698 695
695 698 690
698 699 690
697 700 698
698 700 701
698 701 702
698 702 699
702 701 703
702 703 704
699 702 704
705 704 703
705 706 704
699 704 706
705 707 706
699 708 690
690 708 676
708 709 676
709 675 676
699 710 708
708 710 709
711 699 706
699 711 710
709 712 675
712 674 675
713 709 710
713 710 711
711 706 714
715 714 706
715 716 714
711 714 717
718 717 714
718 719 717
720 712 709
713 720 709
713 711 721
711 717 721
722 713 721
723 721 717
721 723 722
717 724 723
717 725 724
726 720 713
722 726 713
723 727 722
723 728 727
723 729 728
722 730 726
727 730 722
726 731 720
730 731 726
727 732 730
733 730 732
732 727 734
734 733 732
735 734 727
735 736 734
730 737 731
733 737 730
738 731 737
738 737 733
739 720 731
738 739 731
739 740 720
720 740 712
740 739 741
738 741 739
742 712 740
740 741 742
734 743 733
744 743 734
744 745 743
733 743 746
747 746 743
747 748 746
738 733 749
733 746 749
738 749 750
738 750 741
749 746 750
751 750 746
751 746 752
741 750 753
742 741 753
754 753 750
754 755 753
756 742 753
757 756 753
757 753 758
759 742 756
742 759 712
712 759 674
760 674 759
601 674 760
761 601 760
761 762 601
760 759 763
763 759 756
763 764 760
763 765 764
756 766 763
756 767 766
768 769 770
595 771 772
773 774 775
776 777 778
779 703 780
781 782 783
784 785 783
786 787 783
788 789 783
790 791 783
792 793 783
794 795 783
796 797 783
797 798 783
799 800 783
799 801 800
802 803 804
805 806 804
804 641 805
805 641 807
804 655 641
655 804 808
641 809 810
811 655 812
813 814 815
814 816 817
814 818 819
814 819 820
814 820 821
821 822 814
822 823 814
824 820 819
824 819 825
826 821 820
826 820 824
826 824 827
828 827 824
829 828 824
829 830 828
827 831 826
826 831 832
831 833 832
832 833 834
832 834 835
836 826 832
826 836 821
836 832 837
837 832 838
837 838 839
840 821 836
840 836 837
840 841 821
840 842 841
841 822 821
843 822 841
841 842 843
844 822 843
840 837 845
845 837 846
845 846 847
840 848 842
848 840 845
843 842 849
849 850 843
849 842 851
848 845 852
845 853 852
845 854 853
848 855 842
856 848 852
848 856 855
842 855 857
842 857 858
859 849 858
856 852 860
852 861 860
852 862 861
863 855 856
863 856 860
855 864 857
855 863 864
865 857 864
865 864 866
863 860 867
867 860 868
867 868 869
864 863 870
870 863 867
864 870 871
871 872 864
871 873 872
870 867 874
875 874 867
875 867 876
871 870 877
878 870 874
878 877 870
879 878 874
879 874 880
871 877 881
881 882 871
881 883 882
877 878 884
885 884 878
885 878 886
881 877 887
877 884 887
881 887 888
888 889 881
888 890 889
887 884 891
892 891 884
892 884 893
887 894 888
887 891 894
888 894 895
888 895 896
897 894 891
894 897 898
898 899 894
898 900 899
897 891 901
901 891 902
901 902 903
904 898 897
904 905 898
904 897 906
906 897 901
906 907 904
906 908 907
906 901 909
910 906 909
911 910 909
912 909 901
912 901 913
898 914 915
916 917 904
916 918 917
919 920 909
919 909 921
922 923 924
925 926 927
925 928 929
925 930 931
932 925 933
932 934 925
934 935 925
934 936 937
934 938 939
940 941 934
942 934 941
943 941 944
945 946 947
948 949 950
951 952 953
954 955 956
955 957 958
959 955 960
960 961 962
961 963 955
961 955 964
964 955 965
966 961 964
966 967 961
968 969 964
968 964 970
971 970 964
971 972 970
970 973 974
970 975 973
976 973 975
976 977 973
970 978 975
979 978 970
975 978 980
981 976 975
976 981 982
976 982 983
984 975 985
978 986 987
988 976 989
990 991 978
990 978 992
993 976 994
976 995 994
996 997 998
999 996 1000
999 1000 1001
1002 1003 1004
1005 1006 1004
1005 1007 1006
1008 1009 1010
1011 1012 1010
1011 1013 1012
1014 1015 1016
1017 1018 843
1019 857 1020
1021 819 1022
1023 1024 1025
1026 1027 1024
1028 1024 1027
1027 1029 1028
1028 1030 1024
1030 1028 1031
1028 1032 1031
1033 1024 1030
1033 1034 1024
1035 1024 1034
1035 1034 1036
1033 1037 1034
1033 1038 1037
1033 1030 1039
1039 1040 1033
1039 1041 1040
1039 1030 1042
1042 1030 1031
1039 1042 1043
1039 1043 1044
1042 1031 1045
1045 1046 1042
1045 1047 1046
1048 1045 1031
1048 1031 1049
1031 1050 1051
1052 1053 1054
1034 1055 1056
1027 1057 1058
1027 1059 1060
1027 1061 1062
1027 1062 1063
1064 1065 1066
1067 1064 1068
1069 1070 1064
1071 1072 1064
1071 1064 1073
1073 1064 1074
1073 1074 1075
1076 1071 1073
1076 1077 1071
1071 1078 1079
1071 1079 1080
1081 1071 1080
1081 1080 1082
1083 1084 1080
1083 1080 1085
1083 1085 1086
1087 1083 1088
1083 1089 1090
1083 1090 1091
1092 1093 1094
1092 1095 1096
1092 1096 1097
1098 1092 1097
1098 1099 1092
1098 1097 1100
1100 1097 1101
1100 1101 1102
1100 1102 1103
1100 1103 1104
1098 1100 1105
1104 1105 1100
1098 1105 1106
1098 1106 1107
1098 1107 1108
1106 1109 1107
1110 1105 1104
1104 1111 1110
1104 1112 1111
1106 1105 1113
1110 1113 1105
1106 1114 1109
1106 1113 1114
1109 1114 1115
1109 1115 1116
1115 1117 1116
1113 1118 1114
1118 1115 1114
1115 1119 1117
1119 1115 1118
1119 1120 1117
1119 1121 1120
1122 1113 1110
1122 1118 1113
1110 1123 1122
1110 1124 1123
1118 1125 1119
1118 1122 1125
1126 1119 1125
1126 1127 1119
1125 1122 1128
1125 1128 1129
1122 1130 1131
1125 1132 1133
1134 1135 1125
1136 1137 1097
1138 1139 1140
849 1141 1142
1143 1144 1145
1146 1145 1147
1148 1149 1145
1148 1145 1150
1151 1152 1153
1154 1152 1155
1154 1155 1156
1028 1157 1158
1159 1160 1161
1162 1163 1164
1165 1166 1163
1167 1168 1166
1167 1169 1168
1170 1171 1172
1173 1174 1175
1176 1174 1177
1178 1174 1179
1180 1174 1181
1182 1174 1183
1184 1174 1185
1186 1174 1187
1188 1174 1189
1190 1174 1191
1192 1174 1193
1194 1195 1196
1197 1198 1196
1199 1200 1196
1201 1202 1196
1203 1204 1196
1205 1206 1196
1207 1208 1196
1209 1210 1196
1211 1212 1196
1213 1214 1196
1215 1216 1217
1218 1219 1215
1219 1220 1221
1219 1222 1223
1223 1224 1219
1225 1224 1223
1225 1226 1224
1226 1225 1227
1227 1228 1226
1227 1229 1228
1223 1230 1225
1225 1230 1227
1223 1231 1230
1229 1227 1232
1232 1233 1229
1233 1232 1234
1233 1234 1235
1235 1234 1236
1237 1232 1227
1232 1237 1234
1234 1237 1238
1239 1238 1237
1227 1240 1237
1227 1230 1240
1239 1237 1241
1241 1237 1240
1242 1240 1230
1241 1240 1243
1242 1243 1240
1244 1242 1230
1244 1230 1245
1241 1246 1239
1243 1247 1241
1241 1247 1246
1248 1243 1242
1243 1249 1247
1248 1249 1243
1249 1250 1247
1246 1247 1250
1242 1244 1251
1242 1251 1248
1252 1249 1248
1250 1249 1252
1253 1248 1251
1252 1248 1253
1254 1239 1246
1254 1255 1239
1256 1239 1255
1254 1257 1255
1258 1254 1246
1246 1250 1258
1259 1257 1254
1258 1259 1254
1259 1260 1257
1261 1260 1259
1261 1262 1260
1263 1259 1258
1263 1261 1259
1258 1250 1264
1264 1263 1258
1264 1250 1265
1250 1252 1265
1266 1264 1265
1266 1263 1264
1252 1266 1265
1267 1262 1261
1267 1268 1262
1269 1268 1267
1269 1270 1268
1271 1261 1263
1266 1271 1263
1266 1252 1272
1272 1252 1253
1261 1273 1267
1261 1271 1273
1274 1271 1266
1272 1274 1266
1273 1271 1274
1275 1267 1273
1275 1276 1267
1272 1253 1277
1272 1278 1274
1278 1272 1277
1273 1274 1279
1274 1278 1279
1280 1273 1279
1280 1281 1273
1282 1279 1278
1282 1283 1279
1277 1253 1284
1253 1251 1284
1285 1282 1278
1278 1277 1285
1282 1285 1286
1287 1284 1251
1287 1251 1244
1287 1244 1288
1289 1288 1244
1288 1290 1287
1287 1290 1291
1287 1291 1292
1287 1292 1284
1292 1291 1293
1277 1284 1294
1294 1284 1292
1292 1293 1295
1294 1292 1295
1295 1293 1296
1297 1277 1294
1295 1297 1294
1297 1285 1277
1295 1296 1298
1297 1295 1298
1298 1296 1299
1298 1299 1300
1297 1298 1301
1285 1297 1301
1302 1301 1298
1302 1303 1301
1304 1285 1301
1304 1305 1285
1223 1306 1307
1308 1309 1310
1311 1308 1235
1235 1312 1313
1234 1314 1315
1316 1317 1318
1319 1320 1317
1319 1321 1320
1320 1322 1317
1322 1323 1317
1320 1324 1322
1324 1325 1322
1322 1325 1326
1322 1326 1327
1320 1328 1324
1324 1329 1325
1330 1324 1328
1330 1329 1324
1325 1329 1331
1326 1325 1332
1325 1331 1332
1330 1333 1329
1333 1331 1329
1330 1328 1334
1330 1335 1333
1330 1334 1335
1333 1336 1331
1333 1335 1336
1337 1334 1328
1328 1320 1337
1331 1338 1332
1331 1336 1338
1336 1339 1338
1340 1336 1335
1336 1340 1339
1334 1341 1335
1337 1341 1334
1332 1338 1342
1339 1342 1338
1335 1343 1340
1335 1341 1343
1344 1337 1320
1345 1344 1320
1345 1320 1346
1347 1341 1337
1344 1347 1337
1341 1348 1343
1347 1348 1341
1343 1349 1340
1348 1349 1343
1347 1350 1348
1350 1347 1344
1348 1350 1349
1339 1340 1351
1340 1349 1351
1350 1344 1352
1353 1352 1344
1353 1354 1352
1349 1355 1351
1350 1356 1349
1349 1356 1355
1339 1351 1357
1355 1357 1351
1358 1350 1352
1350 1358 1356
1359 1339 1357
1355 1360 1357
1359 1357 1360
1356 1361 1355
1360 1355 1361
1358 1362 1356
1356 1362 1361
1358 1363 1362
1358 1352 1364
1365 1358 1364
1366 1364 1352
1366 1352 1367
1359 1368 1339
1339 1368 1342
1360 1361 1369
1362 1370 1361
1369 1361 1370
1371 1370 1362
1369 1370 1372
1369 1373 1360
1359 1360 1373
1374 1369 1372
1369 1374 1373
1374 1372 1375
1376 1374 1375
1376 1377 1374
1378 1377 1376
1374 1379 1373
1374 1377 1379
1373 1380 1359
1379 1380 1373
1378 1381 1377
1382 1381 1378
1379 1377 1383
1381 1383 1377
1382 1384 1381
1384 1382 1385
1380 1386 1359
1359 1386 1368
1387 1380 1379
1387 1379 1383
1381 1388 1383
1388 1381 1384
1384 1385 1389
1390 1389 1385
1391 1386 1380
1391 1380 1387
1368 1386 1392
1392 1386 1391
1393 1383 1388
1393 1387 1383
1394 1387 1393
1388 1384 1395
1395 1393 1388
1395 1384 1389
1390 1396 1389
1396 1390 1397
1387 1398 1391
1394 1398 1387
1395 1399 1393
1399 1394 1393
1395 1389 1400
1396 1400 1389
1399 1395 1400
1396 1397 1401
1402 1401 1397
1396 1403 1400
1401 1403 1396
1399 1400 1404
1404 1400 1403
1405 1391 1398
1391 1405 1392
1406 1394 1399
1404 1406 1399
1402 1407 1401
1401 1408 1403
1407 1408 1401
1404 1403 1409
1409 1403 1408
1402 1410 1407
1402 1411 1410
1412 1410 1411
1412 1411 1413
1414 1412 1413
1414 1413 1415
1416 1407 1410
1412 1416 1410
1407 1417 1408
1416 1417 1407
1418 1404 1409
1409 1408 1419
1409 1419 1418
1420 1408 1417
1420 1419 1408
1421 1417 1416
1421 1420 1417
1418 1422 1404
1404 1422 1406
1423 1406 1422
1394 1406 1423
1424 1422 1418
1423 1422 1424
1419 1420 1425
1418 1419 1426
1419 1425 1426
1427 1420 1421
1427 1425 1420
1424 1418 1428
1418 1426 1428
1429 1426 1425
1429 1430 1426
1426 1430 1428
1425 1431 1429
1425 1427 1431
1428 1430 1432
1432 1424 1428
1432 1433 1424
1433 1423 1424
1434 1431 1427
1433 1435 1423
1434 1427 1436
1436 1437 1434
1436 1438 1437
1421 1436 1427
1439 1423 1435
1439 1435 1440
1439 1394 1423
1441 1439 1440
1421 1442 1436
1443 1436 1442
1443 1442 1444
1442 1421 1416
1394 1439 1445
1441 1445 1439
1394 1445 1398
1442 1416 1446
1446 1447 1442
1446 1448 1447
1412 1446 1416
1412 1449 1446
1412 1450 1449
1451 1398 1445
1405 1398 1451
1445 1441 1452
1451 1445 1452
1453 1452 1441
1453 1451 1452
1454 1405 1451
1453 1454 1451
1453 1455 1454
1441 1456 1453
1453 1456 1455
1441 1457 1456
1456 1457 1458
1456 1458 1459
1456 1459 1455
1460 1459 1458
1454 1461 1405
1405 1461 1392
1462 1461 1454
1455 1462 1454
1392 1461 1463
1463 1461 1462
1463 1368 1392
1342 1368 1463
1464 1342 1463
1463 1462 1464
1460 1465 1459
1465 1460 1466
1464 1467 1342
1332 1342 1467
1465 1466 1468
1468 1466 1469
1470 1468 1469
1471 1470 1469
1472 1465 1468
1472 1468 1470
1473 1459 1465
1472 1473 1465
1471 1474 1470
1474 1471 1475
1473 1476 1459
1455 1459 1476
1476 1473 1477
1472 1477 1473
1472 1470 1478
1474 1478 1470
1474 1475 1479
1479 1475 1480
1476 1481 1455
1476 1477 1481
1472 1482 1477
1482 1472 1478
1474 1483 1478
1479 1483 1474
1479 1480 1484
1485 1484 1480
1485 1486 1484
1487 1482 1478
1487 1478 1483
1488 1477 1482
1487 1488 1482
1484 1489 1479
1479 1489 1483
1481 1477 1490
1488 1490 1477
1487 1483 1491
1491 1483 1489
1484 1492 1489
1492 1484 1493
1492 1493 1494
1491 1489 1495
1492 1495 1489
1487 1491 1496
1495 1496 1491
1497 1488 1487
1487 1496 1497
1490 1488 1498
1497 1498 1488
1492 1499 1495
1499 1492 1500
1499 1500 1501
1495 1499 1502
1502 1499 1503
1502 1503 1504
1495 1505 1496
1495 1502 1505
1506 1497 1496
1506 1496 1505
1506 1507 1497
1498 1497 1507
1506 1505 1508
1502 1508 1505
1502 1509 1508
1510 1509 1502
1510 1511 1509
1498 1507 1512
1512 1513 1498
1512 1514 1513
1490 1498 1513
1514 1515 1513
1514 1516 1515
1517 1490 1513
1517 1513 1515
1481 1490 1517
1518 1515 1516
1518 1516 1519
1517 1520 1481
1481 1520 1455
1455 1520 1462
1521 1517 1515
1521 1515 1518
1517 1521 1520
1519 1522 1518
1519 1523 1522
1518 1524 1521
1520 1521 1524
1518 1522 1524
1525 1462 1520
1520 1524 1525
1464 1462 1525
1526 1525 1524
1526 1464 1525
1526 1524 1522
1526 1467 1464
1522 1467 1526
1523 1527 1522
1522 1527 1467
1523 1528 1527
1529 1527 1528
1467 1527 1530
1529 1530 1527
1467 1530 1332
1530 1529 1531
1326 1332 1530
1530 1531 1326
1326 1531 1532
1326 1532 1533
1534 1535 1364
1536 1282 1537
1282 1538 1539
1540 1362 1541
1542 1543 1544
1542 1545 1543
1545 1542 1546
1547 1546 1542
1547 1542 1548
1548 1542 1549
1548 1549 1550
1548 1551 1547
1548 1552 1551
1553 1552 1548
1553 1554 1552
1555 1546 1547
1547 1551 1556
1547 1556 1555
34 1551 1552
34 1552 27
27 1552 1557
27 1557 1558
1559 1551 34
1559 1556 1551
34 35 1559
1560 1556 1559
1561 1555 1556
1561 1556 1560
1560 1562 1561
1560 1559 1563
1563 1559 35
1560 1564 1562
1563 1564 1560
1565 1555 1561
1561 1562 1566
1561 1566 1565
1565 1567 1555
1555 1567 1546
1568 1546 1567
1545 1546 1568
1568 1569 1545
1568 1570 1569
1563 35 1571
1563 1572 1564
1571 1572 1563
35 1573 1571
35 32 1573
32 49 1573
1571 1574 1572
1574 1571 1573
1572 1574 1575
1576 1564 1572
1572 1575 1576
1574 1573 1577
1575 1574 1577
1573 49 1578
1578 1577 1573
1576 1579 1564
1576 1580 1579
1562 1564 1579
1575 1581 1576
1576 1581 1580
49 1582 1578
1582 49 46
1582 46 1583
1582 1583 1584
1585 1582 1584
1586 1585 1584
1582 1587 1578
1582 1585 1587
1586 1588 1585
1587 1585 1588
1589 1588 1586
1589 1590 1588
1591 1590 1589
1591 1592 1590
1593 1588 1590
1587 1588 1593
1594 1590 1592
1593 1590 1594
1594 1592 1595
1596 1594 1595
1597 1578 1587
1577 1578 1597
1593 1598 1587
1597 1587 1598
1599 1597 1598
1577 1597 1600
1599 1600 1597
1575 1577 1600
1596 1601 1594
1602 1601 1596
1602 1603 1601
1594 1604 1593
1593 1604 1598
1594 1601 1604
1603 1605 1601
1605 1604 1601
1603 1606 1605
1605 1606 1607
1604 1608 1598
1599 1598 1608
1605 1609 1604
1604 1609 1608
1605 1607 1610
1605 1610 1609
1610 1607 1611
1610 1611 1612
1612 1609 1610
1611 1613 1612
1608 1609 1614
1612 1614 1609
1613 1615 1612
1612 1615 1614
1615 1613 1616
1615 1616 1617
1617 1618 1615
1618 1614 1615
1617 1619 1618
1620 1618 1619
1608 1614 1621
1621 1599 1608
1620 1622 1618
1622 1620 1623
1622 1623 1624
1618 1625 1614
1622 1625 1618
1625 1621 1614
1626 1622 1624
1622 1626 1625
1626 1624 1627
1625 1628 1621
1626 1628 1625
1629 1626 1627
1626 1629 1628
1629 1627 1630
1629 1630 1631
1631 1628 1629
1632 1631 1630
1631 1632 171
1631 171 174
1633 1621 1628
1621 1633 1599
1631 1634 1628
174 1634 1631
1633 1628 1634
1635 1634 174
174 157 1635
1635 157 160
1636 1633 1634
1634 1635 1636
1599 1633 1637
1636 1637 1633
1599 1637 1638
1599 1638 1600
1638 1639 1600
1638 1637 1639
1639 1575 1600
1636 1640 1637
1640 1639 1637
1639 1641 1575
1640 1641 1639
1575 1641 1581
1642 1581 1641
1642 1641 1640
1580 1581 1642
1635 1643 1636
1636 1643 1640
1635 1644 1643
1635 160 1644
1645 1640 1643
1645 1643 1644
1645 1642 1640
1646 1644 160
1645 1644 1646
1647 1642 1645
1646 1647 1645
1646 160 1648
159 1648 160
1580 1642 1649
1647 1649 1642
1649 1647 1650
1646 1651 1647
1648 1651 1646
1650 1647 1651
1580 1649 1652
1649 1650 1652
1653 1648 159
1648 1654 1651
1653 1654 1648
1650 1651 1655
1655 1651 1654
1656 1653 159
1656 159 152
152 1657 1656
152 1658 1657
1659 1654 1653
1660 1653 1656
1660 1659 1653
1656 1661 1660
1656 1662 1661
1655 1654 1663
1659 1663 1654
1659 1660 1664
1660 1665 1664
1660 1666 1665
1667 1663 1659
1659 1664 1667
1668 1655 1663
1667 1669 1663
1668 1663 1669
1670 1655 1668
1655 1670 1650
1671 1667 1664
1672 1671 1664
1672 1664 1673
1669 1667 1674
1671 1674 1667
1675 1674 1671
1675 1671 1676
1669 1674 1677
1677 1674 1678
1677 1678 1679
1668 1669 1680
1669 1677 1680
1681 1680 1677
1681 1677 1682
1680 1683 1668
1668 1683 1670
1684 1683 1680
1684 1680 1685
1686 1670 1683
1686 1650 1670
1650 1686 1687
1650 1687 1652
1686 1683 1688
1689 1688 1683
1689 1683 1690
1691 1686 1688
1691 1687 1686
1692 1691 1688
1692 1688 1693
1652 1687 1694
1695 1687 1691
1695 1694 1687
1696 1695 1691
1696 1691 1697
1652 1694 1698
1580 1652 1698
1699 1580 1698
1699 1698 1694
1699 1579 1580
1562 1579 1699
1699 1694 1700
1700 1694 1695
1562 1699 1700
1700 1695 1701
1701 1695 1702
1701 1702 1703
1562 1700 1704
1701 1704 1700
1704 1566 1562
1701 1705 1704
1705 1701 1706
1705 1706 1707
1708 1566 1704
1708 1704 1705
1708 1705 1709
1708 1709 1710
1565 1566 1708
1711 1565 1708
1711 1708 1712
1711 1712 1713
1565 1711 1567
1567 1711 1714
1714 1711 1715
1714 1715 1716
1568 1567 1714
1568 1714 1717
1568 1717 1718
1545 1719 1720
1545 1720 1721
1722 1723 1724
1722 1724 1725
1726 1727 1728
1726 1728 1729
1730 1731 1732
1730 1732 1733
1734 1735 1736
1734 1736 1737
1738 1739 1740
1738 1741 1739
1742 1743 1741
1742 1741 1744
1745 1746 1747
1745 1748 1746
1749 1748 1750
1749 1751 1748
1746 1752 1753
1746 1754 1752
1755 1756 1751
1755 1751 1757
1758 1759 1754
1758 1760 1759
1761 1758 1762
1761 1762 1763
1764 1762 1765
1764 1765 1766
1767 1768 1769
1767 1769 1770
1771 1772 1773
1771 1773 1774
1775 1776 1777
1775 1777 1778
1779 1777 1780
1779 1781 1777
1782 1781 1783
1782 1784 1781
1785 1786 1784
1785 1787 1786
1788 1786 1789
1788 1789 1790
1791 1792 1788
1791 1793 1792
1794 1795 1792
1794 1796 1795
1797 1798 1795
1797 1799 1798
1798 1800 1801
1798 1801 1802
1802 1803 1804
1802 1804 1805
1805 1806 1807
1805 1807 1808
1809 1808 1810
1809 1811 1808
1811 1812 1813
1811 1813 1814
1815 1816 1814
1815 1817 1816
1818 1819 1816
1818 1820 1819
1819 1821 1822
1819 1822 1823
1824 1825 1826
1824 1826 1827
1828 1829 1830
1828 1830 1831
1832 1833 1834
1832 1834 1835
1836 1837 1838
1836 1838 1839
1840 1841 1842
1840 1842 1843
1671 1844 1845
1671 1845 1846
1847 1848 1849
1847 1849 1850
1851 1852 1853
1851 1853 1854
1855 1856 1857
1855 1857 1858
1859 1860 1861
1859 1861 1862
1863 1864 1862
1863 1862 1865
1866 1867 1868
1866 1868 1869
1868 1870 1871
1868 1871 1872
1873 1874 1869
1873 1869 1875
1876 1877 1875
1876 1875 1878
1879 1872 1880
1879 1880 1881
1882 1883 1879
1882 1884 1883
1885 1886 1883
1885 1887 1886
1888 1889 1890
1888 1890 1891
1892 1893 1894
1892 1894 1895
1896 1897 1898
1896 1898 1899
1900 1901 1902
1900 1902 1903
1904 1905 1906
1904 1906 1907
1908 1909 1910
1908 1910 1911
1912 1913 1914
1912 1914 1915
1916 1917 1918
1916 1918 1919
1920 1921 1922
1920 1923 1921
1920 1924 1923
1920 1925 1924
1920 1926 1927
1920 1927 1928
1928 1929 1920
1928 1930 1929
1931 1930 1928
1931 1932 1930
1928 1933 1931
1928 1934 1933
1923 1935 1936
1923 1937 1935
1923 1938 1937
1923 1939 1938
1937 1938 1940
1937 1940 1941
1941 1942 1937
1941 1943 1942
1944 1945 1941
1944 1946 1945
1947 1944 1941
1947 1948 1944
1949 1950 1944
1949 1951 1950
1952 1949 1944
1952 1953 1949
1949 1953 1954
1949 1954 1955
1955 1956 1949
1955 1957 1956
1958 1959 1955
1958 1960 1959
1961 1958 1955
1961 1962 1958
1963 1964 1965
1963 1965 1966
1963 1966 1967
1966 1968 1967
1968 1969 1967
1968 1970 1969
1968 1971 1970
1968 1972 1971
1963 1967 1973
1973 1967 1974
1973 1974 1975
1976 1963 1973
1976 1977 1963
1976 1978 1977
1976 1979 1978
1976 1980 1979
1976 1973 1981
1980 1976 1981
1981 1973 1982
1981 1982 1983
1980 1981 1984
1984 1981 1985
1984 1985 1986
1987 1980 1984
1987 1984 1988
1987 1988 1989
1987 1989 1990
1987 1990 1991
1991 1992 1987
1987 1992 1980
1991 1993 1992
1992 1993 1994
1992 1994 1995
1980 1992 1996
1980 1996 1997
1966 1998 1999
1966 1999 2000
1966 2000 1968
1968 2000 2001
1968 2001 1972
2000 2002 2001
2000 2003 2002
1972 2001 2004
2001 2005 2004
2001 2006 2005
1972 2004 2007
1972 2007 2008
1972 2008 2009
2004 2010 2007
2010 2011 2007
2010 2012 2011
2004 2013 2010
2013 2004 2014
2013 2014 2015
2016 2017 2018
2016 2018 2019
2019 2018 2020
2019 2020 2021
2022 2023 2018
2022 2024 2023
2023 2025 2018
2023 2026 2025
2027 2028 2019
2027 2029 2028
2027 2019 2030
2027 2030 2031
2032 2033 2023
2032 2034 2033
2033 2035 2023
2033 2036 2035
2037 2033 2034
2037 2038 2033
2038 2039 2033
2038 2040 2039
2038 2041 2042
2038 2042 2043
2038 2043 2044
2038 2044 2045
2046 2043 2047
2046 2048 2043
2048 2049 2043
2048 2050 2049
2051 2048 2052
2051 2053 2048
2053 2054 2048
2053 2055 2054
2056 2057 2058
2056 2058 2027
2056 2027 2059
2056 2059 2060
2061 2062 2063
2061 2063 2064
2064 2063 2065
2064 2065 2066
2066 2067 2064
2068 2064 2067
2068 2067 2069
2065 2070 2066
2065 2071 2070
2065 2072 2071
2065 2073 2072
2063 2073 2065
2063 2074 2073
2075 2074 2063
2075 2076 2074
2066 2077 2067
2066 2078 2077
2066 2079 2078
2080 2067 2077
2080 2077 2081
2080 2081 2082
2083 2080 2082
2083 2082 2084
2085 2080 2083
2080 2086 2067
2085 2086 2080
2087 2067 2086
2088 2086 2085
2087 2086 2089
2088 2089 2086
2074 2090 2091
2074 2091 2092
2074 2092 2093
2074 2093 2073
2073 2093 2094
2073 2094 2095
2092 2096 2093
2096 2097 2093
2096 2098 2097
2092 2099 2096
2100 2099 2092
2100 2101 2099
2099 2102 2096
2102 2103 2096
2102 2104 2103
2105 2104 2102
2105 2106 2104
2102 2107 2105
2099 2108 2102
2102 2108 2107
2109 2108 2099
2110 2107 2108
2109 2111 2108
2110 2108 2111
2112 2113 2114
2112 2114 2115
2112 2115 2116
2112 2116 2117
2112 2118 2119
2112 2120 2118
2120 2112 2121
2120 2121 2122
2123 2120 2122
2123 2122 2124
2120 2123 2125
2120 2125 2126
2115 2127 2128
2115 2128 2129
2115 2129 2130
2115 2130 2131
2129 2132 2130
2129 2133 2132
2133 2129 2134
2133 2134 2135
2136 2133 2137
2136 2137 2138
2139 2133 2136
2139 2136 2140
2141 2136 2142
2141 2142 2143
2144 2136 2141
2144 2141 2145
2141 2146 2145
2141 2147 2146
2147 2141 2148
2147 2148 2149
2150 2147 2151
2150 2151 2152
2153 2147 2150
2153 2150 2154
2155 2156 2157
2155 2158 2156
2155 2159 2158
2158 2159 2160
2160 2159 2161
2160 2161 2162
2160 2162 2163
2160 2163 2164
2155 2165 2159
2165 2166 2159
2165 2167 2166
2168 2165 2155
2168 2155 2169
2168 2169 2170
2168 2170 2171
2168 2171 2172
2168 2173 2165
2172 2173 2168
2173 2174 2165
2173 2175 2174
2172 2176 2173
2176 2177 2173
2176 2178 2177
2179 2176 2172
2179 2180 2176
2179 2181 2180
2179 2182 2181
2179 2183 2182
2183 2179 2184
2179 2172 2184
2183 2184 2185
2184 2186 2185
2184 2187 2186
2172 2188 2184
2172 2189 2188
2158 2190 2191
2158 2192 2190
2158 2160 2192
2160 2193 2192
2160 2164 2193
2192 2193 2194
2192 2194 2195
2164 2196 2193
2193 2196 2197
2193 2197 2198
2164 2199 2196
2164 2200 2199
2164 2201 2200
2196 2199 2202
2202 2199 2203
2202 2203 2204
2196 2202 2205
2205 2206 2196
2205 2207 2206
2208 2209 2210
2208 2211 2209
2211 2212 2209
2211 2213 2212
2214 2209 2215
2214 2215 2216
2215 2209 2217
2215 2217 2218
2219 2211 2220
2219 2220 2221
2219 2222 2211
2219 2223 2222
2224 2215 2225
2224 2225 2226
2225 2215 2227
2225 2227 2228
2229 2226 2225
2229 2225 2230
2230 2225 2231
2230 2231 2232
2230 2233 2234
2230 2235 2233
2230 2236 2235
2230 2237 2236
2238 2239 2235
2238 2235 2240
2240 2235 2241
2240 2241 2242
2243 2244 2240
2243 2240 2245
2245 2240 2246
2245 2246 2247
2248 2249 2250
2248 2219 2249
2248 2251 2219
2248 2252 2251
2253 2254 2255
2253 2256 2254
2257 2254 2256
2257 2256 2258
2257 2258 2259
2257 2259 2260
2257 2260 2261
2257 2261 2262
2262 2254 2257
2263 2258 2256
2263 2256 2264
2263 2264 2265
2262 2266 2254
2267 2254 2266
2267 2266 2268
2263 2269 2258
2258 2269 2270
2258 2270 2271
2272 2269 2263
2272 2273 2269
2272 2274 2273
2275 2274 2272
2275 2276 2274
2272 2277 2275
2272 2263 2278
2272 2278 2277
2278 2263 2279
2280 2277 2278
2278 2279 2281
2280 2278 2281
2282 2283 2266
2282 2266 2284
2285 2284 2266
2285 2266 2262
2262 2286 2285
2262 2287 2286
2288 2284 2285
2288 2285 2289
2288 2289 2290
2288 2291 2284
2292 2284 2291
2292 2291 2293
2294 2291 2288
2294 2288 2295
2294 2295 2296
2297 2294 2296
2297 2296 2298
2299 2294 2297
2294 2300 2291
2299 2300 2294
2301 2291 2300
2302 2300 2299
2301 2300 2303
2302 2303 2300
2304 2305 2306
2306 2305 2307
2308 2306 2307
2308 2307 2309
2309 2307 2310
2311 2307 2305
2312 2306 2308
2308 2313 2312
2308 2314 2313
2314 2308 2315
2308 2316 2315
2308 2309 2316
2316 2309 2317
2318 2317 2309
2318 2309 2319
2319 2309 2320
2320 2309 2310
2320 2310 2321
2310 2322 2321
2322 2310 2323
2310 2324 2323
2324 2310 2325
2325 2310 2307
2325 2307 2326
2326 2327 2325
2307 2311 2326
2328 2329 2330
2328 2330 2331
2332 2328 2331
2332 2331 2333
2334 2332 2333
2334 2333 2335
2336 2337 2338
2336 2338 2339
2340 2336 2339
2341 2340 2339
2341 2339 2342
2339 2343 2342
2339 2344 2343
2340 2341 2345
2340 2345 2346
2345 2347 2346
2346 2347 2348
2340 2346 2348
2340 2348 2349
2349 2336 2340
2349 2348 2350
2350 2351 2349
2349 2351 2336
2350 2352 2351
2351 2352 2353
2351 2353 2354
2336 2351 2355
2336 2355 2356
2357 2358 2359
2357 2359 2360
2361 2357 2360
2361 2360 2362
2363 2361 2362
2363 2362 2364
2365 2366 2367
2365 2367 2368
2369 2365 2368
2370 2369 2368
2370 2368 2371
2368 2372 2371
2368 2373 2372
2369 2370 2374
2369 2374 2375
2374 2376 2375
2375 2376 2377
2369 2375 2377
2369 2377 2378
2378 2365 2369
2378 2377 2379
2379 2380 2378
2378 2380 2365
2379 2381 2380
2380 2381 2382
2380 2382 2383
2365 2380 2384
2365 2384 2385
2386 2387 2388
2386 2388 2389
2390 2386 2389
2390 2389 2391
2392 2390 2391
2392 2391 2393
2394 2395 2396
2394 2396 2397
2398 2394 2397
2399 2398 2397
2399 2397 2400
2397 2401 2400
2397 2402 2401
2398 2399 2403
2398 2403 2404
2403 2405 2404
2404 2405 2406
2398 2404 2406
2398 2406 2407
2407 2394 2398
2407 2406 2408
2408 2409 2407
2407 2409 2394
2408 2410 2409
2409 2410 2411
2409 2411 2412
2394 2409 2413
2394 2413 2414
2415 2416 2417
2415 2417 2418
2419 2418 2417
2420 2415 2418
2420 2421 2415
2419 2422 2418
2420 2418 2422
2420 2422 2423
2422 2419 2424
2425 2423 2422
2422 2424 2426
2425 2422 2426
2424 2427 2426
2425 2426 2427
2428 2429 2430
2428 2430 2431
2432 2433 2434
2432 2434 2435
2436 2437 2438
2436 2438 2439
2440 2441 2442
2440 2443 2441
2444 2445 2443
2444 2446 2445
2447 2448 2445
2447 2449 2448
2450 2451 2452
2450 2452 2453
2454 2450 2453
2455 2456 2457
2455 2457 2458
2459 2460 2461
2459 2461 2462
2463 2464 2465
2463 2465 2466
2467 2468 2469
2467 2469 2470
2471 2472 2473
2471 2473 2474
2475 2476 2477
2475 2477 2478
2479 2480 2481
2479 2481 2482
2483 2482 2484
2483 2484 2485
2486 2484 2487
2486 2487 2488
2489 2490 2491
2489 2492 2490
2493 2492 2489
2494 2495 2496
2494 2496 2497
2498 2499 2500
2498 2500 2501
2502 2503 2504
2502 2504 2505
2506 2507 2508
2506 2509 2507
2509 2510 2507
2509 2511 2510
2512 2510 2511
2512 2513 2510
2514 2513 2512
2514 2515 2513
2514 2516 2515
2514 2517 2516
2517 2518 2516
2519 2518 2517
2519 2520 2518
2521 2520 2519
2521 2522 2520
2521 2523 2522
2521 2524 2523
2525 2523 2524
2525 2524 2526
2527 2525 2526
2528 2529 2530
2528 2530 2531
2531 2530 2532
2531 2532 2533
2534 2533 2532
2534 2532 2535
2536 2534 2535
2536 2535 2537
2536 2537 2538
2536 2538 2539
2539 2538 2540
2541 2539 2540
2541 2540 2542
2543 2541 2542
2543 2542 2544
2543 2544 2545
2543 2545 2546
2547 2546 2545
2547 2548 2546
2549 2548 2547
2550 2551 2552
2550 2552 2553
2554 2555 2556
2554 2556 2557
2558 2559 2560
2558 2560 2561
2562 2563 2564
2562 2564 2565
2566 2567 2568
2566 2568 2569
2570 2571 2572
2570 2572 2573
2574 2575 2573
2574 2576 2575
2577 2578 2579
2577 2579 2580
2581 2582 2583
2581 2583 2584
2585 2586 2587
2585 2587 2588
2589 2590 2591
2589 2591 2592
2593 2594 2595
2594 2596 2595
2594 2597 2596
2596 2597 2598
2598 2599 2600
2598 2600 2601
2600 2602 2601
2603 2604 2605
2603 2605 2606
2607 2608 2609
2610 2608 2607
2611 2612 2613
2611 2613 2614
2615 2611 2614
2613 2616 2614
2613 2617 2616
2614 2616 2618
2614 2618 2619
2615 2614 2619
2618 2620 2619
2619 2621 2615
2620 2621 2619
2615 2621 2622
2623 2621 2620
2621 2624 2622
2623 2625 2621
2621 2625 2624
2623 2626 2625
2625 2626 2627
2628 2624 2625
2625 2627 2628
2628 2629 2624
2628 2627 2630
2631 2629 2628
2628 2630 2632
2631 2628 2632
2630 2633 2632
2633 2631 2632
2630 2634 2633
2633 2635 2631
2636 2633 2634
2633 2637 2635
2636 2638 2633
2633 2638 2637
2639 2637 2638
2636 2640 2638
2639 2638 2641
2641 2638 2640
2640 2642 2641
2643 2644 2645
2643 2645 2646
2647 2643 2646
2646 2645 2648
2647 2646 2649
2650 2647 2649
2646 2648 2651
2649 2646 2651
2652 2651 2648
2652 2648 2653
2652 2653 2654
2654 2653 2655
2650 2649 2656
2657 2650 2656
2657 2658 2650
2657 2659 2658
2649 2651 2660
2656 2649 2660
2651 2652 2661
2651 2661 2660
2662 2660 2661
2656 2660 2663
2657 2656 2663
2662 2663 2660
2657 2663 2664
2664 2663 2662
2657 2665 2659
2666 2657 2664
2666 2665 2657
2659 2665 2667
2667 2665 2666
2659 2667 2668
2667 2669 2668
2664 2662 2670
2666 2664 2670
2652 2671 2661
2662 2661 2672
2671 2672 2661
2652 2673 2671
2652 2654 2673
2674 2673 2654
2674 2654 2675
2676 2674 2675
2654 2655 2675
2655 2676 2675
2655 2677 2676
2676 2677 2678
2676 2678 2679
2676 2679 2680
2676 2680 2681
2676 2681 2674
2681 2680 2682
2683 2682 2680
2682 2683 2684
2681 2682 2685
2682 2684 2686
2686 2685 2682
2687 2686 2684
2687 2684 2688
2689 2687 2688
2674 2681 2690
2681 2685 2690
2691 2690 2685
2691 2685 2692
2686 2692 2685
2687 2692 2686
2691 2693 2690
2674 2690 2693
2694 2674 2693
2694 2673 2674
2689 2695 2687
2696 2695 2689
2687 2697 2692
2691 2692 2697
2694 2693 2698
2691 2698 2693
2687 2695 2699
2687 2699 2697
2696 2700 2695
2695 2701 2699
2695 2700 2701
2702 2700 2696
2702 2696 2703
2702 2703 2704
2700 2705 2701
2700 2702 2705
2702 2704 2706
2706 2704 2707
2702 2706 2708
2702 2708 2705
2706 2707 2709
2708 2706 2709
2709 2707 2710
2697 2699 2711
2699 2701 2712
2699 2712 2711
2701 2705 2713
2701 2713 2712
2705 2708 2714
2705 2714 2713
2708 2709 2715
2714 2708 2715
2697 2711 2716
2691 2697 2716
2713 2717 2712
2711 2712 2717
2713 2718 2717
2711 2717 2719
2720 2711 2719
2720 2716 2711
2721 2718 2713
2721 2713 2714
2716 2720 2722
2723 2721 2714
2714 2715 2723
2723 2724 2721
2716 2722 2725
2725 2722 2726
2716 2725 2691
2727 2724 2723
2715 2727 2723
2727 2728 2724
2725 2726 2729
2729 2691 2725
2730 2729 2726
2715 2731 2727
2709 2731 2715
2732 2728 2727
2731 2732 2727
2732 2733 2728
2734 2733 2732
2709 2735 2731
2709 2710 2735
2731 2736 2732
2735 2736 2731
2710 2737 2735
2735 2737 2736
2710 2738 2737
2737 2738 2739
2734 2732 2740
2736 2740 2732
2737 2739 2741
2741 2739 2742
2737 2743 2736
2737 2741 2743
2736 2743 2740
2744 2734 2740
2744 2745 2734
2741 2742 2746
2746 2743 2741
2740 2743 2747
2740 2747 2744
2746 2747 2743
2748 2745 2744
2747 2748 2744
2748 2749 2745
2750 2749 2748
2747 2751 2748
2746 2751 2747
2750 2748 2752
2746 2753 2751
2753 2746 2742
2753 2750 2752
2753 2742 2754
2753 2754 2750
2755 2756 2757
2755 2758 2756
2759 2758 2755
2756 2758 2760
2756 2760 2761
2758 2762 2760
2758 2763 2762
2759 2763 2758
2762 2763 2764
2763 2759 2765
2764 2763 2765
2759 2766 2765
2767 2764 2765
2765 2766 2768
2767 2765 2769
2765 2768 2769
2767 2769 2770
2769 2771 2770
2772 2769 2768
2769 2772 2771
2772 2768 2773
2772 2774 2771
2775 2772 2773
2772 2776 2774
2775 2776 2772
2774 2776 2777
2777 2776 2775
2774 2777 2778
2777 2775 2779
2780 2778 2777
2777 2779 2781
2780 2777 2782
2777 2781 2782
2783 2782 2781
2780 2782 2784
2783 2785 2782
2785 2784 2782
2784 2785 2786
2787 2788 2789
2787 2790 2788
2791 2790 2787
2790 2792 2788
2791 2793 2790
2794 2793 2791
2790 2795 2792
2793 2795 2790
2796 2792 2795
2796 2797 2792
2796 2798 2797
2798 2799 2797
2794 2800 2793
2801 2800 2794
2801 2794 2802
2801 2802 2803
2793 2804 2795
2800 2804 2793
2795 2805 2796
2795 2804 2805
2806 2805 2804
2800 2807 2804
2801 2807 2800
2806 2804 2807
2801 2808 2807
2808 2806 2807
2801 2803 2809
2810 2808 2801
2810 2801 2809
2803 2811 2809
2811 2810 2809
2803 2812 2811
2811 2812 2813
2808 2814 2806
2810 2814 2808
2796 2805 2815
2806 2816 2805
2815 2805 2816
2796 2815 2817
2796 2817 2798
2818 2798 2817
2818 2819 2798
2820 2819 2818
2798 2819 2799
2799 2819 2820
2799 2820 2821
2820 2822 2821
2820 2823 2822
2820 2824 2823
2820 2825 2824
2820 2818 2825
2825 2826 2824
2827 2824 2826
2826 2828 2827
2825 2829 2826
2826 2830 2828
2830 2826 2829
2831 2828 2830
2831 2832 2828
2833 2832 2831
2818 2834 2825
2825 2834 2829
2835 2829 2834
2835 2836 2829
2830 2829 2836
2831 2830 2836
2835 2834 2837
2818 2837 2834
2838 2837 2818
2838 2818 2817
2833 2831 2839
2840 2833 2839
2831 2836 2841
2835 2841 2836
2838 2842 2837
2835 2837 2842
2831 2843 2839
2831 2841 2843
2840 2839 2844
2839 2843 2845
2839 2845 2844
2846 2840 2844
2846 2847 2840
2846 2848 2847
2844 2845 2849
2844 2849 2846
2846 2850 2848
2850 2851 2848
2846 2852 2850
2846 2849 2852
2850 2853 2851
2852 2853 2850
2853 2854 2851
2841 2855 2843
2843 2856 2845
2843 2855 2856
2845 2857 2849
2845 2856 2857
2849 2858 2852
2849 2857 2858
2852 2859 2853
2858 2859 2852
2841 2860 2855
2835 2860 2841
2857 2856 2861
2855 2861 2856
2857 2861 2862
2855 2863 2861
2864 2863 2855
2864 2855 2860
2865 2857 2862
2865 2858 2857
2860 2866 2864
2867 2858 2865
2858 2867 2859
2867 2865 2868
2860 2869 2866
2869 2870 2866
2860 2835 2869
2871 2867 2868
2859 2867 2871
2871 2868 2872
2869 2873 2870
2873 2869 2835
2874 2870 2873
2859 2871 2875
2853 2859 2875
2876 2871 2872
2875 2871 2876
2876 2872 2877
2878 2876 2877
2853 2875 2879
2853 2879 2854
2875 2876 2880
2879 2875 2880
2854 2879 2881
2879 2880 2881
2854 2881 2882
2881 2883 2882
2878 2884 2876
2880 2876 2884
2881 2885 2883
2885 2886 2883
2881 2880 2887
2881 2887 2885
2880 2884 2887
2888 2884 2878
2888 2878 2889
2885 2890 2886
2890 2885 2887
2884 2891 2887
2884 2888 2891
2890 2887 2891
2892 2888 2889
2891 2888 2892
2892 2889 2893
2894 2892 2893
2891 2892 2895
2890 2891 2895
2894 2896 2892
2890 2895 2897
2897 2886 2890
2897 2896 2894
2897 2898 2886
2897 2894 2898
2899 2900 2901
2899 2902 2900
2902 2903 2900
2902 2904 2903
2904 2905 2903
2904 2906 2905
2907 2905 2906
2907 2906 2908
2909 2907 2908
2909 2908 2910
2911 2909 2910
2911 2910 2912
2912 2913 2911
2912 2914 2913
2914 2915 2913
2914 2916 2915
2917 2915 2916
2917 2916 2918
2919 2917 2918
2919 2918 2920
2921 2919 2920
2922 2915 2917
2922 2917 2919
2923 2913 2915
2922 2923 2915
2924 2911 2913
2923 2924 2913
2909 2911 2925
2924 2925 2911
2909 2925 2926
2926 2907 2909
2926 2927 2907
2905 2907 2927
2905 2927 2928
2903 2905 2928
2924 2923 2929
2930 2925 2924
2924 2929 2930
2926 2925 2931
2930 2931 2925
2927 2926 2932
2926 2931 2932
2928 2927 2933
2927 2932 2933
2934 2929 2923
2935 2929 2934
2934 2923 2922
2936 2930 2929
2935 2936 2929
2937 2931 2930
2936 2937 2930
2932 2931 2938
2937 2938 2931
2933 2932 2939
2932 2938 2939
2922 2940 2934
2935 2934 2941
2940 2941 2934
2922 2942 2940
2922 2919 2942
2943 2941 2940
2940 2942 2943
2944 2942 2919
2921 2944 2919
2921 2945 2944
2921 2946 2945
2945 2946 2947
2945 2947 2948
2949 2945 2948
2949 2944 2945
2949 2948 2950
2949 2950 2951
2944 2952 2942
2949 2952 2944
2949 2951 2953
2952 2949 2953
2954 2953 2951
2942 2952 2955
2942 2955 2943
2952 2953 2955
2954 2956 2953
2957 2956 2954
2958 2955 2953
2958 2953 2956
2955 2959 2943
2955 2958 2959
2958 2960 2959
2957 2961 2956
2962 2961 2957
2962 2963 2961
2956 2964 2958
2956 2961 2964
2963 2964 2961
2958 2964 2960
2963 2965 2964
2960 2964 2965
2960 2965 2966
2960 2966 2967
2968 2943 2959
2943 2968 2941
2960 2967 2969
2969 2967 2970
2971 2959 2960
2959 2971 2968
2971 2960 2969
2968 2972 2941
2968 2971 2972
2935 2941 2972
2969 2970 2973
2971 2969 2973
2974 2973 2970
2972 2971 2975
2971 2973 2975
2974 2976 2973
2975 2973 2976
2976 2974 2977
2976 2977 2978
2979 2978 2977
2935 2972 2980
2972 2975 2980
2975 2976 2981
2981 2976 2978
2979 2982 2978
2982 2979 2983
2975 2984 2980
2981 2984 2975
2935 2980 2985
2984 2985 2980
2981 2978 2986
2986 2978 2982
2982 2983 2987
2988 2987 2983
2989 2935 2985
2935 2989 2936
2981 2990 2984
2986 2990 2981
2986 2982 2991
2991 2982 2987
2988 2992 2987
2992 2988 2993
2994 2985 2984
2989 2985 2994
2984 2990 2995
2994 2984 2995
2990 2986 2996
2990 2996 2995
2996 2986 2991
2991 2987 2997
2992 2997 2987
2992 2993 2998
2999 2998 2993
2994 2995 3000
3000 2995 2996
2996 2991 3001
3001 2991 2997
2992 3002 2997
3002 2992 2998
2999 3003 2998
3003 2999 3004
3003 3004 3005
3000 3006 2994
2989 2994 3006
3000 2996 3007
3001 3007 2996
3001 2997 3008
3008 2997 3002
3000 3009 3006
3009 3000 3007
3010 3001 3008
3001 3010 3007
3011 3009 3007
3011 3007 3012
3010 3012 3007
3013 3009 3011
3013 3006 3009
3010 3014 3012
3010 3015 3014
3016 3006 3013
3010 3017 3015
3010 3008 3017
3018 3015 3017
3016 3019 3006
2989 3006 3019
3020 3019 3016
3020 2989 3019
3020 2936 2989
3020 3016 3021
3020 2937 2936
3021 3022 3020
3020 3022 2937
3021 3023 3022
3022 2938 2937
3023 2938 3022
3023 3024 2938
3024 2939 2938
3024 3025 2939
2939 3025 3026
2939 3026 3027
2933 2939 3027
3027 3026 3028
3029 2933 3027
3027 3028 3029
3029 3030 2933
2928 2933 3030
3028 3031 3029
3030 3029 3031
3028 3032 3031
2928 3030 3033
3030 3031 3033
3034 3031 3032
3033 3031 3034
3034 3032 3035
3035 3036 3034
3035 3037 3036
2928 3033 3038
2903 2928 3038
3033 3034 3039
3038 3033 3039
3039 3034 3040
3039 3040 3041
3042 2903 3038
3038 3039 3042
3042 2900 2903
3039 3043 3042
3039 3044 3043
3045 2900 3042
3045 3046 2900
3047 3048 3049
3047 3049 3050
3051 3050 3049
3050 3051 2998
3050 2998 3003
3052 3050 3003
3052 3003 3053
3002 2998 3051
3054 3002 3051
3051 3049 3054
3054 3055 3002
3008 3002 3055
3008 3055 3056
3008 3056 3017
3018 3017 3056
3057 3056 3055
3018 3056 3057
3057 3055 3054
3018 3057 3058
3054 3059 3057
3059 3058 3057
3054 3049 3059
3059 3060 3058
3049 3061 3059
3049 3062 3061
3063 3060 3059
3063 3064 3060
3065 3066 3067
3065 3067 3068
3067 3069 3068
3067 3070 3069
3070 3071 3069
3070 3072 3071
3072 3073 3071
3072 3074 3073
3075 3073 3074
3075 3074 3076
3077 3075 3076
3077 3076 3078
3079 3077 3078
3079 3080 3077
3081 3080 3079
3075 3077 3082
3082 3077 3080
3073 3075 3083
3075 3082 3083
3071 3073 3084
3073 3083 3084
3069 3071 3085
3071 3084 3085
3081 3086 3080
3087 3086 3081
3082 3080 3088
3088 3080 3086
3083 3082 3089
3089 3082 3088
3069 3085 3090
3068 3069 3090
3085 3084 3091
3090 3085 3091
3092 3084 3083
3083 3089 3092
3091 3084 3092
3087 3093 3086
3094 3093 3087
3088 3086 3095
3095 3086 3093
3068 3090 3096
3065 3068 3096
3089 3088 3097
3097 3088 3095
3092 3089 3098
3098 3089 3097
3094 3099 3093
3100 3099 3094
3096 3090 3101
3090 3091 3101
3065 3096 3102
3096 3101 3102
3065 3102 3103
3095 3093 3104
3099 3104 3093
3097 3095 3105
3105 3095 3104
3100 3106 3099
3107 3106 3100
3107 3108 3106
3103 3102 3109
3103 3109 3110
3111 3102 3101
3111 3109 3102
3099 3112 3104
3112 3099 3106
3106 3108 3113
3112 3106 3113
3114 3113 3108
3110 3109 3115
3110 3115 3116
3117 3104 3112
3105 3104 3117
3118 3112 3113
3114 3118 3113
3117 3112 3118
3119 3118 3114
3119 3114 3120
3121 3117 3118
3121 3118 3119
3122 3105 3117
3122 3117 3121
3120 3123 3119
3124 3123 3120
3125 3121 3119
3125 3119 3123
3124 3126 3123
3126 3124 3127
3128 3126 3127
3129 3105 3122
3129 3097 3105
3098 3097 3129
3130 3122 3121
3130 3121 3125
3122 3131 3129
3131 3098 3129
3122 3130 3131
3123 3132 3125
3126 3132 3123
3128 3133 3126
3133 3128 3134
3135 3133 3134
3136 3130 3125
3136 3125 3132
3133 3137 3126
3137 3132 3126
3130 3138 3131
3136 3138 3130
3132 3139 3136
3132 3137 3139
3137 3133 3140
3135 3140 3133
3138 3136 3141
3136 3139 3141
3142 3131 3138
3142 3138 3141
3143 3137 3140
3143 3139 3137
3135 3144 3140
3144 3143 3140
3139 3143 3145
3143 3144 3145
3131 3142 3146
3098 3131 3146
3147 3141 3139
3147 3139 3145
3135 3148 3144
3135 3149 3148
3150 3148 3149
3144 3148 3151
3151 3148 3150
3152 3145 3144
3152 3144 3151
3151 3150 3153
3153 3150 3154
3155 3153 3154
3155 3154 3156
3157 3151 3153
3157 3152 3151
3158 3157 3153
3158 3153 3159
3145 3152 3160
3145 3160 3147
3161 3152 3157
3161 3160 3152
3162 3161 3157
3162 3157 3163
3164 3161 3162
3147 3160 3165
3166 3160 3161
3160 3166 3165
3164 3167 3161
3166 3161 3167
3164 3168 3167
3168 3166 3167
3164 3169 3168
3147 3165 3170
3141 3147 3170
3171 3165 3166
3171 3166 3168
3170 3165 3171
3141 3170 3172
3172 3142 3141
3170 3173 3172
3172 3173 3142
3170 3171 3174
3173 3170 3174
3175 3171 3168
3174 3171 3175
3176 3142 3173
3146 3142 3176
3177 3173 3174
3174 3175 3178
3177 3174 3178
3179 3173 3177
3179 3176 3173
3177 3178 3180
3179 3177 3180
3146 3176 3181
3179 3182 3176
3181 3176 3182
3181 3182 3183
3146 3181 3184
3184 3181 3183
3146 3184 3098
3092 3098 3184
3091 3092 3184
3185 3182 3179
3179 3180 3185
3183 3182 3185
3091 3184 3186
3184 3183 3186
3101 3091 3186
3101 3186 3111
3111 3186 3183
3111 3183 3187
3109 3111 3187
3109 3187 3115
3188 3187 3183
3185 3188 3183
3115 3187 3189
3189 3187 3188
3185 3190 3188
3190 3189 3188
3115 3189 3191
3190 3191 3189
3191 3116 3115
3191 3192 3116
3193 3192 3191
3185 3194 3190
3194 3185 3180
3190 3195 3191
3193 3191 3195
3194 3195 3190
3196 3193 3195
3196 3197 3193
3196 3198 3197
3194 3199 3195
3196 3195 3199
3194 3180 3200
3194 3200 3199
3200 3180 3201
3199 3200 3201
3201 3180 3178
3202 3196 3199
3202 3198 3196
3199 3201 3202
3198 3202 3203
3198 3203 3204
3204 3203 3205
3206 3201 3178
3175 3206 3178
3207 3202 3201
3201 3206 3207
3207 3203 3202
3208 3207 3206
3208 3206 3175
3203 3207 3208
3205 3203 3209
3205 3209 3210
3211 3210 3209
3211 3212 3210
3203 3213 3209
3203 3208 3213
3213 3214 3209
3213 3215 3214
3216 3215 3213
3208 3175 3217
3208 3217 3213
3216 3213 3217
3175 3168 3217
3168 3216 3217
3216 3168 3218
3216 3218 3219
3220 3216 3219
3221 3222 3223
3221 3224 3222
3222 3224 3225
3222 3225 3226
3226 3225 3227
3226 3227 3228
3229 3228 3227
3229 3230 3228
3231 3230 3229
3231 3232 3230
3233 3232 3231
3233 3234 3232
3233 3235 3234
3233 3236 3235
3236 3237 3235
3231 3238 3233
3236 3233 3238
3229 3239 3231
3231 3239 3238
3227 3240 3229
3229 3240 3239
3225 3241 3227
3227 3241 3240
3236 3242 3237
3242 3243 3237
3236 3238 3244
3242 3236 3244
3239 3245 3238
3245 3244 3238
3225 3246 3241
3224 3246 3225
3241 3247 3240
3246 3247 3241
3248 3239 3240
3239 3248 3245
3247 3248 3240
3242 3249 3243
3250 3243 3249
3242 3244 3251
3249 3242 3251
3224 3252 3246
3221 3252 3224
3245 3253 3244
3253 3251 3244
3248 3254 3245
3254 3253 3245
3250 3249 3255
3255 3256 3250
3252 3257 3246
3246 3257 3247
3221 3258 3252
3252 3258 3257
3221 3259 3258
3247 3260 3248
3248 3260 3254
3257 3261 3247
3247 3261 3260
3260 3261 3262
3257 3263 3261
3263 3257 3258
3263 3262 3261
3259 3264 3258
3263 3258 3264
3259 3265 3264
3264 3266 3263
3263 3266 3262
3265 3267 3264
3264 3267 3266
3265 3268 3267
3269 3267 3268
3269 3268 3270
3271 3269 3270
3267 3272 3266
3267 3269 3272
3272 3273 3266
3273 3262 3266
3274 3272 3269
3274 3273 3272
3271 3275 3269
3274 3269 3275
3276 3273 3274
3276 3262 3273
3277 3275 3271
3277 3271 3278
3277 3278 3279
3280 3274 3275
3276 3274 3280
3277 3281 3275
3280 3275 3281
3282 3277 3279
3282 3281 3277
3279 3283 3282
3279 3284 3283
3284 3285 3283
3285 3286 3283
3285 3287 3286
3288 3286 3287
3288 3287 3289
3283 3286 3290
3290 3286 3291
3290 3291 3292
3293 3290 3292
3281 3282 3294
3295 3282 3283
3295 3294 3282
3283 3290 3296
3283 3296 3295
3293 3297 3290
3296 3290 3297
3298 3297 3293
3296 3299 3295
3294 3295 3299
3296 3297 3300
3296 3300 3299
3300 3297 3298
3293 3301 3298
3293 3302 3301
3303 3302 3293
3281 3294 3304
3280 3281 3304
3280 3304 3305
3304 3294 3305
3280 3305 3276
3299 3306 3294
3300 3306 3299
3294 3306 3305
3307 3276 3305
3308 3305 3306
3307 3305 3308
3309 3306 3300
3308 3306 3309
3276 3307 3310
3262 3276 3310
3307 3308 3311
3308 3309 3311
3309 3300 3312
3300 3298 3312
3313 3262 3310
3260 3262 3313
3307 3314 3310
3313 3310 3314
3307 3311 3314
3315 3260 3313
3315 3313 3314
3315 3254 3260
3315 3314 3316
3314 3311 3316
3311 3309 3317
3317 3309 3312
3254 3315 3318
3318 3315 3316
3319 3316 3311
3317 3319 3311
3319 3320 3316
3320 3319 3317
3318 3321 3254
3254 3321 3253
3321 3322 3253
3253 3322 3251
3316 3323 3318
3316 3320 3323
3324 3321 3318
3321 3324 3322
3322 3325 3251
3249 3251 3325
3255 3249 3325
3326 3318 3323
3324 3318 3326
3322 3327 3325
3324 3327 3322
3255 3325 3328
3327 3328 3325
3324 3329 3327
3326 3329 3324
3330 3326 3323
3323 3320 3330
3328 3331 3255
3255 3331 3256
3331 3332 3256
3331 3333 3332
3331 3334 3333
3328 3334 3331
3335 3333 3334
3327 3336 3328
3336 3334 3328
3335 3334 3336
3329 3336 3327
3337 3335 3336
3329 3337 3336
3337 3338 3335
3339 3337 3329
3326 3339 3329
3330 3339 3326
3338 3337 3340
3339 3340 3337
3341 3338 3340
3330 3342 3339
3340 3339 3342
3341 3340 3343
3343 3340 3342
3343 3344 3341
3345 3344 3343
3342 3330 3346
3330 3320 3346
3345 3343 3347
3347 3348 3345
3349 3348 3347
3350 3343 3342
3347 3343 3350
3342 3346 3350
3350 3351 3347
3349 3347 3351
3352 3351 3350
3352 3350 3346
3353 3346 3320
3320 3317 3353
3349 3351 3354
3354 3351 3352
3346 3355 3352
3353 3355 3346
3352 3355 3354
3353 3317 3356
3317 3312 3356
3355 3353 3357
3353 3356 3357
3312 3358 3356
3357 3356 3358
3312 3298 3358
3355 3357 3359
3359 3354 3355
3349 3354 3360
3349 3360 3361
3362 3361 3360
3354 3363 3360
3363 3362 3360
3359 3363 3354
3358 3364 3357
3364 3359 3357
3298 3365 3358
3358 3365 3364
3366 3365 3298
3366 3364 3365
3366 3298 3367
3366 3368 3364
3364 3369 3359
3368 3369 3364
3369 3363 3359
3368 3370 3369
3363 3371 3362
3369 3371 3363
3372 3371 3369
3372 3373 3371
3371 3374 3362
3375 3374 3371
3375 3376 3374
3377 3378 3379
3377 3380 3378
3377 3379 3381
3381 3379 3382
3377 3383 3380
3383 3384 3380
3381 3385 3377
3383 3377 3385
3381 3382 3386
3386 3382 3387
3388 3384 3383
3388 3389 3384
3388 3390 3389
3388 3383 3391
3383 3385 3391
3388 3392 3390
3388 3391 3392
3392 3393 3390
3392 3391 3393
3391 3394 3393
3391 3385 3394
3381 3395 3385
3395 3394 3385
3381 3386 3395
3395 3396 3394
3395 3397 3396
3398 3386 3387
3398 3387 3399
3398 3399 3400
3386 3401 3395
3395 3401 3397
3386 3398 3401
3398 3400 3402
3402 3401 3398
3402 3400 3403
3404 3397 3401
3402 3404 3401
3404 3405 3397
3406 3402 3403
3406 3404 3402
3406 3403 3407
3408 3405 3404
3406 3408 3404
3408 3406 3407
3408 3409 3405
3408 3407 3409
3410 3411 3412
3412 3411 3413
3410 3412 3414
3414 3415 3410
3412 3413 3416
3414 3412 3416
3413 3417 3416
3418 3415 3414
3416 3418 3414
3418 3419 3415
3420 3416 3417
3416 3420 3418
3420 3417 3421
3420 3421 3422
3419 3418 3423
3423 3418 3420
3419 3423 3424
3423 3422 3424
3420 3422 3425
3423 3420 3425
3423 3425 3422
3426 3427 3428
3428 3427 3429
3426 3428 3430
3430 3431 3426
3428 3429 3432
3430 3428 3432
3429 3433 3432
3434 3431 3430
3432 3434 3430
3434 3435 3431
3436 3432 3433
3432 3436 3434
3436 3433 3437
3436 3437 3438
3435 3434 3439
3439 3434 3436
3435 3439 3440
3439 3438 3440
3436 3438 3441
3439 3436 3441
3439 3441 3438
3442 3443 3444
3444 3443 3445
3442 3444 3446
3446 3447 3442
3444 3445 3448
3446 3444 3448
3445 3449 3448
3450 3447 3446
3448 3450 3446
3450 3451 3447
3452 3448 3449
3448 3452 3450
3452 3449 3453
3452 3453 3454
3451 3450 3455
3455 3450 3452
3451 3455 3456
3455 3454 3456
3452 3454 3457
3455 3452 3457
3455 3457 3454
3458 2698 2691
3458 2691 2729
3459 2698 3458
3459 3460 2698
2694 2698 3460
2729 3461 3458
3462 3459 3458
3462 3458 3461
2729 3463 3461
2730 3463 2729
3464 3463 2730
3463 3465 3461
3464 3466 3463
3463 3466 3465
3467 3466 3464
3465 3466 3467
3467 3464 3468
3467 3468 3469
3470 3462 3461
3470 3461 3465
3460 3459 3471
3472 3460 3471
3473 3459 3462
3473 3471 3459
3473 3462 3474
3473 3475 3471
3462 3476 3474
3462 3470 3476
3471 3475 3477
3471 3477 3472
3478 3476 3470
3472 3477 3479
3478 3470 3480
3480 3470 3465
3481 3478 3480
3480 3465 3482
3465 3467 3482
3481 3480 3483
3483 3480 3482
3484 3481 3483
3467 3485 3482
3483 3482 3485
3484 3483 3486
3486 3483 3485
3467 3487 3485
3467 3469 3487
3488 3484 3486
3488 3489 3484
3490 3489 3488
3486 3485 3491
3491 3485 3487
3488 3486 3491
3492 3487 3469
3491 3487 3492
3492 3469 3493
3494 3492 3493
3490 3488 3495
3496 3490 3495
3488 3491 3497
3497 3491 3492
3495 3488 3497
3494 3498 3492
3497 3492 3498
3495 3497 3499
3499 3497 3498
3494 3500 3498
3499 3498 3500
3494 3501 3500
3496 3495 3502
3502 3495 3499
3501 3503 3500
3501 3504 3503
3503 3504 3505
3506 3499 3500
3502 3499 3506
3506 3500 3503
3496 3502 3507
3507 3502 3506
3496 3507 3508
3503 3509 3506
3507 3506 3509
3508 3507 3510
3510 3507 3509
3508 3510 3511
3511 3510 3512
3511 3512 3513
3513 3512 3514
3513 3514 3515
3515 3514 3505
3510 3509 3516
3503 3517 3509
3503 3505 3517
3514 3517 3505
3517 3514 3516
3517 3516 3509
2694 3460 3518
3472 3518 3460
2694 3518 3519
3520 3519 3518
2694 3519 2673
3519 3521 2673
3520 3521 3519
3521 2671 2673
3522 2671 3521
3521 3520 3523
3521 3523 3522
2671 3522 3524
2671 3524 2672
3522 3525 3524
3522 3523 3525
2672 3524 3526
3526 3524 3525
2672 3526 3527
2662 2672 3527
2662 3527 3528
3526 3525 3529
3528 2670 2662
3528 3530 2670
2670 3530 3531
3525 3532 3529
2670 3531 3533
2666 2670 3533
3533 3531 3534
3523 3535 3525
3525 3535 3532
3536 2666 3533
2667 2666 3536
3533 3534 3537
3536 3533 3537
3537 3534 3538
3523 3539 3535
3520 3539 3523
3540 3532 3535
3539 3540 3535
3540 3541 3532
3542 2667 3536
2667 3542 2669
3543 3536 3537
3542 3536 3543
3544 2669 3542
3544 3542 3543
3544 3545 2669
3544 3546 3545
3547 3541 3540
3547 3548 3541
3539 3549 3540
3549 3547 3540
3548 3547 3550
3548 3550 3551
3550 3552 3551
3549 3553 3547
3553 3550 3547
3539 3554 3549
3554 3553 3549
3539 3555 3554
3520 3555 3539
3544 3556 3546
3556 3544 3557
3544 3543 3557
3543 3558 3557
3546 3556 3559
3546 3559 3560
3556 3557 3561
3558 3561 3557
3543 3562 3558
3543 3537 3562
3537 3538 3562
3538 3558 3562
3538 3563 3558
3558 3563 3564
3558 3564 3565
3558 3565 3561
3566 3565 3564
3567 3556 3561
3567 3559 3556
3568 3561 3565
3566 3568 3565
3568 3567 3561
3569 3568 3566
3567 3568 3569
3570 3569 3566
3569 3570 3571
3567 3569 3572
3559 3567 3572
3569 3571 3573
3574 3573 3571
3559 3572 3575
3574 3575 3573
3560 3559 3575
3574 3560 3575
3576 3577 3578
3576 3578 3579
3576 3579 3580
3581 3580 3579
3576 3582 3577
3580 3582 3576
3581 3583 3580
3583 3581 3584
3585 3577 3582
3585 3586 3577
3585 3587 3586
3580 3588 3582
3588 3580 3583
3588 3585 3582
3583 3584 3589
3588 3583 3589
3589 3584 3590
3585 3591 3587
3591 3592 3587
3593 3592 3591
3588 3594 3585
3589 3594 3588
3594 3591 3585
3589 3590 3595
3589 3595 3594
3595 3590 3596
3595 3596 3597
3597 3594 3595
3597 3596 3598
3594 3599 3591
3597 3599 3594
3593 3591 3600
3600 3591 3599
3598 3601 3597
3598 3602 3601
3597 3603 3599
3600 3599 3603
3597 3601 3603
3604 3593 3600
3604 3600 3603
3604 3605 3593
3604 3606 3605
3604 3607 3606
3607 3608 3606
3607 3609 3608
3604 3603 3610
3601 3610 3603
3610 3607 3604
3610 3611 3607
3602 3612 3601
3601 3612 3610
3612 3611 3610
3602 3613 3612
3613 3614 3612
3614 3615 3612
3612 3615 3611
3614 3616 3615
3617 3615 3616
3617 3618 3615
3618 3611 3615
3619 3618 3617
3619 3620 3618
3620 3619 3621
3618 3622 3611
3622 3618 3620
3620 3621 3623
3624 3623 3621
3625 3611 3622
3622 3620 3626
3625 3622 3626
3620 3627 3626
3620 3623 3627
3625 3628 3611
3628 3607 3611
3627 3629 3626
3625 3626 3629
3630 3625 3629
3631 3628 3625
3630 3631 3625
3628 3632 3607
3607 3632 3609
3632 3633 3609
3632 3634 3633
3633 3634 3635
3636 3635 3634
3632 3637 3634
3636 3634 3637
3632 3628 3637
3638 3636 3637
3639 3637 3628
3638 3637 3639
3639 3628 3631
3640 3638 3639
3640 3639 3641
3641 3642 3640
3643 3639 3631
3643 3641 3639
3644 3642 3641
3645 3642 3644
3645 3644 3646
3641 3647 3644
3647 3646 3644
3641 3643 3647
3647 3648 3646
3647 3649 3648
3647 3650 3649
3643 3650 3647
3650 3651 3649
3631 3652 3643
3643 3652 3650
3631 3630 3652
3650 3653 3651
3654 3650 3652
3654 3653 3650
3651 3653 3655
3654 3655 3653
3651 3655 3656
3657 3656 3655
3657 3658 3656
3659 3652 3630
3652 3659 3654
3660 3654 3659
3654 3661 3655
3657 3655 3661
3660 3661 3654
3662 3658 3657
3662 3663 3658
3662 3664 3663
3657 3661 3665
3665 3661 3660
3662 3666 3664
3666 3667 3664
3668 3662 3657
3668 3657 3665
3668 3666 3662
3665 3660 3669
3668 3665 3669
3667 3666 3670
3667 3670 3671
3670 3672 3671
3670 3673 3672
3673 3674 3672
3666 3675 3670
3675 3673 3670
3668 3676 3666
3666 3676 3675
3668 3669 3677
3677 3676 3668
3673 3678 3674
3678 3679 3674
3660 3680 3669
3680 3677 3669
3680 3681 3677
3660 3682 3680
3683 3677 3681
3677 3684 3676
3683 3684 3677
3684 3675 3676
3683 3685 3684
3686 3684 3685
3682 3660 3687
3682 3687 3688
3659 3687 3660
3686 3689 3684
3684 3689 3675
3690 3689 3686
3688 3687 3691
3659 3691 3687
3688 3691 3692
3689 3693 3675
3675 3693 3673
3693 3678 3673
3690 3694 3689
3689 3694 3693
3695 3694 3690
3694 3696 3693
3693 3696 3678
3695 3697 3694
3694 3697 3696
3695 3698 3697
3699 3697 3698
3699 3700 3697
3696 3697 3700
3701 3700 3699
3702 3678 3696
3696 3700 3702
3702 3703 3678
3679 3678 3703
3679 3703 3704
3704 3703 3705
3705 3703 3702
3704 3705 3706
3705 3702 3707
3706 3705 3707
3707 3702 3700
3706 3707 3708
3707 3701 3708
3707 3700 3709
3701 3709 3700
3707 3709 3701
3710 3659 3630
3710 3691 3659
3710 3630 3711
3712 3710 3711
3712 3713 3710
3710 3713 3691
3713 3714 3691
3714 3692 3691
3714 3715 3692
3713 3716 3714
3712 3716 3713
3717 3715 3714
3716 3717 3714
3717 3718 3715
3717 3719 3718
3717 3720 3719
3720 3721 3719
3722 3721 3720
3716 3723 3717
3723 3720 3717
3712 3724 3716
3724 3723 3716
3722 3720 3725
3723 3726 3720
3726 3725 3720
3724 3727 3723
3727 3726 3723
3728 3722 3725
3728 3729 3722
3728 3730 3729
3712 3731 3724
3731 3727 3724
3712 3732 3731
3731 3733 3727
3734 3727 3733
3712 3735 3732
3734 3736 3727
3727 3736 3726
3734 3737 3736
3737 3738 3736
3726 3736 3738
3737 3739 3738
3739 3740 3738
3739 3741 3740
3742 3740 3741
3726 3738 3743
3743 3738 3740
3726 3743 3725
3743 3728 3725
3712 3744 3735
3735 3744 3745
3711 3744 3712
3745 3744 3711
3735 3745 3746
3747 3746 3745
3743 3748 3728
3743 3740 3748
3742 3749 3740
3742 3750 3749
3749 3750 3751
3748 3752 3728
3728 3752 3730
3752 3753 3730
3740 3754 3748
3740 3749 3754
3748 3754 3752
3749 3751 3755
3755 3751 3756
3757 3754 3749
3752 3754 3757
3757 3749 3755
3753 3752 3758
3752 3757 3758
3753 3758 3759
3760 3759 3758
3757 3760 3758
3760 3761 3759
3757 3762 3760
3762 3761 3760
3755 3762 3757
3762 3763 3761
3755 3756 3764
3755 3764 3762
3764 3756 3763
3764 3763 3762
3711 3630 3765
3765 3630 3629
3745 3711 3765
3765 3629 3766
3765 3766 3767
3627 3766 3629
3768 3766 3627
3745 3765 3769
3765 3767 3769
3769 3770 3745
3747 3745 3770
3771 3747 3770
3769 3772 3770
3767 3772 3769
3771 3770 3773
3772 3773 3770
3773 3774 3771
3773 3775 3774
3775 3776 3774
3777 3776 3775
3772 3778 3773
3778 3775 3773
3767 3766 3779
3779 3766 3768
3780 3778 3772
3767 3780 3772
3767 3779 3781
3781 3779 3768
3767 3781 3782
3782 3780 3767
3781 3768 3783
3782 3784 3780
3785 3783 3768
3784 3786 3780
3780 3786 3778
3784 3787 3786
3788 3786 3787
3785 3768 3789
3790 3785 3789
3786 3791 3778
3778 3791 3775
3788 3792 3786
3786 3792 3791
3788 3793 3792
3791 3794 3775
3777 3775 3794
3793 3795 3792
3793 3796 3795
3792 3797 3791
3791 3797 3794
3792 3795 3797
3798 3777 3794
3797 3798 3794
3798 3799 3777
3798 3800 3799
3796 3801 3795
3796 3802 3801
3803 3801 3802
3795 3804 3797
3797 3804 3798
3795 3801 3804
3798 3805 3800
3804 3805 3798
3805 3806 3800
3803 3807 3801
3803 3808 3807
3809 3807 3808
3801 3810 3804
3804 3810 3805
3801 3807 3810
3806 3805 3811
3806 3811 3812
3813 3805 3810
3807 3813 3810
3813 3811 3805
3809 3814 3807
3807 3814 3813
3815 3814 3809
3815 3816 3814
3813 3814 3816
3817 3816 3815
3813 3816 3818
3817 3818 3816
3811 3813 3818
3819 3818 3817
3820 3819 3812
3820 3812 3811
3811 3818 3820
3819 3820 3818
3821 3627 3623
3768 3627 3821
3789 3768 3821
3821 3623 3822
3624 3822 3623
3789 3821 3823
3823 3821 3822
3624 3824 3822
3823 3822 3824
3624 3825 3824
3826 3789 3823
3790 3789 3826
3827 3790 3826
3825 3828 3824
3825 3829 3828
3828 3829 3830
3831 3823 3824
3826 3823 3831
3831 3824 3828
3826 3832 3827
3831 3832 3826
3833 3827 3832
3830 3834 3828
3834 3830 3835
3834 3835 3836
3828 3837 3831
3831 3837 3832
3828 3834 3837
3838 3833 3832
3838 3832 3837
3838 3839 3833
3834 3840 3837
3838 3837 3840
3841 3839 3838
3841 3838 3840
3841 3842 3839
3841 3843 3842
3834 3836 3844
3834 3844 3840
3841 3845 3843
3845 3846 3843
3841 3840 3847
3844 3847 3840
3847 3845 3841
3836 3848 3844
3844 3848 3847
3836 3849 3848
3849 3850 3848
3848 3851 3847
3847 3851 3845
3852 3845 3851
3853 3846 3845
3852 3853 3845
3853 3854 3846
3850 3855 3848
3848 3855 3851
3855 3852 3851
3850 3856 3855
3855 3856 3857
3854 3853 3858
3852 3858 3853
3854 3858 3859
3855 3857 3860
3855 3860 3852
3861 3860 3857
3862 3859 3858
3852 3862 3858
3862 3863 3859
3861 3864 3860
3852 3860 3864
3852 3864 3862
3863 3862 3864
3863 3864 3861
3865 3866 3867
3868 3867 3866
3868 3866 3869
3870 3868 3869
3865 3871 3866
3869 3866 3872
3872 3866 3871
3873 3871 3865
3873 3865 3874
3875 3873 3874
3875 3876 3873
3877 3876 3875
3877 3875 3878
3877 3878 3879
3880 3871 3873
3877 3879 3881
3881 3880 3877
3882 3881 3879
3880 3883 3871
3872 3871 3883
3881 3883 3880
3881 3872 3883
3882 3884 3881
3881 3884 3872
3885 3884 3882
3885 3882 3886
3885 3886 3887
3888 3872 3884
3888 3884 3885
3869 3872 3888
3889 3869 3888
3870 3869 3889
3890 3888 3885
3889 3888 3890
3870 3889 3891
3891 3889 3890
3870 3891 3892
3885 3887 3893
3890 3885 3893
3892 3891 3894
3892 3894 3895
3896 3895 3894
3891 3890 3897
3897 3890 3893
3894 3891 3897
3898 3893 3887
3897 3893 3898
3898 3887 3899
3552 3898 3899
3552 3900 3898
3900 3897 3898
3550 3900 3552
3896 3894 3901
3902 3896 3901
3894 3897 3903
3900 3903 3897
3901 3894 3903
3904 3900 3550
3904 3903 3900
3901 3903 3904
3553 3904 3550
3905 3901 3904
3905 3904 3553
3902 3901 3905
3554 3905 3553
3554 3902 3905
3554 3906 3902
3555 3906 3554
3555 3907 3906
3908 3907 3555
3908 3909 3907
3555 3520 3908
3910 3909 3908
3911 3908 3520
3910 3908 3911
3518 3911 3520
3912 3910 3911
3518 3913 3911
3472 3913 3518
3912 3911 3914
3914 3911 3913
3915 3913 3472
3914 3913 3915
3916 3912 3914
3916 3914 3915
3916 3917 3912
3915 3472 3918
3472 3479 3918
3918 3479 3919
3920 3917 3916
3920 3921 3917
3920 3922 3921
3916 3915 3923
3923 3915 3918
3923 3920 3916
3918 3919 3924
3923 3918 3924
3920 3925 3922
3926 3922 3925
3923 3927 3920
3924 3927 3923
3927 3925 3920
3919 3928 3924
3924 3928 3927
3919 3929 3928
3928 3929 3930
3927 3931 3925
3928 3931 3927
3926 3925 3932
3932 3925 3931
3928 3930 3933
3928 3933 3931
3934 3926 3932
3934 3935 3926
3932 3931 3936
3936 3931 3933
3934 3932 3936
3937 3933 3930
3936 3933 3937
3937 3930 3938
3939 3937 3938
3940 3935 3934
3940 3941 3935
3942 3941 3940
3934 3936 3943
3943 3936 3937
3943 3940 3934
3939 3944 3937
3943 3937 3944
3943 3945 3940
3944 3945 3943
3939 3946 3944
3944 3946 3945
3939 3947 3946
3946 3947 3948
3942 3940 3949
3945 3949 3940
3946 3948 3950
3950 3948 3951
3946 3952 3945
3945 3952 3949
3946 3950 3952
3953 3949 3952
3950 3953 3952
3954 3942 3949
3953 3954 3949
3954 3955 3942
3956 3955 3954
3956 3954 3953
3956 3957 3955
3956 3958 3957
3956 3959 3958
3956 3953 3960
3961 3958 3959
3961 3960 3953
3961 3962 3958
3962 3961 3951
3950 3951 3963
3950 3963 3953
3961 3953 3963
3961 3963 3951
3964 3965 3966
3967 3966 3965
3964 3968 3965
3969 3968 3964
3969 3970 3968
3970 3965 3968
3971 3970 3969
3967 3965 3972
3970 3972 3965
3973 3967 3972
3971 3974 3970
3972 3970 3974
3973 3972 3975
3972 3974 3975
3976 3973 3975
3976 3975 3977
3977 3975 3974
3978 3976 3977
3971 3979 3974
3977 3974 3979
3971 3980 3979
3980 3981 3979
3977 3979 3981
3980 3982 3981
3978 3977 3983
3982 3978 3983
3982 3983 3981
3977 3981 3983
3984 3985 3986
3984 3986 3987
3984 3988 3985
3988 3989 3985
3984 3987 3990
3991 3990 3987
3988 3992 3989
3989 3992 3993
3989 3993 3994
3994 3993 3995
3993 3996 3995
3994 3995 3997
3995 3998 3997
3995 3999 3998
3999 3995 3996
3999 4000 3998
3999 4001 4000
4001 4002 4000
3996 4003 3999
4003 4001 3999
3988 4004 3992
3992 4005 3993
3992 4004 4005
4004 4006 4005
4007 3993 4005
4007 3996 3993
4006 4007 4005
3988 4008 4004
4008 3988 3984
4004 4009 4006
4008 4009 4004
4008 3984 4010
4010 3984 3990
4008 4011 4009
4011 4008 4010
4006 4009 4012
4009 4013 4012
4009 4011 4013
4006 4012 4014
4013 4011 4015
4011 4010 4015
4013 4015 4016
4015 4017 4016
4010 3990 4018
4015 4010 4018
4019 4006 4014
4019 4014 4020
4021 4019 4020
4015 4022 4017
4015 4018 4022
4023 4018 3990
3991 4023 3990
4006 4019 4024
4006 4024 4007
4021 4025 4019
4024 4019 4025
4026 4017 4022
4026 4027 4017
4028 4027 4026
4029 4022 4018
4023 4029 4018
4029 4026 4022
4030 4023 3991
4030 4029 4023
4030 3991 4031
4032 4026 4029
4030 4032 4029
4033 4030 4031
4032 4030 4033
4033 4031 4034
4035 4033 4034
4028 4026 4036
4032 4036 4026
4032 4033 4037
4036 4032 4037
4028 4036 4038
4036 4037 4038
4028 4038 4039
4038 4040 4039
4035 4041 4033
4037 4033 4041
4038 4042 4040
4042 4043 4040
4038 4037 4044
4037 4041 4044
4038 4044 4042
4045 4044 4041
4042 4044 4045
4046 4041 4035
4045 4041 4046
4046 4035 4047
4048 4046 4047
4048 4045 4046
4048 4047 4049
4048 4049 4050
4048 4050 4051
4048 4052 4045
4053 4051 4050
4053 4045 4052
4053 4050 4054
4054 4043 4053
4042 4055 4043
4042 4045 4055
4053 4055 4045
4053 4043 4055
4021 4056 4057
4057 4056 4058
4021 4057 4025
4057 4058 4059
4060 4059 4058
4060 4061 4059
4062 4061 4060
4062 4063 4061
4064 4063 4062
4057 4065 4025
4059 4066 4057
4057 4066 4065
4061 4067 4059
4059 4067 4066
4063 4068 4061
4061 4068 4067
4067 4068 4069
4063 4070 4068
4069 4068 4070
4064 4071 4063
4071 4070 4063
4072 4071 4064
4072 4064 4073
4074 4072 4073
4071 4075 4070
4072 4075 4071
4074 4076 4072
4077 4076 4074
4069 4070 4078
4075 4078 4070
4072 4079 4075
4076 4079 4072
4075 4080 4078
4079 4080 4075
4069 4078 4081
4080 4081 4078
4069 4081 4082
4080 4083 4081
4069 4082 4084
4085 4083 4080
4079 4086 4080
4085 4080 4086
4076 4087 4079
4087 4086 4079
4085 4086 4088
4087 4088 4086
4085 4088 4089
4069 4084 4090
4067 4069 4090
4084 4091 4090
4091 4067 4090
4084 2874 4091
4091 4066 4067
2874 2873 4091
2873 4066 4091
2873 4065 4066
4065 2873 2835
4065 2835 2842
4025 4065 2842
4025 2842 4024
2838 4024 2842
2838 4007 4024
2838 4092 4007
2838 2817 4092
3996 4007 4092
4092 2817 4093
3996 4092 4093
4093 2817 2815
4093 4094 3996
3996 4094 4003
4095 4093 2815
4093 4095 4094
2815 4096 4095
2815 2816 4096
4095 4097 4094
4095 4096 4097
2816 4098 4096
4098 4097 4096
2816 4099 4098
2806 4099 2816
2806 4100 4099
4098 4101 4097
4100 2806 2814
4100 2814 4102
2814 4103 4102
4097 4101 4104
4094 4097 4105
4097 4104 4105
4094 4105 4003
2814 4106 4103
2810 4106 2814
4106 4107 4103
4108 4105 4104
4003 4105 4108
4108 4104 4109
4110 4106 2810
2811 4110 2810
4106 4111 4107
4110 4111 4106
4111 4112 4107
4003 4108 4113
4003 4113 4001
4114 4108 4109
4113 4108 4114
4114 4109 4115
4116 4110 2811
2811 2813 4116
4117 4111 4110
4116 4117 4110
4118 4116 2813
4118 4117 4116
4118 2813 4119
4118 4119 4120
4001 4113 4121
4113 4114 4121
4115 4122 4114
4121 4114 4122
4115 4123 4122
4122 4123 4124
4001 4121 4125
4001 4125 4002
4121 4122 4126
4125 4121 4126
4002 4125 4127
4125 4126 4127
4002 4127 4128
4122 4124 4129
4126 4122 4129
4127 4126 4130
4126 4129 4130
4128 4127 4131
4127 4130 4131
4128 4131 4132
4133 4132 4131
4124 4134 4129
4124 4135 4134
4134 4135 4136
4129 4137 4130
4131 4130 4137
4129 4134 4137
4133 4131 4138
4131 4137 4138
4139 4133 4138
4134 4136 4140
4137 4134 4140
4138 4137 4141
4137 4140 4141
4142 4140 4136
4141 4140 4142
4142 4136 4143
4142 4143 4144
4139 4138 4145
4138 4141 4145
4141 4142 4146
4145 4141 4146
4139 4145 4147
4145 4146 4147
4139 4147 4148
4142 4144 4149
4146 4142 4149
4147 4146 4150
4146 4149 4150
4148 4147 4151
4147 4150 4151
4148 4151 4152
4153 4152 4151
4144 4154 4149
4154 4150 4149
4144 4155 4154
4153 4151 4156
4150 4156 4151
4157 4154 4155
4157 4155 4158
4157 4158 4159
4157 4159 4160
4159 4161 4160
4161 4153 4156
4159 4162 4161
4161 4162 4153
4154 4157 4163
4163 4161 4156
4154 4164 4150
4154 4163 4164
4163 4156 4164
4150 4164 4156
4165 4087 4076
4077 4165 4076
4165 4166 4087
4166 4088 4087
4077 4167 4165
4167 4166 4165
4077 4168 4167
4166 4169 4088
4089 4088 4169
4089 4169 4170
4169 4171 4170
4168 4172 4167
4168 4173 4172
4167 4174 4166
4169 4166 4174
4172 4174 4167
4173 4175 4172
4173 4176 4175
4176 4177 4175
4176 4178 4177
4178 4171 4177
4172 4179 4174
4169 4174 4180
4169 4180 4171
4177 4171 4180
4180 4174 4179
4180 4179 4177
4181 4182 4183
4112 4181 4183
4181 4184 4182
4185 4182 4184
4112 4186 4181
4111 4186 4112
4117 4186 4111
4117 4181 4186
4117 4187 4181
4118 4187 4117
4181 4188 4184
4181 4187 4188
4189 4187 4118
4189 4188 4187
4118 4120 4189
4185 4184 4190
4190 4184 4188
4120 4191 4189
4120 4192 4191
4193 4188 4189
4190 4188 4193
4193 4189 4191
4194 4185 4190
4193 4194 4190
4195 4185 4194
4194 4196 4195
4193 4197 4194
4191 4197 4193
4194 4198 4196
4199 4196 4198
4191 4200 4197
4192 4200 4191
4199 4200 4192
4199 4198 4200
4201 4202 4203
4201 4204 4202
4201 4205 4204
4206 4204 4205
4201 4203 4207
4205 4201 4207
4206 4205 4208
4208 4209 4206
4210 4207 4203
4210 4203 4211
4210 4211 4212
4205 4207 4213
4213 4208 4205
4213 4207 4210
4208 4214 4209
4213 4214 4208
4214 4215 4209
4210 4212 4216
4216 4212 4217
4218 4216 4217
4213 4210 4219
4214 4213 4219
4219 4210 4216
4214 4220 4215
4214 4219 4220
4220 4221 4215
4220 4222 4221
4222 4220 4219
4222 4223 4221
4219 4216 4224
4222 4219 4224
4218 4225 4216
4225 4224 4216
4223 4222 4226
4223 4226 4227
4222 4224 4228
4225 4228 4224
4222 4228 4226
4229 4225 4218
4229 4228 4225
4229 4218 4230
4229 4230 4231
4229 4231 4232
4232 4231 4233
4232 4233 4234
4229 4235 4228
4226 4228 4235
4235 4229 4232
4235 4232 4236
4227 4226 4237
4226 4235 4237
4237 4235 4236
4227 4237 4238
4238 4237 4239
4239 4237 4240
4237 4236 4240
4239 4240 4241
4242 4241 4240
4242 4240 4243
4243 4240 4236
4244 4242 4243
4232 4234 4245
4245 4234 4246
4244 4243 4247
4247 4248 4244
4243 4236 4249
4249 4247 4243
4250 4236 4232
4250 4232 4245
4245 4246 4251
4246 4252 4251
4253 4251 4252
4245 4251 4254
4253 4254 4251
4245 4254 4250
4255 4254 4253
4255 4256 4254
4256 4250 4254
4257 4256 4255
4258 4249 4236
4258 4236 4250
4249 4259 4247
4258 4259 4249
4257 4260 4256
4260 4257 4261
4256 4262 4250
4262 4258 4250
4263 4258 4262
4258 4264 4259
4263 4264 4258
4247 4259 4265
4265 4259 4264
4266 4262 4256
4266 4256 4260
4267 4260 4261
4268 4267 4261
4268 4269 4267
4260 4267 4270
4270 4267 4269
4260 4270 4266
4270 4269 4271
4270 4271 4272
4270 4272 4273
4266 4270 4273
4273 4272 4274
4262 4266 4275
4266 4273 4275
4262 4275 4263
4273 4274 4276
4277 4275 4273
4277 4273 4276
4274 4278 4276
4277 4276 4278
4274 4279 4278
4280 4278 4279
4280 4279 4281
4282 4263 4275
4275 4277 4282
4283 4282 4277
4277 4278 4284
4280 4284 4278
4283 4277 4284
4285 4280 4281
4285 4281 4286
4285 4286 4287
4280 4288 4284
4288 4283 4284
4285 4287 4289
4289 4287 4290
4291 4280 4285
4291 4288 4280
4291 4285 4289
4288 4292 4283
4291 4292 4288
4290 4293 4289
4290 4294 4293
4293 4294 4295
4293 4295 4296
4296 4295 4297
4289 4293 4298
4298 4293 4296
4291 4289 4299
4289 4298 4299
4291 4300 4292
4300 4291 4299
4296 4297 4301
4301 4297 4302
4283 4292 4303
4303 4292 4300
4303 4300 4304
4283 4303 4305
4306 4304 4300
4300 4299 4307
4306 4300 4307
4307 4299 4298
4306 4307 4308
4309 4308 4307
4305 4310 4283
4305 4311 4310
4282 4283 4310
4309 4307 4312
4307 4298 4312
4313 4309 4312
4311 4314 4310
4282 4310 4314
4311 4315 4314
4312 4298 4316
4298 4296 4316
4316 4296 4301
4313 4312 4317
4312 4316 4317
4318 4313 4317
4317 4316 4319
4316 4301 4319
4318 4317 4320
4317 4319 4320
4318 4320 4321
4322 4321 4320
4322 4320 4323
4319 4323 4320
4324 4322 4323
4325 4319 4301
4319 4325 4323
4325 4301 4326
4302 4326 4301
4302 4327 4326
4327 4328 4326
4328 4325 4326
4327 4329 4328
4328 4330 4325
4329 4330 4328
4330 4323 4325
4329 4331 4330
4330 4331 4324
4330 4332 4323
4324 4323 4332
4330 4324 4332
4333 4263 4282
4333 4282 4314
4333 4334 4263
4335 4334 4333
4335 4333 4336
4333 4314 4336
4336 4314 4337
4337 4314 4315
4337 4315 4338
4336 4337 4339
4335 4336 4339
4340 4337 4338
4339 4337 4340
4340 4338 4341
4340 4341 4342
4340 4342 4343
4343 4342 4344
4345 4343 4344
4339 4340 4346
4346 4340 4343
4335 4339 4347
4347 4339 4346
4345 4348 4343
4346 4343 4349
4349 4343 4348
4347 4346 4350
4350 4346 4349
4351 4348 4345
4351 4345 4352
4351 4352 4353
4335 4347 4354
4354 4347 4350
4335 4354 4355
4354 4350 4356
4357 4356 4350
4335 4355 4358
4357 4350 4359
4350 4349 4359
4357 4359 4360
4360 4359 4361
4349 4361 4359
4360 4361 4362
4362 4361 4363
4362 4363 4364
4365 4364 4363
4349 4366 4361
4366 4363 4361
4349 4348 4366
4366 4348 4351
4335 4358 4367
4358 4368 4367
4334 4335 4367
4368 4334 4367
4358 4369 4368
4370 4368 4369
4366 4351 4371
4366 4371 4363
4365 4363 4372
4365 4372 4373
4372 4374 4373
4371 4351 4375
4351 4353 4375
4375 4353 4376
4363 4371 4377
4363 4377 4372
4371 4375 4377
4372 4378 4374
4378 4379 4374
4380 4372 4377
4375 4380 4377
4380 4378 4372
4376 4381 4375
4375 4381 4380
4376 4382 4381
4383 4381 4382
4380 4381 4383
4383 4382 4384
4380 4383 4385
4385 4383 4384
4378 4380 4385
4385 4384 4386
4378 4387 4379
4378 4385 4387
4387 4385 4386
4387 4386 4379
4334 4388 4263
4388 4264 4263
4368 4388 4334
4388 4389 4264
4388 4390 4389
4265 4264 4389
4391 4265 4389
4368 4392 4388
4388 4392 4390
4392 4368 4393
4370 4393 4368
4394 4393 4370
4392 4393 4395
4390 4392 4395
4394 4396 4393
4395 4393 4396
4396 4394 4397
4396 4397 4398
4398 4397 4399
4400 4398 4399
4395 4396 4401
4401 4396 4398
4390 4402 4389
4402 4391 4389
4403 4395 4401
4390 4395 4403
4390 4404 4402
4404 4391 4402
4390 4405 4404
4405 4390 4403
4404 4406 4391
4405 4403 4407
4408 4391 4406
4407 4403 4409
4403 4401 4409
4407 4409 4410
4411 4410 4409
4401 4398 4412
4409 4401 4412
4411 4409 4413
4409 4412 4413
4411 4413 4414
4408 4415 4391
4416 4415 4408
4412 4398 4417
4400 4417 4398
4414 4413 4418
4414 4418 4419
4413 4412 4420
4412 4417 4420
4413 4420 4418
4421 4417 4400
4420 4417 4421
4421 4400 4422
4421 4422 4423
4419 4418 4424
4419 4424 4425
4426 4425 4424
4418 4420 4427
4420 4421 4427
4418 4427 4424
4421 4423 4428
4427 4421 4428
4428 4423 4429
4426 4424 4430
4426 4430 4431
4432 4431 4430
4424 4427 4433
4427 4428 4433
4424 4433 4430
4429 4434 4428
4429 4435 4434
4436 4433 4428
4430 4433 4436
4436 4428 4434
4432 4430 4437
4430 4436 4437
4438 4432 4437
4438 4437 4439
4436 4439 4437
4440 4438 4439
4436 4441 4439
4440 4439 4441
4434 4441 4436
4442 4440 4441
4443 4434 4435
4443 4435 4442
4434 4443 4441
4442 4441 4443
4415 4444 4391
4391 4444 4265
4444 4445 4265
4247 4265 4445
4247 4445 4248
4446 4248 4445
4444 4447 4445
4446 4445 4447
4415 4448 4444
4448 4447 4444
4446 4447 4449
4448 4449 4447
4446 4449 4450
4451 4448 4415
4416 4451 4415
4452 4451 4416
4453 4449 4448
4451 4453 4448
4450 4449 4454
4453 4454 4449
4450 4454 4455
4454 4456 4455
4451 4452 4457
4453 4451 4457
4458 4457 4452
4454 4453 4459
4453 4457 4459
4456 4454 4460
4454 4459 4460
4460 4461 4456
4460 4462 4461
4463 4457 4458
4463 4459 4457
4463 4458 4464
4460 4459 4465
4463 4465 4459
4466 4463 4464
4466 4465 4463
4466 4464 4467
4466 4467 4468
4460 4469 4462
4460 4465 4469
4466 4468 4470
4470 4468 4471
4466 4472 4465
4469 4465 4472
4472 4466 4470
4462 4469 4473
4469 4472 4473
4462 4473 4474
4474 4473 4475
4473 4472 4476
4472 4470 4476
4477 4476 4470
4478 4470 4471
4477 4470 4478
4478 4471 4479
4475 4473 4480
4473 4476 4480
4480 4476 4477
4475 4480 4481
4480 4482 4481
4479 4483 4478
4477 4478 4483
4479 4484 4483
4480 4485 4482
4480 4477 4485
4486 4482 4485
4487 4483 4484
4477 4483 4487
4487 4484 4488
4486 4485 4489
4477 4489 4485
4477 4487 4489
4488 4486 4489
4488 4489 4487
4490 4491 4492
4493 4492 4491
4490 4492 4494
4495 4490 4494
4495 4494 4496
4496 4494 4492
4497 4495 4496
4493 4498 4492
4496 4492 4498
4499 4498 4493
4497 4496 4500
4498 4500 4496
4499 4501 4498
4498 4501 4500
4502 4501 4499
4502 4503 4501
4503 4500 4501
4504 4503 4502
4497 4500 4505
4503 4505 4500
4497 4505 4506
4506 4505 4507
4503 4507 4505
4506 4507 4508
4504 4509 4503
4503 4509 4507
4508 4507 4509
4508 4509 4504
