byte offset: 0
first index: 0
index count: 18564
topology: trianglelist
format: DXGI_FORMAT_R16_UINT

0 1 2
0 2 3
4 5 6
4 6 7
8 9 10
8 10 11
12 13 14
12 14 15
13 16 17
13 17 14
18 19 20
18 20 21
22 23 24
23 25 26
27 28 29
27 29 30
31 32 33
31 33 34
35 36 37
35 37 38
36 39 40
36 40 37
26 1 0
26 0 24
1 26 41
1 41 7
9 8 42
9 42 43
44 45 46
44 46 47
35 48 49
35 49 36
36 49 50
36 50 39
39 50 51
39 51 52
53 54 55
53 55 56
57 58 59
57 59 60
61 62 63
61 63 64
61 65 66
61 66 62
67 68 69
67 69 70
71 72 73
71 73 74
72 75 76
72 76 73
75 77 78
77 79 80
77 80 78
81 82 83
81 83 84
85 86 87
85 87 88
86 89 90
86 90 87
89 91 92
89 92 90
91 93 94
91 94 92
93 95 96
93 96 94
95 97 96
98 99 100
98 100 101
102 98 101
102 101 103
56 104 105
83 58 57
83 57 84
88 87 61
88 61 64
87 90 65
87 65 61
106 107 108
109 110 111
109 111 112
111 110 113
111 113 114
115 116 117
118 119 120
118 120 121
122 123 124
125 126 127
125 127 128
126 129 130
126 130 127
131 132 133
131 133 134
30 29 42
34 33 46
128 127 135
128 135 136
135 127 130
135 130 137
138 139 140
138 140 141
141 140 134
141 134 142
143 144 145
143 145 146
147 143 146
147 146 148
132 147 148
132 148 133
124 123 149
92 150 65
92 94 151
92 151 150
152 153 154
152 154 155
156 99 98
156 98 157
158 157 98
158 98 102
159 158 102
159 102 160
161 159 160
161 160 104
55 161 104
55 104 56
162 163 164
162 164 165
166 167 19
166 19 18
167 166 168
167 168 169
169 170 171
169 171 172
173 174 175
173 175 176
177 178 179
177 179 176
39 52 180
39 180 40
163 181 182
163 182 164
180 183 184
160 102 103
160 103 185
186 104 160
181 184 183
181 183 182
187 188 140
187 140 139
44 189 190
44 190 45
191 192 193
191 193 194
188 131 134
188 134 140
194 195 196
194 196 191
52 197 180
51 198 197
51 197 52
182 183 199
198 200 199
198 199 197
164 182 201
200 202 201
203 47 204
205 203 165
195 206 207
195 207 196
201 205 164
203 205 208
203 208 209
205 201 202
205 202 208
209 210 44
209 44 47
209 47 203
211 209 212
202 212 208
213 207 206
35 38 214
35 214 215
216 217 99
216 99 156
217 218 100
217 100 99
216 219 217
215 220 221
215 221 222
223 224 225
223 225 226
227 228 229
227 229 230
231 232 145
231 145 144
233 234 232
233 232 231
234 233 235
234 235 236
236 235 237
236 237 238
239 238 237
240 241 242
240 242 243
243 242 244
243 244 245
245 244 246
245 246 247
248 249 250
248 250 251
251 250 252
251 252 253
254 229 228
254 228 255
256 257 258
256 258 259
260 261 257
260 257 256
261 260 262
261 262 263
262 264 263
232 234 265
232 265 266
267 236 238
267 238 268
236 267 265
236 265 234
269 270 271
269 271 272
272 271 273
272 273 274
275 274 273
275 273 276
277 278 279
280 281 282
280 282 283
284 285 286
284 286 287
288 289 290
288 290 291
286 285 292
286 292 293
294 292 295
294 295 296
292 294 297
292 297 293
294 298 299
294 299 297
296 300 298
296 298 294
301 302 303
301 303 304
304 303 305
304 305 306
305 303 307
305 307 308
309 310 307
309 307 311
302 311 307
302 307 303
312 313 314
269 315 316
238 239 268
272 317 315
272 315 269
317 318 315
319 317 272
319 272 274
317 319 320
317 320 318
321 319 274
321 274 275
322 320 319
322 319 321
275 323 324
275 324 321
325 322 321
325 321 324
323 309 326
323 326 324
324 326 327
253 252 328
309 311 329
309 329 326
326 329 330
331 329 311
331 311 302
329 331 330
302 301 332
302 332 331
331 332 333
331 333 334
301 300 335
301 335 332
336 337 338
336 338 335
295 339 340
295 340 341
296 295 341
296 341 336
336 341 342
336 342 337
343 340 339
343 339 344
345 346 347
345 347 348
349 350 351
349 351 352
353 354 355
353 355 356
342 341 340
342 340 357
358 359 360
358 360 361
362 363 364
362 364 365
366 367 368
366 368 369
370 366 369
370 369 371
372 373 374
372 374 375
376 310 377
308 307 310
308 310 376
378 379 380
378 380 381
382 378 381
382 381 383
379 378 384
379 384 385
378 382 386
378 386 384
387 388 389
387 389 390
388 391 392
388 392 389
393 394 395
393 395 396
394 393 397
394 397 398
398 399 400
398 400 394
401 402 400
401 400 358
399 359 358
399 358 400
403 404 405
403 405 406
407 408 409
407 409 403
361 360 410
361 410 409
411 412 413
414 412 415
414 415 416
417 416 415
417 415 418
419 417 418
419 418 420
421 422 423
421 423 402
424 425 426
424 426 427
425 424 375
425 375 374
422 428 429
422 429 423
428 430 431
428 431 429
432 431 430
432 430 433
314 434 312
435 436 437
438 439 312
438 312 434
436 440 441
436 441 437
442 407 439
442 439 438
440 443 441
407 442 444
407 444 408
443 445 446
443 446 447
444 448 449
444 449 408
445 450 451
445 451 446
452 449 448
452 448 453
450 454 455
450 455 451
456 457 422
456 422 421
457 458 428
457 428 422
458 459 430
458 430 428
459 460 433
459 433 430
460 461 462
460 462 433
463 464 465
463 465 466
467 468 469
467 469 470
471 472 468
471 468 467
473 474 472
473 472 471
470 469 475
470 475 476
477 478 479
477 479 480
478 481 482
478 482 479
481 483 484
481 484 482
483 485 486
483 486 484
487 488 478
487 478 477
488 489 481
488 481 478
489 490 483
489 483 481
491 492 493
491 493 494
492 495 496
492 496 493
497 498 499
497 499 500
498 501 502
498 502 499
503 502 501
503 501 504
505 506 504
505 504 507
501 498 508
501 508 509
506 510 511
506 511 512
513 514 515
513 515 516
517 518 514
505 519 510
505 510 506
517 514 513
517 513 520
454 450 521
454 521 487
494 522 523
494 523 491
450 445 524
450 524 521
445 443 525
445 525 524
526 523 527
526 527 528
443 440 525
529 528 527
529 527 530
531 524 525
531 525 532
533 529 530
533 530 534
525 440 535
525 535 532
536 435 537
538 533 534
538 534 539
436 435 536
440 436 536
440 536 535
540 541 542
540 542 543
544 545 546
544 546 547
548 549 550
548 550 551
552 553 554
552 554 555
556 557 558
556 558 559
560 561 562
560 562 563
564 565 566
564 566 567
568 553 552
568 552 569
518 515 514
547 570 544
571 562 561
556 572 557
562 571 573
562 573 574
562 574 563
575 576 577
575 577 578
579 580 578
579 578 577
580 579 581
580 581 582
583 584 582
583 582 581
584 583 585
584 585 586
585 486 485
585 485 586
495 497 496
587 588 550
587 550 549
589 586 485
589 485 590
582 591 592
582 592 580
591 593 594
591 594 595
596 597 598
596 598 599
595 594 600
595 600 601
602 596 599
602 599 603
604 605 575
604 575 606
607 578 580
607 580 592
608 609 610
608 610 611
612 607 592
612 592 613
614 615 616
617 618 619
617 619 620
621 622 623
624 622 621
625 626 627
628 606 607
628 607 612
594 593 589
594 589 629
630 631 632
630 632 633
526 634 491
526 491 523
634 635 492
634 492 491
636 631 630
636 630 637
636 637 638
569 552 639
569 639 640
555 641 639
555 639 552
642 643 644
642 644 645
646 647 648
646 648 649
650 651 649
650 649 648
652 653 654
652 654 655
656 657 658
656 658 659
660 661 662
660 662 663
664 665 661
664 661 660
664 666 667
668 669 670
668 670 671
672 671 670
673 671 672
673 672 674
674 675 676
674 676 673
675 677 678
675 678 676
677 679 680
677 680 678
681 680 679
681 679 682
682 419 420
682 420 681
415 683 684
415 684 418
680 681 685
680 685 686
681 420 687
681 687 685
418 684 687
418 687 420
686 688 678
686 678 680
647 646 689
647 689 690
688 691 676
688 676 678
691 692 673
691 673 676
692 693 671
692 671 673
694 695 696
694 696 697
698 699 700
701 702 703
701 703 668
704 705 706
707 658 708
707 708 709
710 711 712
710 712 713
714 715 696
714 696 695
716 717 711
716 711 710
394 400 402
394 402 395
718 362 365
718 365 719
720 8 11
720 11 721
722 723 724
722 724 725
726 30 727
42 8 720
42 720 727
720 721 5
720 5 4
725 724 728
725 728 729
730 726 731
727 720 4
727 4 731
651 650 655
651 655 654
663 662 657
663 657 656
715 714 717
715 717 716
732 733 734
732 734 735
736 737 605
736 605 738
624 621 738
624 738 739
620 619 740
620 740 741
624 739 742
732 735 474
732 474 473
575 605 737
575 737 576
578 607 606
578 606 575
617 608 611
617 611 618
743 604 606
743 606 628
510 513 516
510 516 511
519 520 513
519 513 510
541 546 545
541 545 542
563 574 554
563 554 553
566 565 559
566 559 558
563 553 568
563 568 560
106 109 112
106 112 107
115 118 121
115 121 116
122 125 128
122 128 123
136 149 123
136 123 128
64 63 744
64 744 745
746 71 74
746 74 747
748 85 88
748 88 749
749 88 64
749 64 745
750 751 752
750 752 753
751 754 755
751 755 756
757 754 758
757 758 759
757 760 761
757 761 762
763 764 765
763 765 766
767 768 769
769 752 770
769 770 767
750 758 754
750 754 751
762 755 754
762 754 757
759 771 760
759 760 757
772 773 761
772 761 760
774 775 773
774 773 772
776 777 778
776 778 779
776 780 781
776 781 782
783 780 784
783 784 785
783 786 787
783 787 788
789 786 790
789 790 791
792 789 793
794 793 795
794 795 796
777 797 798
777 798 799
782 797 777
782 777 776
779 784 780
779 780 776
780 783 788
780 788 781
785 790 786
785 786 783
786 789 792
786 792 787
791 795 793
791 793 789
777 799 800
777 800 778
801 802 803
804 805 763
804 763 766
806 807 803
806 803 802
804 806 805
808 809 810
808 810 811
811 812 813
811 813 808
812 814 815
812 815 816
813 812 816
817 818 819
817 819 820
820 819 821
820 821 822
823 824 825
823 825 826
817 820 815
827 828 829
830 831 818
830 818 817
814 830 817
814 817 815
832 833 831
832 831 830
830 814 832
834 835 357
834 357 340
836 837 241
836 241 240
838 839 840
841 842 839
841 839 838
843 844 845
843 845 846
847 848 849
850 851 852
850 852 853
343 344 282
343 282 281
287 288 291
287 291 284
854 840 855
854 855 856
857 838 858
857 858 859
860 244 242
860 242 861
862 863 864
862 864 865
866 862 865
866 865 867
868 869 250
868 250 870
871 111 114
871 114 872
873 874 875
873 875 876
877 112 111
877 111 871
877 878 879
877 879 880
881 882 883
881 883 884
885 886 882
885 882 881
887 884 883
887 883 888
889 890 891
889 891 892
893 894 895
893 895 889
896 893 897
896 897 874
898 899 900
108 107 880
857 861 841
857 841 838
862 901 902
862 902 863
866 870 901
866 901 862
854 858 838
854 838 840
840 839 903
840 903 855
859 904 905
859 905 857
867 906 907
867 907 866
844 908 909
844 909 845
841 241 837
841 837 842
861 857 905
861 905 860
870 866 907
870 907 868
861 242 241
861 241 841
901 249 246
901 246 902
870 250 249
870 249 901
847 849 346
872 876 875
872 875 910
224 223 873
224 873 876
871 911 878
871 878 877
880 107 112
880 112 877
108 880 879
881 884 912
881 912 913
885 881 913
885 913 914
915 916 917
915 917 887
890 889 895
890 895 918
892 897 893
892 893 889
893 896 919
893 919 894
898 900 920
921 874 873
921 873 922
896 923 919
924 925 926
924 926 927
874 921 896
928 929 930
928 930 931
932 933 934
932 934 928
932 935 936
932 936 937
938 939 940
938 940 937
941 942 943
944 945 938
946 945 947
946 947 948
923 949 947
923 947 919
932 928 931
932 931 935
937 940 933
937 933 932
937 936 944
937 944 938
938 945 946
938 946 939
949 950 948
949 948 947
941 943 951
868 952 869
953 907 906
953 906 833
953 952 868
953 868 907
954 955 230
954 230 229
254 956 954
254 954 229
957 958 959
957 959 960
923 921 957
949 923 961
949 961 962
950 949 962
950 962 963
964 965 956
964 956 254
959 966 960
967 968 961
967 961 960
969 962 961
969 961 968
970 963 962
970 962 969
745 744 971
745 971 972
973 746 747
973 747 974
83 82 975
83 975 976
58 83 976
58 976 972
929 928 934
929 934 977
791 978 795
702 979 980
981 982 700
981 700 983
984 985 986
984 986 979
987 978 791
987 791 988
989 982 981
989 981 990
985 991 992
985 992 986
988 993 994
988 994 987
995 996 997
995 997 998
990 999 1000
990 1000 989
1001 992 1002
1001 1002 1003
993 1004 1005
993 1005 994
1006 669 1007
1006 1007 1008
1009 1010 1011
1009 1011 1012
792 793 766
792 766 1013
667 1014 1008
667 1008 1007
1015 1016 1009
1015 1009 1012
1017 787 792
1017 792 1013
1018 1019 1020
1018 1020 1021
1022 1023 1024
1022 1024 1025
1026 1027 1028
1026 1028 1029
1030 1031 1032
1030 1032 1033
1034 1035 1036
1034 1036 1014
1037 1038 1039
1040 1018 1021
1040 1021 1041
1016 1015 1042
1016 1042 1043
787 1017 1044
787 1044 1045
1046 1034 666
1046 666 1047
1046 1048 1035
1046 1035 1034
979 986 1049
979 1049 980
986 992 1001
986 1001 1049
1050 1051 1052
1053 984 979
1053 979 1054
979 702 1054
998 997 1055
998 1055 1056
1000 999 1057
1000 1057 1058
1004 1059 1060
1004 1060 1005
1002 992 991
1002 991 1061
1006 1008 1062
1014 1036 1062
1014 1062 1008
793 794 804
793 804 766
804 1063 806
919 947 945
919 945 1064
1065 179 173
1066 179 178
1066 178 1067
1068 1069 1070
1071 1064 945
1071 945 944
1072 1073 1074
1072 1074 1075
1076 1077 1078
1076 1078 1079
1080 1081 1082
1083 1084 1085
1083 1085 1086
1087 1088 1089
1087 1089 1090
1091 1092 1093
1091 1093 1094
1095 1096 1097
1098 1099 1100
1098 1100 1101
1088 1087 1102
1088 1102 1103
1094 1104 1105
1094 1105 1091
1106 1107 1108
1106 1108 1109
1110 1111 1112
1110 1112 1113
1114 1115 1081
1114 1081 1080
1116 1117 1097
1116 1097 1118
1119 1120 1121
1090 1089 1122
1090 1122 1123
1097 1080 1095
1117 1114 1080
1117 1080 1097
1124 1125 1126
1124 1126 1127
1128 1129 1130
1128 1130 1131
1106 1109 1120
1106 1120 1132
1111 1110 1133
1111 1133 1134
1109 1108 1135
666 1034 667
660 1136 666
660 666 664
663 1137 1136
663 1136 660
656 1138 1137
656 1137 663
659 1139 1138
659 1138 656
704 706 1140
667 1141 665
667 665 664
669 668 703
669 703 1007
703 980 1141
1142 665 1141
1142 1141 980
1143 661 665
1143 665 1142
1144 662 661
1144 661 1143
1145 657 662
1145 662 1144
708 658 657
708 657 1145
1146 595 601
1146 601 1147
1148 1149 765
1150 1151 1152
1150 1152 1153
1154 602 603
1154 603 1155
1156 1157 1146
1156 1146 1147
1158 1149 771
1158 771 1159
1160 1161 1162
1160 1162 1163
1164 1165 1166
1164 1166 1167
1168 1169 1170
1168 1170 1171
1172 1173 1174
1172 1174 1175
589 590 1176
589 1176 629
600 594 1177
591 595 613
1157 1178 613
1157 613 1146
1168 1171 1179
1168 1179 1180
593 584 586
593 586 589
582 584 593
582 593 591
693 701 668
693 668 671
1181 1182 1183
1181 1183 1184
1184 1183 1185
1184 1185 1186
1187 1188 1189
1187 1189 1190
1191 463 466
1191 466 1192
1193 1194 1195
1193 1195 1196
1197 1198 1199
1197 1199 1200
1189 1201 1202
1189 1202 462
1188 1203 1201
1188 1201 1189
775 774 802
775 802 801
1181 1204 1205
1181 1205 1182
1206 1207 1205
1206 1205 1204
476 475 1207
476 1207 1206
1176 590 490
1188 1187 1208
1191 1192 1209
1195 1194 1210
1203 1188 1208
1211 1212 814
1211 814 812
1213 1214 953
1213 953 832
1212 1213 832
1212 832 814
1215 952 953
1215 953 1214
964 1216 1217
964 1217 965
966 1218 967
832 953 833
1063 1219 1220
1063 1220 1221
1222 806 1063
1222 1063 1221
1223 807 806
1223 806 1222
812 811 807
279 278 1224
279 1224 1225
1226 1227 1228
1227 1229 1228
844 843 1230
908 844 1230
346 345 847
350 349 1231
1232 1233 1234
848 1235 1236
848 1236 849
837 347 1236
837 1236 842
323 275 276
323 276 377
310 309 323
310 323 377
1198 1197 1237
1238 1239 1240
1238 1240 1241
1023 1022 1242
1023 1242 1243
1244 1245 1246
1244 1246 1247
1038 1248 1249
1038 1249 1250
1047 1251 1033
1047 1033 1046
712 1252 1253
712 1253 713
485 483 490
485 490 590
1177 594 629
1151 1150 1254
1151 1254 1255
1154 1155 1256
1154 1256 1257
1258 1259 1157
1258 1157 1156
1159 1260 1261
1159 1261 1158
1259 1262 1178
1259 1178 1157
1160 1163 1255
1160 1255 1254
1256 1164 1167
1256 1167 1257
1169 1168 1259
1169 1259 1258
1260 1173 1172
1260 1172 1261
1168 1180 1262
1168 1262 1259
1039 1038 1250
1039 1250 1263
1264 1265 1266
1267 1268 1269
1244 1247 1270
1248 1038 1037
492 635 1271
492 1271 495
497 495 1271
497 1271 1272
498 497 1272
498 1272 508
1273 1274 1275
1273 1275 1276
996 995 1274
996 1274 1273
1050 1277 1051
1052 1051 1002
1052 1002 1061
1056 1055 1278
1058 1057 1279
1060 1059 1280
1051 1277 1003
1051 1003 1002
613 595 1146
702 980 703
670 669 1006
670 1006 672
1007 703 1141
1007 1141 667
812 807 1223
812 1223 1211
771 765 764
771 772 760
960 966 967
896 921 923
591 613 592
1177 629 1281
643 1282 1283
643 1283 1284
1281 629 1285
1177 1281 1286
701 1054 702
699 1287 983
699 983 700
1288 1289 1290
1288 1290 1291
1292 1293 1294
1292 1294 1295
1296 1297 1298
1296 1298 1299
1297 1300 1301
1297 1301 1302
1302 1303 1304
1302 1304 1305
1306 1307 1308
1307 1306 1309
1310 1311 1312
1310 1312 1313
1314 1315 1316
1314 1316 1317
1318 1319 1320
1318 1320 1321
1321 1320 1307
1321 1307 1309
1322 1323 1324
1322 1325 1323
1319 1326 1327
1319 1327 1320
1328 1329 1330
1328 1330 1331
1332 1333 1334
1332 1334 1335
1336 1337 1338
1336 1338 1339
1340 1337 1336
1340 1336 1341
1342 1343 1341
1342 1341 1336
1344 1345 1346
1344 1346 1347
1342 1347 1348
1342 1348 1343
1349 1350 1351
1349 1351 1352
1352 1353 1354
1352 1354 1349
1351 1355 1356
1351 1356 1352
1356 1357 1353
1356 1353 1352
1358 1356 1355
1358 1355 1359
1358 1360 1357
1358 1357 1356
1361 1362 1363
1361 1363 1364
1365 1361 1364
1365 1364 1366
1367 1368 1369
1370 1318 1321
1370 1321 1371
1372 1370 1371
1372 1371 1373
1368 1374 1375
1368 1375 1369
1373 1371 1375
1373 1375 1374
1376 1377 1372
1376 1372 1373
1378 1379 1380
1378 1380 1381
1382 1383 1380
1382 1380 1379
1384 1385 1386
1384 1386 1387
1388 1389 1390
1388 1390 1391
1392 1393 1394
1392 1394 1395
1396 1397 1398
1396 1398 1399
1400 1401 1402
1400 1402 1403
1404 1405 1406
1393 1403 1402
1393 1402 1394
1398 1407 1403
1398 1403 1393
1408 1409 1410
1408 1410 1411
1412 1408 1411
1412 1411 1413
1414 1415 1413
1414 1413 1416
1417 1418 1411
1417 1411 1410
1419 1420 1421
1419 1421 1422
1423 1424 1425
1423 1425 1426
1427 1428 1429
1427 1429 1430
1431 1386 1385
1431 1385 1432
1386 1431 1433
1386 1433 1391
1434 1435 1436
1434 1436 1437
1438 1439 1440
1438 1440 1441
1289 1442 1443
1289 1443 1290
1442 1444 1445
1442 1445 1443
1446 1447 1448
1449 1450 1376
1449 1376 1451
1450 1449 1452
1450 1452 1453
1454 1377 1376
1454 1376 1450
1455 1456 1457
1455 1457 1458
1456 1459 1460
1456 1460 1457
1461 1462 1463
1461 1463 1464
1465 1466 1467
1465 1467 1288
1468 1469 1470
1468 1470 1471
1432 1472 1473
1432 1473 1431
1433 1474 1475
1433 1475 1476
1477 1478 1479
1477 1479 1480
1481 1482 1483
1481 1483 1484
1485 1295 1294
1485 1294 1486
1487 1488 1489
1487 1489 1490
1491 1492 1292
1491 1292 1493
1494 1495 1496
1497 1498 1499
1500 1501 1502
1500 1502 1503
1504 1381 1505
1504 1505 1506
1507 1508 1509
1507 1509 1510
1511 1512 1513
1511 1513 1514
1515 1516 1517
1515 1517 1518
1504 1500 1503
1504 1503 1519
1520 1505 1381
1520 1381 1380
1391 1390 1387
1391 1387 1386
1521 1522 1523
1521 1523 1524
1525 1526 1527
1525 1527 1528
1391 1476 1388
1529 1530 1531
1529 1531 1532
1533 1534 1535
1533 1535 1529
1536 1537 1538
1536 1538 1539
1540 1541 1542
1540 1542 1543
1544 1545 1546
1547 1548 1549
1547 1549 1550
1551 1552 1553
1551 1553 1554
1555 1556 1557
1555 1557 1558
1559 1560 1561
1559 1561 1562
1563 1564 1565
1563 1565 1566
1563 1567 1568
1563 1568 1564
1569 1570 1571
1569 1571 1572
1573 1570 1574
1573 1574 1575
1576 1577 1578
1576 1578 1579
1580 1581 1578
1580 1578 1577
1582 1583 1584
1582 1584 1585
1586 1587 1582
1586 1582 1585
1586 1588 1589
1586 1589 1590
1591 1590 1592
1591 1592 1593
1594 1595 1596
1594 1596 1597
1598 1599 1600
1598 1600 1601
1602 1603 1604
1602 1604 1605
1589 1605 1604
1589 1604 1606
1590 1589 1607
1590 1607 1592
1607 1589 1608
1606 1609 1608
1541 1610 1611
1541 1611 1542
1612 1613 1610
1545 1612 1560
1545 1560 1559
1614 1613 1612
1614 1612 1545
1613 1614 1615
1613 1615 1616
1613 1616 1617
1613 1617 1618
1619 1609 1618
1619 1618 1617
1607 1608 1620
1607 1620 1621
1592 1622 1593
1592 1607 1621
1592 1621 1622
1623 1624 1621
1623 1621 1620
1625 1622 1621
1625 1621 1624
1626 1627 1628
1626 1628 1629
1630 1631 1632
1633 1634 1635
1633 1635 1636
1637 1638 1639
1637 1639 1636
1636 1635 1640
1636 1640 1637
1545 1544 1641
1545 1641 1614
1614 1641 1642
1614 1642 1615
1643 1644 1645
1643 1645 1646
1647 1648 1649
1647 1649 1650
1651 1652 1653
1651 1653 1654
1642 1655 1656
1657 1658 1652
1657 1652 1651
1659 1660 1658
1661 1659 1662
1661 1662 1663
1659 1661 1664
1659 1664 1660
1665 1619 1617
1665 1617 1666
1616 1615 1667
1616 1667 1668
1669 1670 1671
1669 1671 1672
1673 1674 1670
1673 1670 1669
1675 1676 1677
1675 1677 1678
1679 1680 1556
1679 1556 1681
1682 1683 1684
1682 1684 1685
1686 1687 1688
1689 1690 1640
1689 1640 1691
1299 1298 1692
1299 1692 1693
1694 1695 1696
1305 1304 1697
1305 1697 1698
1699 1700 1701
1699 1701 1702
1703 1704 1705
1703 1705 1706
1707 1708 1709
1707 1709 1710
1711 1712 1713
1711 1713 1714
1715 1716 1717
1715 1717 1379
1718 1719 1720
1718 1720 1721
1722 1723 1317
1722 1317 1316
1724 1725 1726
1724 1726 1727
1728 1729 1730
1728 1730 1731
1732 1733 1734
1732 1734 1735
1736 1737 1738
1736 1738 1739
1725 1740 1741
1725 1741 1726
1742 1743 1744
1742 1744 1745
1746 1747 1748
1746 1748 1749
1750 1751 1752
1753 1754 1755
1753 1755 1756
1757 1758 1759
1757 1759 1760
1761 1762 1763
1761 1763 1764
1757 1765 1766
1757 1766 1758
1767 1763 1762
1767 1762 1768
1715 1379 1378
1715 1378 1769
1770 1771 1772
1770 1772 1773
1771 1774 1775
1771 1775 1772
1639 1776 1777
1639 1777 1778
1779 1780 1781
1779 1781 1782
1776 1639 1638
1776 1638 1783
1784 1785 1786
1784 1786 1787
1788 1789 1790
1788 1790 1791
1792 1793 1794
1792 1794 1795
1796 1797 1787
1796 1787 1786
1798 1799 1800
1798 1800 1801
1802 1803 1804
1802 1804 1805
1806 1807 1808
1806 1808 1809
1799 1810 1811
1799 1811 1800
1812 1813 1814
1812 1814 1815
1813 1816 1817
1813 1817 1814
1672 1818 1819
1672 1819 1669
1820 1821 1822
1823 1824 1626
1823 1626 1673
1825 1826 1827
1825 1827 1828
1829 1830 1831
1829 1831 1832
1833 1834 1835
1836 1837 1838
1836 1838 1839
1503 1840 1841
1503 1841 1519
1824 1842 1627
1824 1627 1626
1527 1843 1844
1527 1844 1845
1846 1847 1848
1846 1848 1849
1843 1527 1526
1843 1526 1850
1851 1852 1853
1851 1853 1854
1855 1856 1857
1858 1846 1849
1858 1849 1859
1860 1861 1862
1860 1862 1523
1863 1864 1689
1863 1689 1691
1523 1862 1865
1523 1865 1524
1847 1866 1867
1847 1867 1848
1868 1869 1870
1868 1870 1871
1872 1873 1874
1872 1874 1869
1875 1876 1877
1875 1877 1878
1879 1875 1880
1879 1880 1881
1882 1878 1883
1882 1883 1884
1885 1886 1887
1885 1887 1888
1889 1544 1546
1547 1890 1889
1547 1889 1546
1550 1551 1891
1550 1891 1628
1892 1893 1554
1892 1554 1894
1895 1681 1896
1890 1815 1814
1890 1814 1889
1817 1544 1889
1817 1889 1814
1897 1641 1544
1897 1544 1817
1674 1673 1626
1674 1626 1629
1898 1899 1900
1901 1296 1299
1901 1299 1902
1903 1904 1296
1903 1296 1901
1905 1906 1907
1905 1907 1908
1909 1910 1911
1912 1913 1914
1912 1914 1915
1916 1917 1918
1916 1918 1919
1461 1464 1920
1461 1920 1921
1466 1465 1922
1466 1922 1923
1625 1924 1925
1625 1925 1622
1926 1927 1928
1929 1930 1931
1929 1931 1932
1933 1934 1935
1933 1935 1936
1937 1938 1939
1937 1939 1940
1941 1942 1943
1941 1943 1944
1945 1944 1943
1945 1943 1946
1947 1945 1946
1947 1946 1925
1948 1949 1950
1948 1950 1951
1952 1953 1954
1952 1954 1955
1956 1957 1958
1959 1960 1961
1959 1961 1962
1963 1964 1965
1963 1965 1966
1967 1968 1969
1967 1969 1970
1967 1970 1971
1967 1971 1972
1973 1974 1926
1973 1926 1928
1975 1663 1662
1976 1977 1978
1976 1978 1979
1980 1981 1979
1980 1979 1978
1982 1983 1984
1982 1984 1985
1985 1986 1987
1985 1987 1657
1985 1984 1986
1975 1662 1657
1975 1657 1987
1988 1989 1990
1988 1990 1991
1992 1990 1989
1992 1989 1993
1994 1995 1996
1994 1996 1997
1998 1999 2000
1998 2000 2001
1999 2002 2003
1999 2003 2000
2004 2005 2006
2004 2006 2007
1289 1288 1467
1289 1467 2008
2009 2010 2011
2009 2011 2012
1442 1289 2008
1442 2008 2013
1465 1288 1291
1465 1291 2014
1492 2015 1293
1492 1293 1292
2014 2016 1922
2014 1922 1465
2017 2018 1452
2017 1452 2019
2020 2021 2009
2020 2009 2012
1453 2022 2023
1453 2023 2024
1450 1453 2024
1450 2024 1454
1460 1916 1919
1460 1919 2025
2026 2027 1917
2026 1917 1916
2028 2029 2018
2028 2018 2017
2030 2022 2018
2030 2018 2029
2031 2023 2022
2031 2022 2030
2032 1445 1444
2032 1444 2033
2034 2035 1458
2034 1458 1457
2036 2029 2028
2036 2028 2037
2038 2030 2029
2038 2029 2036
2039 2031 2030
2039 2030 2038
1292 1295 2040
1292 2040 1493
1487 2041 2042
1487 2042 1488
2043 2044 2045
2043 2045 2046
2047 2048 2049
2047 2049 2050
1479 1478 2046
1479 2046 2045
2051 2052 1483
2051 1483 2053
2054 2055 2049
2054 2049 1494
2053 1483 1482
2053 1482 2056
1484 1483 2052
1484 2052 2057
1430 2058 2059
1430 2059 1427
2041 2060 2061
2041 2061 2042
1459 2026 1916
1459 1916 1460
1469 2039 2038
1469 2038 1470
2036 2062 1470
2036 1470 2038
2025 2034 1457
2025 1457 1460
1494 1496 2063
1494 2063 2054
2056 2045 2044
2056 2044 2055
2010 1463 1462
2010 1462 2011
1486 1429 1428
1486 1428 1485
2064 2065 2066
2064 2066 2067
2002 1999 2068
2002 2068 2069
2070 2071 2005
2070 2005 2004
2071 1439 2072
2071 2072 2005
1439 2065 2064
1439 2064 2072
2066 2059 2058
2066 2058 2067
1416 1418 1426
1416 1426 1420
1441 1421 1425
1441 1425 1435
1435 1434 1438
1435 1438 1441
2073 2074 2075
1495 2076 2077
1495 2077 1496
2078 2047 2050
2078 2050 2079
1964 1963 2080
1964 2080 2081
1963 1968 2082
1963 2082 2080
2083 1967 1972
2083 1972 2084
2085 2040 1295
2085 1295 1485
1339 1338 2086
1339 2086 2087
2088 2089 1345
2088 1345 1344
2089 2090 1345
1444 1442 2013
1444 2013 2091
2092 1328 1333
1351 1350 2093
1351 2093 2094
2094 2095 1355
2094 1355 1351
2096 2097 1362
2096 1362 1359
1362 2097 2098
1362 2098 1363
1455 2020 2012
1455 2012 1456
1459 1456 2012
1459 2012 2011
1455 1458 2099
1455 2099 2100
2027 2026 1462
2027 1462 1461
2011 1462 2026
2011 2026 1459
2101 1507 1511
2102 1962 2103
1998 2104 2068
1998 2068 1999
2105 2106 2107
2105 2107 2108
2109 2110 2111
2109 2111 2112
2113 2114 2115
2113 2115 2116
2117 2118 2119
2117 2119 2120
1480 1479 1482
1480 1482 1481
2055 2044 2050
2055 2050 2049
2056 1482 1479
2056 1479 2045
1484 2121 2122
2055 2054 2053
2055 2053 2056
1494 2049 2048
2121 1475 1474
2121 1474 2122
1477 2123 2124
1477 2124 1478
2046 2125 2126
2046 2126 2043
2125 2046 1478
2125 1478 2124
2043 2126 2127
2043 2127 2079
2128 2129 2130
2128 2130 2131
2132 2133 2134
2132 2134 2135
2136 2137 2138
2136 2138 2139
2140 2141 2142
2140 2142 2143
2144 2145 2146
2144 2146 2142
1934 1933 1940
1934 1940 2147
1949 1952 1955
1949 1955 1950
1964 1961 1960
1964 1960 1965
1964 2081 2148
1964 2148 1961
2149 1942 1939
2149 1939 1938
1953 1956 2150
1953 2150 1954
1968 1963 1966
1968 1966 1969
1968 1967 2083
1968 2083 2082
1337 2151 2152
1337 2152 1338
1337 1340 2153
1337 2153 2151
1579 1578 1584
1579 1584 1583
1584 1578 1581
1584 1581 2154
1749 1748 2155
1749 2155 2156
1338 2152 2157
1338 2157 2086
2158 2152 2151
2158 2151 2159
2159 2151 2153
2159 2153 2160
1573 1577 1576
1573 1576 2161
1575 1580 1577
1575 1577 1573
2162 2163 2164
2162 2164 2155
2157 2152 2158
2157 2158 2165
1329 1328 2092
1332 2092 1333
1572 2166 1569
2167 1569 2168
2169 2170 2171
2172 1743 1742
1334 1333 1328
1334 1328 1331
1342 1336 1339
1342 1339 2173
2174 1585 1584
2174 1584 2154
2175 2176 1747
2175 1747 1746
2173 1339 2087
2173 2087 2177
1347 1342 2173
1347 2173 1344
1348 1347 1346
1348 1346 2098
1590 1591 1587
1590 1587 1586
1585 2174 1588
1585 1588 1586
2175 1750 1752
2175 1752 2176
1344 2173 2177
1344 2177 2088
1362 1361 1358
1362 1358 1359
1361 1365 1360
1361 1360 1358
1603 1600 2178
1603 2178 2179
2180 2181 1767
2180 1767 1768
1765 2182 2183
1765 2183 1766
1359 1355 2095
1359 2095 2096
2184 2185 1350
2184 1350 1349
1349 1354 2186
1349 2186 2184
1599 1598 2187
1599 2187 2188
1764 2189 2190
1764 2190 1761
2191 2192 1760
2191 1760 1759
2185 2193 2093
2185 2093 1350
1303 2194 2195
1303 2195 2196
1539 1538 2197
1539 2197 2198
2199 2200 2201
2199 2201 2202
2203 2204 1704
2203 1704 1703
1296 1904 1300
1296 1300 1297
1530 1906 1905
1530 1905 1531
2205 2206 2207
2205 2207 2208
1915 1914 1700
1915 1700 1699
2209 2210 2211
2209 2211 2212
2213 2211 2210
2213 2210 2214
1536 1540 1543
1536 1543 1537
2209 2212 1308
2209 1308 2215
1706 1705 2216
1706 2216 2217
1529 1535 2218
1529 2218 1530
2198 1533 2219
2198 2219 2220
2221 2222 1536
2221 1536 1539
2223 2224 1541
2223 1541 1540
2224 1612 1610
2224 1610 1541
1618 1611 1610
1617 1616 1668
1617 1668 1666
1906 2225 2226
1906 2226 1907
2220 2221 1539
2220 1539 2198
1530 2218 2225
1530 2225 1906
2222 2223 1540
2222 1540 1536
2227 2228 2188
2227 2188 1594
2229 2178 1600
2229 1600 1599
2179 2230 1604
2179 1604 1603
2230 1611 1606
2230 1606 1604
1611 1618 1609
1611 1609 1606
1620 1608 1609
1620 1609 1619
1623 1620 1619
1623 1619 1665
1603 1602 1601
1603 1601 1600
2228 2229 1599
2228 1599 2188
2231 1675 2232
2233 2234 2235
2233 2235 2236
2237 2238 1894
2237 1894 2239
1718 1721 2240
1718 2240 2241
2242 2243 2244
2242 2244 2245
2238 1557 2246
2238 2246 2247
1312 1315 2248
1312 2248 1313
1717 1312 1311
1717 1311 1379
1550 1549 1552
1550 1552 1551
1714 1713 1708
1714 1708 1707
1716 1722 1316
1716 1316 1717
1893 1891 1551
1893 1551 1554
1506 2249 1500
1506 1500 1504
1519 1378 1381
1519 1381 1504
1669 1819 1823
1669 1823 1673
1769 1378 1519
1769 1519 1841
2249 2250 1501
2249 1501 1500
1502 1501 1498
1502 1498 2251
2252 1818 1672
2252 1672 1899
2253 1840 1503
2253 1503 1502
1327 2254 2255
1327 2255 1308
1326 2256 2254
1326 2254 1327
1562 1561 1566
1562 1566 1565
1735 1734 1741
1735 1741 1740
1567 2109 2112
1567 2112 1568
2116 2115 1733
2116 1733 1732
2256 2257 2106
2256 2106 2105
2120 1731 1730
2120 1730 2117
2196 2195 2214
2196 2214 2210
2211 2213 2258
2211 2258 2259
2260 2259 2258
2260 2258 1365
1312 1717 1316
1312 1316 1315
2260 1365 1367
2260 1367 1369
2261 2035 2028
2261 2028 2017
1919 1918 2262
1919 2262 2263
2264 2078 2079
2264 2079 2127
2234 2242 2245
2234 2245 2235
2265 1518 1836
2212 2211 2259
2212 2259 1306
1306 2259 2260
1306 2260 2266
1309 2266 1375
1374 1368 2267
1374 2267 1451
1451 2267 2268
1451 2268 1449
1449 2268 2019
1449 2019 1452
2037 2269 2062
2037 2062 2036
2269 2263 2270
2269 2270 2062
2271 2196 2210
2271 2210 2209
1297 1302 1305
1297 1305 1298
1308 1307 1327
1321 1309 1375
1321 1375 1371
1451 1376 1373
1451 1373 1374
1471 1470 2062
1471 2062 2270
2272 2273 2274
2272 2274 2275
2274 2273 2255
2274 2255 2254
2276 2277 2278
1319 1318 2279
1319 2279 2280
1326 1319 2280
1326 2280 2281
2282 2279 1318
2282 1318 1370
1372 1377 2283
2274 2105 2108
2274 2108 2275
1326 2281 2257
1326 2257 2256
2256 2105 2274
2256 2274 2254
1322 1324 2284
2276 2285 2277
2286 2275 2108
2286 2108 2287
2288 2272 2275
2288 2275 2286
2289 2290 2119
2289 2119 2118
2110 2291 2292
2110 2292 2111
2293 2294 2114
2293 2114 2113
2295 2287 2108
2295 2108 2107
2296 2297 1311
2296 1311 1310
2297 1382 1379
2297 1379 1311
1383 1382 2298
1383 2298 2299
1546 2300 1548
1546 1548 1547
1890 1628 1627
1890 1627 1815
1842 1812 1815
1842 1815 1627
1550 1628 1890
1550 1890 1547
2163 2301 1745
2163 1745 2164
1748 1747 2302
1748 2302 2303
2304 1752 2305
2306 2190 1753
2306 1753 2307
2308 1762 1761
2308 1761 2309
2310 1768 1762
2310 1762 2308
2311 2180 2312
2311 2312 2313
2155 1748 2303
2155 2303 2162
2302 1747 2176
2302 2176 2314
2314 2176 1752
2314 1752 2304
2312 2180 1768
2312 1768 2310
2309 1761 2190
2309 2190 2306
2206 2315 2316
2206 2316 2207
2208 2317 2318
2208 2318 2205
2319 2320 2321
2319 2321 2322
2320 2323 2324
2320 2324 2321
2325 2326 2327
2325 2327 2328
2329 1728 1731
2329 1731 2330
2324 2323 2331
2326 2325 2332
2333 2334 2335
2336 2120 2119
2336 2119 2337
2202 2201 2338
2202 2338 2339
2208 2207 2340
2208 2340 2341
2202 2319 2322
2202 2322 2199
2328 2327 1728
2328 1728 2329
2330 1731 2120
2330 2120 2336
2337 2119 2290
2337 2290 2342
2343 2344 2345
2343 2345 2346
2347 2348 2349
2347 2349 2350
2351 2352 2353
2351 2353 2354
1725 1724 2355
1725 2355 2356
1732 1735 2357
1732 2357 2358
1740 1725 2356
1740 2356 2359
2360 2113 2116
2360 2116 2361
2350 2349 2362
2350 2362 2363
2346 2345 2348
2346 2348 2347
1735 1740 2359
1735 2359 2357
2116 1732 2358
2116 2358 2361
2364 1724 2344
2364 2344 2343
2365 2366 2367
2368 2369 2370
2368 2370 2371
2372 2373 2374
2372 2374 2375
2376 2377 2378
2376 2378 2379
2380 2381 2382
2380 2382 2383
2373 2384 2385
2373 2385 2374
2370 2386 2387
2370 2387 2371
2381 2376 2379
2381 2379 2382
2388 2380 2383
2388 2383 2389
2390 2391 2392
1727 2393 1724
2394 2248 1315
2394 1315 1314
2039 1469 2126
2039 2126 2125
2126 1469 1468
2126 1468 2127
2278 2270 2263
2278 2263 2262
2270 2278 2277
2270 2277 1471
2285 1468 1471
2285 1471 2277
1497 2395 2251
2396 1756 1827
2396 1827 2397
2398 2399 1832
2188 2187 1595
2188 1595 1594
2189 1754 1753
2189 1753 2190
2400 2401 2185
2400 2185 2184
2184 2186 2402
2184 2402 2400
2192 2191 2403
2192 2403 2404
2401 2405 2193
2401 2193 2185
1594 1597 2406
1594 2406 2227
1756 2396 2307
1756 2307 1753
2407 2408 2191
2407 2191 1759
1816 2409 2410
1816 2410 2411
1655 1642 1641
1655 1641 1897
1656 1667 1615
1656 1615 1642
1401 1400 1872
1401 1872 2412
1633 1876 2413
1633 2413 1634
1780 2414 2415
1780 2415 1781
1400 1403 1407
1400 1407 2416
1636 1639 1778
1636 1778 1633
1778 1777 2417
1778 2417 1877
2418 2419 2420
2418 2420 2421
2420 2419 2422
2420 2422 2423
2424 2425 2426
2424 2426 2427
2428 2429 1855
2428 1855 1857
2428 1857 2425
2428 2425 2424
2430 2431 2432
2430 2432 2433
2434 2435 2436
2416 1873 1872
2416 1872 1400
1877 1876 1633
1877 1633 1778
1872 1869 1868
1872 1868 2412
1879 2413 1876
1879 1876 1875
2414 1887 1886
2414 1886 2415
1878 1877 2417
1878 2417 1883
2421 2433 2432
2421 2432 2418
1314 1317 2242
1314 2242 2234
2242 1317 1723
2242 1723 2243
1894 2238 2247
1894 2247 1892
1554 1553 2239
1554 2239 1894
2241 2240 1712
2241 1712 1711
2363 2362 2353
2363 2353 2352
2386 2372 2375
2386 2375 2387
2394 1314 2234
2394 2234 2233
1303 2196 2271
1303 2271 1304
2198 2197 1534
2198 1534 1533
1304 2271 2437
1304 2437 1697
1302 1301 2194
1302 2194 1303
2219 1533 1529
2219 1529 1532
2317 2201 2200
2317 2200 2318
2438 1771 1770
2438 1770 2439
1858 1774 2440
1858 2440 2441
1802 1796 2442
1802 2442 2443
1807 1803 2444
1807 2444 2445
1808 1807 2445
1808 2445 2446
2447 2448 2446
1847 1846 2449
1847 2449 2450
1846 1858 2441
1846 2441 2449
2451 2448 2447
1854 2452 2453
1854 2453 2454
1395 1384 1387
1395 1387 1392
1396 1389 2455
1396 2455 2456
1774 1858 1859
1774 1859 1775
1783 1638 2410
1783 2410 2409
2440 1774 1771
2440 1771 2438
2457 2458 2459
2457 2459 2460
2461 2462 2463
1682 1685 2464
1682 2464 2465
1845 1844 1861
1845 1861 1860
1853 2466 2452
1853 2452 1854
2458 2457 2467
2458 2467 2468
2452 1866 2469
2452 2469 2453
2470 2471 2472
2470 2472 2473
1683 2474 2475
1683 2475 1684
2462 2476 2477
2462 2477 2478
2479 2480 2481
2479 2481 2482
2454 2483 1851
2454 1851 1854
1866 2452 2466
1866 2466 1867
2427 2426 2468
2427 2468 2467
2465 2464 1864
2465 1864 1863
2450 2469 1866
2450 1866 1847
2474 2484 2485
2474 2485 2475
2483 2486 2478
2483 2478 1851
2471 2470 2487
2462 2488 2476
2489 2480 2479
2490 1786 1785
2490 1785 2491
1414 1416 1420
1414 1420 1419
1423 1426 1418
1423 1418 1417
1644 1647 1650
1644 1650 1645
1788 1791 1795
1788 1795 1794
1796 1802 1805
1796 1805 1797
1413 1411 1418
1413 1418 1416
1796 1786 2490
1796 2490 2442
1409 1408 2492
1409 2492 2493
1408 1412 2494
1408 2494 2492
1643 1646 2495
1643 2495 2496
2497 1785 1784
2497 1784 2498
2499 2500 2501
1415 2502 1412
1415 1412 1413
2491 1785 2497
2491 2497 2503
1421 1441 1440
1421 1440 1422
1424 1436 1435
1424 1435 1425
1649 1648 1654
1649 1654 1653
1792 1798 1801
1792 1801 1793
1803 1807 1806
1803 1806 1804
1426 1425 1421
1426 1421 1420
2443 2444 1803
2443 1803 1802
2504 1739 2505
2506 2293 2507
2506 2507 2508
2509 2510 2511
2509 2511 2512
2513 2514 2515
2513 2515 2516
2517 2518 2519
2517 2519 2520
2521 2522 2520
2521 2520 2519
2523 2524 2525
2523 2525 2526
2527 2528 2524
2527 2524 2523
2529 2530 2531
2529 2531 2532
2530 2529 2533
2510 2513 2516
2510 2516 2511
2514 2518 2517
2514 2517 2515
1976 2534 2535
1976 2535 1977
2536 1988 1991
2536 1991 2537
2001 2140 2143
2001 2143 1998
2104 1998 2143
2104 2143 2538
2526 2525 2129
2526 2129 2128
2539 2540 2541
2542 2543 2544
2133 2132 2545
2133 2545 2546
2136 2139 2547
2136 2547 2548
2144 2549 2550
2144 2550 2551
2552 2145 2144
2552 2144 2551
1981 1980 1983
1981 1983 1982
1993 1994 1997
1993 1997 1992
2007 2003 2002
2007 2002 2004
2004 2002 2069
2004 2069 2070
2532 2531 2528
2532 2528 2527
1507 2101 1508
1511 1514 2101
2231 1676 1675
1826 1825 2553
2399 1829 1832
2400 1512 1510
2400 1510 2401
2232 1675 1678
2232 1678 2554
2553 2555 1826
2398 1832 1831
2398 1831 2556
2172 1742 2557
2558 2559 2286
2558 2286 2287
2286 2559 2560
2286 2560 2288
1738 1737 2342
1738 2342 2290
2561 2558 2287
2561 2287 2295
2292 2291 2562
2292 2562 2563
2564 2294 2293
2564 2293 2506
2289 2565 1738
2289 1738 2290
2293 2113 2360
2293 2360 2507
1390 1399 1392
1390 1392 1387
1399 1398 1393
1399 1393 1392
2566 1779 1782
2566 1782 2567
2568 2455 1389
2568 1389 1388
2456 2569 1397
2456 1397 1396
2569 1521 1524
2569 1524 1397
2570 1860 1523
2570 1523 1522
2053 2054 2063
2053 2063 2051
2057 2571 2121
2057 2121 1484
1528 1527 1845
1528 1845 2572
2470 2473 2573
2572 1845 1860
2572 1860 2570
2204 2203 1702
2204 1702 1701
2574 2407 1759
2574 1759 1758
2575 2574 1758
2575 1758 1766
2576 2577 2183
2576 2183 2578
2576 2578 2579
2577 2575 1766
2577 1766 2183
2408 2580 2403
2408 2403 2191
2311 2581 2181
2311 2181 2180
2164 2582 2156
2164 2156 2155
2583 2584 2585
2583 2585 2586
2587 2588 2589
2587 2589 2590
2591 2592 2593
2591 2593 2594
2595 2596 2593
2595 2593 2592
2597 2598 2599
2597 2599 2600
2601 2602 2603
2601 2603 2604
2605 2606 2607
2605 2607 2608
2608 2607 2609
2608 2609 2610
1931 1930 2602
1931 2602 2601
2604 2603 2606
2604 2606 2605
2589 2591 2594
2589 2594 2590
2588 2587 2584
2588 2584 2583
2600 2599 2596
2600 2596 2595
1399 1390 1389
1399 1389 1396
2077 2611 2063
2077 2063 1496
2611 2612 2051
2611 2051 2063
1461 1921 2613
1461 2613 2027
2614 1918 1917
2614 1917 2615
2262 2616 2278
2276 2278 2616
2264 2285 2276
2264 2276 2616
2616 2078 2264
2047 2078 2616
2047 2616 2614
2048 2047 2614
2048 2614 2615
1495 2048 2615
1495 2615 2613
2617 2618 1489
1492 1491 1920
1492 1920 2619
2015 1492 2619
2015 2619 2620
1453 1452 2018
1453 2018 2022
2124 2123 2023
2124 2023 2031
2125 2124 2031
2125 2031 2039
2285 2264 2127
2285 2127 1468
2621 2268 2267
2621 2267 2622
2263 2269 2025
2263 2025 1919
2037 2028 2035
2037 2035 2034
2269 2037 2034
2269 2034 2025
2622 2267 1368
2622 1368 2623
2616 2262 1918
2616 1918 2614
2044 2043 2079
2044 2079 2050
1659 1657 1662
1659 1658 1657
1546 1545 1559
2027 2613 2615
2027 2615 1917
1921 2076 1495
1921 1495 2613
1972 1971 1974
1972 1974 1973
1973 2624 2084
1973 2084 1972
2067 2625 2064
2625 2626 2072
2625 2072 2064
2005 2072 2627
2626 2627 2072
1995 2628 2629
1995 2629 1996
2150 1958 2630
1956 1958 2150
1494 2048 1495
2202 2631 2319
1345 2632 2633
1345 2633 1346
2634 2635 2636
2634 2636 2637
2638 2032 2033
2638 2033 2639
2635 2640 2641
2635 2641 2636
2642 2639 2643
2642 2643 2644
2639 2033 2645
2639 2645 2643
2646 2647 2648
2646 2648 2649
2091 2645 2033
2091 2033 1444
2649 2021 2020
2649 2020 2646
2100 2646 2020
2100 2020 1455
2650 2651 2652
2647 2653 2654
2647 2654 2648
2655 2656 2657
2655 2657 2658
2659 2656 2655
2659 2655 2660
2661 2662 2656
2661 2656 2659
2663 2664 2665
2663 2665 2666
2667 2664 2663
2667 2663 2668
2662 2669 2657
2662 2657 2656
2664 2670 2671
2664 2671 2665
2672 2670 2664
2672 2664 2667
2673 2674 2675
2673 2675 2676
2651 2650 2673
2651 2673 2676
2644 2677 2678
2644 2678 2642
2658 2657 2679
2658 2679 2680
1346 2633 2681
1346 2681 2098
2682 2624 1973
2682 1973 1928
2657 2669 2683
2657 2683 2679
2684 2671 2670
2684 2670 2685
2686 2687 2688
2686 2688 2637
2689 2690 2674
2690 2689 2691
2632 2688 2687
2632 2687 2633
2687 2692 2681
2687 2681 2633
2693 2690 2691
2693 2691 2685
2694 2642 2678
2694 2678 2695
2686 2637 2636
2642 2694 2696
2686 2697 2687
2653 2692 2698
2653 2698 2654
2697 2699 2687
2698 2692 2687
2691 2689 2700
2700 2701 2702
2703 2704 2653
2703 2653 2647
2646 2100 2703
2646 2703 2647
2705 2621 2622
2705 2622 2706
2100 2099 2707
2100 2707 2703
2703 2707 2708
2703 2708 2704
2707 2709 2708
2710 2711 2712
2710 2712 2713
2714 2715 2716
2714 2716 2717
2718 2719 2716
2718 2716 2715
2720 2721 2722
2720 2722 2723
2721 2720 2724
2721 2724 2725
2726 2715 2714
2726 2714 2727
2728 2729 2730
2728 2730 2731
2732 2733 2728
2732 2728 2731
2734 2718 2715
2734 2715 2726
2728 2735 2736
2728 2736 2729
2733 2737 2735
2733 2735 2728
2738 2739 2721
2738 2721 2725
2740 2741 2742
2740 2742 2743
2744 2722 2721
2744 2721 2739
2743 2742 2745
2743 2745 2746
2747 2742 2741
2747 2741 2748
2747 2749 2745
2747 2745 2742
2750 2751 2752
2711 2710 2753
2711 2753 2754
2754 2750 2755
2754 2755 2756
2755 2750 2757
2755 2757 2758
2759 2760 2704
2759 2704 2708
2653 2704 2760
2653 2760 2692
2681 2761 1363
2681 1363 2098
2760 2761 2681
2760 2681 2692
2762 2760 2759
2763 2764 2765
2623 2766 2706
2623 2706 2622
2767 1363 2761
2766 2623 1366
2766 1366 1364
2768 2769 2764
2770 2771 2772
2770 2772 2773
2768 2774 2771
2763 2768 2764
2771 2774 2775
2762 2761 2760
2705 2776 2621
2621 2776 2019
2621 2019 2268
2777 1447 2778
2777 2778 2779
2019 2776 2261
2019 2261 2017
2780 2712 2711
2780 2711 2781
1472 2782 2783
1472 2783 1473
2782 1480 1481
2782 1481 2783
1477 2784 2785
1477 2785 2123
2785 2786 1454
2785 1454 2024
2123 2785 2024
2123 2024 2023
2787 2788 2789
1385 1384 2790
1385 2790 2791
2792 2793 2794
2792 2794 2791
2786 2795 1377
2786 1377 1454
2796 2797 2793
2798 2799 2795
2798 2795 2786
2784 2798 2786
2784 2786 2785
2800 2801 2802
2800 2802 2803
2794 2793 2797
2794 2797 1472
2797 2782 1472
2804 2801 2789
2804 2789 2788
2795 2805 2283
2795 2283 1377
1370 1372 2283
1370 2283 2282
2806 2807 2808
2799 2805 2795
2803 2802 2809
2803 2809 2810
2811 2812 2813
2811 2813 2814
2815 2809 2802
2815 2802 2816
2817 2818 2810
2817 2810 2809
2818 2817 2819
2818 2819 2820
2819 2821 2822
2819 2822 2820
2819 2823 2824
2819 2824 2821
2812 2811 2825
2812 2825 2826
2822 2821 2827
2822 2827 2828
2824 2829 2827
2824 2827 2821
2299 2298 2830
2299 2830 2790
2792 2831 2796
2792 2796 2793
2823 2819 2817
2823 2817 2832
2832 2817 2809
2832 2809 2815
2831 2792 2830
2831 2830 2833
2297 2834 2298
2297 2298 1382
2834 2833 2830
2834 2830 2298
2835 2836 1710
2835 1710 1709
2834 2837 2838
2808 2807 2836
2808 2836 2839
2840 2841 2838
2840 2838 2837
2297 2296 2837
2297 2837 2834
2841 2840 2283
2841 2283 2805
2411 2842 2843
2411 2843 2844
2842 2845 2846
2842 2846 2843
2410 2847 2842
2410 2842 2411
2847 2848 2845
2847 2845 2842
1638 1637 2847
1638 2847 2410
1640 2847 1637
2848 2847 1640
2848 1640 1690
2844 2843 2849
2844 2849 1655
1655 2849 2850
1655 2850 1656
1660 2849 2843
1660 2843 2846
2849 1664 2850
1664 2849 1660
2851 2852 2057
2851 2057 2052
2612 2851 2052
2612 2052 2051
2853 2854 2855
2853 2855 2856
2857 2853 2856
2857 2856 2858
2852 2859 2571
2852 2571 2057
2860 2861 1428
2861 2085 1485
2861 1485 1428
2854 2862 2061
2854 2061 2855
2863 2864 2865
2860 2866 2861
2867 2860 1427
2867 1427 2059
2867 2868 2866
2867 2866 2860
2858 2869 2870
2858 2870 2857
2871 2872 2873
2871 2873 2874
2869 2875 2876
2869 2876 2870
2877 2876 2875
2877 2875 2878
2879 2875 2869
2879 2869 2880
2881 2882 2883
2881 2883 2884
2874 2873 2885
2874 2885 2886
2887 2888 2889
2887 2889 2890
2885 2873 2878
2885 2878 2891
2883 2892 2893
2883 2893 2894
2882 2895 2892
2882 2892 2883
2889 2896 2897
2889 2897 2890
2894 2898 2884
2894 2884 2883
2899 2900 2901
2902 2903 2858
2902 2858 2856
2858 2903 2880
2858 2880 2869
2901 2900 2865
2901 2865 2864
1437 2904 2905
1437 2905 1434
1434 2905 2906
1434 2906 1438
2904 2568 1388
2904 1388 1476
2448 2907 1809
1773 2908 1770
2906 2065 1439
2906 1439 1438
2066 2065 2906
2066 2906 2909
2881 2884 2899
2881 2899 2910
2911 2868 2867
2911 2867 2909
2898 2900 2899
2898 2899 2884
2059 2066 2909
2059 2909 2867
1476 1475 2912
1476 2912 2904
2904 2912 2913
2904 2913 2905
2913 2912 2911
2912 2571 2859
2912 2859 2911
2571 2912 1475
2571 1475 2121
2909 2913 2911
2905 2913 2909
2905 2909 2906
2914 2915 2916
2914 2916 2917
2918 2915 2914
2918 2914 2919
2920 2921 2922
2920 2922 2923
2924 2923 2922
2924 2922 2925
2923 2924 2926
2923 2926 2927
2923 2927 2928
2923 2928 2920
2929 2930 2931
2917 2932 2933
2917 2933 2914
2934 2935 2936
2831 2833 2937
2935 2933 2932
2935 2932 2936
2919 2914 2930
2938 2939 2940
2938 2940 2941
2938 2942 2943
2938 2943 2939
2944 2945 2946
2947 2948 2946
2947 2946 2945
80 79 2948
80 2948 2947
75 78 76
2949 2950 2951
1618 1610 1613
1606 1608 1589
804 794 1063
796 1219 1063
796 1063 794
1287 699 2943
1287 2943 2942
2005 2627 2006
2834 2838 2833
219 218 217
2860 1428 1427
2952 2902 2856
2952 2856 2855
2060 2952 2855
2060 2855 2061
1458 2953 2099
2709 2707 2099
2709 2099 2953
2035 2953 1458
452 421 402
452 402 401
453 456 421
453 421 452
454 477 480
454 480 455
454 487 477
441 443 447
1397 1524 1865
1397 1865 1398
2954 175 174
2954 174 2955
1364 1363 2767
1364 2767 2766
2956 2767 2761
7 6 2
7 2 1
728 17 16
728 16 729
41 25 730
7 41 731
7 731 4
915 887 888
915 888 2957
887 917 912
887 912 884
0 3 2958
0 2958 2959
12 15 2960
12 2960 2961
2962 2963 22
2962 22 2964
2965 24 0
2965 0 2959
915 2966 2967
915 2967 916
2968 2966 915
2968 915 2957
348 347 837
348 837 836
352 351 835
352 835 834
1232 355 354
1232 354 1233
842 1236 1235
842 1235 839
849 1236 347
849 347 346
280 283 1227
280 1227 1226
1227 283 290
1227 290 1229
846 845 855
846 855 903
845 909 856
845 856 855
1225 1224 853
1225 853 852
616 734 733
616 733 614
623 736 738
623 738 621
604 739 738
604 738 605
626 741 740
626 740 627
743 742 739
743 739 604
753 752 2969
756 770 752
756 752 751
1103 1102 1126
1103 1126 1125
1129 1105 1104
1129 1104 1130
1118 1108 1107
1118 1107 1116
1113 1112 1099
1113 1099 1098
2970 1108 1118
2971 930 929
2971 929 2972
972 971 59
972 59 58
973 974 69
973 69 68
749 976 975
749 975 748
745 972 976
745 976 749
2972 929 977
2972 977 2973
2974 368 367
2974 367 2975
385 384 388
385 388 387
384 386 391
384 391 388
2976 823 826
2976 826 2977
370 371 2978
381 380 2979
383 381 2979
829 828 2976
829 2976 2977
2691 2700 2980
2680 2679 2981
2680 2981 2982
2679 2683 2983
2679 2983 2981
2980 2684 2685
2980 2685 2691
2672 2693 2685
2672 2685 2670
2984 2985 2986
2984 2986 2987
2988 2984 2987
2988 2987 2989
2990 2991 2992
2990 2992 2993
2994 2995 2990
2994 2990 2993
2872 2877 2878
2872 2878 2873
2891 2878 2875
2891 2875 2879
2893 2892 2889
2893 2889 2888
2889 2892 2895
2889 2895 2896
2871 2874 2996
2874 2886 2996
2887 2890 2997
2890 2897 2997
2998 2999 3000
2998 3000 3001
3002 3003 3004
3002 3004 3005
3006 3007 3008
3006 3008 1140
3009 3010 3011
3009 3011 3012
3013 3009 3012
3013 3012 3014
3006 3002 3005
3006 3005 707
3015 3016 3017
3015 3017 3018
2473 2472 1850
2473 1850 1526
2478 2477 1852
2478 1852 1851
2482 2481 2460
2482 2460 2459
1687 2485 2484
1687 2484 1688
2462 2478 2486
2462 2486 2463
1525 2573 2473
1525 2473 1526
3019 1870 1869
3019 1869 1874
1882 1880 1875
1882 1875 1878
1871 1870 1405
1871 1405 3020
1881 1880 1631
1881 1631 3021
1632 1882 1884
1632 1884 3022
3023 1885 1888
3023 1888 3024
3025 3026 2431
3025 2431 2430
1499 1498 1501
1499 1501 2250
1822 1821 2388
1822 2388 2389
1900 1899 1672
1900 1672 1671
2251 1498 1497
2252 1899 3027
1502 2251 2395
1502 2395 2253
2813 2812 3028
2812 2826 3028
2927 2926 3029
2928 2927 3029
2828 2827 2811
2828 2811 2814
2811 2827 2829
2811 2829 2825
2915 2922 2921
2915 2921 2916
2925 2922 2915
2925 2915 2918
1264 1240 1239
1264 1239 1265
1243 1242 1268
1243 1268 1267
1026 1246 1245
1026 1245 1027
1250 1249 1031
1250 1031 1030
1263 1250 1030
1263 1030 3030
1241 1020 1019
1241 1019 1238
1025 1024 1043
1025 1043 1042
1029 1028 1045
1029 1045 1044
1033 1032 1048
1033 1048 1046
1030 1033 1251
1030 1251 3030
690 689 2999
690 2999 2998
3006 707 709
3006 709 3007
799 798 3010
799 3010 3009
3013 800 799
3013 799 3009
3016 1253 1252
3016 1252 3017
3005 3004 1139
3005 1139 659
707 3005 659
707 659 658
30 726 3031
30 3031 27
726 730 3032
726 3032 3031
730 25 3033
730 3033 3032
25 23 3034
25 3034 3033
23 22 2963
23 2963 3034
3035 2964 2965
2723 2722 2757
2723 2757 3036
2722 2744 2758
2722 2758 2757
2747 2748 3037
2747 3037 2773
2749 2747 2773
2749 2773 2772
2754 2753 2751
2754 2751 2750
2754 2756 2781
2754 2781 2711
2775 2774 3038
2757 2752 3036
2752 2757 2750
2769 2768 2773
2769 2773 3037
2719 2718 2725
2719 2725 2724
2718 2734 2738
2718 2738 2725
2736 2735 2743
2736 2743 2746
2735 2737 2740
2735 2740 2743
2714 2717 3039
2727 2714 3039
2731 2730 3040
2732 2731 3040
3041 3042 3043
3042 3044 3045
3042 3045 3043
3045 3044 588
3045 588 587
496 497 500
667 1034 1014
3046 3047 133
3046 133 148
133 3047 142
133 142 134
226 3048 3049
226 3049 223
3049 3048 259
3049 259 258
114 113 225
114 225 224
139 130 129
139 129 187
137 130 139
137 139 138
119 193 192
119 192 120
872 114 224
872 224 876
871 872 910
871 910 911
248 247 246
248 246 249
306 299 298
306 298 304
304 298 300
304 300 301
336 335 300
336 300 296
332 335 338
332 338 333
904 864 863
904 863 905
863 902 860
863 860 905
902 246 244
902 244 860
2975 364 363
2975 363 2974
396 390 389
396 389 393
389 392 397
389 397 393
824 822 821
824 821 825
266 3050 145
266 145 232
145 3050 3051
145 3051 146
146 3051 3046
146 3046 148
3052 927 926
3052 926 3053
3054 3055 3056
3057 3058 3059
3057 3059 3060
3061 3062 3063
3061 3063 3064
3064 3063 3065
3064 3065 3066
3066 3065 3067
3066 3067 3068
3067 3069 3068
1073 1072 3070
1073 3070 3071
1067 3072 3073
1067 3073 1066
3074 3075 1068
3076 3077 1071
3076 1071 944
1068 3075 3078
1068 3078 3079
1092 1076 1079
1092 1079 1093
1084 1083 1101
1084 1101 1100
3079 3080 1069
3079 1069 1068
3080 152 155
3080 155 1069
190 10 9
190 9 45
21 20 723
21 723 722
34 29 28
34 28 31
45 9 43
45 43 46
43 29 34
914 891 890
914 890 885
885 890 918
885 918 886
1189 462 461
1189 461 1190
372 465 464
372 464 373
1196 810 809
1196 809 1193
1186 1185 1200
1186 1200 1199
433 462 1202
433 1202 432
512 503 504
512 504 506
509 507 504
509 504 501
543 548 551
543 551 540
567 633 632
567 632 564
640 639 643
640 643 642
643 639 641
643 641 1282
2700 2702 2980
2695 2678 2981
2695 2981 2983
2981 2678 2677
2981 2677 3081
2675 2674 2690
2689 2674 2673
223 3049 922
223 922 873
959 958 258
959 258 257
257 3082 966
257 966 959
3082 3083 1218
3082 1218 966
258 958 922
258 922 3049
958 957 921
958 921 922
3084 3085 3086
3084 3086 3087
3087 3086 3088
3087 3088 3089
3090 3091 3092
227 230 927
227 927 3052
927 230 955
927 955 924
3093 3060 3061
3093 3061 3094
3095 3096 3097
3095 3097 3098
3099 3057 3060
3099 3060 3093
3094 3061 3064
3094 3064 3100
3064 3066 3101
3064 3101 3102
3103 3066 3068
3103 3068 3104
3062 3061 3060
3062 3060 3059
3068 3105 3104
3054 3056 3106
292 285 339
292 339 295
285 284 344
285 344 339
284 291 282
284 282 344
291 290 283
291 283 282
1229 290 289
252 250 3107
3108 1383 2299
3108 2299 3109
2791 2790 2830
2791 2830 2792
2791 2794 1432
2791 1432 1385
3109 2299 2790
3109 2790 1384
1380 1383 3108
1380 3108 1520
2794 1472 1432
1324 1323 2559
1324 2559 2558
1323 1325 2560
1323 2560 2559
1736 1739 2504
2561 2284 1324
2561 1324 2558
2505 1739 1738
2505 1738 2565
2506 2508 3110
2563 2562 3111
2564 2506 3110
2930 2914 2931
3112 2340 2207
3112 2207 2316
2341 3113 2317
2341 2317 2208
3114 3115 2334
2215 2437 2271
2215 2271 2209
1698 1692 1298
1698 1298 1305
3113 2338 2201
3113 2201 2317
2339 2631 2202
3116 2183 2182
1481 2122 2783
2122 1474 1473
2122 1473 2783
1474 1433 1431
1474 1431 1473
1391 1433 1476
1484 2122 1481
1929 1932 3117
3118 1936 3119
1948 1951 3120
1959 1962 2102
2103 1962 1961
2103 1961 2148
1912 3121 3122
1912 3122 1913
1901 1902 1910
1901 1910 3123
3124 1903 1901
3124 1901 3123
1908 1907 3125
1908 3125 3126
1693 3127 1902
1693 1902 1299
3125 1907 2226
3125 2226 3128
2315 3129 3130
2315 3130 2316
3130 3131 3112
3130 3112 2316
1515 1518 2265
1679 1681 3132
1835 1834 3133
1835 3133 3134
1836 1839 2265
1555 1896 1681
1555 1681 1556
1837 1836 1518
1837 1518 1517
2367 2366 3135
2367 3135 3136
2392 2391 3137
2392 3137 3138
2237 1558 1557
2237 1557 2238
3133 1720 1719
3133 1719 3134
2236 2235 1517
2236 1517 1516
2245 2244 1838
2245 1838 1837
1680 2246 1557
1680 1557 1556
2235 2245 1837
2235 1837 1517
3135 2351 2354
3135 2354 3136
3137 2385 2384
3137 2384 3138
1406 1405 1870
1406 1870 3019
1632 1631 1880
1632 1880 1882
3025 2436 2435
3025 2435 3026
3020 1405 1404
3021 1631 3139
1632 3022 3139
3023 3024 3140
1696 1695 3122
1696 3122 3121
3127 1911 1910
3127 1910 1902
3129 2335 2334
3129 2334 3130
2334 3115 3131
2334 3131 3130
3123 1910 1909
3124 3123 1909
3126 3125 3141
3125 3128 3141
2075 2074 2494
2075 2494 3142
3143 3144 2073
3144 2074 2073
3145 3146 3147
3148 3149 3150
3151 2501 2500
3151 2500 3152
3153 3148 3150
3154 2541 2540
3154 2540 3155
3143 2493 2492
3143 2492 3144
2492 2494 2074
2492 2074 3144
2496 2495 3146
2496 3146 3145
3148 2497 2498
3148 2498 3149
3153 2503 2497
3153 2497 3148
2502 3142 2494
2502 2494 1412
3151 3152 1790
3151 1790 1789
2512 3154 3155
2512 3155 2509
2131 2130 3156
2131 3156 3157
2135 2134 2535
2135 2535 2534
2537 2138 2137
2537 2137 2536
2144 2142 2141
2144 2141 2549
2143 2142 2146
2143 2146 2538
2544 2543 3157
2544 3157 3156
2546 2545 3158
2548 2547 3159
2551 2550 3160
2552 2551 3160
2401 1510 1509
2401 1509 2405
2402 1513 1512
2402 1512 2400
1678 1677 2406
1678 2406 1597
1828 1827 1756
1828 1756 1755
2403 1831 1830
2403 1830 2404
2397 1827 1826
2397 1826 2555
1507 1510 1512
1507 1512 1511
2554 1678 1597
2554 1597 1596
2580 2556 1831
2580 1831 2403
1331 1330 2165
1331 2165 2158
1335 1334 2159
1335 2159 2160
2161 1571 1570
2161 1570 1573
2167 1574 1570
2167 1570 1569
1745 1744 2582
1745 2582 2164
2159 1334 1331
2159 1331 2158
1742 1745 2301
1742 2301 2557
2586 2585 2170
2586 2170 2169
2966 900 899
2966 899 2967
2968 920 900
2968 900 2966
2959 2958 3035
2961 2960 3161
2962 2964 3035
2965 2959 3035
2965 2964 22
1121 1120 1109
1124 1127 3162
1128 1131 3163
1132 1120 1119
1134 1133 3164
3002 706 705
3002 705 3003
3006 1140 706
3006 706 3002
3001 3000 3165
1140 3008 704
3012 3011 3166
3014 3012 3166
3015 3018 3167
1162 1161 3168
1166 1165 3169
1171 1170 3170
1175 1174 3171
1179 1171 3170
57 60 3172
67 70 3173
81 84 3172
84 57 3172
2972 943 942
2972 942 2971
951 943 2972
951 2972 2973
1947 1925 1924
1947 1924 3174
1933 1936 3118
1933 3118 3175
2147 1940 1939
2147 1939 3176
1943 1942 2149
1943 2149 3177
1946 1943 3177
1946 3177 3178
1925 1946 1593
1925 1593 1622
1940 1933 3175
1940 3175 1937
3176 1939 1942
3176 1942 1941
3119 1936 1935
2623 1368 1367
2623 1367 1366
1367 1365 1366
2216 3179 2217
1306 1308 2212
1327 1307 1320
1306 2266 1309
1369 2266 2260
1375 2266 1369
3180 1816 2411
3180 2411 2844
1816 3180 1897
1816 1897 1817
3180 1655 1897
1655 3180 2844
2987 2986 3181
2989 2987 3181
2993 2992 3182
2994 2993 3182
2984 2659 2660
2984 2660 2985
2988 2661 2659
2988 2659 2984
2990 2663 2666
2990 2666 2991
2668 2663 2990
2668 2990 2995
1345 2090 2632
531 3183 521
531 521 524
521 3183 3184
521 3184 487
3184 488 487
3185 3186 539
316 270 269
406 405 3187
406 3187 313
3188 530 527
3188 527 3189
3190 534 530
3190 530 3188
3185 539 534
3185 534 3190
3189 527 523
3189 523 522
539 3186 538
415 412 411
415 411 683
413 412 414
3191 209 208
2955 3192 2954
35 215 222
35 222 48
220 215 214
1075 1074 1123
1075 1123 1122
3072 1078 1077
3072 1077 3073
3193 1081 3075
1086 1085 3077
1086 3077 3076
3075 1081 1115
3075 1115 3078
96 151 94
153 54 53
153 53 154
3194 1489 1488
3194 1488 3195
1488 2042 3196
1488 3196 3195
3196 2042 2061
3196 2061 2862
2617 1489 3194
1489 2618 1490
1480 3197 2784
1480 2784 1477
3197 2798 2784
2787 2789 3198
3198 2789 2801
3198 2801 2800
2802 2801 2804
2802 2804 2816
3199 3200 3201
3200 2641 2640
3200 2640 3201
2696 2638 2639
2696 2639 2642
923 957 960
923 960 961
3202 3203 2688
3202 2688 2632
3203 2634 2637
3203 2637 2688
1927 2682 1928
2712 2780 2779
2712 2779 2778
3204 2778 1447
3204 1447 1446
2713 2712 2778
2713 2778 3204
1448 1447 2777
2833 2838 2937
2763 2765 3205
358 361 401
401 361 449
401 449 452
403 406 439
403 439 407
403 409 410
403 410 404
406 313 312
406 312 439
361 409 408
361 408 449
314 313 3187
44 211 189
330 331 334
326 330 327
324 327 325
200 201 199
180 197 183
199 183 197
201 182 199
164 205 165
165 203 204
204 47 33
46 33 47
43 34 46
42 29 43
731 726 727
727 30 42
41 730 731
26 25 41
24 23 26
2965 22 24
186 160 185
105 104 186
1070 1069 3206
3074 1068 1070
3193 3075 3074
1082 1081 3193
1095 1080 1082
1097 1096 1118
2970 1118 1096
1135 1108 2970
1121 1109 1135
105 3207 53
105 53 56
3207 3208 154
3207 154 53
3208 3209 155
3208 155 154
3209 3206 155
3210 3211 3212
3211 171 170
3211 170 3212
32 3213 204
32 204 33
3213 162 165
3213 165 204
167 169 172
3214 3215 3216
3214 3216 3217
3218 3219 3220
3218 3220 3221
3222 3223 3224
3222 3224 3225
3223 3226 3227
3223 3227 3224
3214 3217 3227
3214 3227 3226
3228 3229 3230
3231 3232 3233
3231 3233 3234
3235 3231 3234
3235 3234 3236
3237 3238 3235
3237 3235 3236
3217 3216 3238
3217 3238 3237
3239 3240 3241
3239 3241 3242
3214 3240 3239
3214 3239 3215
3243 3244 3245
3246 3247 3248
3246 3248 3249
3250 3246 3249
3250 3249 3251
3252 3250 3251
3252 3251 3253
3219 3252 3253
3219 3253 3220
3254 3255 3256
3254 3256 3257
3258 3218 3255
3258 3255 3254
3259 3260 3230
3261 3262 3263
3261 3263 3264
3265 3266 3262
3265 3262 3261
3267 3268 3266
3267 3266 3265
3225 3224 3268
3225 3268 3267
3269 3270 3271
3269 3271 3272
3223 3222 3270
3223 3270 3269
3260 3273 3230
3262 3274 3275
3262 3275 3263
3276 3274 3262
3276 3262 3266
3277 3276 3266
3277 3266 3268
3224 3227 3277
3224 3277 3268
3278 3269 3272
3278 3272 3279
3226 3223 3269
3226 3269 3278
3273 3228 3230
3234 3233 3275
3234 3275 3274
3236 3234 3274
3236 3274 3276
3277 3237 3236
3277 3236 3276
3227 3217 3237
3227 3237 3277
3240 3278 3279
3240 3279 3241
3226 3278 3240
3226 3240 3214
3218 3258 3280
3218 3280 3219
3246 3281 3282
3246 3282 3247
3250 3283 3281
3250 3281 3246
3252 3284 3283
3252 3283 3250
3219 3280 3284
3219 3284 3252
3285 3286 3256
3285 3256 3255
3221 3285 3255
3221 3255 3218
3232 3287 3288
3232 3288 3233
3244 3243 3289
3244 3289 3290
3260 3259 3291
3260 3291 3292
3273 3260 3292
3273 3292 3293
3233 3288 3293
3233 3293 3275
3294 3244 3290
3294 3290 3295
3228 3288 3287
3228 3287 3229
3290 3289 3248
3290 3248 3247
3292 3291 3264
3292 3264 3263
3293 3292 3263
3293 3263 3275
3273 3293 3288
3273 3288 3228
3295 3290 3247
3295 3247 3282
3296 3244 3294
3297 3298 3299
3297 3299 3300
3297 3300 3301
3301 3300 3302
3301 3302 3303
3303 3302 3304
3303 3304 3305
3305 3304 3306
3305 3306 3307
3307 3306 3308
3307 3308 3309
3310 3311 3312
3313 3314 3310
3313 3310 3312
3315 3316 3314
3315 3314 3313
3317 3318 3316
3317 3316 3315
3319 3318 3317
3319 3317 3320
3321 3322 3319
3321 3319 3320
3323 3298 3324
3323 3324 3325
3323 3325 3326
3326 3325 3327
3326 3327 3328
3328 3327 3329
3328 3329 3330
3324 3298 3297
3324 3297 3301
3324 3301 3325
3325 3301 3303
3325 3303 3327
3327 3303 3305
3327 3305 3329
3329 3305 3307
3329 3307 3331
3331 3307 3309
3331 3309 3332
3312 3311 3333
3313 3312 3333
3313 3333 3334
3315 3313 3334
3315 3334 3335
3317 3315 3335
3317 3335 3336
3320 3317 3336
3320 3336 3337
3320 3337 3338
3320 3338 3321
3339 3328 3330
3339 3330 3340
3339 3341 3326
3339 3326 3328
3341 3342 3323
3341 3323 3326
3298 3323 3342
3343 3344 3345
3343 3345 3346
3331 3332 3344
3331 3344 3343
3330 3329 3331
3330 3331 3343
3343 3346 3340
3343 3340 3330
3347 3348 3349
3350 3351 3352
3350 3352 3353
3351 3354 3355
3351 3355 3352
3354 3356 3357
3354 3357 3355
3356 3358 3359
3356 3359 3357
3358 3360 3361
3358 3361 3359
3362 3363 3364
3365 3366 3367
3365 3367 3368
3369 3365 3368
3369 3368 3370
3371 3369 3370
3371 3370 3372
3373 3374 3371
3373 3371 3372
3375 3374 3373
3375 3373 3376
3377 3378 3349
3379 3380 3381
3379 3381 3382
3380 3383 3384
3380 3384 3381
3383 3385 3386
3383 3386 3384
3378 3347 3349
3382 3381 3351
3382 3351 3350
3381 3384 3354
3381 3354 3351
3384 3386 3356
3384 3356 3354
3386 3387 3358
3386 3358 3356
3387 3388 3360
3387 3360 3358
3363 3389 3364
3365 3390 3391
3365 3391 3366
3369 3392 3390
3369 3390 3365
3371 3393 3392
3371 3392 3369
3374 3394 3393
3374 3393 3371
3374 3375 3395
3374 3395 3394
3396 3397 3383
3396 3383 3380
3396 3380 3379
3396 3379 3398
3349 3399 3377
3400 3401 3402
3400 3402 3403
3387 3400 3403
3387 3403 3388
3385 3400 3387
3385 3387 3386
3350 3353 3348
3350 3348 3347
3366 3363 3362
3366 3362 3367
3379 3382 3378
3379 3378 3377
3382 3350 3347
3382 3347 3378
3366 3391 3389
3366 3389 3363
3398 3379 3377
3398 3377 3399
3400 3385 3404
3400 3404 3401
3385 3383 3397
3385 3397 3404
3405 3406 3407
3405 3407 3408
3409 3410 3411
3409 3411 3412
3411 3410 3413
3411 3413 3414
3415 3416 3417
3415 3417 3418
3408 3417 3416
3408 3416 3405
3419 3420 3421
3419 3421 3422
3422 3421 3423
3422 3423 3424
3425 3426 3427
3425 3427 3428
3429 3430 3431
3429 3431 3432
3430 3433 3434
3430 3434 3431
3426 3425 3435
3426 3435 3436
3437 3438 3439
3437 3439 3440
3438 3441 3442
3438 3442 3439
3443 3444 3445
3443 3445 3446
3445 3444 3447
3445 3447 3448
3449 3450 3448
3449 3448 3447
3451 3452 3438
3451 3438 3437
3453 3441 3438
3453 3438 3452
3452 3454 3455
3452 3455 3453
3456 3415 3418
3456 3418 3457
3440 3439 3430
3440 3430 3429
3439 3442 3433
3439 3433 3430
3458 3443 3446
3458 3446 3459
3454 3452 3451
3454 3451 3460
3414 3413 3456
3414 3456 3457
3432 3431 3421
3432 3421 3420
3421 3431 3434
3421 3434 3423
3459 3436 3435
3459 3435 3458
3461 3462 3463
3461 3463 3464
3465 3466 3467
3465 3467 3468
3469 3466 3465
3469 3465 3470
3471 3472 3473
3471 3473 3474
3462 3461 3474
3462 3474 3473
3475 3476 3477
3475 3477 3478
3479 3475 3478
3479 3478 3480
3481 3482 3483
3481 3483 3484
3485 3486 3487
3485 3487 3488
3488 3487 3489
3488 3489 3490
3491 3481 3484
3491 3484 3492
3493 3494 3495
3493 3495 3496
3496 3495 3497
3496 3497 3498
3499 3500 3501
3499 3501 3502
3501 3503 3504
3501 3504 3502
3505 3504 3503
3505 3503 3506
3507 3493 3496
3507 3496 3508
3509 3508 3496
3509 3496 3498
3508 3509 3510
3508 3510 3511
3512 3513 3472
3512 3472 3471
3494 3485 3488
3494 3488 3495
3495 3488 3490
3495 3490 3497
3514 3515 3500
3514 3500 3499
3507 3508 3511
3507 3511 3516
3470 3513 3512
3470 3512 3469
3486 3476 3475
3486 3475 3487
3489 3487 3475
3489 3475 3479
3491 3492 3515
3491 3515 3514
3409 3412 3517
3419 3422 3518
3422 3424 3518
3428 3427 3519
3468 3467 3520
3478 3477 3521
3480 3478 3521
3483 3482 3522
3523 3524 3525
3523 3525 3526
3527 3528 3529
3527 3530 3531
3527 3531 3528
3532 3533 3534
3532 3534 3535
3526 3536 3537
3526 3537 3523
3538 3539 3540
3539 3541 3540
3542 3543 3544
3545 3546 3547
3545 3547 3548
3546 3549 3550
3546 3550 3547
3542 3551 3552
3542 3552 3543
3553 3554 3555
3553 3555 3556
3554 3557 3558
3554 3558 3555
3559 3560 3561
3559 3561 3562
3563 3561 3560
3563 3560 3564
3565 3566 3567
3565 3567 3568
3569 3570 3571
3569 3571 3572
3573 3574 3571
3573 3571 3570
3570 3575 3576
3570 3576 3573
3577 3578 3579
3577 3579 3580
3556 3555 3581
3556 3581 3582
3581 3555 3558
3581 3558 3583
3584 3585 3586
3584 3586 3587
3575 3570 3569
3575 3569 3588
3537 3536 3534
3537 3534 3533
3567 3563 3564
3567 3564 3568
3572 3571 3554
3572 3554 3553
3554 3571 3574
3554 3574 3557
3589 3590 3578
3589 3578 3577
3548 3547 3591
3548 3591 3592
3591 3547 3550
3591 3550 3593
3587 3594 3595
3587 3595 3584
3596 3597 3598
3596 3598 3599
3600 3601 3602
3600 3602 3603
3604 3601 3600
3604 3600 3605
3606 3607 3608
3606 3608 3609
3597 3596 3610
3597 3610 3611
3612 3613 3614
3612 3614 3615
3616 3612 3615
3616 3615 3617
3618 3619 3620
3618 3620 3621
3622 3623 3624
3622 3624 3625
3625 3624 3626
3625 3626 3627
3628 3618 3621
3628 3621 3629
3630 3631 3632
3630 3632 3633
3634 3633 3632
3634 3632 3635
3636 3637 3638
3636 3638 3639
3640 3641 3642
3640 3642 3643
3644 3645 3646
3644 3646 3647
3648 3649 3650
3648 3650 3651
3652 3651 3650
3652 3650 3653
3651 3652 3654
3651 3654 3655
3656 3657 3607
3656 3607 3606
3658 3622 3625
3658 3625 3659
3659 3625 3627
3659 3627 3660
3661 3662 3637
3661 3637 3636
3648 3651 3655
3648 3655 3663
3610 3664 3665
3610 3665 3611
3643 3642 3646
3643 3646 3645
3649 3630 3633
3649 3633 3650
3653 3650 3633
3653 3633 3634
3605 3657 3656
3605 3656 3604
3624 3623 3613
3624 3613 3612
3624 3612 3616
3624 3616 3626
3628 3629 3662
3628 3662 3661
3664 3609 3608
3664 3608 3665
3659 3632 3631
3659 3631 3658
3635 3632 3659
3635 3659 3660
3639 3638 3641
3639 3641 3640
3603 3602 3666
3615 3614 3667
3617 3615 3667
3620 3619 3668
3531 3530 3590
3531 3590 3589
3594 3552 3551
3594 3551 3595
3592 3591 3539
3592 3539 3538
3539 3591 3593
3539 3593 3541
3535 3580 3579
3535 3579 3532
3582 3581 3546
3582 3546 3545
3546 3581 3583
3546 3583 3549
3562 3586 3585
3562 3585 3559
3669 3670 3671
3669 3671 3672
3673 3674 3675
3673 3675 3676
3677 3673 3676
3677 3676 3678
3669 3679 3680
3681 3682 3683
3681 3683 3684
3685 3686 3682
3685 3682 3687
3688 3689 3690
3688 3690 3691
3692 3693 3686
3692 3686 3694
3695 3696 3697
3695 3697 3698
3699 3700 3701
3702 3703 3704
3702 3704 3705
3699 3701 3706
3707 3708 3705
3707 3705 3704
3709 3696 3710
3709 3710 3711
3712 3713 3714
3712 3714 3715
3716 3717 3718
3719 3720 3721
3719 3721 3722
3723 3724 3720
3723 3720 3719
3725 3724 3723
3725 3723 3726
3727 3725 3726
3727 3726 3728
3729 3727 3728
3729 3728 3730
3731 3732 3733
3731 3733 3734
3735 3736 3737
3735 3737 3738
3739 3740 3736
3739 3736 3735
3741 3742 3740
3741 3740 3739
3712 3743 3742
3712 3742 3741
3716 3744 3717
3719 3722 3745
3719 3745 3746
3723 3719 3746
3723 3746 3747
3726 3723 3747
3726 3747 3748
3728 3726 3748
3728 3748 3749
3730 3728 3749
3730 3749 3750
3751 3730 3750
3751 3750 3752
3751 3752 3753
3751 3753 3754
3715 3714 3754
3715 3754 3753
3732 3735 3738
3732 3738 3733
3755 3739 3735
3755 3735 3732
3756 3741 3739
3756 3739 3755
3713 3712 3741
3713 3741 3756
3743 3712 3715
3743 3715 3757
3716 3758 3744
3746 3745 3759
3746 3759 3760
3747 3746 3760
3747 3760 3761
3762 3763 3753
3762 3753 3752
3757 3715 3753
3757 3753 3763
3762 3764 3763
3765 3766 3767
3765 3767 3768
3769 3767 3766
3769 3766 3770
3771 3772 3773
3771 3773 3774
3736 3775 3776
3736 3776 3737
3775 3736 3740
3775 3740 3777
3777 3740 3742
3777 3742 3778
3778 3742 3743
3778 3743 3779
3780 3781 3766
3780 3766 3765
3772 3770 3782
3772 3782 3783
3773 3772 3783
3773 3783 3784
3785 3773 3784
3785 3784 3786
3787 3788 3789
3787 3789 3790
3789 3788 3791
3789 3791 3792
3792 3791 3793
3792 3793 3794
3794 3793 3795
3794 3795 3796
3797 3798 3799
3797 3799 3800
3801 3802 3803
3801 3803 3804
3805 3801 3804
3805 3804 3806
3807 3808 3805
3807 3805 3806
3809 3810 3808
3809 3808 3807
3811 3812 3813
3811 3813 3814
3811 3814 3815
3811 3815 3816
3817 3818 3819
3817 3819 3820
3814 3821 3815
3818 3822 3823
3818 3823 3819
3819 3823 3824
3819 3824 3825
3826 3825 3824
3826 3824 3827
3828 3826 3827
3828 3827 3829
3828 3829 3830
3828 3830 3831
3832 3790 3789
3832 3789 3833
3833 3789 3792
3833 3792 3834
3834 3792 3794
3834 3794 3835
3835 3794 3796
3835 3796 3836
3814 3813 3798
3814 3798 3797
3797 3802 3821
3797 3821 3814
3823 3822 3801
3823 3801 3805
3823 3805 3808
3823 3808 3824
3824 3808 3810
3824 3810 3827
3827 3810 3837
3827 3837 3829
3830 3829 3837
3830 3837 3838
3839 3840 3841
3842 3843 3844
3844 3843 3845
3844 3845 3846
3847 3848 3849
3847 3849 3850
3851 3847 3850
3851 3850 3852
3853 3851 3852
3853 3852 3854
3855 3832 3833
3855 3833 3856
3856 3833 3834
3856 3834 3857
3842 3858 3843
3859 3845 3843
3859 3843 3858
3850 3849 3860
3850 3860 3861
3852 3850 3861
3852 3861 3862
3854 3852 3862
3854 3862 3863
3864 3865 3866
3864 3866 3867
3868 3869 3865
3868 3865 3864
3842 3870 3871
3872 3871 3870
3872 3870 3873
3874 3875 3876
3874 3876 3877
3878 3874 3877
3878 3877 3879
3880 3878 3879
3880 3879 3881
3880 3881 3882
3880 3882 3883
3883 3882 3884
3883 3884 3885
3886 3885 3884
3886 3884 3887
3840 3886 3887
3840 3887 3841
3888 3889 3866
3888 3866 3865
3890 3888 3865
3890 3865 3869
3891 3890 3869
3891 3869 3892
3893 3839 3894
3842 3871 3858
3871 3872 3859
3871 3859 3858
3861 3860 3875
3861 3875 3874
3862 3861 3874
3862 3874 3878
3878 3880 3863
3878 3863 3862
3895 3896 3897
3895 3897 3898
3898 3897 3899
3898 3899 3900
3689 3685 3687
3689 3687 3690
3695 3698 3901
3695 3901 3902
3903 3904 3905
3903 3905 3906
3907 3908 3903
3907 3903 3906
3909 3910 3911
3909 3911 3912
3913 3914 3915
3913 3915 3916
3917 3913 3916
3917 3916 3918
3919 3674 3673
3919 3673 3920
3677 3921 3920
3677 3920 3673
3696 3709 3922
3696 3922 3697
3685 3923 3694
3685 3694 3686
3688 3924 3925
3688 3925 3689
3685 3689 3925
3685 3925 3923
3909 3675 3674
3909 3674 3915
3669 3672 3679
3926 3927 3928
3926 3928 3929
3930 3931 3932
3930 3932 3933
3934 3931 3930
3934 3930 3935
3936 3937 3938
3936 3938 3939
3940 3941 3942
3943 3944 3945
3943 3945 3946
3940 3942 3947
3675 3909 3912
3675 3912 3948
3916 3915 3674
3916 3674 3919
3918 3916 3919
3918 3919 3949
3910 3909 3915
3910 3915 3914
3937 3936 3950
3937 3950 3951
3952 3953 3946
3952 3946 3945
3954 3955 3956
3954 3956 3957
3958 3959 3960
3958 3960 3961
3962 3963 3964
3965 3957 3966
3965 3966 3967
3968 3966 3969
3968 3969 3959
3970 3971 3972
3970 3972 3973
3974 3975 3976
3904 3903 3930
3904 3930 3933
3908 3935 3930
3908 3930 3903
3977 3967 3968
3977 3968 3978
3979 3965 3980
3979 3980 3981
3982 3983 3984
3982 3984 3985
3986 3987 3988
3986 3988 3989
3982 3990 3991
3982 3991 3983
3990 3992 3993
3990 3993 3991
3994 3995 3996
3989 3997 3998
3989 3998 3999
3984 3997 4000
3984 4000 4001
3999 3998 4002
3999 4002 4003
4004 4005 3993
4004 3993 3973
4006 4007 4008
4006 4008 4009
4010 4011 4012
4010 4012 4013
4014 4015 4016
4014 4016 4017
4018 4019 4020
4018 4020 4021
4022 4023 4024
4022 4024 4025
4026 4027 4028
4006 4009 4029
4006 4029 4030
4031 4032 4033
4031 4033 4034
4014 4035 4036
4014 4036 4015
4037 4014 4017
4037 4017 4038
4039 4040 4041
4039 4041 4042
4041 4040 4043
4041 4043 4044
4045 4046 4047
4045 4047 4048
4049 4050 4051
4052 4053 4054
4052 4054 4055
4056 4057 4046
4056 4046 4045
4044 4058 4047
4044 4047 4046
4059 4060 4061
4059 4061 4062
4051 4042 4055
4051 4055 4054
4057 4041 4044
4057 4044 4046
4058 4044 4043
4058 4043 4063
4049 4051 4054
4049 4054 4053
4029 4009 4033
4029 4033 4064
4009 4008 4034
4009 4034 4033
4008 4035 4065
4008 4065 4034
4065 4014 4037
4065 4037 4066
4067 4068 4011
4067 4011 4010
4069 4070 4071
4069 4071 4072
4021 4020 4073
4021 4073 4074
4075 4076 4022
4075 4022 4025
4020 4077 4078
4020 4078 4073
4026 4028 4079
3997 3989 3988
3997 3988 4000
3986 3989 3999
3986 3999 4080
3997 3984 3983
3997 3983 3998
3998 3983 3991
3998 3991 4002
4005 4002 3991
4005 3991 3993
3985 3984 4001
3985 4001 4081
4082 3993 3992
4082 3992 4083
4084 4004 3973
4084 3973 4085
3994 3996 4086
3967 3977 4087
3967 4087 4088
4089 3971 3959
4089 3959 3969
3971 3970 3960
3971 3960 3959
3958 3978 3968
3958 3968 3959
4090 3970 3973
4090 3973 4083
3969 3966 3957
3969 3957 3956
3954 3957 3965
3954 3965 3979
4088 3980 3965
4088 3965 3967
3974 3964 3975
3945 3936 3939
3945 3939 3952
3944 3950 3936
3944 3936 3945
3940 3947 4091
4092 4084 4085
4092 4085 4093
4061 4094 4095
4061 4095 4096
4097 4098 4099
4097 4099 4100
4062 4061 4096
4062 4096 4101
4094 4084 4092
4094 4092 4095
3772 3771 3769
3772 3769 3770
3766 3781 3782
3766 3782 3770
4018 4021 4025
4018 4025 4024
4074 4075 4025
4074 4025 4021
3800 3803 3802
3800 3802 3797
3816 3815 3818
3816 3818 3817
3822 3818 3815
3822 3815 3821
3822 3821 3802
3822 3802 3801
4013 4012 4069
4013 4069 4072
4007 4036 4035
4007 4035 4008
4065 4035 4014
4034 4065 4066
4034 4066 4031
3846 3845 3849
3846 3849 3848
3860 3849 3845
3860 3845 3859
3875 3872 3873
3875 3873 3876
3860 3859 3872
3860 3872 3875
4051 4050 4039
4051 4039 4042
4056 4052 4055
4056 4055 4057
4057 4055 4042
4057 4042 4041
3765 3768 4102
3780 3765 4102
4027 4023 4022
4027 4022 4028
4028 4022 4076
4028 4076 4079
3722 3721 4103
3722 4103 4104
4105 3745 3722
4105 3722 4104
4106 3759 3745
4106 3745 4105
4081 4001 4107
4081 4107 4108
4000 3988 4109
4001 4000 4109
4001 4109 4107
4109 3988 3987
4110 4111 4112
3955 4113 4114
3955 4114 3956
4111 4115 4112
4116 4089 4115
4117 4118 4119
4117 4119 3678
4114 4115 3969
4114 3969 3956
4115 4089 3969
4120 4117 3678
3838 4121 4122
3838 4122 4123
3972 4085 3973
4124 4064 4125
4124 4125 4126
4032 4125 4064
4032 4064 4033
4059 4127 4128
4059 4128 4060
3743 3757 4129
3743 4129 3779
3795 4130 4131
3795 4131 3796
4132 4131 4133
3796 4131 4132
3796 4132 3836
4133 4131 4134
4135 4133 3831
4135 3831 3830
4136 4129 3757
4136 3757 3763
4137 4136 3763
4137 3763 3764
4130 4138 4134
4130 4134 4131
4139 4134 4138
4139 4138 4140
4133 4134 4139
4133 4139 3831
4141 4142 4143
4141 4143 4144
4142 4137 3764
4142 3764 4143
4140 4145 4146
4140 4146 4139
4146 3828 3831
4146 3831 4139
4145 4147 4148
4145 4148 4146
4147 4149 4150
4147 4150 4148
4151 4152 4150
4151 4150 4149
4153 4154 4155
4156 4157 4158
4156 4158 4159
4160 4161 4162
4160 4163 4161
4164 4165 4166
4164 4166 4167
4168 4169 4166
4168 4166 4170
4171 4172 4173
4174 4175 4150
4174 4150 4152
4176 4146 4148
4175 4176 4148
4175 4148 4150
4176 3826 3828
3825 3826 4176
3825 4176 4177
3825 4177 3820
3825 3820 3819
4068 4067 4178
4068 4178 4179
4180 4181 4182
4178 4183 4184
4185 4183 4178
4077 4186 4187
4077 4187 4078
4179 4178 4184
4179 4184 4188
4189 4190 3785
4189 3785 3786
4191 4187 4186
4191 4186 4127
4189 4192 4193
4181 4180 4194
4195 4180 4196
4197 4196 4180
4197 4180 4182
4171 4198 4199
4171 4199 4172
4198 4200 4196
4190 4201 4141
4189 4202 4201
4189 4201 4190
4193 4202 4189
4203 4204 4205
4203 4205 4158
4169 4168 4206
4169 4206 4207
4208 4209 4196
4208 4196 4197
4165 4210 4170
4165 4170 4166
4205 4211 4159
4205 4159 4158
4209 4212 4198
4209 4198 4196
4198 4212 4213
4198 4213 4199
4214 4215 4152
4214 4152 4151
4152 4215 4216
4152 4216 4174
4215 4205 4204
4215 4204 4216
4211 4205 4215
4211 4215 4214
4208 4217 4218
4208 4218 4209
4217 4206 4168
4217 4168 4218
4168 4170 4219
4168 4219 4218
4212 4209 4218
4212 4218 4219
4219 4220 4213
4219 4213 4212
4170 4210 4220
4170 4220 4219
4221 3710 3696
4221 3696 3695
3756 4222 4223
3756 4223 3713
4224 3755 3732
4224 3732 3731
3755 4224 4222
3755 4222 3756
4225 4226 4227
4225 4227 4228
4229 3714 3713
4229 3713 4223
3751 3754 4230
3751 4230 4231
3902 4232 4221
3902 4221 3695
3927 4233 4234
3927 4234 3928
4235 4234 4233
4235 4233 4236
4235 4227 4226
4235 4226 4237
4238 4239 3902
4238 3902 3901
4239 4240 4232
4239 4232 3902
4241 4228 4227
4241 4227 4242
4242 4227 4235
4242 4235 4236
4243 4244 4245
4240 4239 4246
4240 4246 4247
4248 4249 4250
4119 4251 4248
4119 4248 4250
3730 3751 4231
3730 4231 3729
3704 4252 4251
3704 4251 3707
4229 4230 3754
4229 3754 3714
4225 4228 4253
4225 4253 4254
4255 4256 4257
4258 4253 4228
4258 4228 4241
4259 4260 4261
4259 4261 4262
4263 4253 4264
4263 4264 4265
4265 4264 4260
4265 4260 4259
4252 4266 4248
4252 4248 4251
4249 4267 4247
4249 4247 4246
4245 4244 4268
4245 4268 4269
4248 4266 4267
4248 4267 4249
4270 4271 4272
4270 4272 4273
4260 4274 4275
4260 4275 4261
4276 4277 4278
4276 4278 4279
4280 4281 4282
4280 4282 4283
4284 4264 4253
4284 4253 4258
4264 4284 4274
4264 4274 4260
4255 4285 4256
4282 4286 4285
4282 4285 4277
4286 4287 4269
4286 4269 4268
4281 4287 4286
4281 4286 4282
3729 4252 3704
3729 3704 3703
4231 4266 4252
4231 4252 3729
4286 4268 4285
4285 4255 4278
4285 4278 4277
4288 4289 4270
4290 4291 4292
4293 4294 4292
4293 4292 4295
4296 4297 4289
4296 4289 4298
4276 4283 4282
4276 4282 4277
4246 4299 4300
4246 4300 4249
4299 4246 4239
4299 4239 4238
4250 4301 4302
4250 4302 4119
3678 4119 4302
3678 4302 3677
3677 4302 4303
3677 4303 3921
4300 4301 4250
4300 4250 4249
4304 4303 4302
4304 4302 4301
3924 3688 4305
3924 4305 4306
4307 4305 3688
4307 3688 4308
4306 4309 4310
4309 4311 4312
4309 4312 4310
4309 4306 4305
4313 4309 4305
4314 4315 4316
4314 4316 4317
4315 4305 4307
4315 4307 4316
4313 4318 4311
4313 4311 4309
4319 4320 4321
4322 4323 4324
4318 4325 4326
4318 4326 4311
4325 4327 4328
4325 4328 4326
4327 4329 4322
4327 4322 4328
4322 4329 4323
4330 4331 4332
4333 4330 4332
4334 4328 4322
4334 4322 4324
4335 4336 4331
4335 4331 4330
4330 4333 4337
4330 4337 4335
4338 4312 4311
4338 4311 4326
4328 4334 4338
4328 4338 4326
4339 4340 4341
4335 4342 4339
4335 4339 4336
4343 4342 4335
4343 4335 4337
4344 4345 4303
4344 4303 4304
4317 4346 4347
4317 4347 4314
4320 4319 4342
4320 4342 4343
3948 4348 3676
3948 3676 3675
3676 4348 4120
3676 4120 3678
4349 4350 4351
4116 4352 4089
4089 4353 3971
3750 4354 3762
3750 3762 3752
3762 4354 4143
3762 4143 3764
4094 4355 4004
4094 4004 4084
3749 4356 4354
3749 4354 3750
4354 4357 4144
4354 4144 4143
4358 4359 4360
4361 4358 4360
4358 4362 4363
4358 4363 4359
4363 4362 4364
4365 4366 4367
4365 4367 4368
4366 4369 4370
4366 4370 4367
4369 4371 4372
4369 4372 4370
4371 4373 4374
4371 4374 4372
4373 4364 4375
4373 4375 4374
4362 4375 4364
4376 4372 4374
4376 4374 4377
4378 4370 4372
4378 4372 4376
4368 4367 4379
4368 4379 4380
4379 4367 4370
4379 4370 4378
4381 4382 4365
4383 4384 4385
4383 4385 4386
4387 4388 4383
4387 4383 4386
4389 4390 4369
4389 4369 4366
4383 4391 4392
4383 4392 4384
4388 4393 4391
4388 4391 4383
4390 4394 4371
4390 4371 4369
4391 4395 4396
4391 4396 4392
4391 4393 4397
4391 4397 4395
4394 4398 4373
4394 4373 4371
4399 4400 4396
4399 4396 4395
4401 4399 4395
4401 4395 4397
4361 4402 4362
4361 4362 4358
4362 4402 4375
4374 4375 4403
4374 4403 4377
4404 4405 4399
4404 4399 4401
4398 4406 4364
4398 4364 4373
4405 4407 4400
4405 4400 4399
4004 4355 4408
4004 4408 4005
4409 4355 4060
4409 4060 4128
4060 4355 4094
4060 4094 4061
4003 4410 4080
4003 4080 3999
4408 4410 4003
4411 4412 4405
4411 4405 4404
4413 4414 4415
4005 4408 4003
4005 4003 4002
3761 4416 3748
3761 3748 3747
3748 4416 4356
3748 4356 3749
4417 4402 4361
4402 4417 4403
4402 4403 4375
4411 4413 4412
4413 4411 4414
4413 4415 4418
4419 4420 3768
4421 4027 4026
3767 4422 4419
3767 4419 3768
4421 4423 4023
4421 4023 4027
3769 4424 4422
3769 4422 3767
4423 4425 4024
4423 4024 4023
3771 4426 4424
3771 4424 3769
4425 4427 4018
4425 4018 4024
3774 4428 4426
3774 4426 3771
4427 4429 4019
4427 4019 4018
4430 4121 3838
4430 3838 3837
4430 3837 3810
4430 3810 3809
4124 4431 4029
4124 4029 4064
4432 4433 4058
4432 4058 4063
4144 4434 4190
4144 4190 4141
3785 4435 3774
3785 3774 3773
4435 3785 4190
4435 4190 4434
4363 4436 4359
4435 4437 4428
4435 4428 3774
4429 4438 4439
4429 4439 4019
4144 4357 4440
4144 4440 4434
4436 4363 4364
4436 4364 4406
4019 4439 4077
4019 4077 4020
4128 4441 4442
4128 4442 4409
4412 4443 4407
4412 4407 4405
4418 4443 4412
4439 4441 4186
4439 4186 4077
4441 4128 4127
4441 4127 4186
4444 4434 4440
4435 4434 4444
4435 4444 4437
4439 4438 4445
4439 4445 4441
4441 4445 4442
3854 4446 4447
3854 4447 3853
4448 4449 4450
4448 4450 4451
3868 4452 4453
3868 4453 4454
3839 3892 4454
3839 4454 4450
3835 4455 3857
3835 3857 3834
3836 4456 4455
3836 4455 3835
4457 4458 4459
3900 3899 4458
3900 4458 4460
4458 4457 4460
4460 4457 4461
4448 4462 3886
4448 3886 4449
4463 4464 4465
3885 3886 4462
3885 4462 4466
4467 4468 4447
4467 4447 4446
4132 4469 4456
4132 4456 3836
4457 4470 4471
4457 4471 4461
4470 4472 4473
4470 4473 4471
4472 4474 4475
4472 4475 4473
4476 4469 4123
4476 4123 4122
4477 4470 4457
4477 4457 4459
4478 4479 4480
4477 4481 4472
4477 4472 4470
4478 4480 4482
4478 4482 4483
4481 4484 4474
4481 4474 4472
4484 4485 4486
4484 4486 4474
4487 4486 4488
4487 4488 4489
4490 4491 4492
4490 4492 4493
4494 4486 4485
4488 4495 4496
4488 4496 4490
4497 4498 4499
4500 4501 4502
4500 4502 4503
4504 4505 4506
4507 4508 4509
4507 4509 4510
4511 4512 4513
4511 4513 4514
4515 4516 4465
4515 4465 4464
4475 4474 4486
4475 4486 4487
4433 4517 4047
4433 4047 4058
4518 4519 4520
4518 4520 4521
4522 4523 4524
4525 4526 4521
4525 4521 4520
4048 4047 4517
4048 4517 4527
4527 4517 4526
4527 4526 4525
4100 4528 4529
4100 4529 4097
4524 4530 4531
4524 4531 4522
4530 4532 4533
4530 4533 4531
4534 4533 4532
4534 4532 4535
4536 4537 4538
4536 4538 4539
4537 4540 4541
4537 4541 4538
4542 4543 4544
4542 4544 4545
4535 4544 4543
4535 4543 4534
4546 4547 4548
4546 4548 4549
4550 4551 4552
4550 4552 4553
4554 4555 4556
4554 4556 4557
4558 4559 4548
4558 4548 4547
4560 4561 4552
4560 4552 4551
4554 4562 4563
4554 4563 4555
4564 4565 4566
4564 4566 4567
4568 4569 4570
4568 4570 4571
4572 4573 4574
4572 4574 4575
4574 4573 4576
4574 4576 4577
4578 4579 4580
4578 4580 4581
4581 4580 4582
4581 4582 4583
4584 4585 4577
4584 4577 4576
4585 4584 4579
4585 4579 4578
4586 4587 4124
4586 4124 4126
4098 4097 4587
4098 4587 4586
4588 4587 4097
4588 4097 4529
4589 4590 4591
4592 4565 4564
4565 4592 4593
4594 4569 4568
4594 4568 4595
4596 4590 4589
4596 4589 4597
4030 4029 4431
4030 4431 4598
4587 4599 4431
4587 4431 4124
4595 4596 4597
4595 4597 4594
4599 4587 4588
4352 4600 3972
4352 3972 3971
3951 3950 4351
3951 4351 4350
4349 4351 4601
4349 4601 4602
4603 4604 4605
4603 4605 4606
4607 4608 4609
4607 4609 4610
4611 4612 4613
4611 4613 4614
4615 4085 3972
4615 3972 4600
4616 4617 4618
4615 4619 4093
4615 4093 4085
4611 4620 4621
4611 4621 4612
4602 4622 4616
4602 4616 4618
4612 4621 4623
4612 4623 4624
3921 4625 4626
3921 4626 3920
4303 4345 4625
4303 4625 3921
3920 4626 3949
3920 3949 3919
4601 4627 4622
4601 4622 4602
4628 4629 4630
4628 4630 4631
4632 4633 3944
4632 3944 3943
3944 4633 4351
3944 4351 3950
4351 4633 4627
4351 4627 4601
4633 4634 4627
4635 4634 4633
4635 4633 4632
4636 4637 4635
4636 4635 4632
4638 4639 4640
4641 4638 4640
4642 4643 4644
4645 4642 4646
4647 4637 4636
4647 4636 4648
4604 4647 4648
4604 4648 4605
4607 4649 4650
4607 4650 4608
4651 4650 4649
4651 4649 4652
4612 4624 4653
4612 4653 4613
4654 4653 4624
4654 4624 4655
4656 4657 4658
4659 4657 4656
4659 4656 4651
4652 4660 4659
4652 4659 4651
4642 4661 4662
4642 4662 4643
4663 4664 4665
4663 4665 4666
4658 4667 4629
4658 4629 4628
4645 4668 4661
4645 4661 4642
4659 4665 4669
4659 4669 4657
4670 4669 4665
4670 4665 4664
4655 4671 4672
4655 4672 4654
4673 4674 4675
4673 4675 4676
4638 4677 4678
4638 4678 4639
4671 4679 4680
4671 4680 4672
4666 4665 4659
4666 4659 4660
4680 4679 4674
4680 4674 4673
4657 4669 4681
4657 4681 4667
4674 4679 4682
4674 4682 4683
3880 4684 4685
3880 4685 3863
3880 3883 4684
4466 4684 3883
4466 3883 3885
4686 4511 4516
4686 4516 4515
4511 4686 4687
4511 4687 4512
4491 4502 4688
4491 4688 4492
4499 4501 4500
4499 4500 4689
4690 4691 4510
4690 4510 4692
4508 4507 4505
4508 4505 4693
4132 4133 4135
4157 4694 4203
4157 4203 4158
4155 4157 4156
4155 4156 4695
4207 4696 4697
4207 4697 4169
4169 4697 4167
4169 4167 4166
4164 4167 4163
4164 4163 4698
4540 4542 4545
4540 4545 4541
4567 4566 4559
4567 4559 4558
4571 4570 4561
4571 4561 4560
4562 4572 4575
4562 4575 4563
4593 4592 4699
4593 4699 4700
4431 4599 4701
4431 4701 4598
4592 4702 4703
4592 4703 4699
4704 4705 4706
4707 4708 4709
4467 4446 4710
4711 4707 4483
4711 4483 4482
4710 4446 3854
4710 3854 3863
4685 4710 3863
4486 4494 4488
4511 4708 4516
4708 4511 4514
4708 4514 4709
4707 4711 4708
4488 4494 4495
4712 4713 4714
4433 4432 4715
4418 4412 4413
4295 4716 4262
4295 4262 4261
4271 4276 4279
4271 4279 4272
4293 4295 4261
4293 4261 4275
4297 4296 4280
4297 4280 4283
4283 4276 4271
4283 4271 4297
4230 4717 4231
4717 4266 4231
4176 3828 4146
4342 4340 4339
4200 4194 4196
4503 4502 4491
4503 4491 4718
4692 4510 4509
4692 4509 4719
4720 4688 4502
4720 4502 4501
4510 4691 4721
4510 4721 4507
4488 4490 4493
4488 4493 4489
4490 4496 4718
4490 4718 4491
4719 4513 4512
4719 4512 4692
4512 4687 4690
4512 4690 4692
4722 4723 4664
4722 4664 4663
4664 4723 4724
4664 4724 4670
4676 4675 4677
4676 4677 4725
4724 4726 4727
4724 4727 4670
3839 3841 3894
3839 3893 3891
3839 3891 3892
3688 3691 4308
3701 3700 3932
3701 3932 3931
3934 3706 3701
3934 3701 3931
3980 3964 3963
3980 3963 3981
3976 3975 4088
3976 4088 4087
4088 3975 3964
4088 3964 3980
3718 3717 4104
3718 4104 4103
3717 3744 4105
3717 4105 4104
3744 3758 4106
3744 4106 4105
4107 3996 3995
4107 3995 4108
4086 3996 4107
4086 4107 4109
4728 3929 3928
4728 3928 4729
4729 3928 4234
4729 4234 4730
4730 4234 4235
4730 4235 4237
4270 4273 4288
4270 4289 4297
4270 4297 4271
4295 4292 4291
4295 4291 4716
4292 4294 4290
4298 4289 4288
4731 3671 3670
4731 3670 4732
4733 3672 3671
4733 3671 4731
3680 3679 4734
3680 4734 4735
4734 3679 3672
4734 3672 4733
4736 3942 3941
4736 3941 4737
3947 3942 4736
3947 4736 4738
4739 4091 3947
4739 3947 4738
3910 4731 4732
3910 4732 3911
3914 4733 4731
3914 4731 3910
4735 4734 3913
4735 3913 3917
3913 4734 4733
3913 4733 3914
4736 4737 3953
4736 3953 3952
4738 4736 3952
4738 3952 3939
3938 4739 4738
3938 4738 3939
4155 4154 4694
4155 4694 4157
4162 4161 4697
4162 4697 4696
4161 4163 4167
4161 4167 4697
4155 4695 4153
4698 4163 4160
4536 4539 4740
4536 4740 4741
4742 4546 4549
4742 4549 4743
4744 4550 4553
4744 4553 4745
4746 4557 4556
4746 4556 4747
4741 4740 4748
4742 4743 4749
4744 4745 4750
4746 4747 4751
4662 4661 4723
4662 4723 4722
4723 4661 4668
4723 4668 4724
4668 4752 4726
4668 4726 4724
4725 4677 4638
4725 4638 4641
4365 4368 4381
4368 4380 4381
4365 4382 4389
4365 4389 4366
4386 4385 4753
4387 4386 4753
4499 4498 4720
4499 4720 4501
4506 4505 4507
4506 4507 4721
4499 4689 4497
4693 4505 4504
3799 3798 4754
3813 3812 4754
3798 3813 4754
4017 4016 4755
4038 4017 4755
4071 4070 4756
4757 3864 3867
4757 3867 4758
4452 3868 3864
4452 3864 4757
3869 3868 4454
3869 4454 3892
4451 4450 4454
4451 4454 4453
3839 4450 4449
3839 4449 3840
4449 3886 3840
3693 3683 3682
3693 3682 3686
3687 3682 3681
3687 3681 4759
3691 3690 4760
3691 4760 4761
3690 3687 4759
3690 4759 4760
4308 3691 4761
4308 4761 4762
4307 4308 4762
4763 4764 4765
4763 4765 4766
4630 4764 4763
4630 4763 4631
4624 4623 4767
4624 4767 4655
4655 4767 4768
4655 4768 4671
4667 4769 4657
4645 4770 4752
4645 4752 4668
4768 4682 4679
4768 4679 4671
4670 4727 4681
4670 4681 4669
4683 4771 4675
4683 4675 4674
4771 4678 4677
4771 4677 4675
4646 4770 4645
3905 3702 3705
3905 3705 3906
3906 3705 3708
3906 3708 3907
3961 3960 3970
3961 3970 4090
4115 4114 4113
4115 4113 4112
4772 4773 4774
3968 3967 3966
4775 4468 4467
3838 4123 4135
3838 4135 3830
4135 4123 4469
4135 4469 4132
4456 4469 4476
4776 4777 4778
4776 4778 4779
4780 4781 4782
4780 4782 4783
4784 4785 4786
4784 4786 4787
4788 4789 4790
4788 4790 4791
4792 4791 4790
4792 4790 4793
4794 4792 4793
4794 4793 4795
4794 4795 4777
4794 4777 4776
4796 4797 4798
4796 4798 4799
4800 4801 4802
4800 4802 4803
4804 4805 4803
4804 4803 4802
4806 4807 4805
4806 4805 4804
4779 4807 4806
4779 4806 4808
4809 4810 4811
4809 4811 4812
4809 4812 4813
4809 4813 4814
4815 4814 4813
4815 4813 4816
4816 4817 4815
4781 4817 4816
4781 4816 4782
4818 4819 4820
4818 4820 4821
4822 4823 4821
4822 4821 4820
4824 4825 4826
4824 4826 4827
4828 4824 4827
4828 4827 4829
4830 4828 4829
4830 4829 4831
4780 4830 4831
4780 4831 4786
4832 4833 4834
4832 4834 4835
4836 4837 4835
4836 4835 4834
4838 4839 4837
4838 4837 4836
4840 4839 4838
4840 4838 4841
4840 4841 4785
4840 4785 4784
4842 4843 4844
4842 4844 4845
4846 4847 4848
4846 4848 4849
4850 4851 4849
4850 4849 4848
4852 4851 4850
4852 4850 4853
4787 4852 4853
4787 4853 4854
4786 4785 4781
4786 4781 4780
4787 4854 4855
4787 4855 4784
4834 4833 4810
4834 4810 4809
4814 4836 4834
4814 4834 4809
4815 4838 4836
4815 4836 4814
4817 4841 4838
4817 4838 4815
4785 4841 4817
4785 4817 4781
4835 4856 4857
4835 4857 4832
4837 4858 4856
4837 4856 4835
4839 4859 4858
4839 4858 4837
4839 4840 4859
4784 4855 4859
4784 4859 4840
4860 4844 4822
4846 4826 4823
4846 4823 4843
4849 4851 4829
4849 4829 4827
4831 4829 4851
4831 4851 4852
4786 4831 4852
4786 4852 4787
4776 4779 4808
4776 4808 4861
4862 4863 4788
4862 4788 4791
4864 4862 4791
4864 4791 4792
4865 4864 4792
4865 4792 4794
4794 4776 4861
4794 4861 4865
4800 4866 4867
4800 4867 4798
4805 4868 4869
4805 4869 4803
4807 4870 4868
4807 4868 4805
4779 4778 4870
4779 4870 4807
4871 4799 4872
4801 4800 4798
4801 4798 4797
4825 4821 4823
4825 4823 4826
4843 4842 4847
4843 4847 4846
4849 4827 4826
4849 4826 4846
4803 4869 4866
4803 4866 4800
4873 4874 4825
4873 4825 4824
4875 4873 4824
4875 4824 4828
4828 4830 4876
4828 4876 4875
4830 4780 4783
4830 4783 4876
4874 4818 4821
4874 4821 4825
4796 4799 4871
4820 4819 4860
4822 4820 4860
4845 4844 4860
4822 4844 4843
4822 4843 4823
4872 4799 4798
4872 4798 4867
4877 4878 4879
4877 4879 4880
4879 4878 4881
4879 4881 4882
4883 4884 4885
4883 4885 4886
4887 4885 4884
4887 4884 4888
4889 4890 4891
4889 4891 4892
4892 4891 4893
4892 4893 4894
4895 4896 4897
4895 4897 4898
4899 4900 4901
4899 4901 4902
4900 4903 4904
4900 4904 4901
4896 4895 4905
4896 4905 4906
4907 4908 4909
4907 4909 4910
4908 4911 4912
4908 4912 4909
4913 4914 4915
4913 4915 4916
4915 4914 4917
4915 4917 4918
4919 4920 4908
4919 4908 4907
4921 4911 4908
4921 4908 4920
4922 4883 4886
4922 4886 4923
4910 4909 4900
4910 4900 4899
4909 4912 4903
4909 4903 4900
4924 4913 4916
4924 4916 4925
4882 4881 4922
4882 4922 4923
4902 4901 4891
4902 4891 4890
4891 4901 4904
4891 4904 4893
4925 4906 4905
4925 4905 4924
4877 4880 4926
4877 4926 4927
4928 4889 4892
4928 4892 4929
4929 4892 4894
4929 4894 4930
4931 4898 4897
4931 4897 4932
4927 4926 4933
4928 4929 4934
4929 4930 4934
4931 4932 4935
92 65 90
155 3206 1069
926 925 4936
3053 926 4936
3057 3056 3055
3057 3055 3058
4937 3092 3091
4937 3091 4938
4939 3056 3057
4939 3057 3099
771 764 772
764 763 774
764 774 772
763 805 802
763 802 774
805 806 802
