byte offset: 0
first index: 47187
index count: 78
topology: trianglelist
format: DXGI_FORMAT_R16_UINT

17640 17641 17642
17640 17642 17643
17644 17640 17643
17644 17643 17645
17646 17644 17645
17646 17647 17644
17648 17647 17646
17647 17648 17649
17647 17649 17650
17650 17649 17651
17650 17651 17652
17653 17652 17651
17653 17654 17652
17655 17656 17657
17655 17658 17656
17659 17658 17655
17659 17660 17658
17661 17660 17659
17661 17659 17662
17663 17661 17662
17662 17664 17663
17662 17665 17664
17665 17666 17664
17665 17667 17666
17668 17666 17667
17668 17667 17669
