byte offset: 0
first index: 4368
index count: 15783
topology: trianglelist
format: DXGI_FORMAT_R16_UINT

1262 1141 1530
1262 1530 1531
1532 1533 1534
1535 1536 1537
1536 1538 1539
1540 1534 1541
1542 1543 1544
1544 1543 1545
1546 1545 1547
1547 1548 1534
1549 1532 1550
1549 1550 1551
1535 1552 1550
1543 1553 1538
1545 1538 1536
1548 1536 1535
1533 1532 1554
1555 1556 1557
1555 1557 1558
1559 1560 1561
1547 1540 1562
1546 1560 1559
1563 1564 1565
1563 1565 1566
1566 1565 1559
1560 1546 1547
1567 1568 1569
1570 1571 1572
1570 1572 1573
1572 1571 1574
1572 1574 1575
1573 1576 1570
1569 1577 1567
1577 1578 1579
1578 1580 1581
1582 1583 1584
1585 1586 1587
1585 1587 1588
1584 1583 1589
1588 1587 1590
1588 1590 1591
1591 1590 1592
1591 1592 1593
1594 1595 1583
1594 1583 1582
1596 1597 1595
1596 1595 1594
1598 1572 1575
1598 1575 1599
1600 1601 1602
1600 1602 1603
1604 1605 1601
1604 1601 1600
1598 1606 1607
1598 1607 1604
1603 1602 1608
1603 1608 1609
1609 1608 1610
1611 1610 1612
1613 1614 1612
1614 1615 1611
1569 1603 1609
1569 1576 1603
1573 1572 1604
1604 1600 1573
1616 1617 1612
1617 1618 1613
1618 1619 1580
1620 1597 1596
1532 1549 1554
1584 1589 1586
1584 1586 1585
1541 1534 1533
1580 1619 1621
1566 1622 1563
1623 1624 1625
1561 1622 1566
1623 1626 1624
1556 1627 1553
1561 1566 1559
1543 1628 1553
1628 1564 1557
1628 1557 1556
1563 1626 1623
1543 1542 1628
1580 1578 1613
1578 1577 1614
1577 1569 1615
1565 1564 1628
1565 1628 1542
1557 1564 1563
1544 1565 1542
1559 1565 1544
1547 1545 1548
1544 1545 1546
1546 1559 1544
1560 1547 1562
1547 1534 1540
1548 1535 1534
1532 1534 1535
1617 1613 1612
1612 1614 1611
1611 1615 1609
1536 1539 1537
1535 1537 1552
1535 1550 1532
1545 1536 1548
1543 1538 1545
1569 1609 1615
1569 1568 1629
1603 1576 1600
1570 1629 1568
1573 1600 1576
1604 1572 1598
1581 1580 1621
1579 1578 1581
1621 1619 1630
1618 1580 1613
1613 1578 1614
1567 1577 1579
1614 1577 1615
1612 1610 1616
1569 1629 1576
1629 1570 1576
1627 1539 1538
1555 1627 1556
1551 1631 1549
1599 1632 1598
1625 1624 1633
1634 1625 1633
1623 1625 1558
1623 1558 1557
1553 1627 1538
1609 1610 1611
1553 1628 1556
1557 1563 1623
1563 1622 1626
1598 1632 1635
1636 1637 1638
1639 1640 1641
1639 1636 1640
1640 1636 1638
1641 1640 1642
1643 1638 1637
1640 1638 1644
1638 1643 1644
1645 1646 1647
1648 1649 1650
1651 1652 1653
1651 1653 1654
1655 1656 1657
1658 1659 1660
1661 1662 1663
1661 1663 1664
1665 1666 1667
1665 1667 1668
1669 1670 1666
1669 1666 1665
1655 1657 1662
1655 1662 1661
1671 1649 1672
1654 1653 1659
1654 1659 1658
1645 1671 1673
1645 1673 1646
1674 1675 1676
1675 1677 1676
1678 1679 1680
1681 1682 1683
1684 1685 1686
1687 1688 1689
1690 1688 1678
1678 1691 1692
1693 1694 1695
1688 1696 1697
1684 1686 1698
1687 1699 1688
1650 1685 1684
1678 1692 1690
1690 1696 1688
1679 1678 1700
1678 1699 1700
1701 1702 1703
1704 1705 1706
1706 1705 1707
1704 1708 1705
1691 1680 1682
1691 1682 1681
1674 1676 1709
1678 1680 1691
1678 1688 1699
1710 1711 1712
1651 1713 1714
1651 1714 1652
1715 1716 1717
1650 1649 1685
1718 1686 1711
1688 1697 1689
1718 1711 1719
1698 1686 1718
1664 1663 1670
1664 1670 1669
1672 1649 1648
1671 1672 1673
1720 1721 1722
1645 1647 1723
1724 1725 1726
1727 1537 1728
1728 1539 1729
1730 1731 1725
1732 1733 1734
1733 1735 1734
1736 1737 1735
1737 1725 1738
1550 1724 1739
1550 1739 1551
1727 1550 1552
1734 1729 1740
1735 1728 1729
1738 1727 1728
1726 1741 1724
1742 1743 1555
1742 1555 1558
1744 1745 1746
1737 1747 1730
1736 1744 1746
1748 1749 1750
1748 1750 1751
1749 1744 1750
1746 1737 1736
1752 1753 1754
1755 1756 1757
1755 1757 1758
1759 1758 1757
1759 1757 1760
1756 1755 1761
1753 1752 1762
1762 1763 1764
1764 1765 1766
1767 1768 1769
1770 1771 1772
1770 1772 1773
1768 1774 1769
1771 1775 1776
1771 1776 1772
1775 1777 1778
1775 1778 1776
1779 1767 1769
1779 1769 1780
1781 1779 1780
1781 1780 1782
1760 1757 1783
1760 1783 1784
1785 1786 1787
1785 1787 1788
1789 1785 1788
1789 1788 1790
1783 1789 1790
1783 1790 1791
1786 1792 1793
1786 1793 1787
1792 1794 1793
1795 1796 1794
1797 1796 1798
1798 1795 1799
1753 1792 1786
1753 1786 1761
1756 1789 1757
1789 1756 1785
1800 1796 1801
1801 1797 1802
1802 1766 1803
1804 1781 1782
1724 1741 1739
1768 1770 1773
1768 1773 1774
1731 1726 1725
1766 1805 1803
1749 1748 1806
1807 1625 1808
1745 1749 1806
1807 1808 1809
1743 1740 1627
1745 1744 1749
1734 1740 1810
1810 1743 1742
1810 1742 1751
1748 1807 1809
1734 1810 1732
1766 1797 1764
1764 1798 1762
1762 1799 1753
1750 1732 1810
1750 1810 1751
1742 1748 1751
1733 1732 1750
1744 1733 1750
1737 1738 1735
1733 1736 1735
1736 1733 1744
1746 1747 1737
1737 1730 1725
1738 1725 1727
1724 1727 1725
1801 1796 1797
1796 1795 1798
1795 1792 1799
1728 1537 1539
1727 1552 1537
1727 1724 1550
1735 1738 1728
1734 1735 1729
1753 1799 1792
1753 1811 1754
1786 1785 1761
1755 1754 1811
1756 1761 1785
1789 1783 1757
1765 1805 1766
1763 1765 1764
1805 1812 1803
1802 1797 1766
1797 1798 1764
1752 1763 1762
1798 1799 1762
1796 1800 1794
1753 1761 1811
1811 1761 1755
1627 1729 1539
1555 1743 1627
1551 1739 1631
1784 1783 1813
1625 1814 1808
1634 1814 1625
1558 1625 1807
1558 1807 1742
1740 1729 1627
1792 1795 1794
1740 1743 1810
1742 1807 1748
1748 1809 1806
1783 1791 1813
1815 1816 1817
1818 1819 1820
1818 1820 1815
1820 1816 1815
1819 1821 1820
1822 1817 1816
1820 1823 1816
1816 1823 1822
1824 1825 1826
1827 1828 1829
1830 1831 1832
1830 1832 1833
1834 1835 1836
1837 1838 1839
1840 1841 1842
1840 1842 1843
1844 1845 1846
1844 1846 1847
1848 1844 1847
1848 1847 1849
1834 1840 1843
1834 1843 1835
1850 1851 1829
1831 1837 1839
1831 1839 1832
1852 1850 1824
1852 1824 1826
1853 1854 1855
1855 1854 1856
1857 1858 1859
1860 1861 1862
1863 1864 1865
1866 1867 1868
1869 1857 1868
1857 1870 1871
1872 1873 1874
1868 1875 1876
1863 1877 1864
1866 1868 1878
1828 1863 1865
1857 1869 1870
1869 1868 1876
1859 1879 1857
1857 1879 1878
1880 1881 1882
1883 1884 1885
1884 1886 1885
1883 1885 1887
1871 1860 1862
1871 1862 1858
1853 1888 1854
1857 1871 1858
1857 1878 1868
1889 1890 1891
1892 1893 1830
1892 1830 1833
1894 1895 1896
1828 1865 1829
1897 1891 1864
1868 1867 1875
1897 1898 1891
1877 1897 1864
1841 1848 1849
1841 1849 1842
1851 1827 1829
1850 1852 1851
1899 1900 1901
1824 1902 1825
1903 1904 1905
1903 1905 1906
1907 1908 1909
1906 1905 1910
1906 1910 1911
1903 1912 1913
1903 1913 1904
1914 1915 1916
1917 1918 1919
1917 1919 1920
1918 1921 1922
1918 1922 1919
1923 1924 1925
1926 1927 1928
1926 1928 1929
1930 1923 1925
1930 1925 1931
1932 1933 1934
1932 1934 1935
1936 1937 1938
1936 1938 1939
1937 1940 1941
1937 1941 1938
1914 1942 1943
1914 1943 1935
1944 1945 1946
1931 1947 1948
1931 1948 1930
1949 1950 1951
1949 1951 1952
1953 1954 1955
1953 1955 1956
1957 1949 1952
1957 1952 1958
1950 1959 1960
1950 1960 1951
1961 1962 1963
1961 1963 1964
1965 1966 1967
1965 1967 1968
1966 1953 1956
1966 1956 1967
1961 1964 1969
1961 1969 1970
1971 1957 1958
1971 1958 1972
1973 1974 1975
1973 1975 1976
1977 1978 1979
1977 1979 1980
1981 1977 1980
1981 1980 1982
1983 1981 1982
1983 1982 1984
1985 1986 1987
1985 1987 1988
1989 1990 1991
1989 1991 1992
1993 1994 1995
1993 1995 1996
1994 1985 1988
1994 1988 1995
1997 1998 1999
1997 1999 2000
2001 2002 2003
2001 2003 2004
2005 2001 2004
2005 2004 2006
2007 2005 2006
2007 2006 2008
2009 2010 2011
2009 2011 2012
2013 2014 2015
2013 2015 2016
2017 2018 2019
2017 2019 2020
2021 2022 2023
2021 2023 2024
2025 2026 2027
2025 2027 2028
2026 2029 2027
2029 2030 2031
2029 2031 2032
2033 2034 2035
2034 2036 2037
2034 2037 2038
2039 2040 2041
2039 2041 2042
2043 2033 2035
2043 2035 2044
2045 2046 2047
1908 1922 1921
1908 1921 2048
1919 2049 2050
1919 2050 1920
1922 2051 2049
1922 2049 1919
2014 2052 2053
2014 2053 2015
2044 2054 2042
2055 2056 1916
1920 2050 2057
1920 2057 1915
1928 1941 1940
1928 1940 2058
1939 2059 2060
1939 2060 1934
1938 2061 2059
1938 2059 1939
1941 2062 2061
1941 2061 1938
2019 2063 2064
2019 2064 2020
2028 2065 2066
2028 2066 2024
2027 2067 2065
2027 2065 2028
2032 2067 2027
1924 2068 2069
1924 2069 2070
1932 1935 1943
1932 1943 2071
1923 2068 1924
1924 2072 1925
2073 2074 2075
2073 2075 2046
2076 1920 1915
1933 1936 1939
1933 1939 1934
1962 1965 1968
1962 1968 1963
1978 2077 2078
1978 2078 1979
1990 1993 1996
1990 1996 1991
2002 2009 2012
2002 2012 2003
2030 2045 2047
2030 2047 2031
2057 2055 1915
2060 1914 1935
2060 1935 1934
2056 2079 2080
2056 2080 1942
1942 2080 2081
1942 2081 1943
1969 2082 2083
1969 2083 1970
2010 2084 2085
2010 2085 2011
1943 2081 2086
1943 2086 2071
2087 2072 1924
2087 1924 2070
1942 1914 1916
2056 1942 1916
2088 2089 2090
2088 2090 2091
2092 2051 1922
2092 1922 1908
1986 2093 2094
1986 2094 1987
1998 2007 2008
1998 2008 1999
2041 2043 2042
2048 2095 1908
2042 2054 2096
2042 2096 2039
1927 1941 1928
1954 2097 2098
1954 2098 1955
1976 1975 1983
1976 1983 1984
2024 2023 2025
2024 2025 2028
2058 2099 1929
2058 1929 1928
2024 2066 2100
2024 2100 2021
2101 1947 1931
2101 1931 2102
2102 1931 1925
2102 1925 2103
2103 1925 2072
2103 2072 2104
2105 2104 2072
2105 2072 2087
2029 2032 2027
2034 2038 2035
2037 2036 2047
2037 2047 2106
2107 2106 2047
2107 2047 2075
2076 1917 1920
1914 2076 1915
1907 2092 1908
2095 1909 1908
1927 2062 1941
2087 2080 2079
2087 2079 2105
2069 2086 2081
2069 2081 2070
2074 2073 2088
2074 2088 2091
2082 1960 1959
2082 1959 2083
2070 2081 2080
2070 2080 2087
1912 2085 2084
1912 2084 1913
2055 1916 1915
2108 2109 2090
2108 2090 2110
2043 2044 2042
2111 2112 2113
2111 2113 2110
2112 2114 2115
2112 2115 2113
2116 2117 2118
2116 2118 2119
2120 2121 2122
2120 2122 2123
2124 2125 2126
2124 2126 2127
2124 2128 2129
2124 2129 2125
2130 2131 2132
2130 2132 2133
2134 2120 2123
2134 2123 2135
2130 2136 2137
2128 2138 2129
2139 2140 2141
2139 2141 2136
2142 2143 2138
2140 2144 2145
2140 2145 2141
2146 2147 2148
2146 2148 2149
2150 2151 2152
2150 2152 2153
2154 2155 2121
2154 2121 2120
2155 2156 2157
2155 2157 2121
2158 2159 2160
2158 2160 2127
2161 2162 2128
2161 2128 2124
2163 2164 2165
2163 2165 2166
2167 2168 2169
2167 2169 2170
2171 2168 2172
2128 2162 2173
2128 2173 2174
2175 2176 2177
2178 2154 2120
2178 2120 2134
2179 2180 2181
2179 2181 2182
2180 2183 2184
2180 2184 2181
2183 2185 2186
2183 2186 2184
2158 2187 2188
2158 2188 2189
2190 2191 2192
2190 2192 2193
2194 2195 2196
2194 2196 2197
2195 2198 2199
2195 2199 2196
2199 2198 2200
2199 2200 2201
2202 2203 2204
2202 2204 2205
2159 2158 2189
2159 2189 2206
2207 2208 2209
2207 2209 2210
2211 2212 2213
2211 2213 2214
2215 2216 2217
2215 2217 2218
2219 2194 2197
2219 2197 2220
2221 2222 2223
2221 2223 2224
2225 2122 2121
2225 2121 2157
2226 2227 2228
2226 2228 2229
2230 2231 2232
2230 2232 2233
2234 2235 2236
2234 2236 2237
2238 2239 2240
2238 2240 2241
2242 2243 2244
2242 2244 2245
2246 2247 2248
2246 2248 2249
2173 2250 2251
2173 2251 2174
2252 2253 2254
2252 2254 2255
2182 2256 2257
2182 2257 2179
2252 2255 2258
2210 2259 2260
2210 2260 2207
2136 2141 2261
2136 2261 2137
2262 2263 2264
2262 2264 2138
2141 2145 2265
2141 2265 2261
2149 2148 2266
2149 2266 2267
2214 2268 2269
2214 2269 2211
2218 2217 2270
2218 2270 2271
2128 2142 2138
2138 2264 2129
2133 2139 2136
2130 2133 2136
2223 2222 2272
2223 2272 2273
2274 2275 2276
2277 2278 2279
2277 2279 2280
2281 2282 2283
2281 2283 2284
2172 2281 2284
2172 2284 2171
2166 2165 2150
2166 2150 2153
2189 2188 2225
2189 2225 2157
2206 2189 2157
2206 2157 2156
2208 2285 2286
2208 2286 2209
2229 2116 2119
2229 2119 2226
2230 2233 2237
2230 2237 2236
2127 2126 2187
2127 2187 2158
2131 2228 2227
2131 2227 2132
2127 2160 2161
2127 2161 2124
2170 2169 2164
2170 2164 2163
2185 2286 2285
2185 2285 2186
2200 2232 2231
2200 2231 2201
2168 2167 2172
2143 2212 2211
2143 2211 2262
2144 2215 2218
2144 2218 2145
2191 2219 2220
2191 2220 2192
2203 2221 2224
2203 2224 2204
2250 2239 2238
2250 2238 2251
2253 2242 2245
2253 2245 2254
2256 2246 2249
2256 2249 2257
2262 2211 2269
2262 2269 2263
2145 2218 2271
2145 2271 2265
2282 2277 2280
2282 2280 2283
2287 2288 2289
2290 2287 2289
2290 2289 2291
2292 2293 2278
2292 2278 2277
2294 2295 2282
2294 2282 2281
2295 2292 2277
2295 2277 2282
2294 2281 2172
2255 2296 2258
2176 2297 2298
2176 2298 2177
2128 2299 2142
2143 2262 2138
2288 2300 2301
2302 2303 2304
2302 2304 2305
2306 2307 2308
2307 2309 2308
2310 2311 2312
2310 2312 2313
2313 2314 2315
2313 2315 2310
2316 2317 2318
2316 2318 2319
2320 2321 2322
2320 2322 2319
2321 2323 2324
2321 2324 2322
2311 2325 2326
2311 2326 2312
2327 2328 2329
2327 2329 2330
2331 2332 2333
2331 2333 2334
2328 2335 2336
2328 2336 2329
2332 2337 2338
2332 2338 2333
2339 2340 2341
2339 2341 2342
2343 2344 2345
2343 2345 2346
2344 2347 2348
2340 2349 2350
2340 2350 2341
2349 2351 2350
2347 2352 2353
2347 2353 2348
2354 2355 2356
2357 2358 2359
2360 2361 2362
2363 2362 2364
2365 2366 2367
2365 2367 2368
2365 2369 2366
2370 2371 2372
2373 2374 2375
2373 2375 2376
2377 2378 2379
2380 2381 2382
2383 2384 2385
2383 2385 2386
2387 2388 2389
2387 2389 2390
2391 2389 2388
2391 2388 2392
2392 2393 2394
2392 2394 2391
2395 2396 2397
2395 2397 2398
2396 2399 2400
2396 2400 2397
2401 2395 2398
2401 2398 2402
2403 2404 2405
2403 2405 2406
2404 2407 2408
2404 2408 2405
2409 2410 2411
2409 2411 2412
2410 2413 2414
2410 2414 2411
2413 2415 2416
2413 2416 2414
2417 2418 2419
2420 2421 2325
2366 2363 2422
2366 2422 2367
2369 2360 2366
2340 2423 2349
2339 2424 2423
2339 2423 2340
2425 2426 2427
2425 2427 2428
2429 2345 2426
2429 2426 2425
2351 2430 2431
2352 2432 2433
2352 2433 2353
2378 2434 2435
2378 2435 2436
2415 2437 2438
2415 2438 2416
2426 2348 2427
2327 2439 2440
2327 2440 2328
2328 2440 2441
2328 2441 2335
2442 2443 2444
2442 2444 2445
2445 2444 2446
2445 2446 2447
2448 2449 2450
2448 2450 2451
2451 2450 2452
2451 2452 2453
2453 2452 2454
2453 2454 2455
2456 2457 2458
2456 2458 2459
2426 2345 2348
2383 2460 2384
2379 2378 2436
2370 2376 2375
2421 2461 2326
2312 2326 2462
2312 2462 2463
2313 2312 2463
2313 2463 2464
2431 2430 2354
2431 2354 2356
2433 2432 2359
2433 2359 2358
2435 2434 2380
2435 2380 2382
2438 2437 2417
2438 2417 2419
2315 2314 2327
2315 2327 2330
2465 2318 2466
2400 2399 2403
2400 2403 2406
2314 2467 2439
2314 2439 2327
2443 2442 2468
2443 2468 2469
2336 2335 2339
2336 2339 2342
2408 2407 2409
2408 2409 2412
2337 2343 2346
2337 2346 2338
2335 2441 2424
2335 2424 2339
2447 2446 2449
2447 2449 2448
2344 2348 2345
2366 2360 2363
2427 2348 2470
2422 2364 2471
2368 2367 2472
2368 2472 2473
2376 2372 2428
2376 2428 2427
2470 2373 2376
2470 2376 2427
2474 2386 2385
2474 2385 2475
2367 2422 2476
2367 2476 2472
2459 2458 2455
2459 2455 2454
2422 2471 2476
2370 2372 2376
2363 2364 2422
2350 2351 2477
2351 2431 2477
2478 2479 2480
2313 2464 2467
2313 2467 2314
2320 2319 2318
2320 2318 2465
2319 2322 2481
2319 2481 2316
2322 2324 2482
2322 2482 2481
2466 2334 2333
2466 2333 2483
2483 2333 2338
2483 2338 2484
2334 2318 2331
2484 2338 2346
2484 2346 2485
2485 2346 2345
2485 2345 2429
2486 2487 2488
2489 2490 2491
2492 2489 2493
2494 2495 2496
2497 2494 2498
2497 2498 2499
2500 2497 2499
2500 2499 2501
2490 2502 2503
2490 2503 2504
2487 2492 2505
2502 2500 2501
2502 2501 2503
2360 2486 2361
2506 2507 2469
2506 2469 2468
2508 2509 2507
2508 2507 2506
2331 2318 2317
2466 2318 2334
2488 2487 2505
2505 2492 2493
2493 2489 2491
2491 2490 2504
2360 2362 2363
2361 2486 2488
2510 2511 2512
2510 2512 2513
2514 2515 2516
2514 2516 2517
2518 2519 2520
2518 2520 2521
2518 2521 2522
2518 2522 2523
2524 2525 2526
2524 2526 2527
2528 2529 2515
2528 2515 2514
2524 2530 2531
2523 2522 2532
2533 2531 2534
2533 2534 2535
2536 2532 2537
2535 2534 2538
2535 2538 2539
2540 2541 2542
2540 2542 2543
2544 2545 2546
2544 2546 2547
2548 2514 2517
2548 2517 2549
2549 2517 2550
2549 2550 2551
2552 2553 2554
2552 2554 2519
2555 2518 2523
2555 2523 2556
2557 2558 2559
2557 2559 2560
2561 2562 2563
2561 2563 2564
2565 2566 2562
2567 2556 2523
2567 2523 2568
2569 2570 2571
2572 2528 2514
2572 2514 2548
2573 2574 2575
2573 2575 2576
2574 2573 2577
2574 2577 2578
2578 2577 2579
2578 2579 2580
2581 2582 2554
2581 2554 2583
2584 2585 2586
2584 2586 2587
2588 2589 2590
2588 2590 2591
2591 2590 2592
2591 2592 2593
2594 2593 2592
2594 2592 2595
2596 2597 2598
2596 2598 2599
2553 2600 2583
2553 2583 2554
2601 2602 2603
2601 2603 2604
2605 2606 2607
2605 2607 2608
2609 2610 2611
2609 2611 2612
2613 2614 2589
2613 2589 2588
2615 2616 2617
2615 2617 2618
2619 2550 2517
2619 2517 2516
2620 2621 2622
2620 2622 2623
2624 2625 2626
2624 2626 2627
2628 2629 2630
2628 2630 2631
2632 2633 2634
2632 2634 2635
2636 2637 2638
2636 2638 2639
2640 2641 2642
2640 2642 2643
2567 2568 2644
2567 2644 2645
2646 2647 2648
2646 2648 2649
2576 2575 2650
2576 2650 2651
2646 2652 2647
2602 2601 2653
2602 2653 2654
2655 2534 2531
2655 2531 2530
2656 2532 2657
2656 2657 2658
2659 2538 2534
2659 2534 2655
2660 2542 2541
2660 2541 2661
2608 2607 2662
2608 2662 2663
2664 2611 2610
2664 2610 2665
2523 2532 2536
2532 2522 2657
2525 2531 2533
2524 2531 2525
2617 2666 2667
2617 2667 2618
2668 2669 2670
2671 2672 2673
2671 2673 2674
2675 2676 2677
2675 2677 2678
2678 2677 2566
2678 2566 2565
2544 2557 2560
2544 2560 2545
2619 2581 2583
2619 2583 2550
2550 2583 2600
2550 2600 2551
2604 2603 2679
2604 2679 2680
2623 2622 2511
2623 2511 2510
2631 2627 2626
2631 2626 2628
2582 2520 2519
2582 2519 2554
2527 2526 2621
2527 2621 2620
2555 2552 2519
2555 2519 2518
2558 2561 2564
2558 2564 2559
2580 2579 2680
2580 2680 2679
2594 2595 2625
2594 2625 2624
2562 2566 2563
2537 2656 2607
2537 2607 2606
2539 2538 2610
2539 2610 2609
2587 2586 2614
2587 2614 2613
2599 2598 2616
2599 2616 2615
2645 2644 2634
2645 2634 2633
2649 2648 2637
2649 2637 2636
2651 2650 2641
2651 2641 2640
2656 2658 2662
2656 2662 2607
2538 2659 2665
2538 2665 2610
2676 2675 2674
2676 2674 2673
2681 2682 2683
2684 2685 2682
2684 2682 2681
2686 2687 2509
2686 2509 2508
2688 2689 2687
2688 2687 2686
2690 2691 2692
2494 2496 2498
2326 2461 2462
2672 2693 2694
2672 2694 2673
2676 2695 2696
2676 2696 2677
2673 2694 2695
2673 2695 2676
2696 2566 2677
2647 2652 2697
2571 2570 2698
2571 2698 2699
2523 2536 2700
2537 2532 2656
2701 2702 2703
2701 2703 2704
2705 2706 2707
2707 2706 2708
2709 2710 2711
2709 2711 2712
2713 2714 2715
2716 2717 2718
2719 2713 2716
2720 2721 2722
2723 2724 2725
2726 2727 2728
2719 2729 2713
2730 2731 2732
2733 2730 2734
2722 2721 2724
2735 2736 2737
2738 2739 2740
2741 2742 2743
2741 2743 2744
2737 2745 2711
2716 2746 2719
2716 2747 2746
2748 2749 2750
2710 2751 2735
2752 2753 2714
2752 2714 2713
2715 2714 2754
2717 2716 2713
2755 2727 2726
2718 2756 2716
2716 2756 2757
2724 2721 2725
2716 2757 2747
2713 2729 2752
2710 2735 2711
2713 2715 2717
2754 2714 2420
2758 2759 2742
2760 2685 2733
2760 2733 2734
2761 2762 2712
2761 2712 2745
2709 2712 2763
2420 2714 2421
2764 2765 2766
2763 2712 2762
2753 2421 2714
2711 2745 2712
2753 2461 2421
2767 2768 2732
2767 2732 2769
2770 2771 2734
2735 2737 2711
2772 2741 2744
2772 2744 2773
2734 2732 2768
2734 2768 2770
2730 2732 2734
2774 2775 2776
2774 2776 2777
2778 2779 2780
2781 2782 2783
2784 2785 2778
2786 2787 2788
2789 2790 2791
2792 2793 2794
2784 2778 2795
2796 2797 2798
2799 2800 2796
2787 2791 2788
2801 2802 2803
2804 2796 2798
2805 2806 2807
2805 2807 2808
2802 2776 2809
2785 2784 2810
2781 2811 2812
2813 2814 2815
2777 2801 2816
2817 2778 2780
2817 2780 2818
2779 2819 2780
2820 2778 2785
2821 2792 2794
2782 2781 2822
2781 2823 2822
2791 2790 2788
2781 2812 2823
2778 2817 2795
2777 2776 2801
2778 2820 2779
2819 2824 2780
2825 2805 2826
2301 2800 2799
2301 2799 2291
2101 2809 2775
2101 2775 1947
2774 1948 2775
2824 2827 2780
2828 1971 1972
1948 1947 2775
2818 2780 2827
2776 2775 2809
2818 2827 2829
2830 2798 2797
2830 2797 2831
2832 2800 2300
2801 2776 2802
2808 2807 2833
2808 2833 2834
2831 2797 2800
2831 2800 2832
2796 2800 2797
2825 2806 2805
2743 2759 2835
2836 2760 2771
2771 2760 2734
2759 2743 2742
2805 2837 2826
2800 2301 2300
2838 2839 2840
2838 2840 2841
2842 2843 2844
2842 2844 2845
2846 2847 2848
2846 2848 2849
2850 2851 2852
2850 2852 2853
2849 2848 2854
2849 2854 2855
2856 2857 2858
2856 2858 2859
2860 2861 2862
2860 2862 2863
2864 2865 2866
2864 2866 2867
2868 2864 2867
2868 2867 2869
2870 2871 2872
2870 2872 2873
2874 2875 2876
2874 2876 2877
2878 2879 2880
2878 2880 2881
2882 2883 2884
2882 2884 2885
2886 2887 2888
2886 2888 2889
2890 2891 2892
2890 2892 2893
2881 2880 2894
2881 2894 2895
2896 2897 2883
2896 2883 2882
2898 2899 2900
2898 2900 2901
2902 2903 2904
2902 2904 2905
2906 2907 2908
2906 2908 2909
2910 2911 2912
2913 2914 2915
2913 2915 2916
2916 2915 2917
2918 2919 2920
2918 2920 2921
2922 2923 2924
2862 2925 2863
2926 2927 2928
2926 2928 2929
2930 2931 2932
2930 2932 2933
2934 2935 2936
2937 2938 2939
2937 2939 2940
2941 2939 2942
2943 2944 2945
2941 2946 2940
2947 2948 2949
2947 2949 2950
2939 2941 2940
2844 2843 2951
2844 2951 2952
2848 2847 2862
2853 2852 2953
2853 2953 2954
2854 2848 2862
2854 2862 2955
2893 2892 2956
2893 2956 2957
2945 2944 2958
2865 2841 2840
2865 2840 2866
2925 2847 2844
2879 2878 2959
2879 2959 2960
2875 2874 2885
2875 2885 2884
2936 2961 2938
2936 2938 2937
2847 2846 2845
2847 2845 2844
2962 2963 2964
2962 2964 2839
2965 2966 2871
2965 2871 2870
2967 2968 2932
2967 2932 2931
2969 2962 2839
2969 2839 2838
2873 2872 2914
2873 2914 2913
2970 2930 2933
2970 2933 2928
2971 2840 2839
2971 2839 2964
2861 2860 2858
2861 2858 2857
2897 2896 2902
2897 2902 2905
2899 2898 2910
2899 2910 2912
2946 2941 2950
2946 2950 2949
2963 2962 2842
2966 2965 2877
2966 2877 2876
2972 2935 2968
2972 2968 2967
2962 2969 2951
2962 2951 2843
2852 2851 2855
2852 2855 2854
2887 2886 2895
2887 2895 2894
2921 2920 2923
2921 2923 2922
2941 2942 2944
2944 2943 2941
2953 2852 2854
2953 2854 2955
2943 2945 2973
2862 2847 2925
2867 2866 2974
2867 2974 2975
2869 2867 2975
2869 2975 2976
2974 2866 2840
2974 2840 2971
2925 2844 2952
2977 2963 2842
2978 2979 2980
2978 2980 2981
2979 2982 2983
2979 2983 2980
2984 2985 2986
2987 2984 2988
2989 2990 2991
2989 2991 2992
2982 2993 2983
2994 2995 2996
2994 2997 2998
2994 2998 2995
2999 3000 3001
2999 3001 3002
3003 3004 3005
3001 3000 3006
3001 3006 3007
2842 3008 2977
3009 3010 3011
3012 3013 3014
3012 3014 3015
3016 3017 3018
3016 3018 3019
3020 3017 3016
3002 3021 3022
3002 3022 2999
2988 2991 2990
2988 2990 2987
3023 3014 3013
3023 3013 3024
2985 3025 3026
2985 3026 2986
3027 2978 2981
3027 2981 3028
3025 3027 3028
3025 3028 3026
2997 2989 2992
2997 2992 2998
3007 3006 3003
3007 3003 3005
3018 3012 3015
3018 3015 3019
3029 3030 3031
3029 3031 2927
2962 2843 2842
2868 2869 2758
2869 2976 2759
2869 2759 2758
2976 2835 2759
3032 3033 3034
3032 3034 3035
3036 3037 3038
3036 3038 3039
3040 3041 3042
3040 3042 3043
3044 3045 3046
3044 3046 3047
3041 3048 3049
3041 3049 3042
3050 3051 3052
3050 3052 3053
3054 3055 3056
3054 3056 3057
3058 3059 3060
3058 3060 3061
3061 3060 3062
3061 3062 3063
3064 3065 3066
3064 3066 3067
3068 3069 3070
3068 3070 3071
3072 3073 3074
3072 3074 3075
3076 3077 3078
3076 3078 3079
3080 3081 3082
3080 3082 3083
3084 3085 3086
3084 3086 3087
3073 3088 3089
3073 3089 3074
3090 3076 3079
3090 3079 3091
3092 3093 3094
3092 3094 3095
3096 3097 3098
3096 3098 3099
3100 3101 3102
3100 3102 3103
3104 3105 3106
3107 3108 3109
3107 3109 3110
3108 3111 3109
3112 3113 3114
3112 3114 3115
3116 3117 3118
3056 3055 3119
3120 3121 3122
3120 3122 3123
3124 3125 3126
3124 3126 3127
3128 3129 3130
3131 3132 3133
3131 3133 3134
3135 3136 3133
3137 3138 3139
3135 3132 3140
3141 3142 3143
3141 3143 3144
3133 3132 3135
3038 3145 3146
3038 3146 3039
3042 3056 3043
3045 3147 3148
3045 3148 3046
3049 3149 3056
3049 3056 3042
3085 3150 3151
3085 3151 3086
3138 3152 3139
3059 3058 3034
3059 3034 3033
3119 3038 3043
3075 3153 3154
3075 3154 3072
3071 3078 3077
3071 3077 3068
3129 3131 3134
3129 3134 3155
3043 3038 3037
3043 3037 3040
3156 3035 3157
3156 3157 3158
3159 3064 3067
3159 3067 3160
3161 3124 3127
3161 3127 3162
3163 3032 3035
3163 3035 3156
3065 3107 3110
3065 3110 3066
3125 3164 3122
3125 3122 3126
3165 3157 3035
3165 3035 3034
3057 3053 3052
3057 3052 3054
3091 3097 3096
3091 3096 3090
3095 3105 3104
3095 3104 3092
3140 3143 3142
3140 3142 3135
3158 3036 3156
3160 3070 3069
3160 3069 3159
3166 3161 3162
3166 3162 3130
3156 3039 3146
3156 3146 3163
3046 3049 3048
3046 3048 3047
3083 3089 3088
3083 3088 3080
3113 3116 3118
3113 3118 3114
3135 3139 3136
3139 3135 3137
3148 3149 3049
3148 3049 3046
3137 3167 3138
3056 3119 3043
3061 3168 3169
3061 3169 3058
3063 3170 3168
3063 3168 3061
3034 3058 3169
3034 3169 3165
3119 3145 3038
3171 3036 3158
3172 3173 3174
3172 3174 3175
3175 3174 3176
3175 3176 3177
3178 3179 3180
3178 3180 3181
3182 3183 3179
3182 3179 3178
3184 3185 3186
3184 3186 3187
3177 3176 3188
3189 3190 3191
3189 3191 3192
3189 3192 3193
3194 3195 3196
3194 3196 3197
3198 3199 3200
3201 3197 3196
3201 3196 3202
3036 3171 3203
3155 3204 3166
3205 3206 3207
3205 3207 3208
3209 3210 3211
3209 3211 3212
3213 3211 3210
3195 3194 3214
3195 3214 3215
3183 3182 3187
3183 3187 3186
3204 3155 3208
3204 3208 3207
3181 3180 3216
3181 3216 3217
3218 3219 3173
3218 3173 3172
3217 3216 3219
3217 3219 3218
3193 3192 3185
3193 3185 3184
3198 3201 3202
3198 3202 3199
3209 3212 3206
3209 3206 3205
3220 3221 3123
3220 3123 3222
3156 3036 3039
3223 2825 3063
3063 2826 3170
3063 2825 2826
3170 2826 2837
3224 3215 3214
3154 3153 3225
3226 2960 2959
3227 3022 3021
3228 3229 3230
3228 3230 3231
3232 3233 3234
3232 3234 3235
3236 3237 3238
3236 3238 3235
3239 3240 3237
3239 3237 3236
3231 3230 3241
3242 3243 3244
3242 3244 3245
3245 3244 3246
3245 3246 3247
3248 3249 3250
3248 3250 3251
3252 3253 3254
3252 3254 3255
3255 3256 3257
3251 3250 3258
3251 3258 3259
3259 3258 3260
3257 3256 3261
3257 3261 3262
3263 3264 3265
3266 3267 3268
3269 3270 3271
3272 3273 3270
3274 3275 3276
3274 3276 3277
3274 3277 3278
3279 3280 3281
3282 3283 3284
3282 3284 3285
3286 3287 3288
3289 3290 3291
3292 3293 3294
3292 3294 3295
3296 3297 3298
3296 3298 3299
3300 3301 3299
3300 3299 3298
3301 3300 3302
3301 3302 3303
3304 3305 3306
3304 3306 3307
3307 3306 3308
3307 3308 3309
3310 3311 3305
3310 3305 3304
3312 3313 3314
3312 3314 3315
3315 3314 3316
3315 3316 3317
3318 3319 3320
3318 3320 3321
3321 3320 3322
3321 3322 3323
3323 3322 3324
3323 3324 3325
3326 3327 3328
2824 3241 3329
2824 3329 2827
3277 3276 3330
3277 3330 3272
3278 3277 3269
3331 3278 3269
3331 3269 3332
3333 3331 3332
3333 3332 3334
3335 3336 3337
3335 3337 3338
3339 3335 3338
3339 3338 3254
3260 3340 3341
3262 3261 3342
3262 3342 3343
3288 3344 3345
3288 3345 3346
3325 3324 3347
3325 3347 3348
3338 3337 3256
3349 3350 3351
3349 3351 3352
3350 3353 3354
3350 3354 3351
3355 3356 3357
3355 3357 3358
3356 3359 3360
3356 3360 3357
3361 3362 3363
3361 3363 3364
3362 3365 3366
3362 3366 3363
3365 3367 3368
3365 3368 3366
3369 3370 3371
3369 3371 3372
3338 3256 3254
3292 3295 3373
3287 3344 3288
3279 3282 3285
2827 3329 2829
3374 3329 3375
3374 3375 3376
3376 3375 3377
3376 3377 3378
3340 3264 3263
3340 3263 3341
3342 3268 3267
3342 3267 3343
3345 3290 3289
3345 3289 3346
3347 3327 3326
3347 3326 3348
3379 3380 3381
3379 3381 3382
3383 3384 3232
3308 3313 3312
3308 3312 3309
3385 3349 3352
3385 3352 3386
3358 3387 3388
3358 3388 3355
3389 3249 3248
3389 3248 3390
3316 3319 3318
3316 3318 3317
3253 3252 3247
3253 3247 3246
3353 3333 3334
3353 3334 3354
3359 3361 3364
3359 3364 3360
3255 3254 3256
3277 3272 3269
3337 3391 3256
3330 3392 3273
3275 3393 3394
3275 3394 3276
3285 3337 3336
3285 3336 3280
3285 3284 3391
3285 3391 3337
3294 3293 3395
3294 3395 3396
3276 3394 3397
3276 3397 3330
3372 3368 3367
3372 3367 3369
3330 3397 3392
3279 3285 3280
3272 3330 3273
3258 3398 3260
3260 3398 3340
3292 3373 3399
3377 3400 3378
3232 3235 3238
3232 3238 3383
3235 3234 3401
3235 3401 3236
3236 3401 3402
3236 3402 3239
3244 3243 3384
3244 3384 3403
3246 3244 3403
3246 3403 3404
3243 3242 3232
3253 3246 3404
3253 3404 3405
3254 3253 3405
3254 3405 3339
3332 3406 3334
3351 3407 3352
3354 3408 3351
3409 3410 3411
3412 3413 3414
3412 3414 3409
3415 3416 3413
3415 3413 3412
3352 3417 3418
3352 3418 3386
3334 3419 3354
3386 3418 3416
3386 3416 3415
3269 3271 3332
3420 3388 3387
3420 3387 3421
3422 3420 3421
3422 3421 3423
3242 3233 3232
3384 3243 3232
3406 3419 3334
3419 3408 3354
3408 3407 3351
3407 3417 3352
3269 3272 3270
3271 3406 3332
3424 3422 3423
3424 3423 3425
3426 3424 3425
3426 3425 3427
3428 3429 3430
3409 3414 3410
3329 3374 2829
3431 3432 3433
3431 3433 3434
3435 3436 3437
3435 3437 3438
3439 3440 3441
3439 3441 3442
3443 3444 3445
3443 3445 3446
3443 3446 3447
3448 3449 3450
3448 3450 3451
3452 3453 3454
3455 3451 3450
3455 3450 3456
3400 3457 3458
3400 3458 3459
3459 3458 3460
3459 3460 3461
3462 3463 3464
3462 3464 3465
3466 3467 3468
3466 3468 3469
3470 3471 3472
3470 3472 3473
3474 3475 3476
3474 3476 3477
3478 3476 3475
3449 3448 3465
3449 3465 3464
3436 3435 3442
3436 3442 3441
3467 3466 3473
3467 3473 3472
3438 3437 3479
3438 3479 3480
3463 3462 3481
3463 3481 3482
3469 3468 3483
3469 3483 3484
3485 3486 3432
3485 3432 3431
3482 3481 3461
3482 3461 3460
3480 3479 3486
3480 3486 3485
3447 3446 3487
3447 3487 3488
3452 3489 3490
3452 3490 3453
3474 3477 3491
3474 3491 3492
3456 3490 3489
3456 3489 3455
3488 3487 3440
3488 3440 3439
3492 3491 3471
3492 3471 3470
3228 3380 3379
3457 3400 3377
3493 3382 3381
3493 3381 3494
3379 3229 3228
3495 3496 3497
3484 3483 3498
3389 3390 3493
3389 3493 3494
3379 3377 3229
3229 3377 3375
3229 3375 3230
3230 3375 3329
3230 3329 3241
3385 3386 3415
3499 3500 3501
3499 3501 3502
3503 3504 3505
3500 3506 3507
3500 3507 3501
3508 3509 3499
3508 3499 3502
3510 3511 3512
3513 3514 3515
3513 3515 3516
3516 3515 3517
3516 3517 3518
3519 3520 3521
3522 3523 3524
3522 3524 3525
3526 3527 3520
3526 3520 3519
3528 3529 3530
3528 3530 3531
3532 3533 3534
3532 3534 3535
3535 3534 3536
3535 3536 3537
3510 3529 3538
3510 3538 3539
3507 3506 3540
3527 3526 2763
3527 2763 2762
3541 3542 3543
3541 3543 3544
3545 3546 3547
3545 3547 3548
3549 3550 3542
3549 3542 3541
3544 3543 3551
3544 3551 3552
3553 3554 3555
3553 3555 3556
3550 3549 2766
3550 2766 2765
3557 3558 3559
3557 3559 3560
3561 3562 3563
3561 3563 3564
3565 3566 3562
3565 3562 3561
3567 3568 3566
3567 3566 3565
3569 3570 3571
3569 3571 3572
3573 3574 3575
3573 3575 3576
3577 3578 3579
3577 3579 3580
3580 3579 3570
3580 3570 3569
3581 3582 3583
3581 3583 3584
3585 3586 3587
3585 3587 3588
3589 3590 3586
3589 3586 3585
3591 3592 3590
3591 3590 3589
3593 3594 3595
3593 3595 3596
3597 3598 3599
3597 3599 3600
3601 3602 3603
3604 3605 3606
3604 3606 3607
3608 3609 3610
3610 3611 3612
3610 3612 3613
3614 3615 3616
3614 3616 3617
3618 3619 3609
3618 3609 3608
3620 3621 3622
3518 3517 3505
3518 3505 3623
3515 3514 3624
3515 3624 3625
3517 3515 3625
3517 3625 3626
3596 3595 3627
3596 3627 3628
3619 3617 3629
3630 3511 3631
3514 3512 3632
3514 3632 3624
3537 3536 3524
3537 3524 3633
3533 3530 3634
3533 3634 3635
3534 3533 3635
3534 3635 3636
3536 3534 3636
3536 3636 3637
3599 3598 3638
3599 3638 3639
3640 3641 3642
3643 3640 3642
3643 3642 3644
3605 3643 3644
3521 3645 3646
3521 3646 3647
3528 3648 3538
3528 3538 3529
3519 3521 3647
3521 3520 3649
3650 3651 3622
3650 3622 3652
3653 3512 3514
3531 3530 3533
3531 3533 3532
3564 3563 3654
3564 3654 3655
3576 3575 3578
3576 3578 3577
3588 3587 3656
3588 3656 3657
3607 3606 3621
3607 3621 3620
3632 3512 3630
3634 3530 3529
3634 3529 3510
3631 3539 3658
3539 3538 3659
3539 3659 3658
3555 3554 3660
3555 3660 3661
3538 3648 3662
3538 3662 3659
3663 3645 3521
3663 3521 3649
3539 3511 3510
3631 3511 3539
3664 3665 3666
3664 3666 3667
3668 3505 3517
3668 3517 3626
3572 3571 3669
3572 3669 3670
3584 3583 3592
3584 3592 3591
3614 3617 3618
3623 3505 3671
3672 3629 3617
3672 3617 3616
3525 3524 3536
3548 3547 3673
3548 3673 3674
3567 3557 3560
3567 3560 3568
3603 3641 3640
3633 3524 3523
3633 3523 3675
3676 3602 3677
2761 3678 3527
2761 3527 2762
3678 3679 3520
3678 3520 3527
3679 3680 3649
3679 3649 3520
3649 3680 3681
3649 3681 3663
3604 3643 3605
3610 3609 3611
3621 3613 3612
3621 3612 3682
3683 3622 3682
3653 3514 3513
3510 3512 3653
3503 3505 3668
3671 3505 3504
3525 3536 3637
3663 3681 3658
3646 3645 3659
3646 3659 3662
3666 3650 3652
3666 3652 3667
3661 3660 3552
3661 3552 3551
3645 3663 3658
3645 3658 3659
3630 3512 3511
3684 3685 3664
3684 3664 3686
3618 3617 3619
3687 3685 3688
3687 3688 3689
3689 3688 3690
3689 3690 3691
3692 3693 3694
3692 3694 3695
3696 3697 3698
3696 3698 3699
3700 3701 3702
3700 3703 3704
3700 3704 3701
3705 3706 3707
3705 3707 3708
3709 3710 3711
3707 3706 3712
3707 3712 3713
3508 3714 3509
3715 3631 3658
3716 3717 3718
3716 3718 3719
3714 3508 3720
3721 3722 3723
3721 3723 3724
3725 3726 3727
3725 3727 3728
3729 3730 3731
3729 3731 3732
3733 3730 3729
3705 3708 3734
3705 3734 3735
3695 3736 3737
3695 3737 3692
3724 3738 3739
3724 3739 3721
3693 3740 3694
3719 3631 3741
3719 3741 3716
3722 3742 3743
3722 3743 3723
3742 3714 3720
3742 3720 3743
3703 3696 3699
3703 3699 3704
3713 3712 3709
3713 3709 3711
3731 3725 3728
3731 3728 3732
3735 3734 3718
3735 3718 3717
3736 3698 3697
3736 3697 3737
3738 3727 3726
3738 3726 3739
3657 3656 3744
3715 3658 3681
3715 3741 3631
3602 3641 3603
3676 3641 3602
3745 3746 3747
3745 3747 3748
3749 3750 3751
3749 3751 3752
3753 3754 3755
3753 3756 3757
3753 3757 3754
3758 3759 3760
3758 3760 3761
3762 3763 3764
3760 3759 3765
3760 3765 3766
3767 3768 3769
3767 3769 3770
3771 3772 3773
3771 3773 3774
3775 3772 3771
3761 3769 3768
3761 3768 3758
3748 3751 3750
3748 3750 3745
3746 3553 3556
3746 3556 3747
3770 3776 3767
3777 3749 3752
3777 3752 3778
3779 3780 3762
3779 3762 3764
3781 3782 3783
3781 3783 3784
3785 3786 3787
3788 3789 3546
3788 3546 3545
3789 3788 3790
3789 3790 3791
3791 3790 3792
3791 3792 3793
3793 3792 3787
3793 3787 3786
3794 3783 3782
3756 3777 3778
3756 3778 3757
3765 3780 3779
3765 3779 3766
3773 3781 3784
3773 3784 3774
2323 3795 3796
2323 3796 2324
3797 3798 2401
3797 2401 2402
2324 3796 3799
2324 3799 2482
3800 3801 2529
3800 2529 2528
2528 3802 3800
3803 3804 3805
3806 3807 3804
3808 3809 3810
3811 3812 3813
3811 3813 3814
3813 3812 3815
3813 3815 3816
3805 3807 3817
3818 3819 3820
3806 3804 3796
3806 3796 3795
3804 3803 3799
3811 3814 3798
3811 3798 3797
3801 3821 3808
3802 3822 3800
3801 3800 3821
3800 3809 3821
3821 3809 3808
2528 2572 3802
2572 3823 3802
3806 3824 3807
3807 3824 3817
3805 3804 3807
3802 3823 3822
3822 3809 3800
3240 3239 3825
3240 3825 3826
3827 3311 3310
3827 3310 3828
3239 3402 3829
3239 3829 3825
3830 2134 2135
3830 2135 3831
2134 3830 3832
3833 3834 3835
3836 3835 3837
3838 3839 3840
3841 3842 3843
3841 3843 3844
3843 3845 3846
3843 3846 3844
3834 3847 3837
3848 3849 3850
3836 3826 3825
3836 3825 3835
3835 3825 3829
3841 3827 3828
3841 3828 3842
3831 3838 3851
3832 3830 3852
3831 3851 3830
3830 3851 3840
3851 3838 3840
2134 3832 2178
2178 3832 3853
3836 3837 3854
3837 3847 3854
3834 3837 3835
3832 3852 3853
3852 3830 3840
3855 3856 3857
3855 3857 3858
3859 3860 3856
3859 3856 3855
3861 3860 3862
3861 3862 3863
3864 3865 3866
3864 3866 3867
3868 3869 3870
3864 3867 3871
3864 3871 3872
3870 3873 3868
3874 3875 3876
3874 3876 3877
3878 3870 3877
3878 3877 3876
3862 3879 3880
3862 3880 3881
3882 3883 3856
3882 3856 3884
3884 3856 3860
3884 3860 3861
3860 3859 3879
3860 3879 3862
3870 3869 3885
3870 3885 3877
3877 3885 3886
3877 3886 3874
3887 3888 3889
3887 3889 3890
3891 3892 3888
3891 3888 3887
3893 3894 3895
3893 3895 3896
3897 3898 3899
3898 3900 3901
3898 3901 3899
3902 3903 3904
3900 3905 3906
3900 3906 3901
3907 3908 3909
3910 3908 3907
3887 3890 3911
3892 3891 3912
3892 3912 3913
3906 3914 3915
3906 3915 3901
3916 3917 3906
3918 3919 3920
3918 3920 3921
3922 3923 3924
3922 3924 3925
3926 3927 3919
3926 3919 3918
3928 3929 3930
3928 3930 3931
3864 3932 3933
3864 3933 3865
3934 3935 3936
3934 3936 3937
3938 3939 3940
3938 3940 3941
3942 3943 3944
3942 3944 3945
3941 3940 3946
3941 3946 3947
3948 3949 3950
3948 3950 3951
3952 3953 3954
3952 3954 3955
3956 3957 3958
3959 3960 3961
3959 3961 3929
3959 3929 3928
3958 3957 3927
3958 3927 3926
3962 3963 3964
3962 3964 3965
3966 3967 3963
3966 3963 3962
3968 3969 3970
3968 3970 3971
3972 3973 3974
3972 3974 3975
3970 3969 3976
3970 3976 3977
3978 3979 3980
3978 3980 3981
3893 3982 3894
3935 3934 3983
3935 3983 3984
3985 3986 3987
3988 3989 3990
3988 3990 3991
3868 3992 3993
3869 3868 3994
3869 3994 3995
3885 3869 3995
3885 3995 3996
3886 3885 3996
3886 3996 3997
3998 3999 3899
3901 3998 3899
4000 4001 3965
4000 3965 3964
4002 4003 4004
4002 4004 4005
4006 4007 3947
4006 3947 3946
4008 4009 4003
4008 4003 4002
4010 4011 4012
4010 4012 4013
4014 3878 4015
4016 3993 4017
4016 4017 4018
4016 4018 4019
4020 4021 4022
4020 4022 4023
4024 4025 4026
4024 4026 4027
4028 4029 4030
4028 4030 4031
4032 4033 4034
4032 4034 4035
4036 4037 4033
4036 4033 4032
4038 4039 4040
4038 4040 4041
4042 4043 4044
4042 4044 4041
4045 4046 4047
4048 4049 4050
4048 4050 4051
4052 4053 4046
4052 4046 4045
4054 4055 4056
4054 4056 4057
4058 4059 4060
4058 4060 4061
4062 4063 4064
4062 4064 4065
4065 4064 4066
4065 4066 4067
4068 4069 4055
4068 4055 4054
4070 4018 4017
4070 4017 3881
4071 4072 4018
4071 4018 4070
4073 4074 4031
4075 4028 4031
4075 4031 4027
3998 4035 3999
4076 4038 4041
4077 4042 4041
4077 4041 4040
4078 4079 4059
4078 4059 4058
4080 4081 4082
3867 3866 3993
3867 3993 3992
4083 3871 3867
4083 3867 3992
4084 4085 4086
4087 4088 4089
4087 4089 4090
4091 4092 4093
4091 4093 4094
4095 4096 4097
4095 4097 4098
4099 4100 4101
4102 4093 4092
3878 4103 4104
3878 4104 4015
3905 4105 3916
3905 3916 3906
4106 4107 4108
4106 4108 4109
4107 4110 4108
4111 4112 4113
4111 4113 4114
3977 3976 4115
3977 4115 4116
4117 4118 4119
4117 4119 4120
4121 4122 4123
4121 4123 4124
4125 4126 4011
4125 4011 4010
4127 4128 3875
4127 3875 3874
3886 3997 4129
3886 4129 4130
3937 3936 3967
3937 3967 3966
4131 4132 3949
4131 3949 3948
4133 4134 4128
4133 4128 4127
3952 4135 4136
3952 4136 3953
3981 4137 4138
3981 4138 3978
3974 4118 4117
3974 4117 3975
4133 4127 4139
4140 4141 4142
3856 3883 3857
3922 3925 4143
3922 4143 4144
3863 3862 4145
3912 3891 4146
3912 4146 4147
3887 3911 4148
3887 4148 4149
3891 3887 4149
3891 4149 4146
4150 3866 4151
4150 4151 4152
3865 3933 4153
3865 4153 4154
4155 4156 4157
3874 3886 4158
3874 4158 4127
4127 4158 4139
3955 3954 4159
3955 4159 4160
3896 3895 4161
3896 4161 4162
3916 4105 4163
3916 4163 3903
3902 4164 3903
3903 4164 3916
4165 3998 3901
4165 3901 3915
4049 4048 4166
4049 4166 4167
4168 4169 4126
4168 4126 4125
4170 4171 4172
4170 4172 4173
4174 4175 4176
4174 4176 4177
4132 4131 4175
4132 4175 4174
4178 4179 4180
4113 4112 4181
4113 4181 4182
4090 4089 3939
4090 3939 3938
3897 3999 4082
3897 4082 4183
4080 4082 3999
3993 3866 4150
3899 3999 3897
4072 4184 4019
4072 4019 4018
4074 4024 4027
4074 4027 4031
4185 4075 4027
4185 4027 4026
4186 4036 4032
4186 4032 4187
4188 4076 4041
4188 4041 4044
4189 4190 4079
4189 4079 4078
4191 4023 4022
3873 3992 3868
4192 4193 3989
4192 3989 3988
4130 4129 3985
4130 3985 3987
4194 4195 3960
4196 3883 3882
4197 4198 4199
4197 4199 4200
4000 4201 4001
4202 4203 3931
4202 3931 3930
4013 4012 4204
4013 4204 4205
4116 4115 4206
4120 4119 4207
4124 4123 4009
4124 4009 4008
4142 4141 3980
4142 3980 3979
4208 4209 3912
4208 3912 4147
4208 4081 4209
4154 4151 3866
4154 3866 3865
4152 4145 3881
4210 4211 4212
4210 4212 4213
4214 4215 4211
4214 4211 4210
4216 4217 4218
4216 4218 4214
4219 4220 4221
4222 4223 4224
4222 4224 4225
4220 4226 4227
4219 4228 4229
4219 4229 4220
4222 4230 4231
4222 4231 4223
4220 4229 4232
4220 4232 4226
4226 4232 4233
4226 4233 4234
4235 4218 4236
4235 4236 4237
4238 4239 4210
4238 4210 4240
4239 4216 4214
4239 4214 4210
4215 4214 4218
4215 4218 4235
4241 4242 4243
4241 4243 4244
4245 4246 4242
4245 4242 4241
4247 4248 4249
4250 4251 4252
4249 4248 4253
4254 4255 4256
4254 4256 4081
4257 4258 4255
4257 4255 4254
4243 4242 4259
4246 4245 4258
4246 4258 4257
4260 4261 4262
4260 4262 4263
4264 4265 4266
4264 4266 4267
4268 4269 4270
4268 4270 4271
4272 4273 4265
4272 4265 4264
4274 4275 4276
4274 4276 4277
4222 4225 4278
4222 4278 4279
4280 4281 4282
4280 4282 4283
4284 4285 4286
4284 4286 4287
4283 4282 4288
4283 4288 4289
4290 4291 4292
4290 4292 4293
4294 4295 4296
4294 4296 4297
4298 4299 4300
4298 4300 4301
4302 4303 4304
4302 4304 4305
4305 4304 4275
4305 4275 4274
4301 4300 4273
4301 4273 4272
4306 4307 4308
4306 4308 4309
4310 4311 4312
4310 4312 4313
4314 4315 4316
4312 4317 4318
4312 4318 4313
4319 4320 4321
4319 4321 4322
4323 4221 4220
4323 4220 4227
4324 4227 4325
4324 4325 4326
4327 4247 4328
4248 4262 4253
4261 4329 4330
4331 4309 4308
4332 4333 4334
4332 4334 4335
4335 4334 4289
4335 4289 4288
4336 4337 4333
4336 4333 4332
4338 4339 4340
4338 4340 4341
4229 4342 4232
4343 4344 4345
4343 4345 4346
4347 4348 4349
4350 4351 4352
4350 4352 4353
4354 4355 4255
4354 4255 4356
4357 4358 4359
4357 4359 4360
4361 4362 4363
4361 4363 4364
4365 4358 4363
4365 4363 4366
4367 4368 4369
4370 4371 4372
4370 4372 4373
4374 4375 4376
4374 4376 4377
4378 4379 4380
4378 4380 4381
4382 4383 4384
4382 4384 4385
4386 4387 4388
4386 4388 4389
4390 4391 4392
4390 4392 4393
4393 4392 4379
4393 4379 4378
4394 4395 4383
4394 4383 4382
4396 4397 4398
4396 4398 4399
4351 4350 4400
4351 4400 4401
4402 4403 4353
4402 4353 4352
4351 4344 4352
4255 4404 4405
4255 4405 4256
4355 4406 4404
4355 4404 4255
4358 4365 4407
4358 4407 4359
4362 4408 4363
4358 4357 4364
4358 4364 4363
4409 4410 4388
4409 4388 4387
4081 4256 4082
4221 4224 4223
4221 4223 4219
4228 4219 4223
4228 4223 4231
4411 4412 4413
4287 4286 4414
4287 4414 4415
4416 4417 4418
4416 4418 4092
4419 4278 4225
4419 4225 4420
4368 4367 4421
4368 4421 4422
4230 4222 4279
4418 4102 4092
4232 4342 4311
4232 4311 4310
4249 4423 4424
4249 4424 4425
4249 4425 4426
4249 4426 4247
4247 4426 4427
4247 4427 4328
4317 4428 4429
4317 4429 4318
4430 4431 4432
4430 4432 4433
4434 4435 4436
4434 4436 4437
4438 4439 4339
4438 4339 4338
4440 4441 4233
4442 4443 4444
4442 4444 4445
4446 4447 4291
4446 4291 4290
4448 4449 4441
4448 4441 4440
4450 4451 4295
4450 4295 4294
4320 4319 4424
4320 4424 4423
4316 4315 4430
4316 4430 4433
4449 4452 4441
4240 4210 4213
4268 4271 4453
4268 4453 4454
4218 4217 4145
4257 4455 4456
4257 4456 4246
4242 4457 4458
4242 4458 4259
4246 4456 4457
4246 4457 4242
4459 4152 4151
4459 4151 4460
4420 4154 4153
4420 4153 4419
4259 4458 4461
4462 4238 4240
4463 4464 4465
4463 4465 4466
4464 4463 4467
4464 4467 4468
4469 4470 4297
4469 4297 4296
4471 4472 4473
4471 4473 4474
4330 4252 4475
4330 4475 4476
4252 4477 4478
4252 4478 4250
4375 4374 4479
4375 4479 4480
4481 4482 4483
4484 4485 4482
4484 4482 4481
4447 4446 4486
4447 4486 4487
4224 4460 4420
4224 4420 4225
4488 4489 4490
4488 4490 4491
4492 4490 4489
4493 4494 4495
4493 4495 4496
4280 4415 4414
4280 4414 4281
4497 4460 4224
4497 4224 4221
4498 4082 4256
4498 4256 4405
4344 4351 4401
4348 4402 4349
4344 4343 4499
4408 4500 4366
4409 4501 4502
4409 4502 4410
4323 4503 4504
4505 4506 4507
4505 4507 4508
4509 4510 4303
4509 4303 4302
4511 4512 4513
4511 4513 4514
4504 4396 4399
4504 4399 4323
4323 4399 4221
4515 4516 4277
4515 4277 4276
4437 4436 4337
4437 4337 4336
4517 4322 4321
4208 4455 4257
4208 4257 4254
4081 4208 4254
4154 4420 4460
4154 4460 4151
4152 4459 4518
4445 4444 4519
4445 4519 4520
4474 4473 4329
4474 4329 4260
4330 4329 4477
4330 4477 4252
4452 4521 4522
4452 4522 4441
4522 4466 4234
4522 4234 4441
4523 4524 4525
4523 4525 4526
4527 4528 4526
4527 4526 4525
4529 4530 4531
4529 4531 4532
4529 4532 4533
4529 4533 4534
4234 4325 4226
4248 4247 4327
4341 4340 4535
4341 4535 4536
4429 4428 4537
4432 4431 4538
4252 4251 4539
4252 4539 4475
4540 4541 4367
4540 4367 4369
4096 4095 4541
4096 4541 4540
4032 4035 3998
4032 3998 4187
4491 4178 4180
4491 4180 4488
4542 4543 4544
4542 4544 4545
4546 4547 4548
4546 4549 4547
4549 4550 4547
4550 4551 4547
4552 4553 4411
4552 4411 4413
4459 4236 4518
4236 4218 4518
4398 4497 4399
4363 4408 4366
4260 4329 4261
3904 3903 4163
3904 4163 4554
4555 4556 4557
4555 4557 4558
4556 4114 4557
4556 4111 4114
3992 3873 4014
3992 4014 4083
3873 3870 3878
3873 3878 4014
4150 4017 3993
4164 3917 3916
4160 4159 4559
4160 4559 4560
4561 4562 4193
4561 4193 4192
4563 4373 4372
3880 4564 3881
4080 4565 4209
4080 4209 4081
4565 3913 3912
4565 3912 4209
4034 4080 3999
4034 3999 4035
3906 3917 4566
3906 4566 3914
4399 4497 4221
3968 3971 4104
3968 4104 4103
4106 4109 3973
4106 3973 3972
4005 4004 4007
4005 4007 4006
4555 4558 4138
4555 4138 4137
4169 4168 4173
4169 4173 4172
4152 3881 4150
4150 3881 4017
4567 4568 4569
4248 4327 4570
4263 4262 4248
4263 4248 4570
4253 4262 4261
4253 4261 4330
4346 4345 4504
4346 4504 4503
4360 4359 4355
4360 4355 4354
4377 4376 4395
4377 4395 4394
4381 4380 4371
4381 4371 4370
4401 4400 4397
4401 4397 4396
4359 4407 4406
4359 4406 4355
4345 4401 4396
4307 4306 4520
4307 4520 4519
4326 4325 4466
4326 4466 4465
4325 4234 4466
3868 3993 3994
4073 4031 4030
4152 4518 4145
4352 4344 4349
4349 4402 4352
4344 4401 4345
4345 4396 4504
4344 4499 4349
4347 4349 4499
4233 4441 4234
4226 4325 4227
4476 4253 4330
4249 4253 4476
4145 3862 3881
4218 4145 4518
4323 4227 4324
4571 4184 4075
4571 4075 4185
4072 4071 4029
4072 4029 4028
4037 4036 4042
4037 4042 4077
4036 4186 4043
4036 4043 4042
4051 4050 4069
4051 4069 4068
4053 4052 4067
4053 4067 4066
4184 4072 4028
4184 4028 4075
4438 4572 4439
4573 4574 4575
4573 4575 4576
4574 4577 4578
4574 4578 4575
4579 4580 4581
4579 4581 4582
4580 4573 4576
4580 4576 4581
4576 4575 4583
4576 4583 4584
4575 4578 4585
4575 4585 4583
4582 4581 4586
4582 4586 4587
4581 4576 4584
4581 4584 4586
4588 4589 4590
4591 4592 4593
4594 4595 4596
4594 4596 4597
4598 4594 4597
4598 4597 4599
4600 4601 4602
4600 4602 4603
4604 4603 4602
4604 4602 4605
4590 4592 4591
4592 4606 4593
4598 4599 4607
4608 4607 4599
4589 4604 4605
4589 4605 4590
4608 4599 4609
4610 4611 4612
4610 4612 4613
4614 4615 4616
4617 4618 4619
4620 4621 4622
4620 4622 4623
4623 4622 4624
4623 4624 4625
4626 4611 4610
4626 4610 4627
4626 4627 4628
4626 4628 4629
4618 4617 4614
4618 4614 4616
4621 4620 4617
4621 4617 4619
4625 4624 4630
4630 4631 4625
4629 4628 4615
4629 4615 4614
4625 4631 4632
4633 4634 4635
4633 4635 4636
4637 4638 4639
4637 4639 4640
4641 4642 4643
4641 4643 4644
4645 4646 4647
4645 4647 4648
4649 4650 4651
4649 4651 4652
4653 4654 4655
4653 4655 4656
4652 4651 4657
4652 4657 4658
4659 4660 4654
4659 4654 4653
4661 4662 4638
4661 4638 4637
4635 4634 4663
4635 4663 4664
4664 4663 4665
4664 4665 4666
4667 4668 4662
4667 4662 4661
4648 4647 4669
4648 4669 4670
4671 4672 4673
4671 4673 4674
4656 4655 4646
4656 4646 4645
4674 4673 4650
4674 4650 4649
4675 4676 4660
4675 4660 4659
4677 4678 4676
4677 4676 4675
4666 4665 4672
4666 4672 4671
4679 4680 4668
4679 4668 4667
4681 4682 4678
4681 4678 4677
4658 4657 4683
4658 4683 4684
4685 4686 4687
4685 4687 4688
4689 4690 4691
4692 4693 4694
4692 4694 4695
4696 4697 4698
4696 4698 4699
4700 4701 4702
4700 4702 4703
4690 4704 4705
4690 4705 4706
4695 4694 4707
4695 4707 4708
4699 4698 4709
4699 4709 4710
4703 4702 4711
4703 4711 4712
4706 4705 4713
4706 4713 4714
4708 4707 4715
4708 4715 4716
4710 4709 4717
4710 4717 4718
4712 4711 4719
4712 4719 4720
4714 4713 4721
4714 4721 4722
4716 4715 4723
4716 4723 4724
4718 4717 4725
4718 4725 4726
4720 4719 4727
4720 4727 4728
4722 4721 4729
4722 4729 4730
4731 4724 4723
4731 4723 4732
4733 4726 4725
4733 4725 4734
4728 4727 4735
4728 4735 4736
4737 4730 4729
4737 4729 4738
4687 4693 4692
4687 4692 4688
4739 4740 4741
4742 4743 4744
4742 4744 4745
4743 4746 4747
4743 4747 4744
4746 4748 4749
4746 4749 4747
4748 4750 4751
4748 4751 4749
4752 4753 4754
4752 4754 4755
4753 4742 4745
4753 4745 4754
4756 4757 4758
4756 4758 4759
4756 4759 4760
4756 4761 4757
4757 4762 4763
4757 4763 4758
4758 4763 4764
4758 4764 4759
4759 4764 4765
4759 4765 4760
4761 4766 4762
4761 4762 4757
4762 4767 4768
4762 4768 4763
4763 4768 4769
4763 4769 4764
4764 4769 4770
4764 4770 4765
4766 4771 4767
4766 4767 4762
4767 4772 4768
4768 4772 4769
4769 4772 4770
4771 4772 4767
4773 4774 4775
4773 4776 4774
4773 4777 4776
4773 4778 4777
4773 4779 4778
4773 4775 4779
4775 4774 4780
4775 4780 4781
4774 4776 4782
4774 4782 4780
4776 4783 4782
4776 4777 4784
4776 4784 4783
4777 4785 4784
4777 4778 4786
4777 4786 4785
4778 4779 4787
4778 4787 4786
4779 4788 4787
4779 4775 4789
4779 4789 4788
4775 4781 4789
4781 4780 4790
4781 4790 4791
4780 4782 4792
4780 4792 4790
4782 4783 4793
4782 4793 4792
4783 4784 4794
4783 4794 4793
4784 4785 4795
4784 4795 4794
4785 4786 4796
4785 4796 4795
4786 4787 4797
4786 4797 4796
4787 4788 4798
4787 4798 4797
4788 4789 4799
4788 4799 4798
4789 4781 4791
4789 4791 4799
4791 4790 4800
4791 4800 4801
4790 4792 4802
4790 4802 4800
4792 4793 4802
4793 4794 4803
4793 4803 4802
4794 4795 4803
4795 4796 4804
4795 4804 4803
4796 4797 4805
4796 4805 4804
4797 4798 4805
4798 4799 4801
4798 4801 4805
4799 4791 4801
4806 4807 4808
4806 4808 4809
4806 4809 4810
4806 4810 4811
4806 4811 4812
4806 4812 4807
4813 4814 4815
4813 4815 4816
4816 4815 4817
4816 4817 4818
4818 4819 4820
4820 4819 4821
4821 4822 4823
4821 4823 4824
4824 4823 4825
4824 4825 4826
4826 4825 4827
4826 4827 4828
4829 4830 4814
4829 4814 4813
4831 4832 4833
4831 4833 4834
4835 4836 4832
4835 4832 4831
4837 4838 4836
4837 4836 4835
4839 4840 4838
4839 4838 4837
4841 4842 4840
4841 4840 4839
4843 4844 4842
4843 4842 4841
4828 4827 4844
4828 4844 4843
4834 4833 4845
4834 4845 4846
4847 4848 4849
4847 4849 4850
4851 4852 4853
4851 4853 4854
4855 4856 4857
4855 4857 4858
4859 4854 4853
4859 4853 4860
4856 4848 4847
4856 4847 4857
4861 4852 4851
4861 4851 4862
4863 4855 4858
4863 4858 4864
4865 4859 4860
4865 4860 4866
4867 4863 4864
4867 4864 4868
4869 4865 4866
4869 4866 4870
4867 4868 4871
4869 4870 4872
4873 4850 4849
4873 4849 4874
4875 4861 4862
4875 4862 4876
4873 4874 4877
4875 4876 4878
4819 4818 4817
4821 4819 4822
4690 4689 4704
4739 4697 4696
4879 4691 4880
4879 4880 4881
4882 4883 4741
4882 4741 4884
4882 4884 4885
4689 4691 4886
4739 4741 4697
4691 4690 4880
4697 4741 4883
4600 4887 4888
4600 4888 4601
4889 4890 4891
4889 4891 4892
4893 4892 4891
4893 4891 4894
4895 4893 4894
4895 4894 4896
4895 4896 4897
4895 4897 4898
4899 4900 4901
4899 4901 4902
4889 4899 4902
4889 4902 4890
4903 4904 4905
4906 4905 4907
4908 4905 4909
4910 4905 4911
4912 4913 4914
4912 4914 4915
4916 4912 4915
4917 4918 4916
4917 4916 4919
4920 4918 4921
4922 4923 4924
4925 4922 4924
4913 4925 4926
4912 4891 4890
4912 4890 4913
4916 4894 4891
4916 4891 4912
4918 4896 4894
4918 4894 4916
4920 4897 4896
4920 4896 4918
4925 4902 4901
4925 4901 4922
4890 4902 4925
4890 4925 4913
4903 4905 4906
4907 4905 4910
4909 4905 4904
4911 4905 4908
4916 4915 4919
4914 4913 4927
4921 4918 4917
4925 4924 4926
4913 4926 4927
4928 4929 4930
4928 4930 4931
4931 4930 4932
4931 4932 4933
4934 4935 4936
4934 4936 4937
4937 4936 4929
4937 4929 4928
4929 4938 4939
4929 4939 4930
4930 4939 4940
4930 4940 4932
4935 4941 4942
4935 4942 4936
4936 4942 4938
4936 4938 4929
4943 4944 4945
4946 4947 4948
4949 4950 4951
4949 4951 4952
4953 4954 4950
4953 4950 4949
4955 4956 4957
4955 4957 4958
4959 4960 4957
4959 4957 4956
4944 4943 4946
4948 4947 4951
4953 4961 4954
4962 4954 4961
4945 4944 4960
4945 4960 4959
4962 4963 4954
4964 4965 4966
4964 4966 4967
4968 4969 4970
4971 4972 4973
4974 4975 4976
4974 4976 4977
4975 4978 4979
4975 4979 4976
4980 4981 4964
4980 4964 4967
4980 4982 4983
4980 4983 4981
4973 4969 4968
4973 4968 4971
4977 4972 4971
4977 4971 4974
4978 4984 4979
4984 4978 4985
4982 4968 4970
4982 4970 4983
4978 4986 4985
4987 4988 4989
4987 4989 4990
4991 4992 4993
4991 4993 4994
4995 4996 4997
4995 4997 4998
4999 5000 5001
4999 5001 5002
5003 5004 5005
5003 5005 5006
5007 5008 5009
5007 5009 5010
5004 5011 5012
5004 5012 5005
5013 5007 5010
5013 5010 5014
5015 4991 4994
5015 4994 5016
4987 5017 5018
4987 5018 4988
5017 5019 5020
5017 5020 5018
5021 5015 5016
5021 5016 5022
5000 5023 5024
5000 5024 5001
5025 5026 5027
5025 5027 5028
5008 4999 5002
5008 5002 5009
5026 5003 5006
5026 5006 5027
5029 5013 5014
5029 5014 5030
5031 5029 5030
5031 5030 5032
5019 5025 5028
5019 5028 5020
4996 5021 5022
4996 5022 4997
5033 5031 5032
5033 5032 5034
5011 5035 5036
5011 5036 5012
5037 5038 5039
5037 5039 5040
5041 5042 5043
5044 5045 5046
5044 5046 5047
5048 5049 5050
5048 5050 5051
5052 5053 5054
5052 5054 5055
5043 5056 5057
5043 5057 5058
5045 5059 5060
5045 5060 5046
5049 5061 5062
5049 5062 5050
5053 5063 5064
5053 5064 5054
5056 5065 5066
5056 5066 5057
5059 5067 5068
5059 5068 5060
5061 5069 5070
5061 5070 5062
5063 5071 5072
5063 5072 5064
5065 5073 5074
5065 5074 5066
5067 5075 5076
5067 5076 5068
5069 5077 5078
5069 5078 5070
5071 5079 5080
5071 5080 5072
5073 5081 5082
5073 5082 5074
5076 5075 5083
5076 5083 5084
5078 5077 4733
5078 4733 4734
5079 5085 5086
5079 5086 5080
5082 5081 5087
5082 5087 5088
5039 5038 5044
5039 5044 5047
5089 5090 5091
5092 5093 5094
5092 5094 5095
5095 5094 5096
5095 5096 5097
5097 5096 5098
5097 5098 5099
5099 5098 5100
5099 5100 5101
5102 5103 5104
5102 5104 5105
5105 5104 5093
5105 5093 5092
5106 5107 5108
5106 5109 5107
5106 5110 5109
5106 5108 5111
5108 5107 5112
5108 5112 5113
5107 5109 5114
5107 5114 5112
5109 5110 5115
5109 5115 5114
5111 5108 5113
5111 5113 5116
5113 5112 5117
5113 5117 5118
5112 5114 5119
5112 5119 5117
5114 5115 5120
5114 5120 5119
5116 5113 5118
5116 5118 5121
5118 5117 5122
5117 5119 5122
5119 5120 5122
5121 5118 5122
5123 5124 5125
5123 5125 5126
5123 5126 5127
5123 5127 5128
5123 5128 5129
5123 5129 5124
5124 5130 5131
5124 5131 5125
5125 5131 5132
5125 5132 5126
5126 5132 5133
5126 5133 5134
5126 5134 5127
5127 5134 5135
5127 5135 5136
5127 5136 5128
5128 5136 5137
5128 5137 5129
5129 5137 5138
5129 5138 5139
5129 5139 5124
5124 5139 5130
5130 5140 5141
5130 5141 5131
5131 5141 5142
5131 5142 5132
5132 5142 5143
5132 5143 5133
5133 5143 5144
5133 5144 5134
5134 5144 5145
5134 5145 5135
5135 5145 5146
5135 5146 5136
5136 5146 5147
5136 5147 5137
5137 5147 5148
5137 5148 5138
5138 5148 5149
5138 5149 5139
5139 5149 5140
5139 5140 5130
5140 5150 5151
5140 5151 5141
5141 5151 5152
5141 5152 5142
5142 5152 5143
5143 5152 5153
5143 5153 5144
5144 5153 5145
5145 5153 5154
5145 5154 5146
5146 5154 5155
5146 5155 5147
5147 5155 5148
5148 5155 5150
5148 5150 5149
5149 5150 5140
5156 5157 5158
5156 5159 5157
5156 5160 5159
5156 5161 5160
5156 5162 5161
5156 5158 5162
5163 5164 5165
5163 5165 5166
5164 5167 5168
5164 5168 5165
5167 5169 5170
5169 5171 5170
5171 5172 5173
5171 5173 5174
5172 5175 5176
5172 5176 5173
5175 5177 5178
5175 5178 5176
5179 5163 5166
5179 5166 5180
5181 5182 5183
5181 5183 5184
5185 5181 5184
5185 5184 5186
5187 5185 5186
5187 5186 5188
5189 5187 5188
5189 5188 5190
5191 5189 5190
5191 5190 5192
5193 5191 5192
5193 5192 5194
5177 5193 5194
5177 5194 5178
5182 5195 5196
5182 5196 5183
5197 5198 5199
5197 5199 5200
5201 5202 5203
5201 5203 5204
5205 5206 5207
5205 5207 5208
5201 5204 5209
5201 5209 5210
5199 5198 5206
5199 5206 5205
5203 5202 5211
5203 5211 5212
5208 5207 5213
5208 5213 5214
5210 5209 5215
5210 5215 5216
5214 5213 5217
5214 5217 5218
5216 5215 5219
5216 5219 5220
5217 5221 5218
5219 5222 5220
5197 5200 5223
5197 5223 5224
5212 5211 5225
5212 5225 5226
5223 5227 5224
5225 5228 5226
5170 5168 5167
5171 5174 5170
5043 5058 5041
5089 5048 5051
5229 5042 5230
5229 5230 5231
5090 5232 5233
5090 5233 5234
5233 5235 5234
5041 5236 5042
5089 5051 5090
5042 5229 5043
5051 5232 5090
4888 5237 4955
4888 4955 4958
5238 5239 5240
5238 5240 5241
5240 5239 5242
5240 5242 5243
5243 5242 5244
5243 5244 5245
5244 5246 5247
5244 5247 5245
5248 5249 5250
5248 5250 5251
5251 5250 5238
5251 5238 5241
5252 5253 5254
5255 5256 5253
5257 5258 5253
5259 5260 5253
5261 5262 5263
5261 5264 5262
5265 5264 5261
5265 5266 5267
5265 5267 5268
5269 5270 5266
5271 5272 5273
5274 5272 5271
5263 5275 5274
5241 5240 5261
5241 5261 5263
5240 5243 5265
5240 5265 5261
5243 5245 5266
5243 5266 5265
5245 5247 5269
5245 5269 5266
5248 5251 5274
5248 5274 5271
5241 5263 5274
5241 5274 5251
5252 5255 5253
5256 5259 5253
5258 5254 5253
5260 5257 5253
5265 5268 5264
5262 5276 5263
5270 5267 5266
5274 5275 5272
5263 5276 5275
5277 5278 5279
5277 5279 5280
5277 5280 5281
5277 5282 5278
5278 5283 5284
5278 5284 5279
5279 5284 5285
5279 5285 5280
5280 5285 5286
5280 5286 5281
5282 5287 5283
5282 5283 5278
5283 5288 5289
5283 5289 5284
5284 5289 5290
5284 5290 5285
5285 5290 5291
5285 5291 5286
5287 5292 5288
5287 5288 5283
5288 5293 5289
5289 5293 5290
5290 5293 5291
5292 5293 5288
5294 5295 5296
5294 5297 5295
5294 5298 5297
5294 5299 5298
5294 5300 5299
5294 5296 5300
5296 5295 5301
5296 5301 5302
5295 5297 5303
5295 5303 5301
5297 5304 5303
5297 5298 5305
5297 5305 5304
5298 5306 5305
5298 5299 5307
5298 5307 5306
5299 5300 5308
5299 5308 5307
5300 5309 5308
5300 5296 5310
5300 5310 5309
5296 5302 5310
5302 5301 5311
5302 5311 5312
5301 5303 5313
5301 5313 5311
5303 5304 5314
5303 5314 5313
5304 5305 5315
5304 5315 5314
5305 5306 5316
5305 5316 5315
5306 5307 5317
5306 5317 5316
5307 5308 5318
5307 5318 5317
5308 5309 5318
5309 5319 5320
5310 5302 5312
5310 5312 5319
5312 5311 5321
5312 5321 5322
5311 5313 5323
5311 5323 5321
5313 5314 5323
5314 5315 5324
5314 5324 5323
5315 5316 5324
5316 5317 5325
5316 5325 5324
5317 5318 5325
5318 5320 5326
5320 5322 5326
5319 5312 5322
5327 5328 5329
5327 5329 5330
5327 5330 5331
5327 5331 5332
5327 5332 5333
5327 5333 5328
5334 5335 5336
5334 5336 5337
5338 5337 5336
5338 5336 5339
5338 5339 5340
5338 5340 5341
5342 5343 5344
5342 5344 5345
5346 5345 5344
5346 5344 5347
5334 5346 5347
5334 5347 5335
5348 5349 5350
5351 5350 5352
5353 5350 5354
5355 5350 5356
5357 5358 5359
5360 5357 5359
5361 5360 5362
5361 5362 5363
5364 5361 5363
5365 5366 5367
5365 5367 5368
5369 5370 5365
5369 5365 5368
5357 5370 5358
5336 5335 5357
5336 5357 5360
5361 5339 5336
5361 5336 5360
5364 5340 5339
5364 5339 5361
5344 5343 5366
5344 5366 5365
5370 5347 5344
5370 5344 5365
5335 5347 5370
5335 5370 5357
5371 5372 5373
5371 5373 5374
5374 5373 5375
5374 5375 5376
5376 5375 5377
5376 5377 5378
5378 5377 5379
5378 5379 5380
5380 5379 5381
5380 5381 5382
5382 5381 5383
5382 5383 5384
5384 5383 5385
5384 5385 5386
5387 5388 5372
5387 5372 5371
5389 5390 5391
5392 5393 5389
5394 5395 5392
5396 5397 5395
5396 5395 5394
5398 5399 5397
5398 5397 5396
5400 5401 5399
5400 5399 5398
5386 5385 5401
5386 5401 5400
5391 5390 5402
5391 5402 5403
5404 5405 5406
5404 5406 5407
5408 5409 5410
5408 5410 5411
5412 5413 5414
5412 5414 5415
5416 5411 5410
5416 5410 5417
5413 5405 5404
5413 5404 5414
5418 5409 5408
5418 5408 5419
5420 5412 5415
5420 5415 5421
5422 5416 5417
5422 5417 5423
5424 5420 5421
5424 5421 5425
5426 5422 5423
5426 5423 5427
5424 5425 5428
5426 5427 5429
5430 5407 5406
5430 5406 5431
5432 5418 5419
5432 5419 5433
5430 5431 5434
5432 5433 5435
5348 5350 5351
5352 5350 5355
5354 5350 5349
5356 5350 5353
5318 5309 5320
5319 5309 5310
5325 5318 5326
5322 5320 5319
5390 5389 5393
5393 5392 5436
5392 5395 5436
5360 5359 5437
5362 5360 5437
5364 5363 5438
5358 5370 5369
5439 5440 5441
5441 5442 5443
5441 5440 5442
5440 5444 5442
5439 5445 5440
5440 5446 5444
5440 5445 5446
5445 5447 5446
5439 5448 5445
5445 5449 5447
5445 5448 5449
5450 5451 5452
5439 5453 5448
5450 5454 5451
5450 5455 5454
5455 5456 5454
5439 5441 5453
5455 5457 5456
5453 5441 5458
5441 5443 5458
5443 5459 5460
5461 5462 5463
5460 5459 5464
5459 5465 5464
5444 5466 5467
5467 5468 5465
5467 5466 5468
5466 5469 5468
5447 5470 5471
5471 5472 5469
5471 5470 5472
5473 5474 5475
5451 5476 5477
5477 5478 5474
5477 5476 5478
5476 5479 5478
5456 5480 5481
5481 5482 5479
5481 5480 5482
5480 5463 5482
5465 5459 5467
5467 5442 5444
5467 5459 5442
5459 5443 5442
5469 5466 5471
5471 5446 5447
5471 5466 5446
5466 5444 5446
5474 5473 5477
5477 5452 5451
5477 5473 5452
5470 5447 5449
5479 5476 5481
5481 5454 5456
5481 5476 5454
5476 5451 5454
5463 5480 5461
5460 5458 5443
5461 5480 5457
5480 5456 5457
5483 5484 5485
5486 5468 5469
5486 5487 5468
5487 5465 5468
5483 5485 5488
5488 5475 5474
5488 5485 5475
5486 5469 5472
5483 5488 5489
5489 5478 5479
5489 5488 5478
5488 5474 5478
5483 5489 5490
5490 5482 5463
5490 5489 5482
5489 5479 5482
5483 5490 5484
5487 5464 5465
5484 5490 5462
5490 5463 5462
5491 5492 5493
5493 5494 5495
5493 5492 5494
5492 5496 5494
5491 5497 5492
5492 5498 5496
5492 5497 5498
5497 5499 5498
5491 5500 5497
5497 5501 5499
5497 5500 5501
5502 5503 5504
5491 5505 5500
5502 5506 5503
5502 5507 5506
5507 5508 5506
5491 5493 5505
5507 5509 5508
5505 5493 5510
5493 5495 5510
5495 5511 5512
5513 5514 5515
5512 5511 5516
5511 5517 5516
5496 5518 5519
5519 5520 5517
5519 5518 5520
5518 5521 5520
5499 5522 5523
5523 5524 5521
5523 5522 5524
5525 5526 5527
5503 5528 5529
5529 5530 5526
5529 5528 5530
5528 5531 5530
5508 5532 5533
5533 5534 5531
5533 5532 5534
5532 5515 5534
5517 5511 5519
5519 5494 5496
5519 5511 5494
5511 5495 5494
5521 5518 5523
5523 5498 5499
5523 5518 5498
5518 5496 5498
5526 5525 5529
5529 5504 5503
5529 5525 5504
5522 5499 5501
5531 5528 5533
5533 5506 5508
5533 5528 5506
5528 5503 5506
5515 5532 5513
5512 5510 5495
5513 5532 5509
5532 5508 5509
5535 5536 5537
5538 5520 5521
5538 5539 5520
5539 5517 5520
5535 5537 5540
5540 5527 5526
5540 5537 5527
5538 5521 5524
5535 5540 5541
5541 5530 5531
5541 5540 5530
5540 5526 5530
5535 5541 5542
5542 5534 5515
5542 5541 5534
5541 5531 5534
5535 5542 5536
5539 5516 5517
5536 5542 5514
5542 5515 5514
5543 5544 5545
5544 5546 5547
5544 5547 5545
5545 5547 5548
5543 5545 5549
5545 5548 5550
5545 5550 5549
5549 5550 5551
5543 5549 5552
5549 5551 5553
5549 5553 5552
5554 5555 5556
5543 5552 5557
5554 5556 5558
5554 5558 5559
5559 5558 5560
5543 5557 5544
5559 5560 5561
5557 5562 5544
5544 5562 5546
5546 5563 5564
5565 5566 5567
5563 5568 5564
5564 5568 5569
5548 5570 5571
5570 5569 5572
5570 5572 5571
5571 5572 5573
5551 5574 5575
5574 5573 5576
5574 5576 5575
5577 5578 5579
5556 5580 5581
5580 5579 5582
5580 5582 5581
5581 5582 5583
5560 5584 5585
5584 5583 5586
5584 5586 5585
5585 5586 5566
5569 5570 5564
5570 5548 5547
5570 5547 5564
5564 5547 5546
5573 5574 5571
5574 5551 5550
5574 5550 5571
5571 5550 5548
5579 5580 5577
5580 5556 5555
5580 5555 5577
5575 5553 5551
5583 5584 5581
5584 5560 5558
5584 5558 5581
5581 5558 5556
5566 5565 5585
5563 5546 5562
5565 5561 5585
5585 5561 5560
5587 5588 5589
5590 5573 5572
5590 5572 5591
5591 5572 5569
5587 5592 5588
5592 5579 5578
5592 5578 5588
5590 5576 5573
5587 5593 5592
5593 5583 5582
5593 5582 5592
5592 5582 5579
5587 5594 5593
5594 5566 5586
5594 5586 5593
5593 5586 5583
5587 5589 5594
5591 5569 5568
5589 5567 5594
5594 5567 5566
5595 5596 5597
5595 5597 5598
5598 5597 5599
5598 5599 5600
5601 5602 5603
5601 5603 5604
5604 5603 5596
5604 5596 5595
5596 5605 5606
5596 5606 5597
5597 5606 5607
5597 5607 5599
5602 5608 5609
5602 5609 5603
5603 5609 5605
5603 5605 5596
5605 5610 5611
5605 5611 5606
5606 5611 5612
5606 5612 5607
5608 5613 5614
5608 5614 5609
5609 5614 5610
5609 5610 5605
5615 5616 5617
5618 5619 5620
5618 5620 5621
5622 5623 5624
5622 5624 5625
5626 5627 5628
5626 5628 5629
5627 5626 5630
5627 5630 5631
5632 5633 5631
5632 5631 5634
5633 5632 5635
5633 5635 5636
5637 5638 5639
5637 5639 5623
5621 5640 5618
5641 5640 5629
5641 5629 5628
5642 5643 5644
5616 5615 5620
5616 5620 5619
5643 5645 5646
5643 5646 5644
5624 5647 5648
5624 5648 5649
5647 5650 5648
5651 5652 5653
5636 5635 5639
5636 5639 5638
5651 5653 5654
5651 5654 5655
5653 5652 5656
5653 5656 5657
5653 5657 5658
5659 5646 5645
5646 5659 5655
5646 5655 5654
5660 5661 5653
5660 5653 5658
5631 5630 5634
5660 5662 5663
5660 5663 5661
5622 5662 5660
5622 5660 5637
5622 5637 5623
5625 5664 5665
5625 5666 5664
5624 5649 5667
5624 5667 5625
5625 5667 5666
5668 5669 5670
5671 5672 5673
5671 5673 5674
5675 5676 5677
5675 5677 5678
5679 5680 5681
5679 5681 5682
5683 5681 5680
5683 5680 5684
5684 5685 5686
5684 5686 5687
5688 5686 5685
5688 5685 5689
5690 5691 5692
5690 5692 5676
5682 5693 5694
5682 5694 5679
5695 5694 5693
5695 5696 5697
5671 5669 5668
5671 5668 5672
5698 5699 5700
5698 5700 5696
5701 5702 5675
5701 5675 5703
5704 5702 5701
5705 5706 5707
5690 5688 5689
5690 5689 5691
5708 5705 5707
5708 5707 5709
5706 5705 5710
5710 5705 5711
5711 5705 5712
5698 5713 5699
5709 5713 5698
5709 5698 5708
5705 5714 5715
5705 5715 5712
5687 5683 5684
5716 5717 5715
5716 5715 5714
5715 5717 5677
5715 5677 5692
5692 5677 5676
5718 5678 5719
5720 5678 5718
5703 5675 5721
5721 5675 5678
5721 5678 5720
5722 5723 5724
5722 5724 5725
5726 5727 5728
5726 5728 5729
5730 5731 5732
5730 5732 5733
5734 5735 5736
5734 5736 5737
5738 5739 5740
5738 5740 5741
5742 5743 5744
5742 5744 5745
5746 5747 5748
5746 5748 5749
5750 5751 5752
5750 5752 5753
5754 5755 5751
5754 5751 5750
5749 5748 5756
5749 5756 5757
5758 5759 5760
5758 5760 5761
5762 5763 5755
5762 5755 5754
5764 5765 5766
5764 5766 5767
5761 5760 5768
5761 5768 5769
5770 5771 5772
5770 5772 5773
5774 5775 5776
5774 5776 5777
5733 5732 5778
5733 5778 5779
5753 5752 5780
5753 5780 5781
5782 5783 5747
5782 5747 5746
5784 5735 5734
5785 5786 5787
5788 5789 5784
5790 5791 5792
5737 5736 5727
5737 5727 5726
5725 5724 5731
5725 5731 5730
5793 5794 5795
5793 5795 5788
5796 5797 5798
5796 5798 5799
5800 5801 5802
5800 5802 5803
5745 5744 5804
5745 5804 5805
5806 5807 5801
5806 5801 5800
5808 5809 5810
5808 5810 5811
5812 5813 5814
5812 5814 5815
5816 5817 5765
5816 5765 5764
5818 5819 5771
5818 5771 5770
5820 5821 5813
5820 5813 5812
5822 5823 5824
5822 5824 5825
5826 5827 5828
5826 5828 5829
5830 5831 5832
5830 5832 5833
5834 5835 5836
5834 5836 5837
5799 5798 5838
5799 5838 5839
5840 5841 5842
5840 5842 5843
5839 5838 5844
5839 5844 5845
5837 5836 5846
5837 5846 5847
5848 5849 5850
5848 5850 5851
5757 5756 5759
5757 5759 5758
5852 5853 5849
5852 5849 5848
5854 5855 5856
5854 5856 5857
5858 5859 5860
5858 5860 5861
5741 5740 5855
5741 5855 5854
5862 5863 5739
5862 5739 5738
5864 5865 5866
5864 5866 5867
5868 5869 5870
5868 5870 5871
5872 5873 5874
5872 5874 5875
5876 5877 5878
5876 5878 5879
5880 5881 5882
5883 5884 5885
5883 5885 5886
5887 5888 5889
5887 5889 5890
5891 5892 5893
5891 5893 5894
5894 5895 5896
5894 5896 5891
5897 5898 5895
5897 5895 5899
5899 5900 5901
5899 5901 5897
5902 5890 5903
5902 5903 5904
5905 5893 5892
5905 5892 5906
5906 5883 5907
5908 5905 5907
5882 5886 5885
5882 5885 5880
5909 5910 5911
5909 5911 5912
5889 5913 5914
5889 5914 5915
5915 5914 5916
5917 5918 5919
5900 5904 5903
5900 5903 5901
5917 5920 5921
5917 5921 5918
5918 5922 5919
5918 5923 5922
5918 5924 5923
5925 5912 5911
5911 5921 5920
5911 5920 5925
5926 5924 5918
5926 5918 5927
5895 5898 5896
5926 5927 5928
5926 5928 5929
5887 5902 5926
5887 5926 5929
5887 5890 5902
5888 5930 5931
5888 5931 5932
5889 5933 5913
5889 5888 5933
5888 5932 5933
5934 5935 5936
5937 5938 5939
5937 5939 5940
5941 5942 5943
5941 5943 5944
5945 5946 5947
5945 5947 5948
5949 5950 5948
5949 5948 5947
5950 5951 5952
5950 5952 5953
5954 5955 5953
5954 5953 5952
5956 5944 5957
5956 5957 5958
5939 5938 5959
5946 5945 5960
5946 5960 5959
5961 5939 5959
5961 5960 5962
5937 5940 5934
5937 5934 5936
5963 5964 5965
5963 5965 5966
5967 5968 5941
5967 5941 5969
5970 5967 5969
5971 5972 5973
5956 5958 5955
5956 5955 5954
5974 5975 5973
5974 5973 5972
5971 5976 5972
5976 5977 5972
5977 5978 5972
5963 5966 5979
5975 5974 5963
5975 5963 5979
5972 5978 5980
5972 5980 5981
5951 5950 5949
5982 5981 5980
5982 5980 5983
5980 5957 5943
5980 5943 5983
5957 5944 5943
5984 5985 5942
5986 5984 5942
5968 5987 5941
5987 5942 5941
5987 5986 5942
5988 5989 5990
5988 5990 5991
5992 5993 5994
5992 5994 5995
5996 5997 5998
5996 5998 5999
6000 6001 6002
6000 6002 6003
6004 6005 6006
6004 6006 6007
6008 6009 6010
6008 6010 6011
6012 6013 6014
6012 6014 6015
6016 6017 6018
6016 6018 6019
6020 6016 6019
6020 6019 6021
6013 6022 6023
6013 6023 6014
6024 6025 6026
6024 6026 6027
6028 6020 6021
6028 6021 6029
6030 6031 6032
6030 6032 6033
6025 6034 6035
6025 6035 6026
6036 6037 6038
6036 6038 6039
6040 6041 6042
6040 6042 6043
5997 6044 6045
5997 6045 5998
6017 6046 6047
6017 6047 6018
6048 6012 6015
6048 6015 6049
6050 6003 6051
6052 6053 6054
6055 6051 6056
6057 6058 6059
6001 5992 5995
6001 5995 6002
5989 5996 5999
5989 5999 5990
6060 6055 6056
6060 6056 6061
6062 6063 6064
6062 6064 6065
6066 6067 6068
6066 6068 6069
6009 6070 6071
6009 6071 6010
6072 6066 6069
6072 6069 6073
6074 6075 6076
6074 6076 6077
6078 6079 6080
6078 6080 6081
6082 6030 6033
6082 6033 6083
6084 6036 6039
6084 6039 6085
6086 6078 6081
6086 6081 6087
6088 6089 6090
6088 6090 6091
6092 6093 6094
6092 6094 6095
6096 6097 6098
6096 6098 6099
6100 6101 6102
6100 6102 6103
6063 6104 6105
6063 6105 6064
6106 6107 6108
6106 6108 6109
6104 6110 6111
6104 6111 6105
6101 6112 6113
6101 6113 6102
6114 6115 6116
6114 6116 6117
6022 6024 6027
6022 6027 6023
6118 6114 6117
6118 6117 6119
6120 6121 6122
6120 6122 6123
6124 6125 6126
6124 6126 6127
6005 6120 6123
6005 6123 6006
6128 6004 6007
6128 6007 6129
6130 6131 6132
6130 6132 6133
6134 6135 6136
6134 6136 6137
6138 6139 6140
6138 6140 6141
6142 6143 6144
6142 6144 6145
5640 6146 5618
5640 5641 6146
5642 6146 5641
5642 5644 6146
5673 5693 5674
5695 5693 5673
5695 5697 5694
5697 5696 5700
5735 5784 5789
5786 5785 6147
5789 5788 5795
5791 5790 6148
5883 5906 5884
5906 5907 5905
5908 5910 5909
5908 5907 5910
5961 5959 5960
5964 5962 5965
5961 5962 5964
6003 6050 6000
6053 6052 6149
6051 6055 6050
6058 6057 6150
4879 4881 6151
5231 5230 6152
3642 3641 3676
6153 6154 6155
6156 6157 6158
6159 6160 6161
6153 6162 6156
6163 6164 6162
6165 6166 6153
6153 6155 6165
6167 6168 6169
6170 6161 6171
6172 6159 6170
6173 6174 6168
6175 6169 6172
6169 6159 6172
6176 6177 6178
6179 6180 6181
6182 6183 6184
6185 6183 6182
6177 6176 6186
6156 6158 6153
6153 6158 6154
6170 6159 6161
6158 6157 6187
6188 6189 6190
6157 6189 6191
6167 6169 6175
6160 6159 6163
6162 6153 6166
6166 6165 6192
6169 6168 6159
6172 6170 6193
6194 6195 6196
6197 6198 6199
6200 6201 6202
6180 6203 6181
6156 6190 6189
6164 6168 6174
6168 6164 6159
6164 6163 6159
6164 6174 6204
6156 6189 6157
6164 6204 6156
6156 6204 6190
6162 6164 6156
6205 6206 6207
6208 6209 6210
6211 6212 6213
6205 6208 6214
6215 6214 6216
6217 6205 6218
6205 6217 6206
6219 6220 6221
6222 6223 6212
6224 6222 6211
6225 6221 6226
6227 6224 6220
6220 6224 6211
6228 6229 6230
6231 6232 6233
6234 6235 6236
6237 6234 6236
6230 6238 6228
6208 6205 6209
6205 6207 6209
6222 6212 6211
6209 6239 6210
6240 6241 6242
6210 6243 6242
6219 6227 6220
6213 6215 6211
6214 6218 6205
6218 6244 6217
6220 6211 6221
6224 6245 6222
6246 6247 6248
6249 6250 6251
6252 6253 6254
6233 6232 6255
6208 6242 6241
6216 6226 6221
6221 6211 6216
6216 6211 6215
6216 6256 6226
6208 6210 6242
6216 6208 6256
6208 6241 6256
6214 6208 6216
6257 6258 6259
6257 6259 6260
6261 6262 6263
6261 6263 6264
6257 6260 6265
6257 6265 6266
6267 6268 6269
6270 6271 6272
6270 6272 6273
6274 6275 6276
6274 6276 6277
6278 6279 6280
6278 6280 6281
6282 6283 6284
6282 6284 6285
6286 6287 6288
6286 6288 6289
6290 6291 6292
6290 6292 6293
6294 6295 6291
6294 6291 6290
6296 6297 6298
6296 6298 6299
6300 6301 6302
6300 6302 6303
6293 6292 6304
6293 6304 6305
6306 6307 6308
6306 6308 6309
6310 6311 6312
6310 6312 6313
6314 2684 2681
6314 2681 6315
6316 6317 6318
6316 6318 6319
6320 6321 6322
6320 6322 6323
6269 6324 6325
6326 6327 6328
6326 6328 6329
6315 2681 2836
6330 6315 6331
6332 6333 6334
6332 6334 6335
6261 6336 6337
6261 6337 6262
6338 6339 6340
6338 6340 6341
6338 6341 6342
6260 6343 6344
6345 6346 6347
6345 6347 6348
6349 6350 6351
6349 6351 6352
6353 6354 6355
6353 6355 6356
6343 6260 6259
6343 6259 6357
6358 6310 6313
6358 6313 6359
6360 6326 6329
6360 6329 6361
6362 6363 6364
6362 6364 6365
6366 6314 6315
6367 6368 6369
6367 6369 6370
6371 6372 6373
6371 6373 6374
6375 6376 6377
6378 6265 6260
6379 6380 6381
6379 6381 6382
6383 6384 6385
6383 6385 6386
6387 6388 6389
6387 6389 6390
6376 6375 6391
6330 6333 6366
6338 6342 6392
6356 6306 6309
6356 6309 6353
6393 6394 6395
6393 6395 6396
6270 6273 6347
6270 6347 6346
6397 6398 6339
6397 6339 6338
6338 6392 6399
6338 6399 6397
6366 6315 6330
6264 6263 6268
6264 6268 6267
6305 6304 6301
6305 6301 6300
6342 6400 6401
6342 6401 6402
6344 6403 6404
6344 6404 6405
6386 6385 6387
6386 6387 6390
6392 6342 6402
6399 6392 6406
6399 6406 6407
6392 6402 6406
6405 6404 6352
6405 6352 6351
6402 6401 6271
6402 6271 6270
6408 6409 6281
6408 6281 6280
6407 6406 6346
6407 6346 6345
6384 6383 6382
6384 6382 6381
6406 6402 6270
6406 6270 6346
6259 6258 6311
6259 6311 6310
6303 6302 6410
6303 6410 6411
6337 6336 6372
6337 6372 6371
6340 6339 6335
6357 6259 6310
6357 6310 6358
6389 6388 6412
6389 6412 6413
6339 6398 6414
6339 6414 6332
6313 6312 6327
6313 6327 6326
6319 6318 6411
6319 6411 6410
6334 6333 6331
6359 6313 6326
6359 6326 6360
6365 6364 6413
6365 6413 6412
6374 6373 6391
6374 6391 6375
6415 6333 6332
6415 6332 6414
6416 6395 6394
6416 6394 6417
6418 6419 6420
6418 6420 6421
6422 6423 6424
6422 6424 6425
6396 6426 6427
6396 6427 6393
6428 6429 6430
6428 6430 6431
6432 6433 6434
6432 6434 6435
6366 6333 6415
6331 6333 6330
6335 6339 6332
6436 6331 6315
6315 2836 6436
6317 6316 6437
6317 6437 6438
6395 6416 6348
6395 6348 6347
6279 6278 6430
6279 6430 6429
6420 6419 6350
6420 6350 6349
6423 6422 6370
6423 6370 6369
6273 6272 6426
6273 6426 6396
6433 6432 6380
6433 6380 6379
6396 6395 6347
6396 6347 6273
6439 6440 6274
6439 6274 6277
6282 6285 6441
6282 6441 6442
6295 6294 6296
6295 6296 6299
6321 6320 6325
6321 6325 6443
6342 6341 6400
6265 6378 6409
6265 6409 6408
6265 6408 6444
6265 6444 6266
6260 6344 6378
6278 6281 6351
6278 6351 6350
6409 6378 6344
6409 6344 6405
6281 6409 6405
6281 6405 6351
6431 6430 6419
6431 6419 6418
6430 6278 6350
6430 6350 6419
6344 6343 6403
2513 2512 6445
2513 6445 6446
2547 2546 6447
2547 6447 6448
6449 2630 2629
6449 2629 6450
6438 6451 2654
6438 2654 2653
6452 6363 6362
6452 6362 6449
2707 6438 2705
2701 6449 6450
2701 2704 6449
6449 2704 6452
2705 6438 6437
6376 6453 6454
6455 6456 6457
6325 6324 6443
6408 6280 6458
6408 6458 6444
6441 6456 6459
6441 6459 6442
6456 6455 6459
6280 6440 6439
6280 6439 6458
6269 6268 6324
6460 6461 6462
6460 6462 6463
6464 6465 6466
6464 6466 6467
6460 6468 6469
6460 6469 6461
6470 6471 6472
6473 6474 6475
6473 6475 6476
6477 6478 6479
6477 6479 6480
6481 6482 6483
6481 6483 6484
6485 6486 6487
6485 6487 6488
6489 6490 6491
6489 6491 6492
6493 6494 6495
6493 6495 6496
6497 6493 6496
6497 6496 6498
6499 6500 6501
6499 6501 6502
6503 6504 6505
6503 6505 6506
6494 6507 6508
6494 6508 6495
6509 6510 6511
6509 6511 6512
6513 6514 6515
6513 6515 6516
6517 6518 2287
6517 2287 2290
6519 6520 6521
6519 6521 6522
6523 6524 6525
6523 6525 6526
6471 6527 6528
6529 6530 6531
6529 6531 6532
6518 2288 2287
6533 6534 6518
6535 6536 6537
6535 6537 6538
6464 6467 6539
6464 6539 6540
6541 6542 6543
6541 6543 6544
6541 6545 6542
6461 6546 6547
6548 6549 6550
6548 6550 6551
6552 6553 6554
6552 6554 6555
6556 6557 6558
6556 6558 6559
6547 6560 6462
6547 6462 6461
6561 6562 6514
6561 6514 6513
6563 6564 6530
6563 6530 6529
6565 6566 6567
6565 6567 6568
6569 6518 6517
6570 6571 6572
6570 6572 6573
6574 6575 6576
6574 6576 6577
6578 6579 6580
6581 6461 6469
6582 6583 6584
6582 6584 6585
6586 6587 6588
6586 6588 6589
6590 6591 6592
6590 6592 6593
6580 6594 6578
6533 6569 6538
6541 6595 6545
6510 6509 6557
6510 6557 6556
6596 6597 6598
6596 6598 6599
6473 6551 6550
6473 6550 6474
6600 6541 6544
6600 6544 6601
6541 6600 6602
6541 6602 6595
6569 6533 6518
6465 6470 6472
6465 6472 6466
6507 6503 6506
6507 6506 6508
6545 6603 6604
6545 6604 6605
6546 6606 6607
6546 6607 6608
6587 6591 6590
6587 6590 6588
6595 6603 6545
6602 6609 6610
6602 6610 6595
6595 6610 6603
6606 6554 6553
6606 6553 6607
6603 6473 6476
6603 6476 6604
6611 6483 6482
6611 6482 6612
6609 6548 6551
6609 6551 6610
6589 6584 6583
6589 6583 6586
6610 6551 6473
6610 6473 6603
6462 6513 6516
6462 6516 6463
6504 6613 6614
6504 6614 6505
6539 6574 6577
6539 6577 6540
6543 6536 6544
6560 6561 6513
6560 6513 6462
6592 6615 6616
6592 6616 6593
6544 6535 6617
6544 6617 6601
6514 6529 6532
6514 6532 6515
6520 6614 6613
6520 6613 6521
6537 6534 6538
6562 6563 6529
6562 6529 6514
6566 6616 6615
6566 6615 6567
6575 6578 6594
6575 6594 6576
6618 6617 6535
6618 6535 6538
6619 6620 6597
6619 6597 6596
6621 6622 6623
6621 6623 6624
6625 6626 6627
6625 6627 6628
6599 6598 6629
6599 6629 6630
6631 6632 6633
6631 6633 6634
6635 6636 6637
6635 6637 6638
6569 6618 6538
6534 6533 6538
6536 6535 6544
6639 6518 6534
6518 6639 2288
6522 6640 6641
6522 6641 6519
6596 6550 6549
6596 6549 6619
6484 6632 6631
6484 6631 6481
6621 6552 6555
6621 6555 6622
6628 6572 6571
6628 6571 6625
6474 6599 6630
6474 6630 6475
6638 6582 6585
6638 6585 6635
6599 6474 6550
6599 6550 6596
6642 6478 6477
6642 6477 6643
6485 6644 6645
6485 6645 6486
6498 6500 6499
6498 6499 6497
6526 6646 6527
6526 6527 6523
6545 6605 6542
6469 6611 6612
6469 6612 6581
6647 6611 6469
6647 6469 6468
6461 6581 6546
6481 6555 6554
6481 6554 6482
6612 6606 6546
6612 6546 6581
6482 6554 6606
6482 6606 6612
6634 6623 6622
6634 6622 6631
6631 6622 6555
6631 6555 6481
6546 6608 6547
2117 6648 6649
2117 6649 2118
2151 6650 6651
2151 6651 2152
6652 6653 2235
6652 2235 2234
6654 6655 6656
6654 6656 6657
6565 6568 6658
6565 6658 6652
6659 6660 6640
2304 6653 6652
2304 6652 2305
6652 6658 2305
6660 6641 6640
6580 6579 6661
6662 6663 6664
6527 6646 6528
6665 6483 6611
6665 6611 6647
6645 6644 6666
6645 6666 6664
6664 6666 6662
6483 6665 6642
6483 6642 6643
6471 6528 6472
2707 6451 6438
6667 6668 6669
2369 2486 2360
3959 6670 3960
6670 4194 3960
2325 2421 2326
3835 3829 3833
3804 3799 3796
2075 2074 6671
2075 6671 2107
2091 2090 2109
2091 2109 6672
2074 2091 6672
2074 6672 6671
2110 2090 2089
2110 2089 2111
2110 2113 6673
2110 6673 2108
2113 2115 6674
2113 6674 6673
2075 2047 2046
3123 3122 3164
3123 3164 3222
3127 3126 6675
3127 6675 6676
3162 3127 6676
3162 6676 6677
3126 3122 3121
3126 3121 6675
3130 3162 6677
3130 6677 3128
3120 3123 3221
3120 3221 6678
3130 3155 3166
3130 3129 3155
2970 2928 2927
2970 2927 3031
6679 2933 2932
6679 2932 6680
6680 2932 2968
6680 2968 6681
2929 2928 2933
2929 2933 6679
6681 2968 2935
6681 2935 2934
6682 3029 2927
6682 2927 2926
2936 2935 2961
2972 2961 2935
2988 2984 6683
2984 2986 6683
6684 3652 3622
6684 3622 3683
3686 3664 3667
3686 3667 6685
6685 3667 3652
6685 3652 6684
3665 3664 3685
3665 3685 3687
6686 3688 3685
6686 3685 3684
6687 3690 3688
6687 3688 6686
3620 3622 3651
3682 3622 3621
6376 6454 6377
6377 6454 6688
6580 6661 6689
6661 6579 6690
4944 4946 4948
4951 4947 4952
4590 4591 4588
6691 6692 6693
