byte offset: 0
first index: 0
index count: 6282
topology: trianglelist
format: DXGI_FORMAT_R16_UINT

0 1 2
1 3 4
1 4 5
6 5 4
6 4 7
8 6 7
8 7 9
10 8 9
10 9 11
12 10 11
12 11 13
14 12 13
14 13 15
16 14 15
16 15 17
18 16 17
18 17 19
20 21 18
20 22 21
20 23 22
24 25 26
25 27 28
25 28 29
29 28 30
29 30 31
31 30 32
31 32 33
33 34 35
33 35 36
36 35 37
36 37 38
38 37 39
38 39 40
40 39 41
40 41 42
43 42 41
43 41 44
45 46 43
45 47 46
45 48 47
49 50 51
51 52 53
51 54 52
55 52 54
55 56 52
57 56 55
57 58 56
59 58 57
59 60 58
61 60 59
61 62 60
63 62 61
63 64 62
65 64 63
65 66 64
67 66 65
67 68 66
69 67 70
69 70 71
69 71 72
73 74 75
75 76 77
75 78 76
78 79 76
78 80 79
80 81 79
80 82 81
82 83 84
82 85 83
85 86 83
85 87 86
87 88 86
87 89 88
89 90 88
89 91 90
92 90 91
92 93 90
94 92 95
94 95 96
94 96 97
98 99 100
101 102 103
104 105 106
107 108 109
110 111 112
113 114 115
116 117 118
119 120 121
122 123 124
125 126 127
128 129 130
131 132 133
134 135 136
137 138 139
140 141 142
143 144 145
146 147 148
149 150 151
152 153 154
155 156 157
158 159 160
161 162 163
164 165 166
167 168 169
170 171 172
173 174 175
176 177 178
179 180 181
182 183 184
185 186 187
186 188 189
186 189 190
191 192 186
191 186 193
190 194 195
190 195 196
197 198 193
197 199 198
200 201 197
200 202 201
203 202 200
203 204 202
205 204 203
205 206 204
196 207 208
196 208 209
208 210 209
208 211 210
212 213 210
212 214 213
215 216 213
215 217 216
218 219 216
218 220 219
221 222 219
221 223 222
224 225 222
224 226 225
226 227 225
226 228 227
227 228 229
227 229 230
231 232 233
234 235 236
237 238 239
240 241 242
243 244 245
245 246 247
245 248 246
249 245 250
249 251 245
248 252 253
248 254 252
255 251 256
255 256 257
258 255 259
258 259 260
261 258 260
261 260 262
263 261 262
263 262 264
254 265 266
254 267 265
265 267 268
265 268 269
270 268 271
270 271 272
273 271 274
273 274 275
276 274 277
276 277 278
279 277 280
279 280 281
282 280 283
282 283 284
284 283 285
284 285 286
285 287 286
285 288 287
289 290 291
292 293 294
295 296 297
298 299 300
301 302 303
304 305 306
307 308 306
307 309 308
310 311 312
313 314 315
316 317 318
319 320 321
322 323 324
325 326 327
328 326 329
328 329 330
331 332 333
334 335 336
337 338 339
340 341 342
343 344 345
346 347 348
349 350 351
352 353 354
355 356 357
358 359 360
361 362 363
364 365 366
367 368 369
370 371 372
373 374 375
376 377 378
379 380 381
382 383 384
385 386 387
388 389 390
391 392 393
394 395 396
397 398 399
400 401 402
403 404 405
406 407 408
409 410 411
412 413 414
415 416 417
418 419 420
421 422 423
424 425 426
427 428 429
430 431 432
433 434 435
436 437 438
439 440 441
442 443 444
445 446 447
448 449 450
451 452 453
454 455 456
457 458 459
460 461 462
463 464 465
466 467 468
469 470 471
472 473 474
475 476 477
478 479 480
481 482 483
484 485 486
487 488 489
490 491 492
493 494 495
496 497 498
499 500 501
502 503 504
505 506 507
508 509 510
511 512 513
514 515 516
517 518 519
520 521 522
523 524 525
526 527 528
529 530 531
532 533 534
535 536 537
538 539 540
541 542 543
544 545 546
547 548 549
550 551 552
553 554 555
556 557 558
559 560 561
562 563 564
565 566 567
568 569 570
571 572 573
574 575 576
577 578 579
580 581 582
583 584 585
586 587 588
589 590 591
592 593 594
595 596 597
598 599 600
601 602 603
604 605 606
607 608 609
610 611 612
613 614 615
616 617 618
619 620 621
622 623 624
625 626 627
628 629 630
631 632 633
634 635 636
637 638 639
640 641 642
643 644 645
646 647 648
649 650 651
652 653 654
655 656 657
658 659 660
661 662 663
664 665 666
667 668 669
670 671 672
673 674 675
676 677 678
679 680 681
682 683 684
685 686 687
688 689 690
691 692 693
694 695 696
697 698 699
700 701 702
703 704 705
706 707 708
709 710 711
712 713 714
715 716 717
718 719 720
721 722 723
724 725 726
727 728 729
730 731 732
733 734 735
736 737 738
739 740 741
742 743 744
745 746 747
748 749 750
751 752 753
754 755 756
757 758 759
760 761 762
763 764 765
766 767 768
769 770 771
772 773 774
775 776 777
778 779 780
781 782 783
784 785 786
787 788 789
790 791 792
793 794 795
796 797 798
799 800 801
802 803 804
805 806 807
808 809 810
811 812 813
814 815 816
817 818 819
820 821 822
823 824 825
826 827 828
829 830 831
832 833 834
835 836 837
838 839 840
841 842 843
844 845 846
847 848 849
850 851 852
853 854 855
856 857 858
859 860 861
862 863 864
865 866 867
868 869 870
871 872 873
874 875 876
877 878 879
880 881 882
880 882 883
884 885 886
884 887 885
887 884 888
887 888 889
889 888 890
889 890 891
891 890 892
891 892 893
893 892 894
893 894 895
895 894 896
895 896 897
897 896 898
897 898 899
900 899 898
900 901 899
902 903 904
902 904 905
906 905 904
906 907 905
908 907 906
908 909 907
910 909 908
910 911 909
912 911 910
912 913 911
914 913 912
914 915 913
916 915 914
916 917 915
918 917 916
918 919 917
920 919 918
920 921 919
921 920 922
921 922 923
924 925 926
924 926 927
928 929 930
928 930 931
932 933 934
932 934 935
935 936 932
935 937 936
937 938 936
937 939 938
939 940 938
939 941 940
941 942 940
941 943 942
943 944 942
943 945 944
945 946 944
945 947 946
948 946 947
948 947 949
950 951 952
950 953 951
954 951 953
954 953 955
956 954 955
956 955 957
958 956 957
958 957 959
960 958 959
960 959 961
962 960 961
962 961 963
964 962 963
964 963 965
966 964 965
966 965 967
968 966 967
968 967 969
969 970 968
969 971 970
972 973 974
972 974 975
976 977 978
976 978 979
980 981 982
980 982 983
984 985 986
984 986 987
988 989 990
988 990 991
992 993 994
992 994 995
996 997 998
996 998 999
999 1000 1001
999 1001 1002
1002 1003 1004
1002 1004 1005
1006 1005 1007
1006 1007 1008
1009 1010 996
1009 1011 1010
1012 1013 1009
1012 1014 1013
1015 1014 1012
1015 1012 1016
1017 1018 1019
1017 1019 1020
1021 1019 1022
1021 1022 1023
1024 1025 1020
1024 1020 1026
1027 1028 1026
1027 1029 1028
1030 1029 1027
1030 1027 1031
1032 1033 1031
1032 1034 1033
1032 1035 1034
1032 1036 1035
1037 1038 1039
1037 1039 1040
1041 1042 1043
1041 1043 1044
1045 1046 1047
1045 1047 1048
1049 1050 1051
1049 1051 1052
1053 1054 1055
1053 1055 1056
1057 1058 1059
1057 1059 1060
1061 1062 1063
1061 1063 1064
1065 1066 1067
1065 1067 1068
1069 1070 1071
1069 1071 1072
1073 1074 1075
1073 1075 1076
1077 1078 1079
1077 1079 1080
1081 1082 1083
1081 1084 1082
1084 1085 1086
1084 1087 1085
1087 1088 1089
1087 1090 1088
1091 1092 1090
1091 1093 1092
1094 1081 1095
1094 1095 1096
1097 1094 1098
1097 1098 1099
1100 1097 1099
1100 1101 1097
1102 1103 1104
1102 1105 1103
1106 1105 1107
1106 1108 1105
1109 1110 1103
1109 1111 1110
1112 1108 1113
1112 1113 1114
1115 1112 1114
1115 1116 1112
1117 1116 1118
1117 1118 1119
1117 1119 1120
1117 1120 1121
1122 1123 1124
1122 1124 1125
1126 1127 1128
1126 1128 1129
1130 1131 1132
1130 1132 1133
1134 1135 1136
1134 1136 1137
1138 1139 1140
1138 1140 1141
1142 1143 1144
1142 1144 1145
1146 1147 1148
1146 1148 1149
1150 1151 1152
1150 1152 1153
1154 1155 1156
1154 1156 1157
1158 1159 1160
1158 1161 1159
1162 1161 1163
1162 1163 1164
1165 1166 1167
1165 1167 1168
1169 1170 1171
1169 1171 1172
1173 1172 1174
1173 1174 1175
1176 1177 1178
1176 1178 1179
1180 1181 1182
1180 1182 1183
1184 1185 1186
1184 1187 1185
1188 1187 1189
1188 1189 1190
1191 1192 1193
1191 1193 1194
1195 1196 1197
1195 1197 1198
1199 1200 1201
1199 1201 1202
1203 1204 1205
1203 1205 1206
1207 1208 1209
1207 1209 1210
1211 1212 1210
1211 1213 1212
1214 1215 1216
1214 1216 1217
1218 1219 1220
1218 1220 1221
1222 1223 1224
1222 1224 1225
1226 1227 1228
1226 1228 1229
1230 1231 1229
1230 1232 1231
1233 1234 1235
1233 1235 1236
1237 1238 1239
1237 1239 1240
1241 1242 1243
1241 1243 1244
1245 1246 1247
1245 1247 1248
1249 1250 1251
1249 1251 1252
1253 1254 1255
1253 1255 1256
1257 1258 1259
1257 1260 1258
1261 1260 1262
1261 1262 1263
1264 1265 1266
1264 1266 1267
1268 1269 1270
1268 1270 1271
1272 1273 1274
1272 1274 1275
1276 1277 1278
1276 1278 1279
1280 1281 1282
1280 1282 1283
1284 1285 1286
1284 1286 1287
1288 1289 1290
1288 1290 1291
1292 1293 1294
1292 1294 1295
1296 1297 1298
1296 1298 1299
1300 1301 1302
1300 1302 1303
1304 1305 1306
1304 1306 1307
1308 1309 1310
1308 1310 1311
1312 1313 1314
1312 1314 1315
1316 1317 1318
1316 1318 1319
1320 1321 1322
1320 1322 1323
1324 1325 1326
1324 1326 1327
1328 1329 1327
1328 1330 1329
1331 1332 1333
1331 1333 1334
1335 1336 1337
1335 1338 1336
1339 1340 1338
1339 1341 1340
1342 1343 1344
1342 1344 1345
1346 1347 1348
1346 1348 1349
1350 1351 1352
1350 1352 1353
1354 1355 1353
1354 1356 1355
1357 1358 1359
1357 1359 1360
1361 1362 1363
1361 1363 1364
1365 1366 1367
1365 1367 1368
1369 1370 1371
1369 1371 1372
1373 1374 1375
1373 1376 1374
1377 1376 1378
1377 1378 1379
1380 1381 1382
1380 1382 1383
1384 1385 1386
1384 1386 1387
1388 1389 1390
1388 1390 1391
1392 1393 1394
1392 1395 1393
1396 1395 1397
1396 1397 1398
1399 1400 1401
1399 1401 1402
1403 1404 1405
1403 1405 1406
1407 1408 1409
1407 1409 1410
1411 1412 1413
1411 1413 1414
1415 1416 1417
1415 1417 1418
1419 1420 1421
1419 1421 1422
1423 1424 1425
1423 1425 1426
1427 1428 1426
1427 1429 1428
1430 1431 1432
1430 1432 1433
1434 1435 1436
1434 1436 1437
1438 1439 1440
1438 1440 1441
1442 1443 1444
1442 1444 1445
1446 1447 1448
1446 1448 1449
1450 1451 1452
1450 1452 1453
1454 1455 1456
1454 1456 1457
1458 1459 1460
1458 1460 1461
1462 1463 1464
1462 1464 1465
1466 1467 1468
1466 1468 1469
1470 1471 1472
1470 1472 1473
1474 1475 1476
1474 1476 1477
1478 1479 1480
1478 1481 1479
1481 1478 1482
1478 1483 1482
1478 1484 1483
1485 1484 1478
1486 1485 1478
1486 1487 1485
1488 1483 1484
1488 1489 1483
1485 1490 1484
1491 1490 1485
1491 1492 1490
1493 1484 1490
1493 1494 1484
1481 1482 1495
1482 1496 1495
1482 1497 1496
1481 1495 1498
1498 1495 1499
1498 1499 1500
1481 1498 1501
1501 1502 1481
1501 1503 1502
1501 1498 1504
1505 1504 1498
1505 1506 1504
1501 1504 1507
1508 1501 1507
1508 1507 1509
1507 1504 1510
1511 1510 1504
1511 1512 1510
1507 1510 1513
1514 1507 1513
1514 1513 1515
1516 1513 1510
1517 1513 1516
1517 1516 1518
1516 1510 1519
1520 1519 1510
1520 1521 1519
1522 1516 1519
1523 1516 1522
1523 1522 1524
1522 1519 1525
1526 1522 1525
1526 1525 1527
1528 1525 1519
1528 1529 1525
1530 1531 1532
1530 1533 1531
1534 1531 1533
1534 1535 1531
1531 1535 1536
1531 1536 1537
1534 1538 1535
1534 1539 1538
1534 1533 1540
1534 1540 1541
1534 1541 1542
1534 1542 1543
1533 1544 1540
1533 1545 1544
1546 1545 1533
1546 1547 1545
1548 1540 1544
1548 1544 1549
1540 1550 1541
1541 1550 1551
1541 1551 1552
1540 1553 1550
1554 1553 1540
1554 1555 1553
1553 1556 1550
1553 1557 1556
1545 1558 1544
1559 1544 1558
1559 1560 1544
1545 1561 1558
1562 1561 1545
1562 1545 1563
1561 1564 1558
1565 1558 1564
1565 1566 1558
1561 1567 1564
1568 1567 1561
1568 1561 1569
1567 1570 1564
1571 1564 1570
1571 1572 1564
1567 1573 1570
1574 1573 1567
1574 1567 1575
1573 1576 1570
1577 1570 1576
1577 1578 1570
1573 1579 1576
1580 1579 1573
1580 1573 1581
1579 1582 1576
1583 1576 1582
1583 1584 1576
1579 1585 1582
1585 1586 1582
1585 1587 1586
1588 1585 1579
1588 1579 1589
1590 1591 1592
1590 1593 1591
1590 1594 1593
1590 1595 1594
1593 1594 1596
1591 1593 1597
1593 1596 1597
1597 1596 1598
1591 1597 1599
1597 1598 1600
1599 1597 1600
1599 1600 1601
1602 1603 1604
1602 1605 1603
1605 1483 1603
1606 1603 1483
1606 1483 1607
1605 1482 1483
1608 1482 1605
1608 1605 1609
1610 1611 1612
1610 1613 1611
1610 1614 1613
1610 1615 1614
1615 1616 1614
1615 1617 1616
1618 1611 1619
1618 1619 1620
1621 1622 1616
1621 1623 1622
1624 1625 1626
1624 1627 1625
1627 1628 1629
1627 1630 1628
1630 1631 1628
1630 1632 1631
1633 1634 1635
1633 1635 1636
1637 1638 1639
1637 1639 1640
1641 1642 1643
1641 1643 1644
1645 1646 1647
1645 1647 1648
1649 1650 1651
1649 1651 1652
1653 1654 1655
1653 1655 1656
1657 1658 1659
1657 1660 1658
1660 1661 1658
1662 1661 1660
1662 1663 1661
1663 1662 1664
1664 1662 1665
1665 1666 1664
1665 1667 1666
1668 1667 1665
1662 1669 1665
1670 1668 1665
1668 1670 1671
1670 1672 1671
1673 1672 1670
1673 1670 1674
1674 1670 1675
1674 1675 1676
1676 1677 1674
1676 1678 1677
1677 1678 1679
1677 1679 1680
1681 1677 1680
1681 1680 1682
1680 1683 1682
1684 1683 1680
1680 1669 1684
1684 1669 1685
1669 1686 1685
1669 1687 1686
1687 1669 1688
1662 1688 1669
1689 1687 1688
1688 1690 1689
1688 1691 1690
1691 1692 1690
1693 1692 1691
1693 1694 1692
1695 1696 1697
1695 1697 1698
1699 1700 1701
1699 1701 1702
1703 1704 1705
1703 1705 1706
1706 1707 1703
1706 1708 1707
1707 1708 1709
1708 1710 1709
1710 1711 1709
1712 1709 1711
1709 1712 1713
1709 1713 1714
1715 1714 1713
1715 1716 1714
1714 1716 1717
1714 1717 1718
1717 1716 1719
1718 1720 1714
1714 1720 1721
1722 1714 1721
1714 1722 1723
1716 1724 1719
1725 1724 1716
1726 1725 1716
1726 1716 1727
1722 1728 1723
1726 1727 1729
1728 1730 1723
1729 1727 1731
1732 1723 1730
1731 1727 1733
1723 1732 1734
1727 1734 1733
1723 1734 1727
1735 1723 1727
1735 1727 1736
1737 1723 1735
1737 1735 1738
1738 1739 1737
1737 1739 1740
1737 1740 1741
1737 1741 1742
1737 1742 1743
1744 1743 1742
1744 1742 1745
1746 1747 1748
1746 1748 1749
1746 1749 1750
1746 1750 1751
1752 1753 1754
1752 1754 1755
1756 1757 1758
1756 1758 1759
1760 1761 1762
1760 1762 1763
1764 1765 1766
1764 1766 1767
1768 1769 1770
1768 1771 1769
1769 1771 1772
1769 1772 1773
1774 1775 1776
1774 1776 1777
1778 1779 1780
1778 1780 1781
1782 1783 1784
1782 1784 1785
1786 1787 1788
1786 1788 1789
1790 1791 1792
1790 1792 1793
1794 1795 1796
1794 1796 1797
1798 1799 1800
1798 1800 1801
1802 1803 1804
1802 1804 1805
1802 1805 1806
1802 1806 1807
1808 1809 1810
1808 1810 1811
1812 1813 1814
1812 1814 1815
1816 1817 1818
1816 1818 1819
1820 1821 1822
1820 1823 1821
1820 1824 1823
1820 1825 1824
1825 1826 1824
1825 1827 1826
1823 1824 1828
1823 1828 1829
1829 1828 1830
1829 1830 1831
1831 1830 1832
1831 1832 1833
1833 1832 1834
1833 1834 1835
1835 1834 1836
1835 1836 1837
1837 1836 1838
1838 1836 1839
1838 1839 1840
1838 1840 1841
1838 1841 1842
1837 1838 1843
1843 1844 1837
1843 1845 1844
1843 1846 1845
1843 1847 1846
1848 1849 1850
1848 1850 1851
1852 1853 1854
1852 1854 1855
1856 1857 1858
1856 1858 1859
1859 1858 1860
1859 1860 1861
1862 1863 1864
1862 1864 1865
1866 1867 1868
1866 1868 1869
1869 1870 1871
1869 1871 1872
1872 1873 1874
1872 1874 1875
1875 1876 1877
1875 1877 1878
1878 1879 1880
1878 1880 1881
1881 1882 1883
1881 1883 1884
1885 1886 1887
1885 1887 1888
1889 1890 1891
1889 1891 1892
1893 1894 1895
1893 1895 1896
1897 1898 1899
1897 1899 1900
1901 1902 1903
1901 1903 1904
1901 1904 1905
1901 1905 1906
1907 1908 1909
1907 1909 1910
1911 1912 1913
1911 1913 1914
1915 1916 1917
1915 1917 1918
1919 1920 1921
1919 1921 1922
1923 1924 1925
1923 1925 1926
1927 1923 1926
1927 1926 1928
1929 1927 1928
1929 1928 1930
1931 1932 1925
1931 1933 1932
1933 1934 1932
1933 1935 1934
1935 1936 1934
1935 1937 1936
1937 1938 1936
1937 1939 1938
1939 1940 1938
1939 1941 1940
1941 1942 1940
1941 1943 1942
1942 1944 1945
1942 1945 1866
1946 1947 1948
1946 1948 1949
1950 1951 1952
1950 1952 1953
1954 1955 1956
1954 1956 1957
1958 1954 1957
1958 1957 1959
1959 1960 1958
1959 1961 1960
1961 1962 1960
1961 1963 1962
1964 1962 1963
1964 1963 1965
1966 1964 1965
1966 1967 1964
1967 1966 1968
1967 1968 1969
1970 1969 1968
1970 1971 1969
1972 1971 1970
1972 1973 1971
1973 1972 1974
1973 1974 1975
1975 1974 1976
1975 1976 1977
1978 1979 1980
1978 1981 1979
1982 1981 1978
1982 1983 1981
1984 1983 1982
1984 1985 1983
1986 1985 1984
1986 1987 1985
1988 1987 1986
1988 1986 1989
1990 1988 1989
1990 1989 1991
1992 1990 1991
1992 1991 1993
1994 1992 1993
1994 1993 1995
1996 1994 1995
1996 1995 1997
1998 1996 1997
1998 1997 1999
2000 1998 1999
2000 1999 2001
2002 2000 2001
2002 2001 2003
2004 2002 2003
2004 2003 2005
2006 2004 2005
2006 2007 2004
2008 2007 2006
2008 2009 2007
2010 2009 2008
2010 2011 2009
2012 2013 2014
2012 2014 2015
2016 2017 2018
2016 2018 2019
2020 2021 2022
2020 2022 2023
2024 2025 2026
2024 2026 2027
2028 2024 2027
2028 2027 2029
2030 2028 2029
2030 2031 2028
2030 2032 2031
2030 2033 2032
2033 2034 2032
2033 2035 2034
2034 2035 2036
2034 2036 2037
2037 2036 2038
2037 2038 2039
2040 2041 2042
2040 2042 2043
2043 2042 2044
2043 2044 2045
2045 2044 2046
2045 2046 2047
2048 2049 2050
2048 2050 2051
2051 2052 2053
2051 2053 2054
2054 2053 2055
2054 2055 2056
2057 2058 2059
2057 2059 2060
2061 2062 2063
2061 2063 2064
2065 2066 2067
2065 2067 2068
2069 2070 2071
2069 2071 2072
2073 2074 2075
2073 2075 2076
2077 2078 2079
2077 2079 2080
2081 2082 2083
2081 2083 2084
2085 2086 2087
2085 2087 2088
2089 2090 2091
2089 2092 2090
2092 2089 2093
2092 2093 2094
2093 2095 2094
2094 2095 2096
2096 2095 2097
2098 2097 2095
2095 2099 2098
2095 2100 2099
2101 2099 2100
2101 2100 2102
2100 2103 2102
2100 2104 2103
2103 2105 2102
2104 2100 2106
2100 2107 2106
2108 2107 2100
2100 2109 2108
2102 2105 2110
2111 2102 2110
2112 2102 2111
2112 2113 2102
2108 2109 2114
2112 2115 2113
2114 2109 2116
2115 2117 2113
2118 2116 2109
2117 2119 2113
2109 2120 2118
2113 2119 2120
2109 2113 2120
2121 2113 2109
2121 2122 2113
2123 2121 2109
2123 2124 2121
2124 2123 2125
2123 2126 2125
2123 2127 2126
2123 2128 2127
2123 2129 2128
2130 2128 2129
2130 2131 2128
2132 2133 2134
2132 2135 2133
2132 2136 2135
2132 2137 2136
2138 2139 2140
2138 2140 2141
2142 2143 2144
2142 2144 2145
2146 2147 2148
2146 2148 2149
2150 2151 2152
2150 2152 2153
2154 2155 2156
2154 2156 2157
2156 2158 2157
2156 2159 2158
2160 2161 2162
2160 2162 2163
2164 2165 2166
2164 2166 2167
2168 2169 2170
2168 2170 2171
2172 2173 2174
2172 2174 2175
2176 2177 2178
2176 2178 2179
2180 2181 2182
2180 2182 2183
2184 2185 2186
2184 2186 2187
2188 2189 2190
2188 2191 2189
2188 2192 2191
2188 2193 2192
2194 2195 2196
2194 2196 2197
2198 2199 2200
2198 2200 2201
2202 2203 2204
2202 2204 2205
2206 2207 2208
2206 2208 2209
2210 2211 2212
2210 2212 2213
2214 2215 2216
2214 2217 2215
2217 2218 2215
2217 2219 2218
2220 2221 2222
2220 2222 2223
2224 2225 2226
2224 2227 2225
2227 2228 2229
2227 2230 2228
2230 2231 2232
2230 2233 2231
2233 2234 2235
2233 2236 2234
2236 2237 2238
2236 2239 2237
2239 2240 2241
2239 2241 2242
2243 2244 2245
2243 2245 2246
2247 2248 2249
2247 2249 2250
2251 2252 2253
2251 2253 2254
2255 2256 2257
2255 2257 2258
2259 2260 2261
2259 2262 2260
2259 2263 2262
2259 2264 2263
2265 2266 2267
2265 2267 2268
2269 2270 2271
2269 2271 2272
2273 2274 2275
2273 2275 2276
2277 2278 2279
2277 2279 2280
2281 2282 2283
2281 2284 2282
2285 2284 2281
2285 2286 2284
2287 2288 2286
2287 2286 2289
2290 2282 2291
2290 2291 2292
2292 2291 2293
2292 2293 2294
2294 2293 2295
2294 2295 2296
2296 2295 2297
2296 2297 2298
2298 2297 2299
2298 2299 2300
2300 2299 2301
2300 2301 2302
2301 2224 2303
2301 2303 2304
2305 2306 2307
2305 2307 2308
2309 2310 2311
2309 2311 2312
2313 2314 2315
2313 2315 2316
2317 2318 2319
2317 2319 2320
2321 2317 2320
2321 2320 2322
2323 2321 2322
2323 2322 2324
2325 2323 2324
2325 2324 2326
2327 2325 2326
2327 2328 2325
2329 2328 2327
2329 2330 2328
2331 2330 2329
2331 2332 2330
2333 2332 2331
2333 2334 2332
2335 2334 2333
2335 2336 2334
2337 2336 2335
2337 2338 2336
2339 2338 2337
2339 2340 2338
2341 2340 2339
2341 2342 2340
2343 2342 2341
2343 2344 2342
2345 2344 2343
2345 2343 2346
2347 2345 2346
2347 2346 2348
2349 2347 2348
2349 2348 2350
2351 2352 2353
2351 2353 2354
2355 2356 2357
2355 2357 2358
2359 2360 2361
2359 2361 2362
2363 2364 2365
2363 2366 2364
2366 2367 2364
2366 2368 2367
2368 2369 2367
2368 2370 2369
2371 2369 2370
2371 2370 2372
2373 2371 2372
2373 2372 2374
2375 2376 2377
2375 2378 2376
2379 2378 2375
2379 2380 2378
2381 2382 2383
2381 2383 2384
2381 2384 2385
2381 2385 2386
2387 2388 2389
2387 2389 2390
2390 2389 2391
2390 2391 2392
2392 2391 2393
2392 2393 2394
2395 2394 2393
2395 2396 2394
2397 2396 2395
2397 2398 2396
2399 2400 2401
2399 2401 2402
2403 2399 2402
2403 2402 2404
2405 2406 2407
2405 2408 2406
2405 2409 2408
2405 2410 2409
2411 2412 2413
2411 2413 2414
2415 2416 2417
2415 2417 2418
2419 2420 2421
2419 2421 2422
2423 2424 2425
2423 2425 2426
2427 2428 2429
2427 2429 2430
2431 2432 2433
2431 2433 2434
2435 2436 2437
2435 2437 2438
2439 2440 2441
2439 2441 2442
2443 2444 2445
2443 2445 2446
2447 2448 2446
2447 2449 2448
2450 2451 2452
2450 2452 2453
2454 2455 2456
2454 2456 2457
2458 2459 2457
2458 2460 2459
2461 2460 2462
2461 2462 2463
2464 2465 2466
2464 2466 2467
2468 2469 2466
2468 2470 2469
2471 2472 2473
2471 2473 2474
2475 2476 2477
2475 2477 2478
2479 2480 2481
2479 2482 2480
2483 2482 2484
2483 2484 2485
2486 2487 2488
2486 2488 2489
2490 2491 2492
2490 2492 2493
2494 2495 2496
2494 2496 2497
2498 2499 2500
2498 2500 2501
2502 2503 2504
2502 2504 2505
2506 2507 2508
2506 2508 2509
2510 2511 2512
2510 2512 2513
2514 2515 2516
2514 2516 2517
2518 2519 2520
2518 2520 2521
2522 2523 2524
2522 2524 2525
2526 2527 2528
2526 2528 2529
2530 2531 2532
2530 2532 2533
2534 2535 2536
2534 2536 2537
2538 2539 2540
2538 2540 2541
2542 2543 2544
2542 2544 2545
2546 2547 2548
2546 2548 2549
2550 2551 2552
2550 2553 2551
2554 2553 2555
2554 2555 2556
2557 2558 2559
2557 2559 2560
2561 2562 2563
2561 2564 2562
2565 2564 2566
2565 2566 2567
2568 2569 2567
2568 2570 2569
2571 2572 2573
2571 2573 2574
2575 2573 2576
2575 2576 2577
2578 2579 2580
2578 2580 2581
2582 2583 2584
2582 2584 2585
2586 2587 2588
2586 2588 2589
2590 2591 2589
2590 2592 2591
2593 2594 2595
2593 2595 2596
2597 2598 2599
2597 2599 2600
2601 2602 2603
2601 2603 2604
2605 2606 2607
2605 2607 2608
2609 2610 2611
2609 2611 2612
2613 2614 2615
2613 2615 2616
2617 2618 2619
2617 2619 2620
2621 2622 2623
2621 2623 2624
2625 2626 2627
2625 2627 2628
2629 2630 2631
2629 2631 2632
2633 2634 2635
2633 2635 2636
2637 2638 2639
2637 2639 2640
2641 2642 2643
2641 2643 2644
2645 2646 2647
2645 2647 2648
2649 2650 2651
2649 2651 2652
2652 2651 2653
2652 2653 2654
2654 2653 2655
2654 2655 2656
2657 2658 2659
2657 2659 2660
2661 2662 2663
2661 2663 2664
2665 2666 2667
2665 2667 2668
2669 2670 2671
2669 2672 2670
2672 2673 2670
2672 2674 2673
2675 2673 2674
2675 2674 2676
2676 2677 2675
2676 2678 2677
2679 2680 2681
2679 2681 2682
2683 2684 2685
2683 2685 2686
2687 2688 2689
2687 2690 2688
2687 2691 2690
2688 2690 2692
2688 2692 2693
2694 2693 2692
2694 2692 2695
2694 2695 2696
2694 2696 2697
2698 2697 2696
2698 2699 2697
2697 2699 2700
2701 2702 2703
2701 2703 2704
2705 2706 2707
2705 2707 2708
2709 2710 2711
2709 2712 2710
2712 2713 2710
2712 2714 2713
2714 2715 2713
2714 2716 2715
2717 2718 2719
2717 2719 2720
2721 2722 2723
2721 2723 2724
2725 2726 2727
2725 2727 2728
2729 2730 2731
2729 2731 2732
2732 2731 2733
2732 2733 2734
2735 2734 2733
2735 2736 2734
2736 2735 2737
2736 2737 2738
2739 2740 2741
2739 2741 2742
2743 2744 2745
2743 2745 2746
2747 2748 2749
2747 2749 2750
2747 2750 2751
2749 2752 2750
2749 2753 2752
2754 2752 2753
2754 2755 2752
2754 2756 2755
2754 2757 2756
2758 2756 2757
2758 2757 2759
2757 2760 2759
2761 2762 2763
2761 2763 2764
2765 2766 2767
2765 2767 2768
2769 2770 2771
2769 2771 2772
2773 2774 2775
2773 2775 2776
2777 2778 2779
2777 2779 2780
2781 2777 2780
2781 2780 2782
2781 2782 2783
2781 2783 2784
2785 2786 2787
2785 2787 2788
2789 2790 2791
2789 2791 2792
2793 2794 2795
2793 2795 2796
2797 2798 2799
2797 2799 2800
2801 2802 2803
2801 2803 2804
2803 2805 2804
2803 2806 2805
2805 2806 2807
2805 2807 2808
2809 2810 2811
2809 2811 2812
2813 2814 2815
2813 2815 2816
2817 2818 2819
2817 2820 2818
2821 2820 2817
2821 2822 2820
2821 2823 2822
2821 2824 2823
2825 2826 2827
2825 2827 2828
2829 2830 2831
2829 2831 2832
2833 2834 2835
2833 2835 2836
2837 2838 2839
2837 2839 2840
2841 2842 2843
2841 2844 2842
2842 2844 2845
2842 2845 2846
2845 2847 2846
2845 2848 2847
2849 2850 2851
2849 2851 2852
2853 2854 2855
2853 2856 2854
2853 2857 2856
2858 2859 2860
2858 2861 2859
2858 2862 2861
2863 2864 2865
2863 2866 2864
2867 2866 2863
2867 2868 2866
2869 2864 2870
2869 2870 2871
2872 2873 2868
2872 2874 2873
2875 2876 2877
2875 2877 2878
2879 2880 2881
2879 2881 2882
2879 2882 2883
2884 2885 2886
2884 2886 2887
2888 2889 2890
2888 2890 2891
2888 2891 2892
2893 2894 2895
2893 2895 2896
2897 2893 2896
2897 2896 2898
2899 2895 2900
2899 2900 2901
2902 2903 2898
2902 2904 2903
2905 2906 2907
2905 2907 2908
2909 2910 2911
2909 2911 2912
2912 2911 2913
2912 2913 2914
2914 2913 2915
2914 2915 2916
2916 2915 2917
2916 2917 2918
2918 2917 2919
2918 2919 2920
2919 2921 2920
2919 2922 2921
2921 2922 2923
2921 2923 2924
2924 2923 2925
2924 2925 2926
2926 2925 2927
2926 2927 2928
2928 2927 2929
2928 2929 2930
2930 2929 2931
2930 2931 2932
2932 2931 2933
2932 2933 2934
2934 2933 2935
2934 2935 2936
2936 2935 2937
2936 2937 2938
2938 2937 2939
2938 2939 2940
2940 2939 2941
2940 2941 2942
2943 2944 2945
2943 2945 2946
2946 2945 2947
2946 2947 2948
2948 2947 2949
2948 2949 2950
2950 2949 2951
2950 2951 2952
2952 2951 2953
2952 2953 2954
2953 2955 2954
2953 2956 2955
2955 2956 2957
2955 2957 2958
2958 2957 2959
2958 2959 2960
2960 2959 2961
2960 2961 2962
2962 2961 2963
2962 2963 2964
2964 2963 2965
2964 2965 2966
2966 2965 2967
2966 2967 2968
2968 2967 2969
2968 2969 2970
2970 2969 2971
2970 2971 2972
2972 2971 2973
2972 2973 2974
2974 2973 2975
2974 2975 2976
2977 2978 2979
2977 2979 2980
2980 2979 2981
2980 2981 2982
2982 2981 2983
2982 2983 2984
2984 2983 2985
2984 2985 2986
2986 2985 2987
2986 2987 2988
2987 2989 2988
2987 2990 2989
2989 2990 2991
2989 2991 2992
2992 2991 2993
2992 2993 2994
2994 2993 2995
2994 2995 2996
2996 2995 2997
2996 2997 2998
2998 2997 2999
2998 2999 3000
3000 2999 3001
3000 3001 3002
3002 3001 3003
3002 3003 3004
3004 3003 3005
3004 3005 3006
3006 3005 3007
3006 3007 3008
3008 3007 3009
3008 3009 3010
3011 3012 3013
3011 3014 3012
3014 3015 3012
3014 3016 3015
3016 3017 3015
3016 3018 3017
3018 3019 3017
3018 3020 3019
3020 3021 3019
3020 3022 3021
3021 3022 3023
3021 3023 3024
3023 3025 3024
3023 3026 3025
3026 3027 3025
3026 3028 3027
3028 3029 3027
3028 3030 3029
3030 3031 3029
3030 3032 3031
3032 3033 3031
3032 3034 3033
3034 3035 3033
3034 3036 3035
3036 3037 3035
3036 3038 3037
3038 3039 3037
3038 3040 3039
3040 3041 3039
3040 3042 3041
3042 3043 3041
3042 3044 3043
3045 3046 3047
3045 3048 3046
3048 3049 3046
3048 3050 3049
3050 3051 3049
3050 3052 3051
3052 3053 3051
3052 3054 3053
3054 3055 3053
3054 3056 3055
3055 3056 3057
3055 3057 3058
3057 3059 3058
3057 3060 3059
3060 3061 3059
3060 3062 3061
3062 3063 3061
3062 3064 3063
3064 3065 3063
3064 3066 3065
3066 3067 3065
3066 3068 3067
3068 3069 3067
3068 3070 3069
3070 3071 3069
3070 3072 3071
3072 3073 3071
3072 3074 3073
3074 3075 3073
3074 3076 3075
3076 3077 3075
3076 3078 3077
3079 3080 3081
3079 3082 3080
3082 3083 3080
3082 3084 3083
3084 3085 3083
3084 3086 3085
3086 3087 3085
3086 3088 3087
3088 3089 3087
3088 3090 3089
3089 3090 3091
3089 3091 3092
3091 3093 3092
3091 3094 3093
3094 3095 3093
3094 3096 3095
3096 3097 3095
3096 3098 3097
3098 3099 3097
3098 3100 3099
3100 3101 3099
3100 3102 3101
3102 3103 3101
3102 3104 3103
3104 3105 3103
3104 3106 3105
3106 3107 3105
3106 3108 3107
3108 3109 3107
3108 3110 3109
3110 3111 3109
3110 3112 3111
3113 3114 3115
3113 3115 3116
3117 3118 3116
3117 3116 3119
3120 3121 3115
3120 3122 3121
3123 3124 3121
3123 3125 3124
3126 3127 3124
3126 3128 3127
3129 3130 3127
3129 3131 3130
3132 3133 3130
3132 3134 3133
3135 3136 3133
3135 3137 3136
3138 3139 3140
3141 3138 3140
3142 3141 3140
3143 3142 3140
3144 3143 3140
3145 3144 3140
3146 3147 3148
3146 3148 3149
3150 3151 3149
3150 3149 3152
3153 3154 3148
3153 3155 3154
3156 3157 3154
3156 3158 3157
3159 3160 3157
3159 3161 3160
3162 3163 3160
3162 3164 3163
3165 3166 3163
3165 3167 3166
3168 3169 3166
3168 3170 3169
3171 3172 3173
3172 3174 3173
3174 3175 3173
3175 3176 3173
3176 3177 3173
3177 3178 3173
3179 3180 3181
3179 3182 3180
3183 3184 3182
3183 3182 3185
3186 3180 3187
3186 3187 3188
3189 3187 3190
3189 3190 3191
3192 3190 3193
3192 3193 3194
3195 3193 3196
3195 3196 3197
3198 3196 3199
3198 3199 3200
3201 3199 3202
3201 3202 3203
3204 3205 3206
3207 3205 3204
3208 3205 3207
3209 3205 3208
3210 3205 3209
3211 3205 3210
3212 3213 3214
3212 3215 3213
3216 3217 3215
3216 3215 3218
3219 3213 3220
3219 3220 3221
3222 3220 3223
3222 3223 3224
3225 3223 3226
3225 3226 3227
3228 3226 3229
3228 3229 3230
3231 3229 3232
3231 3232 3233
3234 3232 3235
3234 3235 3236
3237 3238 3239
3239 3238 3240
3240 3238 3241
3241 3238 3242
3242 3238 3243
3243 3238 3244
3245 3246 3247
3245 3248 3246
3249 3248 3245
3249 3245 3250
3251 3249 3250
3251 3250 3252
3253 3251 3252
3253 3252 3254
3253 3254 3255
3254 3256 3255
3254 3257 3256
3253 3255 3258
3259 3253 3258
3259 3260 3253
3261 3262 3263
3261 3264 3262
3265 3264 3261
3265 3261 3266
3267 3265 3266
3267 3266 3268
3269 3267 3268
3269 3268 3270
3271 3269 3270
3271 3270 3272
3271 3272 3273
3271 3274 3269
3274 3275 3269
3274 3276 3275
3277 3278 3279
3280 3277 3279
3277 3281 3278
3280 3282 3277
3281 3283 3278
3284 3282 3280
3281 3285 3283
3284 3280 3286
3285 3287 3283
3288 3284 3286
3285 3289 3287
3288 3286 3290
3289 3291 3287
3292 3288 3290
3289 3293 3291
3292 3290 3294
3293 3295 3291
3296 3292 3294
3293 3297 3295
3296 3294 3298
3297 3299 3295
3300 3296 3298
3297 3301 3299
3300 3298 3302
3301 3303 3299
3304 3300 3302
3301 3305 3303
3305 3306 3303
3304 3302 3307
3305 3308 3306
3307 3309 3304
3306 3308 3310
3307 3311 3309
3307 3312 3311
3307 3313 3312
3313 3307 3314
3313 3314 3315
3315 3314 3316
3315 3316 3317
3317 3316 3318
3317 3318 3319
3319 3318 3320
3319 3320 3321
3321 3320 3322
3321 3322 3323
3323 3322 3324
3323 3324 3325
3325 3324 3326
3325 3326 3327
3327 3326 3328
3327 3328 3329
3329 3328 3330
3329 3330 3331
3331 3330 3332
3331 3332 3333
3333 3332 3334
3333 3334 3335
3334 3336 3335
3334 3337 3336
3336 3337 3338
3336 3338 3339
3339 3338 3340
3339 3340 3341
3341 3340 3306
3341 3306 3342
3306 3343 3342
3306 3344 3343
3306 3310 3344
