byte offset: 0
first index: 0
index count: 20742
topology: trianglelist
format: DXGI_FORMAT_R16_UINT

0 1 2
1 3 4
1 5 3
1 6 5
6 7 5
6 8 7
1 9 6
10 9 1
10 1 11
11 1 12
13 10 11
13 11 14
14 11 15
14 15 16
17 13 14
17 14 18
19 17 18
20 18 14
20 14 21
19 18 22
23 19 22
22 18 24
22 24 25
23 22 26
26 22 27
26 27 28
29 30 31
32 33 31
34 32 31
34 31 35
36 34 35
37 35 31
37 38 35
32 34 39
39 34 36
36 35 40
40 35 41
42 32 39
43 32 42
32 43 44
45 39 36
46 42 39
45 46 39
46 47 42
45 48 46
42 47 49
45 50 48
42 49 51
51 43 42
49 52 51
52 43 51
49 53 52
52 54 43
55 43 54
53 56 52
53 57 56
52 56 58
45 59 50
59 45 36
60 50 59
59 61 60
60 62 50
60 63 62
59 36 64
59 64 61
65 64 36
65 61 64
65 36 40
66 65 40
66 40 67
40 68 67
60 69 63
60 61 69
65 70 61
71 70 65
71 72 70
70 72 73
61 70 74
70 75 74
63 69 76
63 76 77
76 78 77
61 79 69
61 74 79
69 79 80
76 69 80
79 74 81
79 81 80
80 81 82
83 81 74
83 74 84
76 80 85
80 86 85
76 87 78
87 76 85
78 87 88
88 87 85
78 88 89
88 85 90
91 90 85
89 88 92
89 92 93
88 94 92
88 95 96
52 97 98
99 100 101
101 102 103
101 103 104
105 101 104
105 104 106
105 106 107
105 108 101
109 101 108
109 110 101
110 111 101
112 110 109
112 113 110
113 114 110
113 115 114
116 113 112
116 117 113
118 117 116
119 113 117
119 120 113
118 121 117
122 121 118
121 123 117
121 124 123
122 125 121
125 126 121
125 127 126
128 81 129
130 131 132
131 133 134
131 135 136
131 136 137
137 136 138
136 139 138
140 131 137
141 131 140
142 131 141
142 143 131
144 142 141
144 145 142
146 141 140
147 141 146
137 148 140
148 146 140
137 138 149
137 150 148
150 137 149
148 151 146
152 146 151
153 151 148
154 151 153
155 148 150
155 153 148
156 153 155
153 156 157
155 150 158
156 155 159
159 155 158
160 150 149
150 161 158
161 150 160
149 162 160
160 163 161
160 162 163
149 164 162
149 138 164
163 162 165
162 164 165
166 158 161
161 163 167
161 167 166
159 158 168
166 168 158
169 168 166
159 168 169
163 165 170
170 167 163
171 166 167
169 166 171
138 172 164
138 173 172
164 172 174
164 174 165
172 175 174
174 175 176
172 177 175
175 178 176
165 174 179
174 176 180
174 180 179
179 181 165
181 170 165
179 180 182
181 179 183
183 179 182
183 182 184
180 185 182
184 182 185
185 180 186
180 176 186
184 185 187
187 185 186
187 186 188
176 189 186
188 186 189
176 190 189
176 191 190
192 191 176
193 184 187
188 193 187
188 189 194
189 195 194
188 196 193
196 188 194
197 196 194
197 194 198
199 193 196
197 200 196
199 196 200
193 201 184
193 199 202
193 202 201
203 199 200
197 204 200
204 203 200
205 204 197
204 205 206
204 206 203
203 207 199
202 199 207
206 208 203
208 207 203
206 209 208
208 210 207
206 211 209
212 211 206
211 213 209
214 207 210
202 207 214
214 210 215
216 214 215
217 202 214
216 217 214
217 218 202
218 201 202
216 219 217
219 218 217
216 220 219
220 221 219
220 222 221
221 222 223
218 224 201
184 201 224
219 225 218
221 225 219
221 223 226
227 226 223
184 224 228
228 183 184
218 229 224
218 225 229
224 229 228
221 230 225
221 226 230
225 230 229
231 183 228
229 231 228
230 232 229
229 232 231
226 233 230
230 233 232
231 234 183
234 181 183
232 235 231
235 234 231
236 181 234
235 236 234
232 237 235
232 233 237
238 233 226
227 238 226
236 239 181
239 170 181
240 236 235
240 235 237
240 239 236
237 233 241
238 241 233
237 241 242
242 240 237
241 238 242
240 242 243
240 243 239
238 244 242
244 238 227
244 243 242
239 245 170
170 245 167
246 245 239
246 239 243
245 247 167
245 246 247
171 167 247
248 246 243
247 246 248
244 249 243
248 243 249
249 244 250
244 227 250
251 171 247
247 248 251
248 252 251
253 248 249
253 249 250
248 253 252
251 254 171
252 254 251
171 254 255
171 255 169
253 250 256
257 250 227
256 250 257
253 256 258
258 252 253
257 259 256
258 256 259
257 227 260
257 261 259
260 261 257
227 262 260
227 263 262
264 262 263
264 263 265
266 264 265
266 267 264
268 267 266
260 262 269
264 270 262
262 270 269
271 261 260
260 269 271
272 261 271
272 271 269
273 259 261
261 272 273
274 272 269
270 274 269
264 275 270
264 267 275
275 276 270
270 276 274
274 277 272
273 272 277
267 278 275
278 276 275
274 279 277
276 279 274
267 280 278
268 280 267
268 281 280
268 282 281
281 282 283
280 281 284
280 284 278
281 283 285
284 281 285
286 285 283
278 287 276
276 288 279
287 288 276
289 288 287
278 290 287
278 284 290
289 287 290
279 288 291
288 289 291
292 290 284
292 289 290
284 285 293
292 284 293
286 294 285
294 293 285
279 291 295
277 279 295
277 295 296
273 277 296
296 295 297
295 291 297
273 296 298
296 297 298
273 298 259
299 294 286
299 286 300
299 300 301
301 300 302
303 299 301
304 294 299
304 299 305
305 306 304
304 307 294
306 307 304
294 307 293
293 307 308
306 308 307
293 308 292
309 259 298
258 259 309
310 292 308
306 311 308
308 311 310
306 312 311
310 313 292
292 313 289
309 298 314
315 258 309
314 315 309
298 316 314
298 297 316
315 317 258
317 315 318
258 317 252
314 319 315
316 319 314
318 315 319
252 317 320
317 318 320
252 320 321
252 321 254
254 321 322
320 322 321
254 322 255
322 323 255
320 324 322
318 324 320
324 323 322
323 325 255
255 325 169
325 326 169
326 159 169
327 326 325
327 325 323
326 328 159
327 328 326
328 156 159
156 328 329
327 330 328
318 331 324
324 332 323
331 332 324
327 323 333
334 327 333
335 333 323
335 323 332
336 333 335
331 337 332
335 332 337
338 331 318
337 331 339
331 338 339
335 337 340
337 339 340
335 340 341
338 318 342
318 319 342
343 338 342
339 338 343
344 342 319
343 342 344
344 319 345
316 345 319
345 316 346
297 346 316
347 346 297
297 291 347
291 348 347
289 348 291
289 349 348
289 313 349
347 348 350
350 348 349
313 351 349
349 351 350
350 351 352
313 310 351
353 347 350
346 347 353
353 350 352
310 354 351
352 351 354
310 311 354
354 311 355
352 354 356
352 356 357
358 352 357
353 352 359
359 352 360
361 346 353
362 353 359
361 353 362
363 361 362
362 359 364
363 362 365
366 346 361
345 346 366
367 366 361
367 361 363
368 345 366
367 368 366
368 344 345
344 368 369
368 367 369
343 344 369
370 367 363
369 367 370
371 343 369
339 343 371
370 372 369
371 369 372
373 339 371
339 373 340
373 374 340
373 371 375
371 372 375
376 373 375
372 377 375
378 375 377
372 379 377
380 377 379
370 381 372
372 381 379
381 370 382
379 381 383
381 382 383
379 383 384
382 370 385
382 385 386
370 363 385
385 363 387
388 383 382
389 383 388
389 388 390
388 382 391
392 393 377
394 379 395
396 363 397
363 398 399
400 401 382
402 403 382
404 405 138
138 406 407
408 409 175
410 411 412
413 410 414
413 415 410
415 416 410
415 417 416
417 418 416
418 419 416
416 420 410
410 420 421
416 422 420
420 422 423
424 422 416
424 425 422
422 426 423
426 427 423
423 427 428
420 423 429
430 420 429
430 429 431
429 423 432
429 432 433
434 429 433
434 433 435
436 432 423
423 437 436
436 437 438
433 432 439
432 436 440
432 440 439
433 439 441
433 441 442
433 442 443
440 436 444
436 445 444
436 446 445
439 440 447
441 439 448
439 447 448
440 444 449
440 449 447
449 444 450
449 451 447
451 449 450
448 447 452
452 447 451
441 448 453
448 452 453
454 441 453
454 455 441
444 445 456
444 456 450
456 445 457
445 458 457
457 458 459
460 456 457
450 456 460
457 459 461
460 457 461
462 452 451
463 451 450
463 462 451
450 460 464
465 463 450
465 450 464
463 466 462
466 463 465
452 462 467
467 462 466
468 460 461
460 468 464
452 467 469
452 469 453
469 467 470
453 469 471
453 471 472
473 453 472
467 466 474
475 467 474
474 466 476
476 466 465
477 465 464
468 478 464
477 464 478
479 476 465
479 465 477
474 476 480
476 479 481
476 481 480
477 482 479
477 478 483
477 483 482
479 484 481
479 482 484
478 468 485
478 486 483
478 485 486
468 487 485
468 461 487
474 480 488
489 474 488
480 481 490
480 490 488
491 488 490
491 492 488
490 481 493
490 493 494
481 484 493
495 487 461
495 461 496
496 461 459
496 459 497
459 498 497
459 499 498
500 487 495
500 501 487
485 487 501
500 502 501
485 501 502
503 502 500
485 502 504
486 485 504
503 505 502
502 505 504
506 505 503
486 504 507
483 486 507
506 508 505
508 506 509
510 508 509
505 511 504
507 504 511
505 508 511
483 507 512
483 512 482
510 513 508
514 513 510
507 511 515
507 515 512
508 516 511
508 513 516
515 511 516
515 516 517
512 518 482
484 482 518
512 515 519
515 517 519
512 519 518
514 520 513
521 520 514
513 522 516
517 516 522
522 513 520
484 518 523
493 484 523
517 524 519
517 525 524
517 526 525
519 527 518
518 527 523
527 519 528
517 529 526
517 522 529
529 530 526
529 531 530
522 532 529
529 532 531
532 533 531
522 520 532
532 520 534
521 534 520
535 532 534
532 535 536
521 537 534
537 535 534
521 538 537
539 537 538
539 538 540
539 540 541
539 541 542
543 542 541
543 544 542
545 537 539
545 539 542
537 546 535
545 546 537
545 542 547
547 542 548
547 548 549
550 535 546
550 546 551
551 546 552
553 546 545
553 545 547
553 552 546
554 552 553
555 553 547
554 553 555
555 547 556
555 556 557
554 555 558
558 555 559
558 559 560
561 554 558
561 558 562
561 562 563
554 564 552
565 552 564
554 566 564
567 564 566
567 566 568
554 569 566
561 569 554
570 566 569
571 566 570
571 570 572
573 569 561
570 569 573
573 561 574
574 561 575
574 575 576
573 574 577
574 578 577
574 579 578
570 573 580
573 577 580
577 581 580
570 580 582
582 580 581
583 570 582
583 584 570
577 585 581
577 586 585
577 587 586
582 581 588
589 582 588
589 590 582
581 585 591
585 592 591
585 593 592
581 594 588
595 588 594
581 591 596
581 596 594
591 597 596
591 598 597
591 599 598
596 600 594
601 594 600
602 601 600
602 600 603
596 604 600
596 597 604
605 603 600
604 605 600
604 597 606
597 607 606
597 608 607
604 609 605
604 606 609
609 606 610
611 610 606
611 606 612
609 610 613
614 609 613
614 605 609
615 605 614
615 616 605
605 616 603
615 617 616
615 618 617
603 616 619
616 617 619
619 620 603
618 621 617
618 622 621
623 619 617
623 617 621
622 624 621
622 625 624
624 625 626
621 627 623
624 627 621
628 623 627
623 629 619
628 629 623
626 630 624
626 631 630
624 632 627
630 632 624
619 629 633
619 633 634
629 635 633
629 636 635
628 636 629
628 637 636
628 638 637
628 639 638
640 628 627
640 627 632
640 639 628
631 641 630
631 642 641
630 643 632
641 643 630
644 640 632
644 632 643
645 639 640
644 645 640
642 646 641
647 643 641
647 641 646
642 648 646
647 646 648
642 649 648
650 644 643
650 643 647
649 651 648
649 652 651
653 644 650
653 645 644
654 650 647
654 653 650
655 647 648
655 648 651
654 647 655
652 656 651
652 657 656
656 657 658
656 658 659
660 651 656
660 656 661
662 660 661
655 651 663
663 651 660
655 664 654
663 664 655
665 664 663
663 660 666
666 660 662
665 663 666
667 654 664
667 653 654
668 666 662
668 665 666
669 664 665
667 664 669
667 670 653
653 670 645
671 667 669
667 671 670
645 670 672
645 672 639
671 673 670
673 672 670
639 672 674
674 675 639
673 676 672
672 676 674
671 677 673
671 669 678
678 677 671
679 676 673
677 679 673
674 676 680
676 681 680
682 674 680
681 683 680
681 684 683
679 685 676
676 685 681
678 669 686
669 687 686
669 665 687
678 688 677
689 679 677
688 689 677
689 690 679
691 688 678
691 678 686
688 692 689
692 688 691
693 689 692
693 692 694
695 692 691
687 665 696
687 697 686
687 696 697
698 691 686
698 686 697
699 691 698
696 665 700
700 665 668
697 696 701
701 698 697
700 702 696
701 696 702
703 700 668
703 702 700
703 668 704
704 668 662
704 662 705
706 702 703
707 701 702
706 707 702
708 703 704
708 706 703
704 709 708
709 704 710
704 711 710
707 712 701
713 707 706
713 712 707
714 706 708
714 713 706
713 715 712
713 716 715
714 717 713
714 718 717
719 714 708
719 708 709
720 714 719
720 721 714
701 712 722
701 722 698
722 723 698
712 724 722
712 725 724
726 725 712
727 719 709
728 719 727
728 729 719
727 709 730
730 709 731
731 709 732
709 733 732
734 727 730
735 734 730
735 730 736
734 737 727
737 738 727
739 737 734
739 734 740
740 734 741
734 742 741
743 737 739
743 744 737
737 745 746
747 488 748
749 469 750
751 752 753
754 752 755
755 752 756
755 756 757
756 758 757
759 756 752
760 759 752
759 761 756
761 762 756
761 763 762
764 761 759
765 764 759
765 759 766
764 767 761
767 768 761
767 769 768
767 764 770
771 767 770
772 767 771
770 764 773
773 764 774
773 774 775
764 776 774
774 777 775
770 773 778
778 773 775
770 778 779
771 770 780
770 779 780
778 775 781
781 779 778
782 771 780
783 771 782
783 784 771
781 785 779
786 780 779
786 779 785
781 775 787
788 785 781
781 787 788
788 787 789
775 790 787
787 790 791
787 791 792
775 793 790
794 793 775
786 795 780
796 795 786
786 785 797
796 786 797
795 798 780
798 782 780
793 799 790
790 799 800
790 800 801
785 802 797
785 803 802
788 803 785
804 803 788
788 805 804
795 806 798
795 807 806
796 807 795
808 797 802
796 797 809
808 809 797
802 803 810
810 803 811
802 810 812
812 808 802
812 813 808
809 808 814
813 814 808
815 796 809
809 814 815
810 816 812
816 810 817
816 817 818
812 816 819
819 816 820
819 820 821
812 819 822
822 813 812
822 819 823
823 813 822
823 824 813
824 825 813
825 826 813
814 813 826
825 827 826
828 814 826
815 814 828
827 829 826
828 826 829
827 830 829
815 828 831
829 832 828
831 828 832
830 833 829
829 834 832
829 833 834
830 835 833
830 836 835
835 836 837
835 837 838
835 839 833
833 839 834
835 838 839
832 834 840
831 832 840
834 839 840
838 841 839
838 842 841
839 843 840
839 841 843
842 844 841
842 845 844
841 846 843
841 844 846
847 846 844
848 844 845
848 847 844
848 845 849
850 848 849
851 840 843
846 851 843
850 852 848
852 847 848
850 853 852
850 854 853
851 855 840
855 831 840
831 855 856
855 851 856
846 857 851
846 847 857
858 831 856
859 858 856
858 815 831
856 851 860
851 857 860
858 861 815
815 861 796
862 856 860
862 859 856
860 857 863
863 862 860
857 847 864
857 864 863
859 865 858
858 865 861
866 796 861
866 807 796
861 865 867
859 867 865
861 867 866
807 866 868
807 868 806
869 806 868
870 806 869
870 798 806
798 870 871
798 871 782
871 872 782
870 873 871
873 874 871
873 875 874
870 876 873
876 877 873
876 878 877
870 879 876
870 869 879
879 880 876
880 879 869
880 869 881
881 869 882
882 869 883
882 883 884
883 869 868
884 883 885
884 885 886
887 883 868
887 885 883
866 887 868
888 887 866
867 888 866
885 887 889
888 889 887
867 890 888
859 890 867
886 885 891
885 889 892
885 892 891
888 893 889
889 893 892
886 891 894
886 894 895
894 896 895
897 896 894
891 892 898
894 891 898
897 894 898
892 893 898
897 898 899
897 899 900
890 901 888
901 893 888
898 893 902
898 902 899
903 893 901
903 902 893
901 890 903
900 899 904
900 904 905
906 899 902
906 902 903
906 904 899
904 906 907
904 908 905
904 907 908
908 909 905
910 909 908
906 903 911
906 911 907
890 912 903
903 912 911
910 908 913
913 908 907
910 913 914
910 914 915
916 912 890
916 890 859
912 917 911
917 912 916
918 916 859
918 859 862
911 919 907
911 917 919
917 916 920
920 916 918
921 918 862
863 921 862
917 922 919
922 917 920
907 919 923
923 919 922
920 918 924
921 924 918
925 921 863
864 925 863
922 920 926
926 920 924
927 924 921
925 927 921
925 864 928
847 928 864
907 923 929
913 907 929
913 929 930
913 930 931
929 923 932
929 932 933
927 934 924
926 924 934
925 928 935
927 925 935
927 936 934
926 934 936
928 937 935
928 938 937
927 935 939
927 939 936
935 940 939
935 941 940
939 942 936
939 943 942
926 936 944
944 936 945
944 945 946
947 926 944
947 922 926
947 944 948
947 948 949
923 922 947
923 947 950
923 950 951
952 153 953
156 954 955
956 957 328
958 959 327
960 961 962
961 963 964
965 961 966
967 961 968
969 961 970
971 961 972
973 961 974
975 961 976
977 978 961
961 979 980
981 982 961
983 984 961
985 986 961
987 988 961
989 990 961
991 992 961
993 961 994
994 961 995
995 961 996
996 961 997
998 999 961
999 1000 961
1000 1001 961
1001 1002 961
1003 1004 1005
1006 1007 1008
1009 1010 1011
1012 1010 1013
1012 1013 1014
1015 1014 1016
1017 1018 1019
1020 1021 1022
1023 1024 1025
1026 1027 1028
1029 1030 1031
1032 1033 1034
1035 1036 1037
445 1038 1039
782 1040 1041
1042 474 1043
1044 1045 1046
1045 1047 1048
1045 1049 1047
1049 1045 1050
1049 1050 1051
1052 1045 1053
1052 1054 1045
1045 1054 1055
1056 1054 1057
1054 1058 1059
1049 1060 1061
1049 142 1060
142 1049 1062
1063 142 1064
1054 1065 1066
1054 1066 1067
1068 1069 1066
1068 1070 1069
1071 1072 1073
1074 1072 1075
1076 1077 1078
1079 1080 194
1081 564 1082
1083 1084 1085
1085 1086 1087
1087 1088 1085
1085 1089 1086
1089 1085 1090
1086 1091 1087
1092 1087 1091
1092 1093 1087
1087 1093 1094
1086 1095 1091
1096 1092 1091
1096 1091 1095
1093 1092 1097
1092 1096 1098
1092 1098 1097
1098 1096 1099
1096 1095 1100
1099 1096 1100
1100 1095 1101
1086 1102 1095
1101 1095 1102
1103 1102 1086
1101 1102 1103
1104 1097 1098
1104 1098 1099
1100 1101 1105
1099 1100 1105
1106 1103 1086
1089 1106 1086
1106 1089 1107
1104 1108 1097
1097 1108 1109
1109 1093 1097
1093 1109 1110
1111 1099 1105
1112 1104 1099
1112 1099 1111
1106 1113 1103
1114 1113 1106
1114 1106 1115
1108 1116 1109
1109 1116 1117
1104 1118 1108
1104 1112 1119
1104 1119 1118
1120 1116 1108
1118 1120 1108
1118 1119 1121
1122 1118 1121
1120 1118 1123
1120 1123 1124
1120 1125 1116
1125 1120 1126
1125 1127 1116
1128 1127 1125
1119 1112 1129
1119 1129 1130
1130 1131 1119
1132 1131 1130
1112 1133 1129
1112 1111 1133
1129 1134 1130
1134 1135 1130
1135 1136 1130
1135 1137 1136
1111 1138 1133
1111 1139 1138
1111 1105 1139
1139 1105 1140
1101 1140 1105
1129 1133 1141
1129 1142 1134
1129 1141 1142
1135 1134 1143
1142 1144 1134
1144 1143 1134
1144 1145 1143
1135 1143 1146
1147 1135 1146
1148 1146 1143
1149 1146 1148
1133 1150 1141
1151 1142 1141
1151 1141 1150
1142 1152 1144
1142 1151 1152
1152 1153 1144
1133 1154 1150
1133 1138 1154
1138 1155 1154
1150 1154 1156
1154 1155 1156
1150 1157 1151
1150 1156 1157
1158 1157 1156
1159 1151 1157
1159 1152 1151
1159 1157 1158
1159 1160 1152
1155 1138 1161
1139 1161 1138
1155 1162 1156
1158 1156 1162
1155 1163 1162
1163 1158 1162
1159 1158 1164
1159 1164 1165
1139 1166 1161
1139 1140 1166
1161 1166 1167
1161 1167 1168
1140 1169 1166
1140 1170 1169
1155 1161 1171
1171 1161 1172
1171 1172 1173
1155 1171 1174
1174 1171 1175
1174 1175 1176
1155 1174 1163
1163 1174 1177
1177 1174 1178
1177 1178 1179
1180 1163 1177
1180 1177 1181
1180 1181 1182
1180 1183 1163
1183 1180 1184
1185 1163 1183
1185 1158 1163
1186 1185 1183
1186 1187 1185
1158 1185 1188
1185 1189 1188
1164 1158 1188
1164 1188 1190
1183 1191 1192
1164 1193 1194
1188 1195 1196
1197 1195 1188
552 1198 1199
552 1200 1201
1113 1202 1203
1113 1204 1205
1205 1103 1113
1205 1206 1103
1205 1207 1206
1205 1208 1207
1206 1209 1103
1101 1103 1209
1206 1210 1209
1206 1211 1210
1101 1209 1212
1101 1212 1140
1212 1213 1140
1212 1214 1213
1209 1215 1212
1209 1216 1215
1217 1218 757
1219 1220 1221
1222 1223 1224
1225 1226 1222
1225 1227 1226
467 1228 1229
1230 1231 1232
1233 1232 1234
799 1234 1232
799 1232 1235
799 1235 1236
793 1234 799
1237 1234 793
1238 1235 1239
1240 1241 1234
777 1242 793
1243 1244 692
1245 1246 722
1247 1248 1249
1250 1251 1247
1250 1252 1251
1253 1254 1255
1256 1257 1258
1259 1260 1258
1259 1261 1260
1262 1261 1263
1264 1265 1266
1267 1268 1266
1269 1270 1271
1272 1273 1274
1275 1276 1277
1278 1279 1280
1281 1282 1283
1284 1285 1286
1287 1288 1289
1290 1287 1291
1290 1291 1292
662 1293 1294
803 1295 1296
1297 1298 1146
1299 1300 691
1301 1302 1303
1304 1305 1306
1307 1308 588
594 1309 1310
594 1311 1312
1313 1314 1144
1315 1316 1317
1318 1319 1320
1321 1318 1322
1321 1322 1323
698 1324 1325
1326 359 1327
1328 335 1329
1330 1331 1332
1332 1333 1334
1332 1334 1335
1335 1336 1332
1335 1337 1336
1338 1339 1332
1338 1332 1340
1332 1341 1340
1342 1343 1340
1344 1345 1340
1335 1346 1347
1335 1347 388
388 1348 1335
1349 1350 388
1340 1351 1352
1340 1352 1353
1354 1355 1352
1354 1356 1355
1357 311 1358
1359 1360 375
373 1361 1362
340 1363 1364
1365 755 1366
1367 1368 1369
1370 1371 1367
1370 1372 1371
1373 1374 1375
1376 1377 1378
1379 1380 1381
1382 1383 1384
1385 1382 1386
1385 1386 1387
1388 1389 1390
1391 151 1392
1393 1394 146
1395 1396 1397
1395 1398 1399
1395 1400 1401
1395 1402 1403
1395 1404 1405
1395 1406 1407
1395 1408 1409
1395 1410 1411
1395 1412 1413
1395 1413 1414
1415 1416 1417
1417 1418 1419
1420 1418 1417
1420 1417 1421
1421 1417 1422
1421 1422 1423
1424 1420 1421
1425 1424 1421
1425 1421 1426
1418 1420 1427
1420 1428 1427
1424 1429 1420
1420 1429 1428
1428 1429 1430
1429 1424 1431
1430 1429 1431
1431 1424 1432
1432 1424 1433
1430 1431 1434
1434 1431 1435
1434 1435 1436
1418 1427 1437
1437 1438 1418
1438 1439 1418
1440 1427 1428
1437 1427 1440
1430 1434 1441
1434 1442 1441
1434 1443 1442
1430 1441 1444
1444 1441 1445
1441 1446 1445
1445 1446 1447
1448 1430 1444
1444 1445 1449
1448 1444 1449
1428 1430 1450
1448 1450 1430
1449 1445 1451
1445 1452 1451
1451 1452 1453
1451 1453 1454
1451 1454 1455
1451 1456 1449
1455 1456 1451
1448 1449 1457
1457 1449 1456
1458 1450 1448
1458 1448 1457
1459 1428 1450
1458 1459 1450
1459 1460 1428
1440 1428 1460
1458 1457 1461
1457 1456 1462
1462 1461 1457
1456 1463 1462
1456 1455 1464
1464 1463 1456
1464 1455 1465
1466 1459 1458
1466 1458 1461
1463 1467 1462
1462 1467 1461
1467 1468 1461
1466 1461 1469
1461 1468 1469
1470 1466 1469
1468 1470 1469
1463 1471 1467
1471 1468 1467
1466 1472 1459
1470 1473 1466
1466 1473 1472
1459 1472 1474
1475 1474 1472
1459 1474 1460
1476 1472 1473
1476 1473 1470
1475 1472 1476
1460 1474 1477
1460 1477 1440
1478 1476 1470
1478 1475 1476
1477 1474 1479
1475 1479 1474
1477 1480 1440
1477 1481 1480
1437 1440 1480
1477 1479 1482
1482 1481 1477
1483 1437 1480
1480 1481 1484
1480 1484 1483
1483 1485 1437
1437 1485 1438
1486 1485 1483
1486 1487 1485
1487 1438 1485
1483 1488 1486
1484 1488 1483
1487 1489 1438
1490 1438 1489
1490 1491 1438
1492 1488 1484
1492 1484 1493
1484 1481 1493
1494 1492 1493
1481 1494 1493
1481 1495 1494
1496 1492 1494
1496 1494 1495
1495 1497 1496
1481 1498 1495
1482 1498 1481
1499 1498 1482
1495 1498 1499
1500 1497 1495
1501 1497 1500
1500 1495 1502
1495 1499 1502
1499 1482 1503
1482 1479 1503
1504 1501 1500
1500 1502 1504
1505 1501 1504
1506 1501 1505
1507 1506 1505
1502 1499 1508
1502 1508 1504
1508 1499 1503
1508 1505 1504
1479 1509 1503
1475 1509 1479
1507 1505 1510
1505 1511 1510
1512 1507 1510
1508 1513 1505
1513 1511 1505
1508 1503 1514
1514 1513 1508
1503 1509 1515
1503 1515 1514
1514 1516 1513
1516 1511 1513
1515 1516 1514
1475 1517 1509
1517 1515 1509
1512 1510 1518
1511 1518 1510
1517 1475 1519
1519 1475 1478
1520 1512 1518
1520 1521 1512
1521 1520 1522
1521 1522 1523
1522 1524 1523
1522 1525 1524
1526 1515 1517
1527 1517 1519
1527 1526 1517
1519 1528 1527
1529 1519 1478
1529 1528 1519
1526 1530 1515
1515 1530 1516
1527 1528 1531
1527 1531 1526
1531 1532 1526
1528 1532 1531
1530 1526 1533
1526 1532 1533
1530 1534 1516
1530 1533 1534
1529 1478 1535
1478 1470 1535
1535 1536 1529
1470 1536 1535
1528 1529 1537
1529 1536 1537
1516 1534 1538
1516 1538 1511
1470 1539 1536
1470 1468 1539
1536 1539 1540
1468 1540 1539
1537 1536 1541
1536 1540 1541
1468 1542 1540
1471 1542 1468
1543 1542 1471
1463 1543 1471
1542 1543 1544
1542 1544 1540
1540 1544 1545
1540 1545 1541
1546 1543 1463
1545 1547 1541
1548 1546 1463
1464 1548 1463
1549 1546 1548
1541 1547 1550
1551 1550 1547
1537 1541 1550
1552 1548 1464
1549 1548 1552
1464 1553 1552
1549 1552 1554
1549 1554 1555
1551 1556 1550
1557 1556 1551
1558 1537 1550
1550 1556 1558
1556 1557 1559
1556 1559 1558
1559 1557 1560
1560 1561 1559
1559 1561 1558
1560 1562 1561
1563 1537 1558
1528 1537 1563
1564 1563 1558
1564 1558 1561
1563 1565 1528
1563 1564 1565
1528 1565 1532
1562 1566 1561
1562 1567 1566
1568 1564 1561
1568 1561 1566
1567 1569 1566
1569 1568 1566
1567 1570 1569
1532 1565 1571
1533 1532 1571
1564 1572 1565
1564 1568 1572
1571 1565 1572
1533 1571 1573
1533 1573 1534
1571 1572 1574
1573 1571 1574
1568 1575 1572
1574 1572 1575
1576 1569 1570
1576 1570 1577
1577 1578 1576
1577 1579 1578
1569 1580 1568
1568 1580 1575
1581 1569 1576
1581 1580 1569
1576 1582 1581
1576 1583 1582
1584 1580 1581
1584 1575 1580
1581 1585 1584
1581 1586 1585
1587 1575 1584
1584 1588 1587
1584 1589 1588
1587 1590 1575
1575 1590 1574
1591 1590 1587
1592 1591 1587
1592 1593 1591
1594 1574 1590
1591 1594 1590
1595 1594 1591
1596 1595 1591
1596 1597 1595
1598 1574 1594
1573 1574 1598
1594 1599 1598
1573 1598 1599
1595 1599 1594
1573 1599 1600
1534 1573 1600
1534 1600 1538
1538 1600 1601
1601 1600 1599
1601 1511 1538
1601 1599 1602
1595 1602 1599
1601 1603 1511
1602 1603 1601
1511 1603 1518
1518 1603 1604
1602 1604 1603
1518 1604 1520
1520 1604 1605
1602 1605 1604
1520 1605 1522
1522 1605 1606
1522 1606 1607
1595 1608 1602
1602 1608 1605
1609 1608 1595
1609 1595 1610
1611 1605 1608
1611 1612 1605
1552 1613 1614
1615 1616 1455
1438 1617 1618
1619 1620 1621
1619 1622 1623
1619 1624 1625
1619 1626 1627
1619 1628 1629
1619 1630 1631
1619 1632 1633
1619 1634 1635
1619 1636 1637
1619 1638 1636
1639 1640 1641
1640 1642 1643
1644 1640 1643
1644 1645 1640
1645 1646 1640
1645 1647 1646
1648 1645 1644
1649 1645 1648
1649 1650 1645
1643 1651 1644
1644 1651 1652
1648 1644 1653
1644 1652 1653
1652 1654 1653
1653 1655 1648
1654 1655 1653
1655 1656 1648
1656 1657 1648
1654 1658 1655
1658 1659 1655
1658 1660 1659
1643 1661 1651
1661 1643 1662
1662 1643 1663
1652 1651 1664
1661 1664 1651
1654 1665 1658
1658 1665 1666
1658 1666 1667
1654 1668 1665
1668 1669 1665
1665 1669 1670
1669 1671 1670
1654 1672 1668
1668 1673 1669
1672 1673 1668
1652 1674 1654
1654 1674 1672
1673 1675 1669
1669 1675 1676
1675 1677 1676
1675 1678 1677
1675 1679 1678
1675 1673 1680
1679 1675 1680
1672 1681 1673
1681 1680 1673
1682 1672 1674
1682 1681 1672
1683 1674 1652
1682 1674 1683
1683 1652 1684
1652 1664 1684
1682 1685 1681
1681 1686 1680
1686 1681 1685
1680 1686 1687
1680 1688 1679
1688 1680 1687
1688 1689 1679
1690 1682 1683
1690 1685 1682
1687 1686 1691
1686 1685 1691
1691 1685 1692
1690 1693 1685
1685 1693 1692
1694 1693 1690
1692 1693 1694
1687 1691 1695
1695 1691 1692
1690 1683 1696
1694 1690 1697
1690 1696 1697
1683 1698 1696
1699 1696 1698
1683 1684 1698
1700 1697 1696
1700 1694 1697
1699 1700 1696
1684 1701 1698
1684 1664 1701
1702 1694 1700
1702 1700 1699
1703 1698 1701
1699 1698 1703
1701 1664 1704
1701 1704 1705
1661 1704 1664
1703 1701 1706
1706 1701 1705
1661 1707 1704
1704 1708 1705
1704 1707 1708
1661 1709 1707
1661 1662 1709
1710 1707 1709
1710 1709 1711
1711 1709 1662
1707 1710 1712
1708 1707 1712
1711 1662 1713
1714 1713 1662
1714 1662 1715
1716 1708 1712
1716 1717 1708
1708 1717 1705
1718 1717 1716
1705 1717 1718
1705 1718 1719
1720 1718 1716
1720 1719 1718
1719 1720 1721
1705 1719 1722
1706 1705 1722
1723 1706 1722
1719 1723 1722
1724 1719 1721
1725 1724 1721
1724 1726 1719
1719 1726 1723
1723 1727 1706
1706 1727 1703
1728 1724 1725
1724 1728 1726
1729 1728 1725
1730 1729 1725
1731 1729 1730
1726 1732 1723
1726 1728 1732
1732 1727 1723
1732 1728 1729
1703 1727 1733
1699 1703 1733
1731 1734 1729
1729 1734 1735
1736 1734 1731
1732 1729 1737
1737 1729 1735
1732 1738 1727
1737 1738 1732
1727 1739 1733
1727 1738 1739
1737 1740 1738
1735 1740 1737
1739 1738 1740
1699 1733 1741
1741 1733 1739
1736 1742 1734
1735 1734 1742
1741 1743 1699
1743 1702 1699
1736 1744 1742
1736 1745 1744
1745 1746 1744
1745 1747 1746
1746 1747 1748
1746 1748 1749
1739 1750 1741
1751 1743 1741
1750 1751 1741
1743 1751 1752
1753 1702 1743
1753 1743 1752
1739 1754 1750
1739 1740 1754
1751 1755 1752
1750 1755 1751
1755 1750 1756
1752 1755 1756
1754 1757 1750
1750 1757 1756
1754 1740 1758
1754 1758 1757
1753 1759 1702
1702 1759 1694
1759 1753 1760
1694 1759 1760
1752 1761 1753
1753 1761 1760
1740 1762 1758
1735 1762 1740
1694 1760 1763
1694 1763 1692
1760 1764 1763
1692 1763 1764
1761 1765 1760
1760 1765 1764
1692 1764 1766
1695 1692 1766
1767 1695 1766
1687 1695 1767
1766 1768 1767
1766 1764 1768
1764 1769 1768
1764 1765 1769
1770 1687 1767
1769 1765 1771
1772 1687 1770
1688 1687 1772
1773 1772 1770
1765 1774 1771
1775 1771 1774
1761 1774 1765
1776 1688 1772
1773 1776 1772
1688 1776 1777
1778 1776 1773
1778 1773 1779
1775 1774 1780
1781 1775 1780
1782 1774 1761
1774 1782 1780
1780 1783 1781
1780 1782 1783
1783 1784 1781
1784 1783 1785
1783 1782 1785
1784 1785 1786
1787 1782 1761
1752 1787 1761
1788 1782 1787
1788 1785 1782
1787 1752 1789
1787 1789 1788
1752 1756 1789
1786 1785 1790
1786 1790 1791
1792 1785 1788
1792 1790 1785
1791 1790 1793
1793 1790 1792
1791 1793 1794
1756 1795 1789
1757 1795 1756
1788 1789 1796
1788 1796 1792
1795 1796 1789
1757 1797 1795
1757 1758 1797
1795 1798 1796
1797 1798 1795
1792 1796 1799
1798 1799 1796
1793 1792 1800
1792 1799 1800
1801 1794 1793
1801 1802 1794
1803 1802 1801
1803 1804 1802
1805 1793 1800
1805 1801 1793
1801 1805 1806
1801 1806 1807
1808 1805 1800
1808 1800 1799
1805 1808 1809
1805 1809 1810
1811 1808 1799
1808 1811 1812
1808 1812 1813
1811 1799 1814
1799 1798 1814
1814 1815 1811
1816 1811 1815
1816 1815 1817
1818 1814 1798
1814 1818 1815
1819 1815 1818
1820 1815 1819
1820 1819 1821
1822 1818 1798
1797 1822 1798
1818 1822 1823
1797 1823 1822
1819 1818 1823
1797 1824 1823
1758 1824 1797
1758 1762 1824
1762 1825 1824
1825 1823 1824
1825 1762 1735
1825 1826 1823
1819 1823 1826
1825 1735 1827
1826 1825 1827
1735 1742 1827
1742 1828 1827
1826 1827 1828
1742 1744 1828
1744 1829 1828
1826 1828 1829
1744 1746 1829
1830 1829 1746
1830 1746 1831
1819 1826 1832
1826 1829 1832
1833 1819 1832
1833 1834 1819
1835 1832 1829
1835 1829 1836
1776 1837 1838
1839 1679 1840
1662 1841 1842
1843 1844 1845
1846 1847 1848
1849 1850 1851
1852 1853 1854
1855 1856 1857
1858 1859 1860
1861 1862 1863
1864 1865 1866
1867 1868 1869
1870 1871 1872
1873 1874 1875
1876 1877 1878
1879 1880 1881
1882 1883 1884
1885 1886 1883
1883 1887 1888
1883 1888 1889
1890 1891 1883
1890 1892 1891
1893 1894 1895
1896 1894 1897
1896 1898 1894
1899 1894 1898
1899 1898 1900
1901 1899 1900
1902 1894 1899
1902 1903 1894
1901 1904 1899
1904 1901 1905
1904 1905 1906
1899 1904 1907
1899 1907 1902
1907 1904 1908
1907 1908 1909
1907 1910 1902
1907 1911 1910
1911 1907 1912
1913 1914 1902
1915 1916 1917
1916 1918 1919
1916 1919 1920
1921 1916 1920
1922 1916 1921
1922 1921 1923
1921 1920 1924
1920 1925 1924
1919 1926 1920
1927 1926 1919
1927 1928 1926
1926 1928 1929
1920 1930 1925
1926 1930 1920
1925 1930 1931
1925 1931 1932
1933 1930 1926
1933 1926 1934
1919 1935 1936
1937 1938 1939
1940 1937 1941
1942 1943 1937
1942 1937 1944
1945 1942 1944
1945 1946 1942
1937 1947 1944
1948 1947 1937
1949 1948 1937
1950 1949 1937
1951 1945 1944
1944 1947 1952
1953 1952 1947
1944 1952 1954
1951 1944 1954
1948 1955 1947
1953 1947 1955
1953 1956 1952
1956 1954 1952
1957 1955 1948
1948 1949 1958
1957 1948 1958
1959 1953 1955
1957 1959 1955
1960 1957 1958
1960 1961 1957
1962 1959 1957
1962 1963 1959
1959 1964 1953
1965 1964 1959
1965 1966 1964
1967 1953 1964
1964 1968 1967
1968 1969 1967
1964 1970 1968
1967 1971 1953
1969 1971 1967
1953 1971 1956
1969 1956 1971
1972 1956 1969
1956 1972 1954
1969 1968 1973
1969 1973 1974
1968 1975 1973
1968 1976 1975
1972 1969 1977
1969 1974 1977
1978 1972 1977
1974 1978 1977
1972 1979 1954
1978 1979 1972
1979 1980 1954
1980 1951 1954
1979 1978 1981
1980 1979 1982
1979 1981 1982
1951 1980 1983
1980 1982 1983
1951 1983 1984
1951 1984 1945
1982 1985 1983
1983 1985 1984
1974 1986 1978
1986 1981 1978
1982 1987 1985
1987 1982 1981
1945 1984 1988
1945 1988 1989
1984 1990 1988
1984 1985 1990
1988 1990 1991
1988 1991 1992
1985 1993 1990
1994 1985 1987
1993 1985 1994
1991 1990 1995
1990 1993 1995
1987 1981 1996
1997 1994 1987
1997 1987 1996
1996 1998 1997
1996 1981 1999
1986 1999 1981
1996 2000 1998
1996 1999 2000
1999 2001 2000
2001 1998 2000
2002 1999 1986
1999 2002 2001
1991 1995 2003
1991 2003 2004
2005 1991 2004
2006 1994 1997
2007 1997 1998
2007 2006 1997
2006 2008 1994
2007 2009 2006
2009 2008 2006
2008 2010 1994
1994 2010 1993
1993 2011 1995
2010 2011 1993
2012 2010 2008
2009 2012 2008
2013 2011 2010
2012 2013 2010
2007 2014 2009
2015 2012 2009
2015 2009 2014
2007 1998 2016
2016 2014 2007
2017 2013 2012
2017 2012 2015
1995 2011 2018
2013 2019 2011
2019 2018 2011
2018 2020 1995
1995 2020 2003
2021 2013 2017
2019 2013 2021
2022 2020 2018
2019 2022 2018
2015 2014 2023
2014 2016 2024
2014 2024 2023
2024 2016 2025
2025 2023 2024
2026 2015 2023
2026 2017 2015
2025 2016 2027
2027 2016 1998
2025 2028 2023
2028 2026 2023
2027 1998 2029
2001 2029 1998
2027 2030 2025
2030 2028 2025
2027 2031 2030
2029 2031 2027
2032 2031 2029
2032 2029 2001
2032 2001 2002
2030 2033 2028
2032 2002 2034
2035 2028 2033
2035 2026 2028
2035 2033 2036
2037 2035 2036
2034 2002 2038
2034 2038 2039
2002 1986 2038
2039 2038 2040
1986 2040 2038
2039 2040 2041
1986 1974 2040
2040 2042 2041
2035 2043 2026
2043 2017 2026
2037 2044 2035
2035 2044 2043
2045 2044 2037
2046 2017 2043
2044 2046 2043
2046 2021 2017
2040 1974 2047
2040 2047 2042
2042 2047 2048
2042 2048 2049
1974 2050 2047
2047 2050 2051
1973 2050 1974
2052 2050 1973
2050 2052 2053
2044 2054 2046
2045 2054 2044
2045 2055 2054
2045 2056 2055
2055 2056 2057
2054 2058 2046
2054 2055 2058
2055 2057 2059
2058 2055 2059
2060 2059 2057
2046 2058 2061
2046 2061 2021
2019 2021 2061
2062 2019 2061
2062 2061 2058
2062 2022 2019
2058 2059 2063
2062 2058 2063
2060 2064 2059
2064 2063 2059
2065 2022 2062
2022 2065 2020
2063 2066 2062
2065 2062 2066
2067 2065 2066
2063 2068 2066
2064 2068 2063
2067 2066 2068
2069 2064 2060
2069 2060 2070
2069 2070 2071
2069 2071 2072
2073 2068 2064
2073 2064 2069
2067 2068 2073
2073 2069 2074
2073 2074 2075
2075 2067 2073
2065 2076 2020
2003 2020 2076
2003 2076 2077
2003 2077 2078
2065 2079 2076
2067 2079 2065
2076 2079 2080
2076 2080 2081
2067 2082 2079
2067 2083 2082
2083 2067 2084
2085 2003 2086
2087 2088 2089
2090 2089 2091
2091 2092 2093
2094 2095 2091
2096 2097 2091
2091 2097 2098
2099 2097 2100
2101 2102 2097
2097 2102 2103
2103 2102 2104
2102 2105 2104
2097 2103 2106
2106 2103 2107
2103 2104 2107
2106 2107 2108
2104 2109 2107
2109 2110 2107
2104 2111 2109
2104 2112 2111
2104 2113 2112
2111 2114 2109
2114 2115 2109
2111 2116 2114
2117 2116 2111
2117 2118 2116
2116 1949 2114
2119 2114 1949
2116 1958 1949
2120 1958 2116
2120 2121 1958
2122 2123 2104
2109 2124 2125
2114 2126 2127
2128 2129 1949
1945 2130 2131
1945 2132 2133
2134 2135 1973
2136 2137 2102
2138 2139 2140
2141 2142 2138
2143 2138 2144
2143 2145 2138
2146 2145 2143
2146 2143 2147
2138 2145 2148
2149 2138 2148
2150 2138 2149
2151 2138 2150
2152 2145 2146
2145 2153 2148
2154 2148 2153
2145 2155 2153
2152 2155 2145
2149 2148 2156
2154 2156 2148
2154 2153 2157
2157 2153 2155
2158 2149 2156
2149 2159 2150
2158 2159 2149
2160 2156 2154
2158 2156 2160
2161 2159 2158
2161 2158 2162
2163 2158 2160
2163 2160 2164
2160 2154 2165
2166 2160 2165
2166 2165 2167
2168 2165 2154
2165 2168 2169
2169 2168 2170
2165 2169 2171
2168 2154 2172
2170 2168 2172
2154 2157 2172
2170 2172 2157
2173 2170 2157
2157 2155 2173
2170 2174 2169
2170 2175 2174
2169 2174 2176
2169 2176 2177
2173 2178 2170
2170 2178 2175
2179 2178 2173
2175 2178 2179
2173 2155 2180
2179 2173 2180
2180 2155 2181
2181 2155 2152
2180 2182 2179
2181 2183 2180
2180 2183 2182
2152 2184 2181
2181 2184 2183
2152 2185 2184
2152 2146 2185
2183 2184 2186
2184 2185 2186
2175 2179 2187
2187 2179 2182
2183 2186 2188
2188 2182 2183
2146 2189 2185
2146 2190 2189
2185 2189 2191
2185 2191 2186
2189 2192 2191
2189 2193 2192
2186 2191 2194
2195 2188 2186
2194 2195 2186
2196 2191 2192
2191 2196 2194
2188 2197 2182
2198 2188 2195
2198 2197 2188
2199 2197 2198
2197 2200 2182
2187 2182 2200
2199 2201 2197
2197 2201 2200
2200 2201 2202
2202 2201 2199
2203 2187 2200
2200 2202 2203
2196 2192 2204
2192 2205 2204
2206 2205 2192
2207 2198 2195
2208 2199 2198
2208 2198 2207
2207 2195 2209
2208 2207 2210
2210 2207 2209
2209 2195 2211
2195 2194 2211
2194 2196 2212
2211 2194 2212
2213 2209 2211
2210 2209 2213
2214 2211 2212
2213 2211 2214
2208 2210 2215
2216 2210 2213
2216 2215 2210
2208 2217 2199
2217 2208 2215
2218 2213 2214
2218 2216 2213
2196 2219 2212
2214 2212 2220
2220 2212 2219
2219 2196 2221
2196 2204 2221
2222 2218 2214
2220 2222 2214
2223 2219 2221
2220 2219 2223
2216 2224 2215
2215 2225 2217
2215 2224 2225
2225 2226 2217
2226 2225 2224
2227 2224 2216
2227 2216 2218
2226 2228 2217
2228 2199 2217
2226 2224 2229
2229 2224 2227
2228 2230 2199
2202 2199 2230
2228 2226 2231
2231 2226 2229
2228 2231 2232
2230 2228 2232
2233 2230 2232
2233 2202 2230
2203 2202 2233
2231 2229 2234
2203 2233 2235
2236 2234 2229
2236 2229 2227
2236 2237 2234
2238 2237 2236
2235 2239 2203
2235 2240 2239
2203 2239 2187
2240 2241 2239
2187 2239 2241
2240 2242 2241
2187 2241 2175
2241 2242 2243
2236 2227 2244
2244 2227 2218
2238 2236 2245
2236 2244 2245
2246 2238 2245
2247 2244 2218
2245 2244 2247
2247 2218 2222
2241 2248 2175
2241 2243 2248
2243 2249 2248
2243 2250 2249
2175 2248 2251
2248 2252 2251
2174 2175 2251
2253 2174 2251
2251 2254 2253
2245 2247 2255
2246 2245 2255
2247 2222 2256
2220 2256 2222
2246 2255 2257
2246 2257 2258
2257 2259 2258
2255 2247 2260
2247 2256 2260
2255 2260 2257
2261 2256 2220
2261 2260 2256
2261 2220 2223
2257 2262 2259
2260 2262 2257
2263 2259 2262
2260 2264 2262
2261 2264 2260
2265 2261 2223
2223 2221 2265
2263 2262 2266
2266 2262 2264
2264 2261 2267
2265 2267 2261
2268 2267 2265
2264 2267 2269
2266 2264 2269
2268 2269 2267
2265 2221 2270
2204 2270 2221
2271 2263 2266
2271 2272 2263
2271 2273 2272
2271 2274 2273
2275 2266 2269
2275 2271 2266
2268 2275 2269
2275 2276 2271
2275 2277 2276
2277 2275 2268
2204 2278 2270
2204 2279 2278
2280 2281 2204
2270 2282 2283
2270 2283 2284
2265 2270 2284
2268 2265 2284
2285 2268 2284
2285 2286 2268
2286 2287 2268
2288 2289 2290
2291 2290 2292
2290 2293 2292
2293 2294 2292
2292 2294 2295
2290 2296 2293
2296 2297 2293
2293 2297 2294
2296 2298 2297
2294 2297 2299
2299 2297 2300
2294 2299 2301
2294 2301 2302
2294 2302 2303
2301 2299 2304
2304 2299 2305
2301 2304 2306
2307 2301 2306
2307 2306 2308
2306 2304 2150
2309 2150 2304
2306 2150 2159
2310 2306 2159
2310 2159 2311
2312 2294 2313
2299 2314 2315
2304 2316 2317
2318 2150 2319
2320 2321 2322
2323 2320 2324
2325 2320 2326
2326 2327 2328
2329 2320 2290
2320 2330 2290
2146 2331 2332
2146 2333 2334
2335 2174 2336
2337 2292 2338
2339 2340 2341
2342 2343 2344
2345 2346 2347
2345 2348 2349
2350 2345 2351
2352 2345 2353
2354 2345 2355
2345 2356 2357
2358 2359 2345
2345 2360 2361
2362 2363 2345
2364 2345 2365
2364 2366 2345
2345 2367 2368
2367 2345 2369
2370 2371 2372
2370 2373 2374
2375 2376 2370
2377 2378 2370
2379 2380 2370
2370 2381 2382
2383 2370 2384
2370 2385 2386
2387 2370 2388
2389 2390 2370
2389 2370 2391
2370 2392 2393
2393 2394 2370
2395 2396 2397
2396 2398 2399
2400 2396 2401
2396 2400 2402
2402 2403 2396
2396 2403 2404
2402 2400 2405
2402 2406 2403
2405 2406 2402
2406 2407 2403
2403 2407 2408
2403 2408 2409
2405 2410 2406
2406 2411 2407
2410 2411 2406
2405 2412 2410
2410 2413 2411
2412 2413 2410
2414 2407 2411
2407 2414 2415
2407 2415 2416
2414 2411 2417
2417 2411 2413
2417 2418 2414
2418 2419 2414
2418 2420 2419
2421 2412 2405
2422 2413 2412
2421 2422 2412
2417 2413 2423
2413 2422 2423
2421 2405 2424
2405 2400 2424
2417 2425 2418
2426 2417 2423
2426 2425 2417
2427 2418 2425
2427 2428 2418
2423 2422 2429
2430 2422 2421
2429 2422 2430
2423 2429 2431
2423 2431 2426
2429 2430 2432
2432 2431 2429
2421 2433 2430
2433 2432 2430
2421 2424 2434
2421 2434 2433
2434 2424 2435
2400 2435 2424
2400 2436 2435
2436 2400 2437
2436 2437 2438
2426 2431 2439
2432 2440 2431
2439 2431 2440
2433 2441 2432
2441 2440 2432
2433 2434 2442
2441 2433 2442
2434 2435 2443
2442 2434 2443
2436 2444 2435
2443 2435 2444
2436 2445 2444
2445 2436 2446
2445 2446 2447
2448 2444 2445
2443 2444 2448
2448 2445 2449
2450 2449 2445
2450 2451 2449
2448 2449 2452
2452 2449 2453
2452 2453 2454
2443 2455 2442
2443 2448 2456
2443 2456 2455
2457 2456 2448
2448 2452 2457
2442 2455 2458
2441 2442 2458
2456 2459 2455
2459 2456 2457
2460 2441 2458
2441 2460 2440
2440 2460 2461
2439 2440 2461
2452 2462 2457
2463 2462 2452
2463 2452 2464
2459 2457 2465
2457 2462 2465
2461 2460 2466
2460 2458 2467
2467 2466 2460
2468 2439 2461
2466 2468 2461
2467 2458 2469
2470 2466 2467
2470 2467 2469
2466 2471 2468
2470 2471 2466
2469 2458 2472
2458 2455 2472
2455 2459 2473
2455 2473 2472
2468 2474 2439
2471 2475 2468
2475 2474 2468
2474 2476 2439
2426 2439 2476
2476 2425 2426
2477 2425 2476
2474 2477 2476
2427 2425 2477
2474 2478 2477
2475 2478 2474
2477 2478 2479
2477 2479 2427
2475 2479 2478
2479 2480 2427
2479 2481 2480
2475 2482 2479
2479 2482 2483
2471 2484 2475
2484 2485 2475
2484 2486 2485
2487 2484 2471
2487 2471 2470
2488 2484 2487
2489 2484 2488
2489 2488 2490
2491 2488 2487
2491 2492 2488
2487 2470 2493
2491 2487 2493
2493 2470 2494
2470 2469 2494
2495 2491 2493
2496 2491 2495
2493 2494 2497
2495 2493 2497
2469 2498 2494
2497 2494 2498
2469 2499 2498
2472 2499 2469
2472 2500 2499
2501 2499 2500
2472 2473 2500
2500 2473 2502
2499 2503 2498
2499 2504 2503
2504 2505 2503
2497 2506 2495
2495 2506 2507
2508 2497 2498
2497 2508 2506
2509 2498 2503
2508 2498 2509
2509 2510 2508
2503 2511 2509
2509 2511 2512
2513 2506 2508
2514 2506 2513
2514 2513 2515
2513 2508 2516
2508 2517 2516
2518 2513 2516
2516 2519 2518
2518 2520 2513
2521 2520 2518
2513 2520 2522
2521 2518 2523
2521 2523 2524
2521 2525 2520
2520 2525 2526
2521 2527 2525
2525 2527 2528
2525 2528 2529
2521 2530 2527
2531 2530 2521
2528 2527 2532
2532 2527 2530
2528 2532 2533
2528 2533 2534
2535 2532 2530
2535 2530 2536
2535 2536 2537
2535 2538 2532
2538 2533 2532
2539 2538 2535
2540 2538 2539
2538 2540 2533
2540 2539 2541
2533 2540 2542
2543 2540 2541
2544 2540 2543
2545 2528 2546
2547 2530 2548
2549 2533 2550
2551 2552 2553
2554 2506 2555
2556 2495 2557
2558 2559 2560
2561 2562 2427
2563 2564 2565
2566 2567 2568
2569 2570 2571
2572 2573 2574
2575 2576 2577
2578 2579 2580
2581 2582 2583
2584 2585 2586
2587 2588 2589
2590 2591 2587
2590 2587 2592
2593 2592 2587
2594 2592 2593
2594 2595 2592
2593 2587 2596
2597 2596 2587
2587 2598 2597
2594 2593 2599
2599 2593 2600
2593 2596 2601
2601 2600 2593
2601 2596 2602
2603 2600 2601
2604 2599 2600
2594 2599 2604
2597 2605 2596
2596 2605 2606
2604 2600 2607
2600 2608 2607
2465 2605 2597
2597 2609 2465
2462 2605 2465
2610 2605 2462
2610 2462 2611
2604 2607 2612
2613 2612 2607
2604 2612 2614
2594 2604 2614
2615 2614 2612
2615 2612 2616
2616 2612 2617
2618 2614 2615
2594 2614 2618
2619 2594 2618
2619 2618 2620
2607 2621 2622
2623 2612 2624
2594 2625 2626
2597 2627 2628
2629 2630 2631
2632 2633 2634
2635 2636 2637
2638 2635 2639
2640 2635 2641
2640 2642 2635
2642 2640 2643
2642 2643 2500
2642 2500 2644
2645 2635 2642
2635 2645 2646
2647 2645 2642
2648 2649 2640
2650 2640 2651
2640 2652 2653
2640 2654 2655
2656 2645 2657
2645 2658 2657
2659 2660 2661
2662 2663 2664
2665 2666 2667
2668 2669 2670
2671 2672 2670
2670 2673 2674
2675 2676 2670
2670 2677 2678
2670 2678 2679
2680 2670 2679
2678 2681 2679
2682 2681 2678
2681 2683 2679
2681 2684 2685
2686 2687 2681
2688 2689 2679
2690 2688 2679
2691 2690 2679
2692 2693 2681
2693 2694 2681
2695 2696 2679
2697 2695 2679
2698 2697 2679
2699 2700 2679
2701 2699 2679
2702 2699 2701
2702 2703 2699
2704 2701 2679
2705 2704 2679
2706 2701 2704
2706 2707 2701
2708 2709 2699
2710 2711 2699
2712 2713 2699
2714 2715 2704
2716 2717 2704
2718 2719 2704
2720 2721 2722
2723 2724 2725
2726 2727 2728
2729 2730 2731
2732 2733 2734
2518 2735 2736
2737 2738 2739
2740 2741 2742
2503 2743 2744
2503 2745 2746
2747 2748 2749
2750 2751 2752
2753 2754 2755
2756 2757 2758
2759 2760 2761
2762 2763 2764
2765 2766 2767
2768 2769 2770
2768 2771 2772
2768 2773 2774
2768 2775 2473
2459 2768 2473
2459 2776 2768
2459 2465 2776
2465 2777 2776
2776 2778 2768
2776 2779 2778
2776 2780 2781
2520 2782 2783
2784 2785 2786
2787 2788 2789
2790 2788 2791
2790 2791 2792
2793 2794 2795
2796 2797 2798
2799 2800 2801
2802 2803 2491
2592 2804 2805
2806 2521 2807
2808 2809 2810
2811 2812 2813
2814 2815 2816
2817 2818 2819
2820 2821 2822
2823 2824 2825
2826 2827 2828
2829 2830 2831
2832 2833 2834
2835 2836 2837
2838 2839 2840
2841 2842 2843
2844 2845 2846
2847 2848 2849
2850 2851 2852
2853 2854 2855
2856 2857 2858
2859 2860 2861
2862 2863 2864
2865 2866 2867
2868 2869 2870
2871 2872 2873
2874 2875 2876
2877 2878 2879
2880 2881 2882
2883 2884 2885
2886 2887 2888
2889 2890 2891
2892 2893 2894
2895 2896 2897
2898 2899 2900
2901 2902 2903
2904 2905 2906
2907 2908 2909
2910 2911 2912
2913 2914 2915
2916 2917 2918
2919 2920 2921
2922 2923 2924
2925 2926 2927
2928 2929 2930
2931 2932 2933
2934 2935 2936
2937 2938 2939
2940 2941 2942
2943 2944 2945
2946 2947 2948
2949 2950 2951
2952 2953 2954
2955 2956 2957
2958 2959 2960
2961 2962 2963
2964 2965 2966
2967 2968 2969
2970 2967 2971
2970 2971 2972
2973 2974 2975
2976 2977 2978
2979 2980 2981
2982 2983 2979
2982 2984 2983
2985 2986 2987
2988 2989 2990
2991 2992 2993
2994 2995 2996
2997 2998 2999
3000 3001 2997
3000 3002 3001
3003 3004 3005
3006 3007 3008
3009 3010 3011
3012 3009 3013
3012 3013 3014
3015 3016 3017
3018 3019 3020
3021 3022 3023
3024 3025 3026
3026 3027 3028
3029 3030 3026
3026 3031 3029
3031 3026 3032
3026 3033 3032
3031 3034 3029
3031 3032 3035
3035 3034 3031
3035 3032 3036
3032 3037 3036
3032 3038 3037
3035 3039 3034
3035 3036 3040
3039 3035 3040
3034 3039 3041
3039 3040 3042
3041 3039 3042
3043 3040 3036
3036 3044 3043
3036 3045 3044
3043 3046 3040
3046 3042 3040
3046 3043 3047
3047 3043 3048
3047 3048 3049
3050 3034 3041
3051 3041 3042
3050 3041 3051
3046 3052 3042
3042 3052 3051
3050 3053 3034
3034 3053 3029
3046 3047 3054
3055 3052 3046
3055 3046 3054
3056 3054 3047
3056 3047 3057
3052 3058 3051
3059 3050 3051
3058 3059 3051
3052 3060 3058
3052 3055 3060
3058 3061 3059
3061 3058 3060
3050 3059 3062
3062 3059 3061
3050 3063 3053
3050 3062 3063
3063 3064 3053
3029 3053 3064
3029 3064 3065
3065 3066 3029
3065 3067 3066
3055 3068 3060
3061 3060 3069
3068 3069 3060
3062 3061 3070
3070 3061 3069
3062 3071 3063
3070 3071 3062
3063 3072 3064
3071 3072 3063
3065 3064 3073
3072 3073 3064
3065 3073 3074
3074 3075 3065
3074 3076 3075
3074 3073 3077
3072 3077 3073
3074 3077 3078
3078 3079 3074
3078 3080 3079
3077 3081 3078
3081 3082 3078
3081 3083 3082
3072 3071 3084
3072 3085 3077
3072 3084 3085
3086 3077 3085
3077 3086 3081
3071 3087 3084
3070 3087 3071
3085 3084 3088
3088 3086 3085
3089 3087 3070
3070 3069 3089
3069 3090 3089
3068 3090 3069
3081 3086 3091
3081 3091 3092
3081 3092 3093
3088 3094 3086
3086 3094 3091
3090 3095 3089
3089 3096 3087
3096 3089 3095
3097 3090 3068
3095 3090 3097
3096 3098 3087
3099 3096 3095
3099 3098 3096
3095 3097 3100
3099 3095 3100
3098 3101 3087
3087 3101 3084
3084 3102 3088
3084 3101 3102
3097 3068 3103
3100 3097 3104
3104 3097 3103
3103 3068 3105
3055 3105 3068
3105 3055 3054
3106 3105 3054
3103 3105 3106
3056 3106 3054
3103 3106 3107
3104 3103 3107
3106 3108 3107
3106 3056 3108
3104 3107 3108
3108 3056 3109
3108 3109 3110
3104 3108 3111
3108 3112 3111
3100 3104 3113
3113 3104 3114
3113 3114 3115
3116 3100 3113
3116 3099 3100
3117 3116 3113
3118 3117 3113
3118 3119 3117
3120 3116 3117
3120 3117 3121
3116 3122 3099
3120 3122 3116
3122 3123 3099
3099 3123 3098
3124 3122 3120
3125 3124 3120
3122 3126 3123
3124 3126 3122
3098 3123 3127
3126 3127 3123
3098 3127 3128
3101 3098 3128
3101 3128 3129
3129 3128 3130
3101 3129 3102
3129 3131 3102
3128 3127 3132
3128 3132 3133
3126 3124 3134
3124 3135 3134
3136 3127 3126
3126 3134 3136
3137 3132 3127
3136 3137 3127
3137 3136 3138
3132 3137 3139
3137 3140 3139
3141 3136 3134
3142 3141 3134
3142 3143 3141
3141 3144 3136
3136 3144 3145
3146 3144 3141
3144 3146 3147
3146 3141 3148
3149 3146 3148
3141 3150 3148
3149 3151 3146
3149 3152 3151
3149 3148 3153
3148 3154 3153
3149 3153 3155
3153 3156 3155
3153 3157 3156
3149 3155 3158
3159 3149 3158
3156 3160 3155
3160 3158 3155
3156 3161 3160
3156 3162 3161
3163 3158 3160
3163 3164 3158
3163 3165 3164
3163 3160 3166
3166 3160 3161
3167 3163 3166
3168 3167 3166
3166 3161 3168
3168 3169 3167
3161 3170 3168
3171 3169 3168
3172 3171 3168
3173 3174 3156
3175 3176 3158
3177 3178 3161
3179 3180 3181
3182 3183 3134
3184 3185 3124
3186 3187 3188
3189 3056 3190
3191 3192 3193
3194 3195 3196
3197 3198 3199
3200 3201 3202
3203 3204 3205
3206 3207 3208
3209 3210 3211
3212 3213 3214
3215 3216 3217
3218 3215 3219
3218 3220 3215
3215 3220 3221
3222 3221 3220
3222 3220 3223
3215 3221 3224
3225 3215 3224
3215 3225 3226
3222 3227 3221
3227 3228 3221
3221 3229 3224
3229 3221 3228
3229 3230 3224
3231 3229 3228
3232 3228 3227
3222 3232 3227
3225 3224 3233
3224 3234 3233
3232 3235 3228
3228 3235 3236
3094 3225 3233
3225 3094 3237
3091 3094 3233
3091 3233 3238
3091 3238 3239
3232 3240 3235
3241 3235 3240
3232 3242 3240
3222 3242 3232
3243 3240 3242
3243 3244 3240
3244 3245 3240
3246 3243 3242
3222 3246 3242
3247 3246 3222
3247 3248 3246
3235 3249 3250
3251 3252 3240
3222 3253 3254
3225 3255 3256
3257 3258 3259
3260 3261 3262
3263 3264 3260
3265 3266 3260
3265 3260 3267
3267 3268 3265
3129 3268 3267
3129 3267 3269
3267 3260 3270
3271 3267 3270
3260 3272 3270
3273 3274 3270
3270 3275 3276
3277 3265 3278
3279 3280 3265
3265 3281 3282
3265 3283 3284
3285 3286 3287
3288 3289 3290
3291 3292 3293
3294 3295 3296
3297 3295 3298
3295 3299 3300
3301 3295 3302
3295 3303 3304
3295 3305 3303
3306 3305 3295
3303 3305 3307
3308 3303 3307
3307 3305 3309
3307 3310 3311
3312 3307 3313
3314 3305 3315
3316 3305 3314
3317 3305 3316
3318 3307 3319
3319 3307 3320
3321 3305 3322
3323 3305 3321
3324 3305 3323
3325 3305 3326
3327 3305 3325
3328 3327 3325
3328 3325 3329
3330 3305 3327
3331 3305 3330
3332 3330 3327
3332 3327 3333
3334 3325 3335
3336 3325 3337
3338 3325 3339
3340 3330 3341
3342 3330 3343
3344 3330 3345
3346 3347 3348
3349 3350 3351
3352 3353 3354
3355 3356 3357
3358 3359 3360
3146 3361 3362
3363 3364 3365
3366 3367 3368
3132 3369 3370
3132 3371 3372
3132 3373 3374
3375 3376 3377
3378 3379 3380
3381 3382 3383
3384 3385 3386
3387 3388 3389
3390 3391 3392
3393 3394 3395
3393 3396 3397
3398 3399 3393
3393 3102 3400
3088 3102 3393
3088 3393 3401
3088 3401 3094
3094 3401 3402
3401 3393 3403
3401 3403 3404
3401 3405 3406
3148 3407 3408
3409 3410 3411
3412 3413 3414
3415 3416 3414
3415 3417 3416
3418 3419 3420
3421 3422 3423
3424 3425 3426
3427 3120 3428
3220 3429 3430
3431 3432 3149
3433 3434 3435
3433 3436 3437
3433 3437 3438
3433 3438 3439
3440 3433 3439
3440 3441 3433
3439 3442 3440
3439 3443 3442
3444 3439 3438
3439 3444 3445
3439 3445 3446
3447 3444 3438
3447 3438 3448
3447 3448 3449
3440 3450 3451
3440 3452 3453
3454 3455 3456
3454 3457 3458
3454 3459 3457
3460 3459 3454
3461 3460 3454
3461 3454 3462
3460 3461 3463
3460 3463 3464
3459 3460 3465
3460 3466 3465
3460 3467 3466
3468 3459 3465
3468 3469 3459
3468 3470 3469
3461 3471 3472
3461 3473 3474
3475 3476 3477
3476 3478 3479
3480 3478 3476
3481 3480 3476
3482 3480 3481
3476 3479 3483
3483 3484 3476
3483 3485 3484
3486 3483 3479
3485 3483 3487
3486 3488 3483
3483 3488 3487
3488 3489 3487
3490 3488 3486
3488 3491 3489
3490 3492 3488
3488 3492 3491
3493 3492 3490
3491 3492 3494
3493 3494 3492
3491 3494 3495
3494 3496 3495
3497 3494 3493
3494 3497 3496
3497 3493 3498
3499 3497 3498
3497 3499 3500
3496 3497 3501
3501 3497 3502
3501 3502 3503
3504 3501 3503
3496 3501 3505
3505 3506 3496
3505 3507 3506
3501 3508 3505
3501 3509 3508
3510 3505 3508
3510 3508 3511
3512 3496 3513
3514 3515 3508
3516 3508 3515
3516 3515 3517
3515 3518 3519
3520 3515 3521
3522 3508 3523
3522 3523 3524
3525 3526 3515
3515 3526 3527
3526 3528 3529
3526 3530 3531
3526 3531 3532
3533 3534 3535
3536 3537 3538
3539 3540 3541
3542 3543 3541
3542 3544 3543
3545 3546 3547
3548 3549 3550
3551 3552 3553
3554 3555 3556
3557 3558 3559
3560 3561 3562
3561 3563 3564
3565 3563 3561
3565 3561 3566
3566 3567 3565
3566 3568 3567
3567 3568 3569
3563 3565 3570
3563 3570 3571
3571 3572 3563
3571 3573 3572
3565 3574 3570
3565 3567 3574
3567 3575 3574
3567 3576 3575
3567 3569 3576
3576 3577 3575
3576 3578 3577
3569 3578 3576
3569 3579 3578
3580 3581 3582
3582 3583 3584
3582 3584 3585
3586 3582 3585
3586 3585 3587
3582 3588 3583
3588 3582 3589
3588 3589 3590
3591 3583 3588
3590 3592 3588
3591 3588 3593
3588 3592 3593
3593 3592 3594
3595 3591 3593
3593 3594 3596
3595 3593 3597
3593 3596 3597
3598 3595 3597
3596 3599 3597
3598 3597 3599
3596 3600 3599
3599 3600 3601
3602 3598 3599
3599 3601 3602
3602 3603 3598
3601 3604 3602
3601 3605 3604
3605 3601 3606
3605 3606 3607
3604 3605 3608
3604 3608 3609
3610 3608 3605
3610 3611 3608
3612 3613 3601
3614 3608 3615
3615 3608 3616
3615 3616 3617
3615 3618 3619
3620 3621 3615
3622 3623 3608
3622 3624 3623
3625 3615 3626
3615 3627 3626
3626 3628 3629
3626 3630 3631
3626 3631 3632
3633 3634 3635
3636 3637 3638
3639 3640 3641
3642 3640 3643
3642 3643 3644
3645 3646 3647
3648 3649 3650
3651 3652 3653
3654 3655 3656
3657 3658 3659
3660 3661 3662
3662 3663 3664
3662 3664 3665
3662 3665 3666
3666 3665 3667
3666 3667 3668
3667 3669 3668
3664 3670 3665
3664 3671 3670
3671 3664 3672
3671 3672 3673
3665 3670 3674
3665 3674 3667
3667 3674 3675
3667 3675 3676
3667 3676 3669
3676 3675 3677
3676 3677 3678
3669 3676 3678
3669 3678 3679
3680 3681 3682
3683 3684 3682
3685 3682 3686
3687 3682 3688
3689 3682 3690
3689 3690 3691
3689 3692 3682
3689 3693 3692
3694 3695 3696
3697 3698 3699
3700 3701 3702
3703 3704 3705
3706 3707 3708
3709 3710 3706
3706 3711 3712
3713 3711 3714
3715 3714 3711
3716 3715 3711
3717 3715 3716
3717 3716 3718
3717 3718 3719
3720 3719 3718
3721 3722 3723
3723 3724 3725
3726 3723 3727
3728 3729 3726
3726 3729 3730
3726 3730 3731
3731 3730 3732
3731 3732 3733
3732 3734 3733
3734 3735 3733
1093 3736 3737
3738 3739 1152
1109 3740 3741
3742 1125 3743
3744 674 3745
3745 680 3746
2509 3747 3748
2516 3748 3749
3137 3750 3751
3144 3752 3750
3753 3754 3755
3753 3756 3754
3756 3757 3758
3756 3759 3757
3759 3760 3761
3759 3762 3760
3762 3763 3764
3762 3765 3763
3766 3767 3765
3766 3768 3767
3769 3753 3770
3769 3770 3771
3772 3769 3773
3772 3773 3774
3775 3776 3777
3775 3777 3778
3779 3780 3777
3779 3777 3781
3782 3783 3784
3782 3785 3783
3785 3786 3787
3785 3787 3788
3783 3789 3790
3783 3791 3789
3791 3792 3793
3791 3794 3792
3794 3795 3796
3794 3797 3795
3797 3798 3799
3797 3800 3798
3801 3802 3800
3801 3803 3802
3804 3805 3801
3804 3806 3805
3807 3808 3804
3807 3809 3808
3810 3811 3807
3810 3812 3811
3810 3813 3814
3810 3815 3813
3815 3816 3817
3815 3817 3818
3819 3820 3821
3819 5 3820
3822 3823 3824
3822 3824 3825
3825 3826 3827
3825 3827 3828
3828 3829 3830
3828 3830 3831
3831 3832 3833
3831 3833 3834
3835 3834 3836
3835 3836 3837
3838 3839 3822
3838 3840 3839
3841 3842 3838
3841 3843 3842
3844 3845 3846
3844 3846 3847
3848 3849 3846
3848 3846 3850
3851 3852 3853
3851 104 3852
3854 3855 3856
3854 3857 3855
3858 3857 3854
3859 3855 3857
3858 3860 3857
3861 3860 3858
3859 3857 3862
3863 3859 3862
3863 3862 3864
3865 3862 3857
3864 3862 3865
3865 3857 3860
3864 3865 3866
3866 3865 3867
3867 3865 3860
3866 3867 3868
3861 3869 3860
3867 3860 3869
3869 3861 3870
3869 3870 3871
3871 3867 3869
3871 3870 3872
3873 3868 3867
3871 3873 3867
3873 3874 3868
3871 3872 3875
3875 3873 3871
3875 3872 3876
3875 3876 3877
3878 3875 3877
3879 3874 3873
3875 3879 3873
3878 3879 3875
3879 3880 3874
3881 3879 3878
3881 3880 3879
3882 3883 3884
3882 3884 3885
3886 3887 3888
3886 3888 3889
3890 3891 3892
3890 3892 3893
3894 3895 3896
3894 3896 3897
3898 3899 3900
3898 3900 3901
3902 3903 3904
3902 3904 3905
3906 3907 3908
3906 3908 3909
3910 3911 3909
3910 3912 3911
3913 3914 3915
3913 3915 3916
3917 3918 3919
3917 3919 3920
3921 3922 3923
3921 3924 3922
3925 3924 3926
3925 3926 3927
3928 3929 3930
3928 3930 3931
3932 3933 3934
3932 3934 3935
3936 3937 3938
3936 3938 3939
3940 3941 3939
3940 3942 3941
3943 3944 3945
3943 3945 3946
3947 3948 3949
3947 3949 3950
3951 3952 3953
3951 3953 3954
3955 3956 3957
3955 3957 3958
3958 3959 3960
3958 3960 3961
3962 3963 3964
3962 3964 3965
3966 3967 3968
3966 3968 3969
3970 3971 3972
3970 3972 3973
3974 3975 3976
3974 3976 3977
3978 3979 3980
3978 3980 3981
3982 3983 3984
3982 3984 3985
3986 3987 3988
3986 3988 3989
3990 3991 3992
3990 3992 3993
3994 3995 3996
3994 3996 3997
3998 3999 4000
3998 4000 4001
4002 4003 4004
4002 4004 4005
4006 4007 4008
4006 4008 4009
4010 4011 4012
4010 4012 4013
4014 4015 4016
4014 4016 4017
4018 4019 4020
4018 4020 4021
4022 4023 4024
4022 4024 4025
4026 4027 4028
4026 4028 4029
4030 4031 4032
4030 4032 4033
4034 4035 4036
4034 4036 4037
4038 4039 4040
4038 4040 4041
4042 4043 4044
4042 4044 4045
4046 4047 4048
4046 4048 4049
4050 4051 4052
4050 4052 4053
4054 4055 4056
4054 4056 4057
535 4058 4059
535 4060 4058
4061 4062 1116
1116 4062 4063
4064 4065 4066
4064 4066 4067
4068 4069 4070
4068 4070 4071
493 4072 4073
4072 493 685
493 523 685
4072 685 679
679 4074 4072
523 681 685
523 4075 681
527 4075 523
4076 4075 527
681 4075 4077
681 4077 4078
4079 4080 527
4080 4081 4075
4082 4083 197
4082 197 4084
1089 4085 4086
4085 1089 4087
4088 4089 4090
4088 4090 4091
4092 4093 4094
4092 4094 4095
4096 4097 4098
4096 4098 4099
4100 4101 4102
4100 4102 4103
4104 4105 4106
4104 4106 4107
4108 4109 4110
4108 4110 4111
4112 4113 4114
4112 4115 4113
4116 4115 4117
4116 4117 4118
4119 4120 4121
4119 4121 4122
4123 4124 4125
4123 4125 4126
852 4127 4128
852 4128 4129
852 4129 847
847 4129 928
4129 4130 928
4129 4131 4130
4132 4133 4134
4132 4134 4135
4136 4137 4135
4136 4138 4137
4139 4140 4141
4139 4141 4142
4143 4144 4145
4143 4145 4146
4147 4148 4149
4147 4150 4148
4151 4150 4152
4151 4152 4153
4154 4155 4156
4154 4156 4157
4158 4159 4160
4158 4160 4161
4162 4163 4164
4162 4164 4165
4166 4167 4168
4166 4169 4167
4169 4170 4171
4169 4171 4172
4173 4174 4175
4173 4175 4176
4177 4178 4179
4177 4179 4180
4181 4182 4183
4181 4183 4184
4185 4186 4187
4185 4187 4188
4189 4190 4191
4189 4191 4192
4193 4194 4195
4193 4195 4196
4197 4198 4199
4197 4199 4200
4201 4202 4203
4201 4203 4204
4205 4206 4207
4205 4207 4208
4209 4210 4211
4209 4211 4212
4213 4214 4215
4213 4215 4216
4217 4218 4219
4217 4219 4220
4221 4222 4223
4221 4223 4224
4225 4226 4227
4225 4227 4228
4229 4230 4231
4229 4231 4232
4233 4234 4235
4233 4235 4236
4237 4238 4239
4237 4239 4240
4241 4242 4243
4241 4243 4244
4245 4246 4247
4245 4247 4248
4249 4250 4251
4249 4251 4252
4253 4254 4255
4253 4255 4256
4257 4258 4259
4257 4259 4260
4261 4262 4263
4261 4263 4264
4265 4266 4267
4265 4267 4268
603 4269 4270
603 4271 4269
4272 4273 1143
4273 4274 1143
4275 4276 4277
4275 4277 4278
4279 4280 4281
4279 4281 4282
4283 306 4284
4283 4285 306
4286 4287 4288
4286 4289 4287
4290 4289 4286
4290 4291 4289
4289 4292 4293
4289 4294 4292
4294 4289 4295
4294 4295 4296
4297 4286 4298
4297 4298 4299
4300 4286 4297
4300 4297 4301
4302 4297 4303
4302 4304 4297
4305 4297 4304
4305 4304 4306
4307 4308 4294
4307 4309 4308
4307 4294 4310
4307 4310 4311
4312 4313 4307
4312 4314 4313
4312 4307 4315
4312 4315 4316
4312 4317 4318
4312 4319 4317
4320 4319 4312
4320 4312 4321
4322 4319 4323
4322 4324 4319
4324 4325 4319
4324 4326 4325
4327 4324 4328
4327 4329 4324
4329 4330 4324
4329 4331 4330
4332 4333 4329
4332 4334 4333
4332 4329 4335
4332 4335 4336
4337 4338 4339
4337 4339 4340
4340 4341 4337
4340 4342 4341
4340 4343 4344
4340 4344 4345
4345 4346 4340
4345 4347 4346
4348 4349 4337
4348 4350 4349
4351 4348 4337
4351 4352 4348
4353 4354 4348
4353 4348 4355
4356 4355 4348
4356 4357 4355
4358 4345 4359
4358 4359 4360
4358 4361 4345
4358 4362 4361
4363 4358 4364
4363 4364 4365
4363 4366 4358
4363 4367 4366
4363 4368 4369
4363 4369 4370
4371 4363 4370
4371 4372 4363
4373 4374 4370
4373 4370 4375
4375 4370 4376
4375 4376 4377
4378 4379 4375
4378 4375 4380
4380 4375 4381
4380 4381 4382
4383 4380 4384
4383 4384 4385
4383 4386 4380
4383 4387 4386
4388 4389 4390
4388 4391 4389
4392 4391 4388
4392 4393 4391
4394 4393 4392
4394 4395 4393
4396 4395 4394
4396 4394 4397
4398 4399 4400
4398 4401 4399
4398 4402 4401
4398 4403 4402
4403 4404 4402
4403 4405 4404
4405 4406 4404
4405 4407 4406
4408 4406 4407
4408 4407 4409
4410 4408 4409
4410 4411 4408
4412 4411 4410
4412 4413 4411
4414 4413 4412
4414 4412 4415
4416 4414 4415
4416 4415 4417
4418 4416 4417
4418 4417 4419
4420 4421 4422
4420 4422 4423
4424 4420 4423
4424 4423 4425
4426 4424 4425
4426 4425 4427
4428 4426 4427
4428 4427 4429
4430 4431 4432
4431 4433 4432
4431 4434 4433
4435 4436 4431
4436 4437 4431
4436 4438 4437
4439 4440 4441
4439 4441 4442
4443 4444 4445
4443 4445 4446
4447 4448 4449
4447 4449 4450
4451 4452 4453
4451 4453 4454
4455 4456 4457
4455 4457 4458
4459 4460 4461
4459 4462 4460
4463 4462 4464
4463 4464 4465
4466 4467 4465
4466 4468 4467
4469 4470 4471
4469 4472 4470
4473 4474 4472
4473 4475 4474
4476 4477 4478
4476 4478 4479
4480 4481 4482
4480 4482 4483
4484 4485 4486
4484 4486 4487
4488 4489 4490
4488 4490 4491
4492 4493 4494
4492 4494 4495
4496 4497 4498
4496 4498 4499
4500 4501 4502
4500 4502 4503
4504 4505 4506
4504 4506 4507
4508 4509 4510
4508 4510 4511
4512 4513 4514
4512 4514 4515
4516 4517 4518
4516 4518 4519
4520 4521 4522
4520 4522 4523
4524 4525 4523
4524 4526 4525
4527 4526 4528
4527 4528 4529
4530 4531 4532
4530 4532 4533
4534 4533 4535
4534 4535 4536
4537 4538 4539
4537 4539 4540
4541 4542 4543
4541 4543 4544
4545 4546 4547
4545 4547 4548
4549 4550 4551
4549 4551 4552
4553 4554 4555
4553 4555 4556
4557 4558 4559
4557 4559 4560
4561 4562 4563
4561 4564 4562
4565 4564 4561
4566 4562 4564
4566 4567 4562
4567 4566 4568
4567 4568 4569
4568 4570 4569
4565 4571 4564
4564 4572 4566
4564 4571 4572
4573 4568 4566
4573 4566 4572
4568 4574 4570
4574 4568 4573
4565 4575 4571
4565 4576 4575
4577 4572 4571
4575 4577 4571
4575 4576 4578
4576 4579 4578
4580 4570 4574
4580 4581 4570
4582 4581 4580
4580 4583 4582
4580 4584 4583
4580 4585 4584
4585 4580 4574
4585 4586 4584
4585 4574 4587
4574 4573 4587
4585 4588 4586
4588 4585 4587
4587 4573 4589
4589 4588 4587
4586 4588 4590
4586 4590 4591
4573 4592 4589
4592 4573 4572
4577 4592 4572
4589 4593 4588
4592 4593 4589
4593 4590 4588
4594 4591 4590
4594 4595 4591
4592 4577 4596
4592 4596 4593
4593 4597 4590
4594 4590 4597
4597 4593 4596
4577 4598 4596
4575 4598 4577
4575 4578 4598
4598 4599 4596
4597 4596 4599
4598 4578 4600
4598 4600 4599
4599 4601 4597
4600 4601 4599
4602 4595 4594
4603 4602 4594
4602 4604 4595
4605 4604 4602
4594 4597 4606
4601 4606 4597
4603 4594 4606
4605 4602 4607
4603 4607 4602
4578 4608 4600
4608 4578 4579
4601 4609 4606
4603 4606 4609
4610 4605 4607
4610 4611 4605
4610 4612 4611
4610 4613 4612
4612 4613 4614
4613 4615 4614
4607 4616 4610
4616 4613 4610
4617 4608 4579
4579 4618 4617
4619 4617 4618
4619 4618 4620
4621 4619 4620
4617 4622 4608
4617 4619 4622
4607 4623 4616
4603 4623 4607
4608 4622 4624
4600 4608 4624
4625 4600 4624
4600 4625 4601
4622 4626 4624
4624 4626 4625
4627 4622 4619
4622 4627 4626
4621 4628 4619
4627 4619 4628
4601 4625 4629
4601 4629 4609
4603 4609 4630
4630 4609 4629
4631 4628 4621
4632 4631 4621
4633 4627 4628
4633 4628 4631
4634 4631 4632
4634 4632 4635
4636 4631 4634
4636 4633 4631
4637 4633 4636
4633 4638 4627
4637 4638 4633
4639 4638 4637
4638 4626 4627
4639 4640 4638
4626 4638 4640
4641 4640 4639
4640 4642 4626
4625 4626 4642
4629 4625 4642
4641 4643 4640
4640 4643 4642
4644 4643 4641
4644 4645 4643
4642 4643 4645
4646 4645 4644
4629 4642 4647
4642 4645 4647
4630 4629 4647
4646 4648 4645
4647 4645 4648
4649 4648 4646
4650 4630 4647
4603 4630 4650
4603 4650 4623
4649 4651 4648
4652 4651 4649
4647 4648 4653
4653 4650 4647
4653 4648 4651
4654 4623 4650
4654 4650 4653
4654 4616 4623
4653 4651 4655
4654 4653 4655
4652 4656 4651
4656 4655 4651
4652 4657 4656
4652 4658 4657
4657 4658 4659
4658 4660 4659
4660 4661 4659
4662 4654 4655
4656 4662 4655
4616 4654 4663
4662 4663 4654
4664 4663 4662
4616 4663 4665
4665 4663 4664
4616 4665 4613
4662 4656 4666
4664 4662 4666
4656 4667 4666
4656 4657 4667
4667 4664 4666
4665 4668 4613
4613 4668 4615
4661 4669 4659
4661 4670 4669
4670 4671 4669
4665 4664 4672
4665 4672 4668
4615 4668 4673
4615 4673 4674
4668 4672 4675
4675 4672 4664
4668 4675 4673
4676 4664 4667
4675 4664 4676
4674 4673 4677
4674 4677 4678
4675 4679 4673
4679 4677 4673
4678 4677 4680
4678 4680 4681
4682 4680 4677
4679 4682 4677
4680 4683 4681
4682 4683 4680
4683 4684 4681
4685 4679 4675
4685 4675 4676
4676 4667 4686
4667 4657 4686
4676 4686 4687
4687 4686 4657
4687 4685 4676
4679 4688 4682
4679 4685 4688
4689 4682 4688
4685 4690 4688
4689 4688 4690
4684 4683 4691
4692 4691 4683
4684 4691 4693
4682 4694 4683
4689 4694 4682
4692 4683 4694
4692 4694 4689
4693 4691 4695
4695 4691 4692
4693 4695 4696
4697 4696 4695
4697 4695 4698
4699 4697 4698
4685 4700 4690
4687 4700 4685
4695 4692 4701
4698 4695 4701
4699 4698 4702
4703 4699 4702
4698 4701 4704
4704 4702 4698
4692 4705 4701
4705 4704 4701
4703 4702 4706
4706 4707 4703
4692 4708 4705
4692 4689 4708
4709 4700 4687
4709 4687 4710
4687 4657 4710
4659 4710 4657
4659 4709 4710
4700 4709 4711
4709 4659 4711
4700 4711 4690
4659 4669 4711
4689 4690 4712
4711 4712 4690
4689 4713 4708
4689 4712 4713
4669 4714 4711
4711 4714 4712
4669 4715 4714
4714 4715 4712
4715 4713 4712
4671 4715 4669
4716 4715 4671
4715 4716 4713
4716 4671 4717
4717 4718 4716
4718 4713 4716
4717 4719 4718
4720 4718 4719
4708 4713 4721
4718 4721 4713
4708 4721 4705
4720 4722 4718
4721 4718 4722
4723 4722 4720
4724 4705 4721
4721 4722 4724
4723 4725 4722
4725 4724 4722
4724 4726 4705
4705 4726 4704
4727 4725 4723
4727 4723 4728
4728 4729 4727
4725 4730 4724
4726 4724 4730
4731 4704 4726
4704 4731 4702
4727 4729 4732
4732 4729 4733
4734 4725 4727
4734 4730 4725
4726 4730 4735
4731 4726 4735
4736 4735 4730
4731 4735 4736
4736 4730 4734
4702 4731 4737
4731 4736 4737
4702 4737 4706
4734 4727 4738
4727 4732 4738
4739 4736 4734
4737 4736 4739
4739 4734 4738
4739 4738 4740
4739 4740 4741
4742 4737 4739
4742 4706 4737
4741 4742 4739
4732 4743 4738
4743 4740 4738
4742 4744 4706
4706 4744 4707
4744 4745 4707
4742 4745 4744
4746 4707 4745
4747 4745 4742
4747 4746 4745
4741 4747 4742
4746 4747 4748
4747 4749 4748
4741 4749 4747
4749 4750 4748
4751 4750 4749
4751 4749 4752
4749 4741 4752
4751 4752 4753
4751 4753 4754
4741 4755 4752
4755 4753 4752
4753 4756 4754
4755 4756 4753
4757 4754 4756
4741 4758 4755
4741 4740 4758
4755 4759 4756
4757 4756 4759
4758 4760 4755
4755 4760 4759
4761 4757 4759
4759 4760 4762
4759 4762 4761
4757 4761 4763
4763 4761 4762
4757 4763 4764
4763 4765 4764
4758 4766 4760
4762 4760 4766
4740 4767 4758
4766 4758 4767
4763 4762 4768
4763 4769 4765
4769 4763 4768
4770 4765 4769
4770 4771 4765
4762 4766 4772
4768 4762 4772
4766 4767 4773
4772 4766 4773
4740 4774 4767
4773 4767 4774
4740 4775 4774
4740 4743 4775
4769 4768 4776
4777 4769 4776
4777 4778 4769
4768 4772 4779
4776 4768 4779
4772 4773 4780
4779 4772 4780
4773 4774 4781
4774 4775 4782
4774 4782 4781
4775 4783 4782
4783 4781 4782
4743 4784 4775
4784 4783 4775
4773 4781 4785
4780 4773 4785
4743 4786 4784
4732 4786 4743
4786 4732 4733
4784 4786 4733
4783 4784 4733
4783 4733 4787
4783 4788 4781
4787 4788 4783
4788 4785 4781
4787 4789 4788
4790 4788 4789
4785 4788 4790
4790 4789 4791
4780 4785 4792
4792 4785 4790
4791 4793 4790
4792 4790 4793
4791 4794 4793
4795 4780 4792
4779 4780 4795
4796 4793 4794
4796 4794 4797
4798 4792 4793
4795 4792 4798
4798 4793 4796
4799 4796 4797
4800 4799 4797
4800 4801 4799
4802 4798 4796
4802 4796 4799
4802 4795 4798
4803 4802 4799
4803 4804 4802
4805 4779 4795
4776 4779 4805
4802 4806 4795
4805 4795 4806
4807 4806 4802
4807 4808 4806
4809 4805 4806
4809 4810 4805
4811 4776 4805
4811 4812 4776
4813 4814 4815
4813 4815 4816
4815 4817 4816
4815 4818 4817
4817 4818 4819
4818 4815 4820
4821 4820 4815
4821 4822 4820
4823 4818 4820
4819 4818 4823
4824 4823 4820
4825 4824 4820
4825 4826 4824
4816 4817 4827
4816 4827 4828
4816 4828 4829
4829 4830 4816
4829 4831 4830
4827 4817 4832
4817 4819 4832
4827 4832 4833
4834 4833 4832
4819 4834 4832
4834 4835 4833
4836 4835 4834
4837 4836 4834
4837 4834 4838
4839 4837 4838
4839 4838 4840
4838 4841 4840
4842 4840 4841
4843 4838 4834
4843 4841 4838
4842 4841 4844
4845 4842 4844
4819 4846 4834
4846 4843 4834
4846 4819 4847
4848 4841 4843
4844 4841 4848
4849 4843 4846
4849 4846 4847
4848 4843 4849
4850 4845 4844
4851 4845 4850
4847 4819 4852
4819 4823 4852
4852 4823 4853
4847 4852 4853
4824 4853 4823
4844 4848 4854
4854 4850 4844
4855 4848 4849
4856 4849 4847
4855 4849 4856
4857 4848 4855
4854 4848 4857
4858 4855 4856
4857 4855 4858
4847 4853 4859
4860 4853 4824
4860 4859 4853
4860 4861 4859
4862 4847 4859
4856 4847 4862
4859 4861 4862
4862 4863 4856
4861 4863 4862
4856 4863 4864
4858 4856 4864
4865 4864 4863
4865 4863 4861
4865 4866 4864
4866 4858 4864
4865 4861 4867
4861 4868 4867
4868 4861 4869
4861 4860 4869
4866 4870 4858
4871 4869 4860
4870 4857 4858
4871 4860 4872
4872 4873 4871
4872 4874 4873
4872 4860 4824
4824 4875 4872
4824 4876 4875
4857 4870 4877
4870 4878 4877
4854 4857 4877
4879 4877 4878
4877 4880 4854
4854 4880 4850
4879 4881 4877
4877 4881 4880
4881 4879 4882
4881 4882 4883
4883 4880 4881
4884 4883 4882
4885 4850 4880
4883 4885 4880
4884 4886 4883
4886 4885 4883
4886 4884 4887
4885 4888 4850
4888 4851 4850
4886 4889 4885
4889 4888 4885
4890 4851 4888
4889 4890 4888
4890 4891 4851
4886 4887 4892
4892 4889 4886
4893 4890 4889
4892 4893 4889
4891 4890 4894
4893 4894 4890
4891 4894 4895
4896 4895 4894
4897 4892 4887
4897 4887 4898
4899 4896 4894
4900 4896 4899
4894 4901 4899
4901 4894 4893
4900 4899 4902
4901 4902 4899
4903 4900 4902
4904 4903 4902
4904 4905 4903
4904 4906 4905
4907 4906 4904
4908 4893 4892
4892 4897 4908
4909 4897 4898
4909 4898 4910
4911 4909 4910
4908 4912 4893
4912 4901 4893
4913 4908 4897
4913 4912 4908
4913 4897 4909
4911 4914 4909
4914 4911 4915
4914 4915 4916
4917 4901 4912
4913 4917 4912
4909 4918 4913
4909 4914 4918
4918 4917 4913
4914 4916 4919
4914 4919 4918
4919 4916 4920
4919 4920 4921
4921 4920 4922
4919 4923 4918
4921 4923 4919
4917 4924 4901
4901 4924 4902
4904 4902 4924
4918 4925 4917
4925 4918 4923
4917 4926 4924
4926 4904 4924
4917 4925 4926
4927 4904 4926
4907 4904 4927
4928 4907 4927
4925 4929 4926
4927 4926 4929
4925 4923 4930
4925 4930 4929
4931 4928 4927
4929 4931 4927
4932 4930 4923
4921 4932 4923
4933 4928 4931
4933 4934 4928
4935 4934 4933
4936 4929 4930
4932 4936 4930
4929 4937 4931
4937 4933 4931
4936 4937 4929
4921 4938 4932
4938 4936 4932
4935 4933 4939
4940 4935 4939
4941 4937 4936
4938 4941 4936
4937 4942 4933
4942 4939 4933
4941 4942 4937
4942 4943 4939
4941 4943 4942
4940 4939 4944
4943 4944 4939
4921 4945 4938
4921 4922 4945
4945 4922 4946
4947 4938 4945
4945 4946 4947
4948 4941 4938
4947 4948 4938
4946 4949 4947
4948 4947 4949
4946 4950 4949
4949 4950 4951
4948 4952 4941
4941 4952 4943
4948 4949 4953
4953 4952 4948
4949 4951 4954
4953 4949 4954
4955 4943 4952
4953 4955 4952
4951 4956 4954
4951 4957 4956
4956 4958 4954
4953 4954 4959
4958 4959 4954
4959 4955 4953
4958 4960 4959
4960 4961 4959
4959 4961 4955
4960 4962 4961
4955 4963 4943
4961 4963 4955
4943 4963 4944
4962 4964 4961
4961 4964 4963
4964 4944 4963
4962 4965 4964
4964 4966 4944
4966 4964 4965
4966 4940 4944
4966 4967 4940
4966 4968 4967
4966 4965 4969
4966 4969 4968
4970 4969 4965
4968 4969 4971
4970 4971 4969
4968 4971 4972
4973 4971 4970
4973 4970 4974
4972 4971 4975
4971 4973 4975
4976 4972 4975
4977 4976 4975
4977 4975 4978
4978 4975 4973
4979 4977 4978
4979 4978 4980
4981 4973 4974
4978 4973 4981
4981 4980 4978
4981 4974 4982
4981 4983 4980
4983 4981 4982
4983 4982 4984
4985 4986 4987
4985 4987 4988
4989 4985 4988
4990 4988 4987
4990 4987 4991
4991 4992 4990
4991 4993 4992
4992 4993 4994
4989 4988 4995
4988 4990 4996
4988 4996 4995
4997 4990 4992
4997 4996 4990
4992 4994 4998
4998 4997 4992
4989 4995 4999
4989 4999 5000
5001 4995 4996
4999 4995 5001
4999 5002 5000
5000 5002 5003
5004 4998 4994
5004 4994 5005
5006 5004 5005
5004 5006 5007
5004 5007 5008
5004 5008 5009
5009 4998 5004
5009 5008 5010
5009 5011 4998
4998 5011 4997
5009 5010 5012
5012 5011 5009
5011 5013 4997
5013 5011 5012
5010 5014 5012
5010 5015 5014
4997 5013 5016
5016 4996 4997
5001 4996 5016
5013 5012 5017
5016 5013 5017
5017 5012 5014
5015 5018 5014
5015 5019 5018
5016 5020 5001
5016 5017 5020
5017 5014 5021
5018 5021 5014
5021 5020 5017
5001 5020 5022
4999 5001 5022
4999 5022 5002
5022 5020 5023
5021 5023 5020
5022 5024 5002
5022 5023 5024
5023 5021 5025
5024 5023 5025
5019 5026 5018
5018 5026 5027
5019 5028 5026
5029 5026 5028
5018 5030 5021
5025 5021 5030
5018 5027 5030
5029 5031 5026
5027 5026 5031
5024 5032 5002
5003 5002 5032
5025 5030 5033
5027 5033 5030
5034 5031 5029
5034 5029 5035
5034 5035 5036
5034 5036 5037
5036 5038 5037
5037 5038 5039
5031 5034 5040
5040 5034 5037
5041 5003 5032
5003 5041 5042
5043 5042 5041
5043 5044 5042
5043 5045 5044
5041 5032 5046
5041 5046 5043
5031 5040 5047
5027 5031 5047
5032 5048 5046
5024 5048 5032
5049 5048 5024
5024 5025 5049
5046 5048 5050
5048 5049 5050
5051 5043 5046
5046 5050 5051
5043 5052 5045
5051 5052 5043
5025 5053 5049
5025 5033 5053
5027 5054 5033
5054 5053 5033
5027 5047 5055
5027 5055 5054
5056 5045 5052
5057 5045 5056
5058 5052 5051
5058 5056 5052
5059 5057 5056
5059 5060 5057
5061 5059 5056
5061 5056 5058
5062 5061 5058
5058 5051 5063
5062 5058 5063
5064 5062 5063
5063 5051 5050
5064 5063 5065
5050 5065 5063
5066 5064 5065
5065 5050 5067
5049 5067 5050
5053 5067 5049
5066 5065 5068
5065 5067 5068
5069 5066 5068
5069 5068 5070
5067 5070 5068
5071 5069 5070
5053 5072 5067
5067 5072 5070
5054 5072 5053
5072 5054 5055
5071 5070 5073
5072 5073 5070
5074 5071 5073
5075 5072 5055
5072 5075 5073
5074 5073 5076
5075 5076 5073
5077 5074 5076
5078 5075 5055
5078 5055 5047
5078 5047 5040
5075 5079 5076
5078 5079 5075
5077 5076 5080
5080 5076 5079
5077 5080 5081
5077 5081 5082
5081 5083 5082
5082 5083 5084
5084 5083 5085
5078 5086 5079
5080 5079 5086
5040 5087 5078
5078 5087 5086
5088 5086 5087
5040 5089 5087
5089 5088 5087
5040 5037 5089
5086 5090 5080
5088 5090 5086
5080 5090 5091
5080 5091 5081
5091 5090 5088
5089 5037 5092
5037 5039 5092
5085 5083 5093
5085 5093 5094
5094 5093 5095
5089 5096 5088
5089 5092 5096
5039 5097 5092
5039 5098 5097
5092 5099 5096
5099 5088 5096
5092 5097 5099
5100 5091 5088
5099 5100 5088
5098 5101 5097
5098 5102 5101
5099 5097 5103
5103 5097 5101
5102 5104 5101
5102 5105 5104
5106 5101 5104
5103 5101 5106
5104 5105 5107
5106 5104 5107
5107 5105 5108
5109 5099 5103
5109 5100 5099
5100 5110 5091
5091 5110 5081
5100 5111 5110
5111 5081 5110
5111 5100 5109
5103 5106 5112
5103 5112 5109
5113 5112 5106
5109 5112 5114
5114 5112 5113
5108 5115 5107
5116 5107 5115
5108 5117 5115
5106 5107 5118
5113 5106 5118
5116 5118 5107
5116 5113 5118
5117 5119 5115
5116 5115 5119
5117 5120 5119
5119 5120 5121
5119 5121 5122
5122 5121 5123
5109 5114 5124
5111 5109 5124
5116 5119 5125
5122 5125 5119
5122 5123 5126
5127 5126 5123
5122 5128 5125
5128 5122 5126
5116 5125 5129
5128 5129 5125
5127 5130 5126
5130 5127 5131
5116 5129 5132
5116 5132 5113
5133 5111 5124
5133 5134 5111
5111 5134 5081
5083 5081 5134
5083 5134 5133
5124 5135 5133
5133 5135 5083
5124 5114 5135
5083 5135 5093
5114 5113 5136
5135 5114 5136
5113 5132 5137
5113 5137 5136
5093 5135 5138
5135 5136 5138
5093 5138 5139
5138 5136 5139
5137 5139 5136
5095 5093 5139
5095 5139 5140
5137 5140 5139
5095 5140 5141
5142 5141 5140
5142 5140 5137
5142 5143 5141
5144 5143 5142
5132 5145 5137
5142 5137 5145
5132 5129 5145
5144 5142 5146
5145 5146 5142
5147 5144 5146
5148 5145 5129
5145 5148 5146
5147 5146 5149
5149 5146 5148
5148 5129 5150
5128 5150 5129
5151 5147 5149
5151 5152 5147
5151 5153 5152
5149 5148 5154
5150 5154 5148
5155 5150 5128
5128 5126 5155
5151 5156 5153
5156 5157 5153
5149 5158 5151
5149 5154 5158
5150 5159 5154
5155 5159 5150
5154 5159 5160
5155 5160 5159
5154 5160 5158
5126 5161 5155
5155 5161 5160
5126 5130 5161
5158 5162 5151
5151 5162 5156
5158 5160 5163
5163 5160 5161
5158 5163 5162
5163 5164 5162
5163 5165 5164
5166 5163 5161
5166 5161 5130
5165 5163 5166
5156 5162 5167
5167 5162 5164
5166 5130 5168
5130 5131 5168
5168 5131 5169
5166 5168 5169
5170 5169 5131
5171 5166 5169
5171 5169 5170
5165 5166 5171
5170 5172 5171
5171 5172 5173
5165 5171 5173
5173 5172 5174
5175 5173 5174
5175 5176 5173
5173 5176 5165
5175 5177 5176
5175 5178 5177
5165 5176 5179
5179 5176 5177
5177 5178 5180
5179 5177 5180
5181 5180 5178
5165 5179 5182
5165 5182 5164
5183 5179 5180
5181 5183 5180
5182 5179 5184
5183 5184 5179
5185 5183 5181
5186 5184 5183
5186 5183 5185
5181 5187 5185
5187 5186 5185
5181 5188 5187
5187 5188 5189
5182 5184 5190
5186 5190 5184
5164 5182 5191
5190 5191 5182
5187 5192 5186
5187 5189 5193
5193 5192 5187
5194 5193 5189
5194 5189 5195
5186 5196 5190
5192 5196 5186
5190 5197 5191
5196 5197 5190
5164 5191 5198
5197 5198 5191
5164 5198 5199
5164 5199 5167
5193 5200 5192
5201 5200 5193
5201 5193 5202
5192 5203 5196
5200 5203 5192
5196 5204 5197
5203 5204 5196
5197 5205 5198
5198 5206 5199
5198 5205 5206
5199 5206 5207
5207 5206 5205
5167 5199 5208
5208 5199 5207
5197 5209 5205
5204 5209 5197
5167 5208 5210
5156 5167 5210
5210 5157 5156
5208 5157 5210
5207 5157 5208
5207 5211 5157
5207 5205 5212
5211 5207 5212
5212 5205 5209
5211 5212 5213
5214 5213 5212
5209 5214 5212
5214 5215 5213
5204 5216 5209
5216 5214 5209
5215 5214 5217
5216 5217 5214
5215 5217 5218
5219 5216 5204
5203 5219 5204
5220 5217 5216
5219 5220 5216
5221 5218 5217
5220 5221 5217
5221 5222 5218
5223 5221 5220
5223 5220 5219
5224 5222 5221
5223 5224 5221
5225 5222 5224
5225 5224 5226
5227 5224 5223
5227 5223 5228
5229 5219 5203
5200 5229 5203
5223 5219 5230
5229 5230 5219
5231 5223 5230
5231 5230 5232
5233 5230 5229
5233 5229 5234
5235 5229 5200
5235 5200 5236
5237 5238 5239
5237 5240 5238
5238 5240 5241
5238 5241 5242
5241 5243 5242
5242 5244 5238
5245 5238 5244
5245 5244 5246
5247 5244 5242
5243 5247 5242
5248 5244 5247
5249 5244 5248
5249 5248 5250
5240 5251 5241
5240 5252 5251
5240 5253 5252
5253 5240 5254
5253 5254 5255
5251 5256 5241
5241 5256 5243
5251 5257 5256
5258 5256 5257
5243 5256 5258
5258 5257 5259
5260 5258 5259
5261 5258 5260
5261 5262 5258
5263 5262 5261
5263 5264 5262
5262 5264 5265
5266 5265 5264
5267 5258 5262
5267 5262 5265
5266 5268 5265
5269 5268 5266
5243 5258 5270
5270 5258 5267
5270 5271 5243
5272 5267 5265
5268 5272 5265
5273 5270 5267
5273 5271 5270
5272 5273 5267
5274 5268 5269
5275 5274 5269
5271 5276 5243
5243 5276 5247
5276 5277 5247
5271 5277 5276
5248 5247 5277
5268 5278 5272
5278 5268 5274
5279 5273 5272
5280 5271 5273
5279 5280 5273
5281 5279 5272
5278 5281 5272
5282 5280 5279
5281 5282 5279
5271 5283 5277
5284 5248 5277
5284 5277 5283
5284 5283 5285
5286 5283 5271
5280 5286 5271
5283 5286 5285
5286 5280 5287
5285 5286 5287
5280 5288 5287
5282 5288 5280
5289 5287 5288
5289 5285 5287
5289 5288 5290
5290 5288 5282
5289 5291 5285
5285 5291 5292
5292 5293 5285
5285 5293 5284
5290 5282 5294
5295 5284 5293
5294 5282 5281
5295 5296 5284
5296 5295 5297
5296 5297 5298
5296 5248 5284
5248 5296 5299
5248 5299 5300
5281 5301 5294
5294 5301 5302
5278 5301 5281
5303 5302 5301
5301 5278 5304
5278 5274 5304
5303 5301 5305
5301 5304 5305
5305 5306 5303
5305 5307 5306
5307 5305 5304
5308 5306 5307
5309 5304 5274
5307 5304 5309
5308 5307 5310
5310 5307 5309
5310 5311 5308
5309 5274 5312
5312 5274 5275
5310 5309 5313
5313 5309 5312
5314 5312 5275
5313 5312 5314
5314 5275 5315
5310 5316 5311
5316 5310 5313
5317 5313 5314
5316 5313 5317
5315 5318 5314
5317 5314 5318
5315 5319 5318
5318 5319 5320
5321 5311 5316
5321 5322 5311
5323 5318 5320
5324 5323 5320
5318 5323 5325
5325 5317 5318
5324 5326 5323
5325 5323 5326
5327 5326 5324
5328 5326 5327
5328 5327 5329
5328 5329 5330
5331 5328 5330
5332 5316 5317
5316 5332 5321
5332 5317 5333
5333 5317 5325
5325 5326 5334
5328 5334 5326
5331 5335 5328
5336 5335 5331
5337 5321 5332
5337 5332 5333
5338 5333 5325
5338 5325 5334
5337 5333 5338
5339 5334 5328
5335 5339 5328
5339 5338 5334
5337 5340 5321
5340 5322 5321
5340 5341 5322
5342 5341 5340
5343 5337 5338
5340 5337 5343
5342 5340 5344
5340 5343 5344
5344 5345 5342
5344 5346 5345
5344 5347 5346
5344 5343 5347
5347 5348 5346
5339 5349 5338
5343 5338 5349
5347 5350 5348
5350 5351 5348
5347 5343 5352
5349 5352 5343
5352 5350 5347
5349 5339 5353
5335 5353 5339
5349 5354 5352
5349 5353 5354
5355 5352 5354
5352 5355 5350
5350 5356 5351
5356 5357 5351
5355 5354 5358
5358 5354 5353
5359 5350 5355
5359 5356 5350
5359 5355 5358
5353 5335 5360
5360 5335 5336
5356 5361 5357
5361 5356 5359
5358 5353 5362
5353 5360 5362
5363 5360 5336
5362 5360 5363
5363 5336 5364
5365 5363 5364
5357 5361 5366
5357 5366 5367
5366 5368 5367
5359 5358 5369
5369 5358 5362
5361 5359 5370
5370 5366 5361
5370 5359 5369
5365 5371 5363
5372 5371 5365
5362 5363 5373
5369 5362 5373
5373 5363 5371
5374 5369 5373
5373 5371 5374
5370 5369 5375
5374 5375 5369
5370 5376 5366
5376 5370 5375
5372 5377 5371
5374 5371 5377
5378 5375 5374
5376 5375 5378
5376 5379 5366
5366 5379 5368
5368 5379 5380
5368 5380 5381
5380 5379 5382
5376 5383 5379
5382 5379 5383
5383 5376 5378
5382 5383 5384
5384 5383 5385
5383 5378 5385
5384 5385 5386
5378 5374 5387
5385 5378 5387
5374 5377 5387
5386 5385 5388
5385 5387 5388
5388 5387 5377
5386 5388 5389
5388 5377 5390
5390 5389 5388
5390 5377 5372
5390 5372 5391
5390 5391 5392
5390 5393 5389
5390 5392 5393
5394 5389 5393
5392 5395 5393
5394 5393 5395
5392 5396 5395
5397 5394 5395
5397 5398 5394
5396 5399 5395
5395 5399 5397
5400 5399 5396
5401 5399 5400
5401 5402 5399
5402 5397 5399
5403 5402 5401
5403 5404 5402
5405 5398 5397
5402 5405 5397
5405 5402 5404
5405 5406 5398
5405 5404 5407
5407 5406 5405
5407 5408 5406
5409 5410 5411
5409 5411 5412
5413 5409 5412
5413 5412 5414
5414 5415 5413
5414 5416 5415
5417 5418 5419
5417 5420 5418
5421 5420 5417
5421 5422 5420
5421 5423 5422
5421 5424 5423
5425 5423 5424
5425 5426 5423
5426 5425 5427
5426 5427 5428
5428 5427 5429
5428 5429 5430
5430 5429 5431
5430 5431 5432
5433 5432 5431
5433 5434 5432
5435 5436 5437
5435 5438 5436
5439 5438 5435
5439 5435 5440
5441 5439 5440
5441 5442 5439
5443 5442 5441
5443 5444 5442
5445 5444 5443
5445 5443 5446
5445 5446 5447
5445 5447 5448
5449 5448 5447
5449 5450 5448
5451 5450 5449
5451 5452 5450
5453 5452 5451
5453 5454 5452
5455 5454 5453
5455 5456 5454
5457 5458 5459
5457 5459 5460
5461 5457 5460
5461 5436 5457
5462 5463 5464
5462 5464 5465
5466 5467 5468
5466 5469 5467
5470 5469 5471
5470 5471 5472
5473 5474 5472
5473 5475 5474
5476 5477 5478
5476 5478 5479
5480 5481 5482
5480 5482 5483
5484 5485 5486
5484 5486 5487
5488 5489 5490
5488 5490 5491
5492 5493 5494
5492 5494 5495
5496 5497 5498
5496 5498 5499
5500 5501 5502
5500 5502 5503
5504 5505 5506
5504 5506 5507
5508 5509 5510
5508 5510 5511
5512 5513 5514
5512 5514 5515
5516 5517 5518
5516 5518 5519
5520 5521 5522
5520 5522 5523
5524 5525 5526
5524 5526 5527
5528 5529 5530
5528 5531 5529
5531 5528 5532
5531 5532 5533
5533 5532 5534
5533 5534 5535
5536 5537 5538
5536 5539 5537
5540 5539 5536
5540 5541 5539
5542 5541 5540
5542 5543 5541
5544 5543 5542
5544 5545 5543
5546 5545 5544
5546 5544 5547
5548 5549 5550
5548 5550 5551
5551 5552 5548
5551 5553 5552
5553 5554 5552
5553 5555 5554
5556 5557 5558
5556 5558 5559
5560 5561 5562
5560 5562 5563
5564 5565 5566
5564 5566 5567
5568 5569 5570
5568 5570 5571
5572 5573 5574
5572 5574 5575
5576 5577 5578
5576 5578 5579
5580 5581 5582
5580 5582 5583
5584 5585 5586
5584 5586 5587
5588 5589 5590
5588 5590 5591
5592 5593 5594
5592 5594 5595
5596 5597 5598
5596 5598 5599
5600 5601 5602
5600 5602 5603
5604 5605 5606
5604 5607 5605
5608 5609 5607
5608 5610 5609
5611 5612 5613
5611 5613 5614
5615 5616 5617
5615 5617 5618
5619 5620 5621
5619 5621 5622
5623 5624 5625
5623 5625 5626
5627 5628 5629
5627 5629 5630
5631 5632 5633
5631 5633 5634
5635 5636 5637
5635 5637 5638
5639 5640 5641
5639 5641 5642
5643 5644 5645
5643 5645 5646
5647 5648 5649
5647 5649 5650
5651 5652 5653
5651 5654 5652
5655 5654 5656
5655 5656 5657
5658 5659 5660
5658 5660 5661
5662 5663 5664
5662 5664 5665
5666 5667 5668
5666 5668 5669
5670 5671 5672
5670 5672 5673
5674 5675 5676
5674 5677 5675
5678 5677 5679
5678 5680 5677
5681 5680 5682
5681 5682 5683
5684 5685 5686
5684 5687 5685
5688 5687 5689
5688 5689 5690
5691 5692 5693
5691 5693 5694
5695 5696 5697
5695 5697 5698
5699 5700 5701
5699 5701 5702
5703 5704 5705
5703 5705 5706
5707 5708 5709
5707 5709 5710
5711 5710 5712
5711 5712 5713
5714 5715 5713
5714 5716 5715
5717 5718 5719
5717 5719 5720
5721 5722 5723
5721 5723 5724
5725 5726 5727
5725 5727 5728
5729 5730 5731
5729 5732 5730
5733 5732 5734
5733 5734 5735
5736 5737 5738
5736 5738 5739
5740 5741 5742
5740 5742 5743
5744 5745 5746
5744 5746 5747
5748 5749 5750
5748 5750 5751
5752 5753 5754
5752 5754 5755
5756 5757 5758
5756 5758 5759
5760 5761 5762
5760 5762 5763
5764 5765 5766
5764 5766 5767
5768 5769 5770
5768 5770 5771
5772 5773 5774
5772 5774 5775
5776 5777 5778
5776 5778 5779
5780 5781 5782
5780 5782 5783
5784 5785 5786
5784 5786 5787
5788 5789 5790
5788 5790 5791
5792 5793 5794
5792 5794 5795
5796 5797 5798
5796 5798 5799
5800 5801 5802
5800 5802 5803
5804 5805 5806
5804 5806 5807
5808 5809 5810
5808 5810 5811
5812 5813 5814
5812 5814 5815
5816 5817 5818
5816 5818 5819
5820 5821 5822
5820 5822 5823
5824 5825 5826
5824 5826 5827
5828 5829 5830
5828 5830 5831
5832 5833 5834
5832 5834 5835
5836 5837 5838
5836 5838 5839
5840 5841 5842
5840 5842 5843
5844 5845 5846
5844 5846 5847
5848 5849 5850
5848 5850 5851
5852 5853 5854
5852 5854 5855
5856 5857 5858
5856 5858 5859
5860 5861 5862
5860 5862 5863
5864 5865 5866
5864 5866 5867
5868 5869 5870
5868 5870 5871
5872 5873 5874
5872 5874 5875
5876 5877 5878
5876 5878 5879
5880 5881 5882
5880 5882 5883
5884 5885 5886
5884 5886 5887
5888 5887 5889
5888 5889 5890
5891 5892 5893
5891 5893 5894
5895 5896 5897
5895 5897 5898
5899 5900 5901
5899 5901 5902
5903 5904 5905
5903 5905 5906
5907 5908 5909
5907 5909 5910
5911 5912 5913
5911 5913 5914
5915 5916 5917
5915 5917 5918
5919 5920 5921
5919 5921 5922
5923 5924 5925
5923 5925 5926
5927 5928 5929
5927 5929 5930
5931 5932 5930
5931 5933 5932
5934 5935 5936
5934 5936 5937
5938 5939 5940
5938 5940 5941
5942 5943 5944
5942 5944 5945
5946 5947 5948
5946 5948 5949
5950 5951 5952
5950 5952 5953
5954 5955 5953
5954 5953 5956
5957 5958 5956
5957 5959 5958
5960 5961 5962
5960 5962 5963
5964 5965 5963
5964 5966 5965
5967 5968 5969
5967 5969 5970
5971 5972 5973
5971 5973 5974
5975 5976 5977
5975 5977 5978
5979 5980 5981
5979 5981 5982
5983 5984 5985
5983 5986 5984
5987 5986 5988
5987 5988 5989
5990 5989 5991
5990 5991 5992
5993 5994 5995
5993 5995 5996
5997 5998 5999
5997 5999 6000
6001 6002 6003
6001 6003 6004
6005 6006 6004
6005 6007 6006
6008 6009 6010
6008 6010 6011
6012 6013 6014
6012 6014 6015
6016 6017 6018
6016 6018 6019
6020 6021 6022
6020 6022 6023
6024 6025 6026
6024 6026 6027
6028 6029 6030
6028 6030 6031
6032 6033 6034
6032 6034 6035
6036 6037 6038
6036 6038 6039
6040 6041 6042
6040 6042 6043
6044 6045 6046
6044 6046 6047
6048 6049 6050
6048 6050 6051
6052 6053 6054
6052 6054 6055
6056 6057 6058
6056 6058 6059
6060 6061 6062
6060 6062 6063
6064 6065 6066
6064 6066 6067
6068 6069 6070
6068 6070 6071
6072 6073 6074
6072 6074 6075
6076 6077 6078
6076 6078 6079
6080 6081 6082
6080 6082 6083
6084 6085 6086
6084 6086 6087
6088 6089 6090
6088 6090 6091
6092 6093 6094
6092 6094 6095
6096 6097 6098
6096 6098 6099
6100 6101 6102
6100 6102 6103
6104 6105 6106
6104 6106 6107
6108 6109 6110
6108 6110 6111
6112 6113 6114
6112 6114 6115
6116 6117 6118
6116 6118 6119
6120 6121 6122
6120 6122 6123
6124 6125 6126
6124 6126 6127
6128 6129 6130
6128 6130 6131
6132 6133 6134
6132 6134 6135
6136 6137 6138
6136 6138 6139
6140 6141 6142
6140 6142 6143
6144 6145 6146
6144 6146 6147
6148 6149 6150
6148 6150 6151
6152 6153 6154
6152 6154 6155
6156 6157 6158
6156 6158 6159
6160 6161 6162
6160 6162 6163
6164 6165 6166
6164 6166 6167
6168 6169 6170
6168 6170 6171
6172 6173 6174
6172 6174 6175
6176 6177 6178
6176 6178 6179
6180 6181 6182
6180 6182 6183
6184 6185 6186
6184 6186 6187
6188 6189 6190
6188 6190 6191
6192 6193 6194
6192 6194 6195
6196 6197 6198
6196 6198 6199
6200 6201 6202
6200 6202 6203
6204 6205 6206
6204 6207 6205
6208 6207 6209
6208 6209 6210
6211 6212 6213
6211 6213 6214
6215 6216 6217
6215 6217 6218
6219 6220 6221
6219 6221 6222
6223 6224 6225
6223 6225 6226
6227 6228 6229
6227 6229 6230
6231 6232 6233
6231 6233 6234
6235 6236 6237
6235 6237 6238
6239 6240 6241
6239 6241 6242
6243 6244 6245
6243 6245 6246
6247 6248 6249
6247 6249 6250
6251 6252 6253
6251 6253 6254
6255 6256 6257
6255 6257 6258
6259 6260 6261
6259 6261 6262
6263 6264 6265
6263 6265 6266
6267 6268 6269
6267 6269 6270
6271 6272 6273
6271 6273 6274
6275 6276 6277
6275 6277 6278
6279 6280 6281
6279 6281 6282
6283 6284 6285
6283 6285 6286
6287 6288 6289
6287 6289 6290
6291 6292 6293
6291 6293 6294
6295 6296 6297
6295 6297 6298
6299 6300 6301
6299 6301 6302
6303 6304 6305
6303 6305 6306
6307 6308 6309
6307 6309 6310
6311 6312 6313
6311 6313 6314
6315 6316 6317
6315 6317 6318
6319 6320 6321
6319 6321 6322
6323 6324 6325
6323 6325 6326
6327 6328 6329
6327 6329 6330
6331 6332 6333
6331 6333 6334
6335 6336 6337
6335 6337 6338
6339 6340 6341
6339 6341 6342
6343 6344 6345
6343 6345 6346
6347 6348 6349
6347 6349 6350
6351 6352 6353
6351 6353 6354
6355 6356 6357
6355 6357 6358
6359 6360 6361
6359 6361 6362
6363 6364 6365
6363 6365 6366
6367 6368 6366
6367 6369 6368
6370 6371 6372
6370 6372 6373
6374 6375 6376
6374 6376 6377
6378 6379 6380
6378 6380 6381
6382 6383 6384
6382 6384 6385
6386 6387 6388
6386 6388 6389
6390 6391 6392
6390 6392 6393
6394 6395 6396
6394 6396 6397
6398 6399 6400
6398 6400 6401
6402 6403 6404
6402 6404 6405
6406 6407 6408
6406 6408 6409
6410 6411 6412
6410 6412 6413
6414 6415 6416
6414 6416 6417
6418 6419 6420
6418 6420 6421
6422 6423 6424
6422 6424 6425
6426 6427 6428
6426 6428 6429
6430 6431 6432
6430 6432 6433
6434 6435 6436
6434 6436 6437
6438 6439 6440
6438 6440 6441
6442 6443 6444
6442 6445 6443
6446 6445 6442
6446 6447 6445
6448 6447 6446
6448 6449 6447
6450 6449 6448
6450 6451 6449
6452 6451 6450
6452 6453 6451
6454 6453 6452
6454 6455 6453
6456 6457 6458
6456 6458 6459
6459 6458 6460
6459 6460 6461
6462 6463 6464
6462 6464 6465
6465 6464 6466
6465 6466 6467
6468 6469 6470
6468 6470 6471
6472 6468 6471
6472 6471 6473
6474 6472 6473
6474 6473 6475
6476 6474 6475
6476 6475 6477
6478 6476 6477
6478 6477 6479
6480 6478 6479
6480 6479 6481
6482 6483 6484
6482 6485 6483
6485 6486 6483
6485 6487 6486
6488 6489 6490
6488 6491 6489
6491 6492 6489
6491 6493 6492
6494 6495 6496
6494 6496 6497
6498 6494 6497
6498 6499 6494
6500 6499 6498
6500 6498 6501
6502 6500 6501
6502 6501 6503
6504 6502 6503
6504 6505 6502
6504 6506 6505
6504 6507 6506
6508 6506 6507
6508 6507 6509
6510 6508 6509
6510 6509 6511
6512 6510 6511
6512 6511 6513
6514 6512 6513
6514 6513 6515
6516 6517 6518
6516 6519 6517
6520 6519 6516
6520 6516 6496
6521 6522 6523
6521 6523 6524
6525 6526 6527
6525 6527 6528
6529 6530 6528
6529 6531 6530
6532 6531 6533
6532 6533 6534
6535 6536 6537
6535 6537 6538
6539 6540 6541
6539 6541 6542
6543 6544 6545
6543 6545 6546
6547 6548 6549
6547 6549 6550
6551 6552 6553
6551 6553 6554
6555 6556 6557
6555 6557 6558
6559 6560 6561
6559 6561 6562
6563 6564 6565
6563 6565 6566
6567 6568 6569
6567 6569 6570
6571 6572 6573
6571 6573 6574
6575 6576 6577
6575 6577 6578
6579 6580 6581
6579 6581 6582
6583 6584 6585
6583 6585 6586
6587 6588 6589
6587 6590 6588
6591 6590 6587
6591 6592 6590
6593 6594 6591
6593 6595 6594
6596 6597 6598
6596 6598 6599
6600 6596 6599
6600 6599 6601
6602 6600 6603
6602 6603 6604
6605 6606 6607
6605 6607 6608
6609 6610 6611
6609 6611 6612
6613 6614 6615
6613 6616 6614
6617 6618 6616
6617 6616 6619
6620 6621 6622
6620 6623 6621
6624 6625 6623
6624 6623 6626
6627 6628 6629
6627 6629 6630
6631 6632 6633
6631 6633 6634
6635 3482 6636
6636 3482 6637
6638 6639 6640
6638 6640 6641
6642 6643 6644
6642 6644 6645
6646 6647 6648
6646 6648 6649
6650 6651 6652
6650 6652 6653
6654 6655 6656
6654 6656 6657
6658 6659 6660
6658 6660 6661
6662 6663 6664
6662 6664 6665
6666 6667 6664
6666 6668 6667
6669 6670 6671
6669 6672 6670
6673 6672 6669
6673 6674 6672
6670 6672 6675
6670 6675 6676
6672 6677 6675
6672 6678 6677
6676 6675 6679
6676 6679 6680
6675 6681 6679
6675 6682 6681
6680 6679 6683
6680 6683 6684
6679 6685 6683
6679 6686 6685
6684 6683 6687
6684 6687 6688
6683 6689 6690
6683 6690 6691
6692 6693 6694
6692 6694 6695
6696 6697 6698
6696 6698 6699
6700 6701 6702
6700 6702 6703
6704 6705 6706
6704 6706 6707
6708 6709 6710
6708 6710 6711
6712 6713 3587
6713 6714 3587
6715 6716 6717
6715 6717 6718
6719 6720 6721
6719 6721 6722
6723 6724 6725
6723 6725 6726
6727 6728 6729
6727 6729 6730
6731 6732 6733
6731 6733 6734
6735 6736 6737
6735 6737 6738
6739 6740 6741
6739 6741 6742
6743 6741 6744
6743 6744 6745
6746 6747 6748
6746 6748 6749
6750 6746 6749
6750 6749 6751
6748 6752 6749
6748 6753 6752
6749 6752 6754
6749 6754 6755
6753 6756 6752
6753 6757 6756
6752 6756 6758
6752 6758 6759
6757 6760 6756
6757 6761 6760
6756 6760 6762
6756 6762 6763
6761 6764 6760
6761 6765 6764
6760 6766 6767
6760 6767 6768
6769 6770 6771
6769 6771 6772
6773 6774 6775
6773 6775 6776
6777 6778 6779
6777 6779 6780
6781 6782 6783
6781 6783 6784
6785 6786 6787
6788 6787 6786
6788 6789 6787
6789 6790 6791
6791 6792 6789
6793 6794 6795
6793 6795 6796
6797 6798 6799
6797 6799 6800
6799 6801 6802
6799 6802 6803
6804 6805 6800
6804 6806 6805
6803 6807 6808
6803 6808 6809
6809 6810 6811
6809 6811 6812
6813 6814 6815
6816 6813 6815
6813 6816 6817
6818 6813 6817
6815 6819 6816
6815 6820 6819
6818 6817 6821
6822 6818 6821
6823 6822 6821
6816 6824 6817
6816 6819 6824
6820 6825 6819
6820 6826 6825
6825 6826 6827
6819 6825 6828
6819 6828 6824
6817 6824 6829
6817 6829 6821
6825 6827 6830
6828 6825 6830
6824 6828 6831
6824 6831 6829
6827 6832 6830
6827 6833 6832
6828 6830 6834
6831 6828 6834
6835 6832 6833
6835 6833 6836
6830 6832 6837
6830 6837 6834
6838 6837 6832
6838 6832 6835
6839 6835 6836
6839 6836 6840
6834 6837 6841
6841 6837 6838
6840 6842 6839
6840 6843 6842
6839 6842 6844
6835 6839 6845
6839 6844 6845
6835 6845 6838
6844 6846 6845
6838 6845 6847
6846 6847 6845
6838 6847 6848
6841 6838 6848
6847 6846 6849
6849 6848 6847
6846 6850 6849
6849 6850 6851
6849 6851 6852
6849 6853 6848
6852 6853 6849
6853 6841 6848
6852 6854 6853
6854 6855 6853
6853 6855 6841
6854 6856 6855
6855 6856 6857
6858 6841 6855
6834 6841 6858
6831 6834 6858
6855 6857 6859
6858 6855 6859
6859 6831 6858
6860 6859 6857
6859 6861 6831
6860 6861 6859
6861 6829 6831
6862 6861 6860
6861 6862 6829
6862 6860 6863
6821 6829 6862
6862 6863 6864
6821 6862 6865
6862 6864 6865
6865 6823 6821
6864 6823 6865
6864 6866 6823
6867 6868 6869
6867 6869 6870
6869 6871 6870
6872 6873 6874
6872 6875 6873
6876 6875 6877
6876 6877 6878
6873 6879 6880
6873 6881 6879
6881 6882 6883
6881 6884 6882
6884 6885 6886
6884 6886 6887
6888 6889 6890
6891 6889 6888
6888 6892 6891
6893 6892 6888
6889 6891 6894
6889 6894 6895
6893 6896 6892
6897 6896 6893
6898 6896 6897
6891 6892 6899
6891 6899 6894
6895 6894 6900
6895 6900 6901
6900 6902 6901
6894 6903 6900
6894 6899 6903
6892 6904 6899
6892 6896 6904
6900 6905 6902
6903 6905 6900
6899 6906 6903
6899 6904 6906
6902 6905 6907
6902 6907 6908
6903 6909 6905
6906 6909 6903
6910 6908 6907
6910 6911 6908
6905 6912 6907
6905 6909 6912
6913 6907 6912
6913 6910 6907
6914 6911 6910
6914 6915 6911
6909 6916 6912
6916 6913 6912
6915 6914 6917
6915 6917 6918
6914 6919 6917
6910 6920 6914
6914 6920 6919
6910 6913 6920
6919 6920 6921
6913 6922 6920
6921 6920 6922
6913 6923 6922
6916 6923 6913
6922 6924 6921
6924 6922 6923
6921 6924 6925
6924 6926 6925
6924 6927 6926
6924 6923 6928
6927 6924 6928
6928 6923 6916
6927 6928 6929
6929 6928 6930
6928 6916 6930
6929 6930 6931
6930 6932 6931
6933 6930 6916
6909 6933 6916
6906 6933 6909
6930 6934 6932
6933 6934 6930
6934 6933 6906
6935 6932 6934
6934 6906 6936
6935 6934 6936
6936 6906 6904
6937 6935 6936
6936 6904 6937
6937 6938 6935
6896 6937 6904
6937 6939 6938
6896 6940 6937
6937 6940 6939
6940 6896 6898
6939 6940 6898
6939 6898 6941
6942 6943 6944
6942 6945 6943
6943 6945 6946
6947 6948 6949
6949 6950 6947
6947 6951 6952
6953 6952 6954
6955 6956 6954
6957 6958 6955
6957 6955 6959
6960 6957 6959
6961 6960 6962
6960 6963 6962
6964 6965 6966
6966 6965 6967
6968 6969 6970
6969 6971 6970
6972 6971 6969
6970 6973 6974
6975 6976 6974
6976 6975 6977
6978 6979 6980
6979 6978 6981
6982 6983 6984
6982 6985 6983
6986 6987 6988
6989 6988 6987
6990 6991 6992
6991 6993 6992
6990 6994 6991
6995 6994 6990
6995 6996 6994
6996 6997 6994
6997 6991 6994
6996 6998 6997
6998 6999 6997
6998 7000 6999
6999 7000 7001
6991 7002 6993
7003 6993 7002
7003 7004 6993
7003 7005 7004
7003 7006 7005
7007 7006 7003
6997 7008 6991
7008 7002 6991
7003 7002 7009
7008 7009 7002
7007 7003 7010
7003 7009 7010
7007 7010 7011
7011 7010 7009
7007 7011 7012
7013 7012 7011
7013 7011 7014
7014 7011 7015
7009 7015 7011
7014 7015 7016
7017 7015 7009
7017 7009 7008
7015 7018 7016
7018 7015 7017
7018 7019 7016
7019 7018 7020
7019 7020 7021
7020 7022 7021
7018 7017 7023
7023 7017 7008
7023 7020 7018
7023 7008 7024
7024 7008 6997
7024 6997 6999
7024 7025 7023
7023 7025 7020
7020 7026 7022
7027 7022 7026
6999 7028 7024
7024 7028 7025
7029 7020 7025
7029 7026 7020
7030 7027 7026
7031 7027 7030
6999 7032 7028
6999 7001 7032
7033 7032 7001
7033 7028 7032
7033 7001 7034
7035 7033 7034
7036 7025 7028
7033 7036 7028
7036 7029 7025
7035 7037 7033
7036 7033 7037
7037 7035 7038
7026 7029 7039
7026 7039 7030
7029 7036 7040
7029 7040 7039
7036 7037 7040
7037 7038 7041
7042 7041 7038
7042 7043 7041
7044 7037 7041
7043 7044 7041
7044 7040 7037
7043 7045 7044
7044 7045 7046
7039 7047 7030
7039 7040 7047
7040 7044 7048
7044 7046 7048
7040 7048 7047
7049 7048 7046
7049 7047 7048
7049 7046 7050
7049 7050 7051
7049 7051 7052
7053 7049 7052
7047 7054 7030
7031 7030 7054
7055 7031 7054
7055 7054 7056
7053 7056 7054
7049 7057 7047
7053 7057 7049
7054 7047 7057
7053 7054 7057
7058 7059 7060
7061 7058 7060
7058 7062 7059
7062 7063 7059
7061 7064 7058
7065 7064 7061
7062 7066 7063
7066 7067 7063
7066 7068 7067
7068 7069 7067
7070 7066 7062
7068 7066 7070
7071 7062 7058
7070 7062 7071
7064 7072 7058
7071 7058 7072
7068 7073 7069
7068 7070 7074
7073 7068 7074
7069 7073 7075
7069 7075 7076
7077 7076 7075
7077 7078 7076
7078 7077 7079
7075 7079 7077
7078 7079 7080
7075 7081 7079
7081 7080 7079
7073 7081 7075
7081 7082 7080
7073 7083 7081
7083 7082 7081
7073 7074 7083
7083 7084 7082
7083 7085 7084
7083 7074 7085
7074 7086 7085
7074 7070 7086
7070 7087 7086
7070 7071 7087
7071 7088 7087
7071 7072 7088
7072 7089 7088
7089 7090 7088
7064 7089 7072
7091 7090 7089
7089 7064 7091
7091 7092 7090
7091 7093 7092
7064 7094 7091
7065 7094 7064
7091 7095 7093
7091 7094 7095
7065 7096 7094
7094 7096 7095
7065 7097 7096
7096 7097 7098
7099 7093 7095
7099 7095 7096
7099 7100 7093
7100 7101 7098
7096 7098 7101
7100 7099 7101
7099 7096 7101
7102 7103 7104
7105 7103 7102
7102 7104 7106
7106 7104 7107
7105 7102 7108
7109 7105 7108
7106 7107 7110
7110 7107 7111
7110 7111 7112
7112 7111 7113
7114 7106 7110
7112 7114 7110
7115 7102 7106
7114 7115 7106
7108 7102 7116
7115 7116 7102
7112 7113 7117
7112 7118 7114
7117 7118 7112
7113 7119 7117
7113 7120 7119
7121 7119 7120
7121 7120 7122
7122 7123 7121
7119 7121 7123
7122 7124 7123
7119 7123 7125
7125 7123 7124
7117 7119 7125
7125 7124 7126
7117 7125 7127
7127 7125 7126
7117 7127 7118
7127 7126 7128
7127 7128 7129
7127 7129 7118
7118 7129 7130
7118 7130 7114
7114 7130 7131
7114 7131 7115
7115 7131 7132
7115 7132 7116
7116 7132 7133
7133 7132 7134
7108 7116 7133
7135 7133 7134
7133 7135 7108
7135 7134 7136
7135 7136 7137
7108 7135 7138
7109 7108 7138
7135 7137 7139
7135 7139 7138
7109 7138 7140
7138 7139 7140
7109 7140 7141
7140 7142 7141
7143 7139 7137
7143 7140 7139
7143 7137 7144
7144 7142 7145
7140 7145 7142
7144 7145 7143
7143 7145 7140
