byte offset: 0
first index: 0
index count: 6225
topology: trianglelist
format: DXGI_FORMAT_R16_UINT

0 1 2
3 4 5
3 6 4
7 4 6
8 9 10
10 9 11
11 12 10
12 13 10
14 11 9
14 9 15
16 13 12
16 17 13
18 16 12
19 18 12
19 12 11
14 19 11
14 15 20
21 20 15
21 22 20
23 20 22
24 23 22
25 23 24
25 26 23
14 27 19
14 20 27
23 27 20
28 19 27
28 27 29
23 29 27
28 29 30
30 29 31
32 23 26
32 29 23
32 31 29
32 26 33
34 31 32
35 32 33
35 34 32
36 37 38
37 39 38
39 40 38
39 41 40
41 39 42
39 43 42
43 44 42
45 44 43
45 43 46
37 47 39
43 39 47
48 46 43
48 43 47
37 49 47
37 50 49
49 50 51
49 52 47
47 52 48
50 53 51
50 54 53
53 55 51
51 55 56
46 48 57
46 57 58
58 57 59
59 57 60
49 61 52
51 61 49
62 51 56
56 63 62
51 64 61
64 51 62
65 52 61
65 61 64
48 52 66
66 52 65
48 67 57
66 67 48
60 57 68
57 67 68
63 69 62
70 69 63
71 70 63
72 62 69
64 62 72
69 73 72
73 74 72
73 75 74
74 76 72
77 76 74
78 76 77
64 72 79
72 76 79
76 78 80
76 80 79
80 78 81
80 81 82
83 82 81
83 81 84
82 83 85
85 86 82
64 79 87
65 64 87
79 80 88
88 80 82
87 79 88
87 89 65
66 65 89
90 87 88
87 90 89
89 90 91
92 66 89
92 89 91
67 66 92
93 90 88
88 82 93
86 94 82
86 95 94
94 95 96
90 97 91
93 97 90
82 98 93
82 94 98
99 98 94
93 100 97
93 98 100
100 91 97
94 96 101
99 94 101
101 96 102
102 96 103
104 100 98
104 98 99
100 104 105
106 91 100
105 106 100
107 91 106
105 107 106
107 108 91
105 109 107
92 91 108
110 107 109
107 110 111
112 109 105
113 92 108
107 113 108
114 107 111
114 111 115
116 115 112
116 114 115
117 112 105
116 112 117
105 118 117
105 104 118
113 119 92
119 67 92
117 120 116
117 118 120
118 104 121
99 121 104
67 119 122
119 123 122
67 122 68
122 124 68
124 125 68
60 68 125
126 60 125
127 60 126
128 126 125
125 124 129
124 130 129
130 131 129
131 132 129
133 125 129
133 128 125
133 129 132
133 134 128
135 128 134
133 136 134
134 136 137
137 136 138
136 133 139
133 132 139
139 132 140
136 139 141
142 140 132
141 139 143
139 140 143
141 143 144
145 144 143
144 145 146
143 147 145
148 147 143
140 148 143
140 142 149
142 119 149
113 149 119
150 140 149
113 150 149
147 148 151
147 151 152
151 153 152
151 154 153
155 153 154
140 156 148
150 156 140
157 151 148
157 154 151
157 148 156
155 154 158
159 155 158
154 160 158
154 161 160
161 162 160
163 154 157
161 154 163
162 161 164
162 164 165
165 164 166
164 167 166
164 168 167
161 168 164
161 169 168
163 169 161
169 170 168
170 169 163
171 170 163
172 170 171
173 171 163
163 157 173
174 171 173
174 173 175
173 157 176
157 156 176
175 173 177
173 176 177
177 178 175
179 178 177
156 180 176
156 150 180
181 177 176
179 177 181
181 176 180
182 179 181
182 183 179
182 184 183
181 185 182
180 185 181
185 184 182
186 180 150
180 186 185
184 185 187
184 187 188
189 187 185
186 189 185
187 190 188
187 189 190
191 188 190
191 190 120
120 192 191
193 192 120
116 120 190
116 190 189
193 120 118
114 116 189
114 189 186
118 194 193
121 194 118
107 114 186
195 194 121
107 186 196
107 196 113
186 150 196
113 196 150
195 121 197
195 197 198
198 197 199
200 199 197
121 99 197
201 200 197
99 201 197
99 202 201
99 101 202
202 203 201
203 204 201
101 102 202
203 202 102
203 205 204
203 206 205
207 206 203
207 208 206
207 203 209
203 102 210
203 210 209
210 102 103
210 103 211
209 210 212
212 210 211
212 211 213
212 213 214
214 213 215
216 217 218
216 219 217
217 219 220
221 217 220
222 221 220
223 221 222
224 225 226
227 224 226
226 228 227
228 226 229
230 228 229
231 228 230
231 230 232
233 224 227
228 233 227
234 224 233
228 235 233
234 233 235
228 236 235
231 236 228
231 237 236
234 235 238
238 235 239
240 234 238
239 241 238
240 238 242
243 240 242
241 244 238
242 238 244
245 244 241
242 246 243
246 247 243
248 242 244
244 249 248
250 242 248
242 250 246
248 251 250
249 251 248
249 252 251
252 253 251
251 253 250
252 254 253
253 254 255
253 255 250
247 246 256
247 256 257
258 256 246
246 250 258
259 258 250
259 260 258
261 259 250
261 260 259
255 262 250
262 261 250
260 261 263
263 261 262
262 255 263
263 264 260
255 264 263
265 266 267
265 268 266
268 269 266
268 265 270
271 268 270
272 270 265
265 273 272
274 269 268
275 274 268
276 269 274
276 277 269
278 279 280
278 281 279
278 282 281
283 282 278
284 279 281
279 284 285
284 281 286
285 287 279
287 285 288
288 289 287
279 287 290
290 287 291
292 286 281
292 281 293
294 293 281
282 294 281
294 282 295
296 294 295
295 297 296
298 286 292
298 292 299
300 286 298
301 298 299
300 298 302
303 300 302
302 298 304
301 304 298
302 304 305
306 305 304
301 307 304
306 304 307
306 307 308
306 308 309
301 310 307
310 308 307
308 311 309
312 308 310
308 313 311
314 311 313
314 313 315
314 315 316
316 315 317
318 313 308
315 313 318
312 319 308
318 308 319
319 312 320
321 319 320
322 320 312
323 320 322
323 322 324
315 318 325
325 318 326
315 325 327
317 315 327
317 327 328
317 328 329
328 330 329
331 329 330
331 332 329
331 330 333
331 333 334
332 331 335
335 331 334
336 335 334
332 335 337
338 337 335
338 335 336
333 339 334
340 339 333
336 341 338
342 338 341
341 343 342
344 343 341
344 345 343
344 341 346
346 341 336
347 334 339
347 339 348
349 347 348
344 346 350
351 344 350
350 352 351
350 353 352
350 354 353
353 354 355
356 354 350
346 356 350
346 357 356
357 358 356
359 358 357
360 357 346
360 346 336
361 357 360
336 362 360
360 362 361
363 361 362
357 361 364
364 359 357
364 361 363
365 362 336
365 336 334
366 362 365
363 362 366
367 365 334
366 365 367
367 334 347
347 368 367
366 367 368
347 324 368
349 324 347
323 324 349
349 369 323
366 368 370
366 370 371
363 366 371
370 372 371
373 372 370
372 374 371
374 375 371
375 363 371
375 376 363
376 377 363
372 373 378
364 363 377
377 379 364
379 380 364
364 380 359
381 359 380
382 359 381
373 383 378
384 378 383
385 384 383
378 384 386
384 385 387
384 388 386
389 386 388
390 389 388
389 391 386
390 392 389
393 388 384
390 388 393
387 394 384
393 384 394
392 390 395
392 395 396
397 396 395
396 397 398
390 399 395
399 390 400
393 401 390
390 401 400
393 394 401
402 400 401
402 401 403
403 401 394
387 404 394
404 387 405
406 402 403
406 407 402
403 394 408
408 406 403
408 394 404
408 409 406
409 408 410
408 404 410
404 405 411
404 411 410
411 412 410
411 413 412
405 414 411
413 411 415
415 411 414
416 415 414
417 415 416
418 417 416
418 419 417
420 418 416
421 419 418
421 418 420
421 420 297
297 295 421
295 422 421
422 295 423
295 424 423
425 423 424
426 424 295
426 427 424
282 426 295
428 427 426
283 426 282
428 426 283
428 283 429
430 429 283
431 430 283
430 431 432
433 434 435
436 433 435
437 436 435
436 437 438
433 436 439
436 438 440
440 438 441
440 441 442
442 443 440
436 440 444
436 444 439
440 443 444
443 439 444
443 445 439
446 445 443
446 443 447
442 447 443
448 446 447
449 448 447
442 449 447
450 449 442
450 442 451
451 452 450
453 452 451
453 451 442
454 452 453
455 453 442
455 442 441
453 456 454
456 453 455
454 456 457
458 457 456
441 459 455
456 455 459
458 456 459
460 459 441
459 460 458
461 462 463
462 464 463
465 463 464
463 465 466
467 468 469
470 467 469
469 471 470
472 471 469
473 474 475
473 475 476
473 476 477
478 476 475
477 476 479
476 478 479
479 480 477
481 480 479
480 482 477
480 483 482
479 478 484
479 484 481
478 485 484
485 486 484
484 486 481
486 487 481
480 488 483
481 488 480
481 487 489
490 489 487
490 491 489
492 481 489
481 492 488
491 492 489
493 483 488
492 493 488
490 494 491
490 495 494
483 493 496
497 483 496
491 498 492
498 493 492
493 498 499
499 498 491
494 495 500
495 501 500
500 501 502
500 502 503
500 503 504
503 505 504
504 505 506
505 507 506
506 508 504
509 500 504
508 509 504
494 500 509
509 508 510
510 511 509
512 511 510
494 509 513
511 513 509
512 514 511
512 515 514
513 516 494
491 494 516
517 513 511
517 511 514
513 517 516
516 518 491
518 516 517
491 518 499
515 519 514
514 519 517
517 520 518
499 518 520
517 519 520
515 521 519
515 522 521
523 521 522
519 524 520
524 519 521
520 524 525
499 520 525
524 521 526
524 527 525
526 521 528
523 528 521
529 526 528
523 529 528
523 530 529
499 525 531
527 531 525
499 531 532
532 493 499
493 532 496
496 532 531
527 533 531
496 531 533
496 533 497
497 533 534
533 527 535
534 533 536
533 535 536
537 536 535
538 536 537
538 537 539
539 540 538
539 541 540
540 541 542
540 542 543
544 545 546
547 544 546
548 544 547
548 549 544
550 549 548
551 548 547
550 548 551
549 550 552
553 552 550
553 550 554
550 555 554
556 550 551
550 556 555
557 556 551
558 556 557
556 558 555
557 559 558
560 554 555
561 554 560
560 562 561
560 563 562
563 560 555
564 562 563
565 558 559
566 565 559
567 565 566
563 568 564
569 564 568
568 570 569
570 568 571
570 571 572
573 572 571
573 574 572
568 575 571
568 563 575
575 573 571
576 574 573
576 577 574
576 578 577
578 579 577
579 580 577
581 576 573
573 582 581
583 582 573
583 573 575
563 584 575
584 563 555
575 584 585
585 583 575
555 586 584
586 585 584
558 586 555
582 583 587
582 587 588
588 587 589
590 583 585
587 583 590
591 586 558
591 558 565
586 592 585
585 592 590
586 591 592
593 587 590
587 593 589
592 593 590
594 591 565
594 565 567
594 595 591
595 592 591
594 567 596
597 596 567
596 597 598
592 595 599
593 592 599
600 593 599
600 589 593
589 600 601
600 602 601
600 603 602
602 603 604
602 604 605
605 604 606
605 606 607
606 604 608
609 610 611
609 611 612
612 611 613
612 613 614
614 613 615
614 615 616
616 615 617
616 617 618
618 617 619
618 619 620
620 619 621
620 621 622
623 624 625
623 626 624
627 626 623
626 628 624
627 629 626
630 629 627
626 631 628
629 631 626
631 632 628
630 633 629
634 633 630
629 635 631
633 635 629
631 636 632
635 636 631
636 637 632
636 638 637
639 638 636
635 639 636
639 640 638
634 641 633
642 641 634
633 643 635
643 639 635
641 643 633
644 640 639
643 644 639
644 645 640
642 646 641
647 646 642
641 648 643
648 644 643
646 648 641
649 645 644
648 649 644
649 650 645
647 651 646
652 651 647
646 653 648
653 649 648
651 653 646
654 650 649
653 654 649
654 655 650
652 656 651
657 656 652
651 658 653
658 654 653
656 658 651
659 655 654
658 659 654
659 660 655
657 661 656
662 661 657
662 663 661
656 664 658
664 659 658
661 664 656
665 660 659
664 665 659
665 666 660
663 667 661
661 667 664
667 665 664
663 668 667
669 666 665
667 669 665
668 669 667
669 670 666
668 671 669
671 670 669
671 672 670
673 674 675
673 676 674
677 676 673
677 678 676
679 678 677
679 680 678
681 680 679
681 682 680
683 684 685
683 686 684
687 686 683
687 688 686
689 688 687
689 690 688
691 690 689
691 692 690
693 694 695
693 696 694
697 696 693
697 698 696
699 698 697
699 700 698
701 700 699
701 702 700
703 704 705
703 706 704
707 706 703
707 708 706
709 708 707
709 710 708
711 710 709
711 712 710
713 714 715
716 714 713
716 713 717
716 717 718
717 713 719
713 720 719
718 717 721
721 722 718
723 721 717
722 721 724
723 724 721
724 723 725
720 726 719
726 720 727
719 726 728
719 728 729
730 729 728
731 729 730
729 731 732
733 732 731
734 732 733
734 733 735
735 736 734
734 736 737
737 738 734
737 739 738
737 740 739
738 739 741
741 742 738
743 742 741
743 741 744
739 744 741
743 744 745
745 744 746
740 747 739
748 747 740
747 748 746
749 746 748
748 750 749
751 746 744
739 751 744
751 747 746
739 747 751
752 753 754
752 754 755
755 756 752
755 757 756
758 756 757
758 759 756
760 759 758
760 761 759
762 761 760
762 760 763
764 765 766
766 765 767
767 765 768
769 770 771
769 772 770
773 770 772
773 774 770
775 774 773
775 776 774
776 775 777
776 777 778
779 778 777
779 780 778
781 780 779
781 782 780
783 784 785
786 784 783
783 787 786
786 787 788
789 790 791
790 789 792
792 789 793
794 793 789
794 795 793
796 795 794
793 797 792
795 797 793
797 798 792
798 797 795
799 798 795
799 795 800
795 796 801
796 802 801
803 801 802
804 800 795
795 801 804
801 803 805
805 804 801
806 800 804
804 805 806
806 807 800
808 807 806
803 809 805
805 809 806
803 810 809
811 808 806
811 806 809
810 812 809
809 812 811
810 813 812
812 813 237
808 811 814
811 812 814
815 808 814
812 237 816
812 816 814
231 816 237
814 816 231
817 815 814
814 231 817
815 817 818
817 231 232
819 818 817
232 819 817
818 819 820
819 232 820
821 822 823
824 822 821
824 821 825
824 826 822
827 826 824
826 827 828
829 827 824
824 830 829
830 831 829
831 832 829
831 833 832
832 834 829
829 834 827
832 835 834
836 834 835
836 827 834
827 837 828
836 837 827
837 838 828
836 839 837
837 839 838
840 841 842
842 843 840
842 844 843
842 845 844
842 846 845
845 846 847
848 840 843
848 849 840
848 850 849
848 851 850
852 850 851
851 853 852
852 854 850
852 855 854
852 856 855
855 856 857
855 857 858
859 857 856
860 861 862
861 860 863
861 863 864
860 865 863
866 865 860
865 866 867
868 865 867
869 864 863
869 870 864
870 869 871
869 868 871
868 872 865
863 865 872
872 869 863
872 868 869
873 874 875
876 875 874
877 876 874
876 877 878
879 875 876
880 875 879
880 879 881
879 882 881
882 879 883
884 883 879
885 876 878
879 876 885
885 878 886
887 885 886
887 886 888
889 887 888
890 879 885
890 885 887
887 889 891
891 890 887
891 892 890
889 893 891
884 879 894
894 879 890
895 884 894
890 895 894
890 892 895
895 896 884
895 897 896
897 895 892
896 897 898
892 899 897
893 900 891
892 891 900
900 893 901
901 892 900
902 901 893
901 902 903
901 903 904
901 904 892
904 905 892
906 907 908
906 908 909
910 911 912
910 912 913
914 915 916
917 915 914
918 919 920
918 920 921
922 923 924
922 924 925
926 927 928
926 928 929
930 931 932
930 932 933
934 935 936
934 936 937
938 934 937
937 936 939
936 940 939
941 938 937
939 941 937
941 942 938
942 943 938
944 943 942
944 942 945
941 945 942
946 944 945
947 944 946
948 947 946
947 948 949
948 950 949
951 950 948
952 945 941
953 946 945
953 945 952
954 948 946
954 946 953
955 951 948
954 955 948
951 955 956
956 955 954
957 951 956
941 958 952
958 941 939
954 953 959
956 954 959
957 956 960
961 957 960
959 962 956
956 962 960
961 960 963
960 962 963
964 961 963
965 959 953
962 959 965
953 952 966
965 953 966
963 967 964
967 968 964
962 969 963
962 965 969
969 967 963
967 970 968
970 967 969
969 965 970
970 965 966
970 971 968
971 970 972
972 970 966
972 973 971
973 972 974
952 975 966
972 966 975
972 975 974
958 975 952
974 975 976
958 976 975
974 976 977
976 978 977
979 978 976
958 979 976
979 980 978
958 981 979
958 939 981
982 981 939
982 979 981
982 939 940
980 979 983
982 983 979
984 982 940
983 982 984
984 940 985
980 983 986
987 980 986
986 983 988
988 983 984
987 986 988
985 989 984
989 988 984
989 985 990
987 988 991
992 987 991
993 992 991
994 991 988
988 989 994
993 991 994
995 989 990
989 995 994
994 996 993
994 995 996
996 995 990
996 997 993
990 998 996
997 996 998
999 1000 1001
1002 999 1001
1002 1003 999
1003 1002 1004
1005 1006 1003
1006 1007 1003
1006 1008 1007
1003 1007 1009
1010 1008 1006
1003 1009 1011
1012 1008 1010
1009 1013 1011
1014 1008 1012
1014 1012 1015
1014 1016 1008
1014 1015 1017
1018 1013 1009
1019 1013 1018
1020 1019 1018
1009 1021 1018
1016 1014 1022
1017 1022 1014
1023 1016 1022
1024 1022 1017
1025 1020 1018
1021 1025 1018
1025 1026 1020
1027 1023 1022
1027 1022 1024
1027 1024 1028
1029 1023 1027
1026 1025 1030
1021 1030 1025
1026 1030 1031
1032 1027 1028
1033 1032 1028
1034 1032 1033
1029 1027 1035
1035 1027 1032
1034 1036 1032
1036 1035 1032
1034 1037 1036
1037 1034 1038
1037 1038 1039
1040 1029 1035
1036 1040 1035
1037 1040 1036
1041 1029 1040
1040 1042 1041
1042 1040 1037
1041 1042 1043
1043 1042 1044
1037 1044 1042
1045 1037 1039
1037 1045 1044
1045 1039 1046
1047 1044 1045
1048 1045 1046
1047 1045 1048
1047 1048 1049
1048 1046 1050
1051 1048 1050
1052 1048 1051
1048 1052 1049
1053 1049 1052
1047 1049 1054
1055 1049 1053
1054 1049 1056
1054 1056 1057
1049 1055 1058
1058 1056 1049
1058 1055 1059
1060 1058 1059
1061 1056 1058
1060 1061 1058
1056 1061 1057
1061 1060 1062
1057 1061 1063
1063 1064 1057
1061 1062 1065
1061 1065 1063
1065 1062 1066
1063 1067 1064
1065 1067 1063
1067 1068 1064
1067 1069 1068
1069 1070 1068
1071 1070 1069
1072 1071 1069
1069 1073 1072
1065 1074 1067
1065 1066 1074
1074 1069 1067
1066 1075 1074
1074 1075 1069
1066 1076 1075
1069 1075 1077
1075 1076 1077
1069 1077 1073
1077 1076 1078
1077 1078 1079
1077 1079 1073
1078 1080 1079
1080 1073 1079
1080 1078 1081
1081 1082 1080
1073 1080 1082
1083 1082 1081
1084 1082 1083
1084 1085 1082
1085 1073 1082
1084 1086 1085
1085 1087 1073
1085 1088 1087
1072 1073 1087
1072 1087 1089
1088 1089 1087
1088 1090 1089
1086 1091 1085
1085 1091 1088
1086 1092 1091
1091 1092 1093
1094 1091 1093
1091 1094 1088
1094 1093 1095
1031 1094 1095
1031 1030 1094
1030 1088 1094
1096 1090 1088
1088 1030 1096
1090 1096 1021
1030 1021 1096
1097 1098 1099
1099 1098 1100
1101 1099 1100
1102 1103 1104
1102 1105 1103
1105 1102 1106
1103 1105 1107
1108 1105 1106
1105 1108 1107
1109 1110 1111
1109 1112 1110
1110 1112 1113
1110 1113 1114
1114 1113 1115
1116 1117 1118
1116 1119 1117
1120 1117 1119
1120 1119 1121
1121 1122 1120
1121 1123 1122
1124 1122 1123
1124 1123 1125
1126 1125 1123
1123 1121 1127
1128 1127 1121
1126 1123 1129
1123 1127 1129
1130 1126 1129
1130 1131 1126
1129 1132 1130
1129 1127 1132
1128 1133 1127
1133 1132 1127
1134 1133 1128
1133 1135 1132
1134 1136 1133
1136 1135 1133
1136 1137 1135
1138 1139 1140
1138 1140 1141
1138 1141 1142
1142 1141 1143
1142 1143 1144
1145 1143 1141
1145 1146 1143
1147 1143 1146
1148 1149 1150
1148 1151 1149
1151 1152 1149
1151 1148 1153
1151 1154 1152
1153 1154 1151
1152 1154 1155
1152 1155 1156
1157 1155 1154
1157 1154 1158
1153 1158 1154
1148 1159 1153
1148 1160 1159
1161 1158 1153
1159 1161 1153
1162 1158 1161
1163 1162 1161
1159 1163 1161
1160 1163 1159
1160 1164 1163
1164 1160 1165
1164 1166 1163
1164 1165 1167
1164 1168 1166
1164 1167 1169
1164 1169 1168
1170 1171 1172
1170 1172 1173
1174 1173 1172
1175 1173 1174
1175 1176 1173
1175 1174 1177
1178 1175 1177
1175 1178 1179
1174 1180 1177
1180 1174 1181
1182 1180 1181
1183 1182 1181
1183 1181 1184
1185 1186 1187
1185 1187 1188
1185 1188 1189
1189 1188 1190
1189 1190 1191
1192 1193 1194
1192 1195 1193
1195 1196 1193
1195 1197 1196
1196 1197 1198
1196 1198 1199
1200 1199 1198
1200 1201 1199
1202 1201 1200
1202 1200 1203
1203 1204 1202
1203 1205 1204
1203 1206 1205
1206 1207 1205
1206 1208 1207
1209 1210 1211
1209 1212 1210
1213 1212 1209
1214 1212 1213
1214 1213 1215
1216 1214 1215
1212 1217 1210
1218 1217 1212
1216 1219 1214
1216 1220 1219
1220 1221 1219
1214 1219 1222
1218 1223 1217
1224 1217 1223
1225 1218 1212
1214 1225 1212
1226 1225 1214
1226 1218 1225
1214 1222 1227
1226 1214 1227
1222 1228 1227
1226 1227 1228
1229 1228 1222
1230 1228 1229
1231 1228 1230
1231 1232 1228
1226 1228 1232
1231 1233 1232
1234 1232 1233
1232 1235 1226
1226 1235 1218
1236 1218 1235
1232 1234 1237
1237 1235 1232
1236 1235 1237
1237 1234 1238
1237 1238 1239
1237 1239 1236
1240 1239 1238
1236 1241 1218
1242 1241 1236
1218 1241 1223
1243 1236 1239
1240 1243 1239
1243 1240 1244
1243 1245 1236
1236 1245 1242
1245 1243 1244
1241 1246 1223
1241 1242 1246
1240 1247 1244
1240 1248 1247
1249 1247 1248
1249 1250 1247
1247 1250 1244
1249 1251 1250
1249 1252 1251
1253 1242 1245
1253 1245 1244
1250 1254 1244
1251 1254 1250
1252 1255 1251
1255 1252 1256
1254 1257 1244
1257 1253 1244
1251 1258 1254
1258 1257 1254
1258 1251 1255
1253 1257 1259
1258 1259 1257
1258 1255 1260
1259 1258 1260
1261 1259 1260
1253 1259 1262
1253 1262 1242
1261 1262 1259
1262 1261 1242
1263 1255 1256
1255 1263 1260
1263 1256 1264
1263 1264 1260
1261 1260 1264
1265 1264 1256
1266 1264 1265
1264 1266 1267
1264 1267 1261
1266 1268 1267
1261 1267 1268
1269 1268 1266
1269 1270 1268
1271 1242 1261
1268 1271 1261
1242 1271 1246
1272 1268 1270
1270 1224 1272
1268 1273 1271
1271 1273 1246
1273 1268 1272
1272 1224 1274
1273 1272 1274
1273 1274 1246
1274 1224 1223
1274 1223 1246
1275 1276 1277
1276 1278 1277
1279 1277 1278
1280 1279 1278
1278 1281 1280
1281 1282 1280
1282 1281 1283
1282 1283 1284
1283 1285 1284
1286 1285 1283
1286 1283 1287
1288 1286 1287
1285 1286 1289
1290 1286 1288
1289 1286 1290
1290 1288 1291
1292 1290 1291
1293 1290 1292
1289 1290 1293
1293 1292 1294
1295 1293 1294
1296 1293 1295
1296 1289 1293
1297 1289 1296
1298 1299 1300
1299 1298 1301
1302 1303 1304
1303 1302 1305
1303 1305 1306
1306 1305 1307
1307 1305 1308
1307 1308 1309
1309 1308 1310
1309 1310 1311
1311 1310 1312
1312 1310 1313
1312 1313 1314
1314 1313 1315
1316 1317 1318
1316 1318 1319
1316 1319 1320
1316 1320 1321
1321 1320 1322
1320 1319 1322
1319 1323 1322
1318 1324 1319
1319 1324 1323
1318 1325 1324
1324 1326 1323
1324 1325 1326
1327 1328 1329
1330 1328 1327
1330 1327 1331
1330 1331 1332
1330 1332 1333
1334 1335 1336
1337 1335 1334
1334 1338 1337
1339 1337 1338
1340 1335 1337
1340 1341 1335
1341 1340 1342
1337 1343 1340
1337 1339 1343
1343 1342 1340
1339 1344 1343
1344 1339 1345
1346 1344 1345
1347 1346 1345
1344 1348 1343
1348 1344 1346
1343 1349 1342
1343 1348 1349
1350 1342 1349
1350 1349 1348
1351 1342 1350
1351 1350 1352
1353 1350 1348
1353 1348 1346
1354 1352 1350
1353 1354 1350
1354 1355 1352
1347 1356 1346
1347 1357 1356
1357 1358 1356
1346 1359 1353
1356 1359 1346
1360 1353 1359
1360 1359 1356
1356 1358 1361
1361 1360 1356
1353 1360 1362
1353 1362 1354
1358 1363 1361
1358 1364 1363
1365 1360 1361
1362 1360 1365
1365 1361 1363
1366 1354 1362
1366 1362 1365
1364 1367 1363
1364 1368 1367
1368 1369 1367
1366 1370 1354
1354 1370 1355
1363 1371 1365
1363 1367 1371
1365 1372 1366
1366 1372 1370
1372 1365 1371
1370 1373 1355
1373 1374 1355
1373 1375 1374
1375 1373 1376
1375 1376 1377
1370 1378 1373
1370 1372 1378
1376 1373 1378
1369 1379 1367
1379 1371 1367
1371 1380 1372
1372 1380 1378
1380 1371 1381
1381 1371 1379
1379 1382 1381
1383 1380 1381
1383 1378 1380
1382 1383 1381
1384 1378 1383
1378 1384 1376
1382 1384 1383
1385 1379 1369
1379 1385 1382
1369 1382 1385
1369 1386 1382
1369 1387 1386
1386 1387 1388
1389 1382 1386
1389 1384 1382
1386 1388 1389
1384 1389 1390
1384 1390 1376
1389 1388 1391
1390 1389 1391
1391 1388 1392
1390 1391 1393
1391 1392 1393
1376 1390 1393
1392 1394 1393
1393 1394 1395
1393 1396 1376
1393 1395 1396
1377 1376 1396
1377 1396 1395
1397 1398 1399
1399 1398 1400
1397 1401 1398
1402 1401 1397
1401 1402 1403
1400 1398 1404
1405 1403 1402
1405 1406 1403
1404 1406 1405
1400 1404 1407
1404 1405 1408
1408 1407 1404
1409 1410 1411
1410 1412 1411
1409 1413 1410
1414 1412 1410
1415 1413 1409
1415 1409 1416
1415 1416 1417
1418 1412 1414
1419 1418 1414
1418 1419 1420
1421 1418 1420
1422 1421 1420
1421 1422 1423
1423 1422 1424
1423 1424 1425
1426 1425 1424
1427 1425 1426
1415 1417 1428
1417 1429 1428
1428 1429 1430
1431 1428 1430
1432 1431 1430
1433 1431 1432
1433 1432 1434
1427 1426 1435
1434 1436 1433
1434 1437 1436
1437 1438 1436
1438 1435 1436
1439 1427 1435
1440 1435 1438
1439 1435 1441
1441 1435 1440
1442 1443 1444
1442 1445 1443
1446 1445 1442
1442 1444 1447
1447 1444 1448
1449 1447 1448
1447 1450 1442
1446 1442 1450
1449 1451 1447
1450 1447 1451
1451 1449 1452
1453 1451 1452
1450 1451 1453
1454 1450 1453
1454 1455 1450
1446 1450 1455
1454 1456 1455
1456 1446 1455
1454 1457 1456
1458 1446 1456
1457 1458 1456
1458 1459 1446
1457 1460 1458
1458 1461 1459
1458 1460 1461
1461 1462 1459
1460 1463 1461
1463 1464 1461
1465 1462 1461
1465 1461 1464
1463 1466 1464
1465 1464 1467
1464 1466 1468
1464 1469 1467
1464 1468 1470
1464 1470 1469
1471 1470 1468
1472 1469 1470
1471 1472 1470
1473 1474 1475
1474 1476 1475
1475 1477 1473
1476 1478 1475
1476 1479 1478
1473 1477 1480
1481 1473 1480
1480 1482 1481
1482 1480 1483
1479 1484 1478
1479 1485 1484
1485 1486 1484
1487 1482 1483
1488 1487 1483
1489 1487 1488
1490 1487 1489
1484 1486 1491
1492 1491 1486
1492 1493 1491
1491 1493 1494
1493 1495 1494
1495 1496 1494
1495 1497 1496
1498 1496 1497
1499 1498 1497
1490 1489 1500
1500 1498 1499
1490 1500 1501
1500 1499 1501
1502 1503 1504
1505 1502 1504
1502 1506 1503
1502 1505 1507
1506 1508 1503
1509 1508 1506
1510 1508 1509
1510 1511 1508
1512 1511 1510
1512 1513 1511
1513 1512 1514
1513 1514 1515
1515 1514 1516
1515 1516 1517
1517 1516 1518
1517 1518 1519
1519 1518 1520
1519 1520 1521
1521 1520 1522
1521 1522 1523
1523 1522 1524
1523 1524 1525
1526 1525 1524
1526 1524 1527
1527 1528 1526
1527 1529 1528
1529 1530 1528
1530 1529 1531
1531 1532 1530
1530 1532 1533
1533 1532 1534
1534 1535 1533
1536 1535 1534
1536 1534 1537
1536 1537 1538
1539 1536 1538
1539 1538 1540
1540 1541 1539
1540 1542 1541
1541 1542 1507
1541 1507 1505
1543 1544 1545
1546 1544 1543
1547 1544 1546
1548 1544 1547
1548 1549 1544
1544 1549 1550
1544 1551 1545
1545 1551 1552
1551 1553 1552
1554 1544 1550
1551 1544 1554
1555 1554 1550
1556 1553 1551
1551 1554 1556
1556 1557 1553
1556 1558 1557
1556 1559 1558
1554 1559 1556
1559 1560 1558
1555 1561 1554
1554 1561 1559
1555 1562 1561
1562 1559 1561
1555 1563 1562
1562 1563 1564
1565 1562 1564
1559 1566 1560
1562 1566 1559
1565 1567 1562
1566 1562 1567
1567 1565 1568
1567 1568 1569
1567 1569 1570
1560 1566 1571
1566 1567 1571
1571 1567 1570
1560 1571 1572
1572 1571 1570
1573 1574 1575
1574 1573 1576
1576 1573 1577
1573 1578 1577
1573 1579 1578
1580 1577 1578
1580 1578 1581
1579 1581 1578
1581 1582 1580
1583 1573 1575
1573 1583 1579
1583 1575 1584
1583 1584 1579
1575 1585 1584
1586 1584 1585
1586 1587 1584
1588 1587 1586
1589 1584 1587
1579 1584 1589
1590 1579 1589
1590 1591 1579
1581 1579 1591
1592 1591 1590
1588 1593 1587
1589 1587 1593
1593 1588 1594
1591 1595 1581
1591 1592 1595
1595 1582 1581
1595 1596 1582
1596 1597 1582
1598 1590 1589
1598 1589 1593
1592 1599 1595
1596 1595 1599
1597 1596 1600
1600 1601 1597
1602 1601 1600
1600 1603 1602
1604 1596 1599
1604 1599 1592
1605 1600 1596
1603 1600 1605
1604 1605 1596
1603 1605 1606
1603 1606 1607
1608 1607 1606
1609 1605 1604
1609 1606 1605
1604 1592 1609
1606 1609 1608
1610 1609 1592
1610 1608 1609
1611 1610 1592
1611 1592 1590
1610 1612 1608
1613 1608 1612
1614 1610 1611
1614 1612 1610
1614 1611 1590
1615 1613 1612
1612 1614 1615
1615 1616 1613
1616 1615 1614
1616 1617 1613
1617 1616 1618
1619 1614 1590
1619 1616 1614
1619 1590 1620
1598 1620 1590
1616 1619 1621
1621 1619 1620
1622 1618 1616
1616 1621 1622
1618 1622 1623
1621 1623 1622
1618 1623 1624
1625 1624 1623
1625 1626 1624
1627 1626 1625
1621 1628 1623
1623 1628 1625
1629 1627 1625
1594 1627 1629
1630 1620 1598
1630 1598 1593
1593 1594 1631
1631 1594 1629
1630 1593 1631
1629 1630 1631
1625 1632 1629
1632 1630 1629
1625 1628 1632
1632 1633 1630
1620 1630 1633
1628 1633 1632
1621 1620 1634
1621 1634 1628
1620 1633 1634
1634 1633 1628
1635 1636 1637
1635 1638 1636
1638 1639 1636
1639 1638 1640
1640 1641 1639
1641 1640 1642
1641 1642 1643
1644 1643 1642
1644 1645 1643
1646 1645 1644
1647 1646 1637
1646 1647 1645
1648 1637 1636
1647 1637 1648
1639 1641 1649
1641 1643 1650
1649 1641 1650
1651 1643 1645
1643 1651 1650
1645 1647 1652
1645 1652 1651
1653 1647 1648
1652 1647 1653
1654 1648 1636
1648 1654 1653
1636 1639 1655
1639 1649 1655
1654 1636 1656
1656 1636 1655
1657 1653 1654
1654 1656 1657
1653 1658 1652
1658 1653 1657
1655 1659 1656
1659 1657 1656
1660 1655 1649
1659 1655 1660
1659 1661 1657
1659 1660 1661
1661 1660 1649
1661 1658 1657
1650 1661 1649
1661 1650 1662
1661 1662 1658
1662 1650 1651
1651 1652 1663
1663 1652 1658
1651 1664 1662
1664 1651 1663
1664 1663 1658
1664 1658 1662
