byte offset: 0
first index: 5253
index count: 4680
topology: trianglelist
format: DXGI_FORMAT_R16_UINT

1202 1203 1204
1205 1206 1207
1203 1202 1208
1203 1208 1209
1210 1211 1212
1210 1212 1213
1209 1208 1211
1209 1211 1210
1214 1215 1216
1214 1216 1217
1213 1212 1215
1213 1215 1214
1217 1216 1218
1219 1220 1221
1219 1221 1222
1223 1224 1225
1223 1225 1226
1223 1226 1222
1223 1222 1221
1227 1228 1229
1227 1230 1231
1230 1223 1221
1230 1229 1224
1232 1233 1234
1218 1235 1217
1236 1237 1238
1236 1239 1240
1239 1227 1241
1239 1238 1228
1242 1243 1244
1242 1244 1245
1237 1236 1246
1247 1248 1249
1247 1249 1250
1250 1249 1243
1250 1243 1242
1251 1246 1236
1221 1220 1252
1221 1252 1231
1231 1252 1253
1231 1253 1241
1252 1254 1255
1252 1255 1253
1241 1253 1256
1241 1256 1240
1240 1256 1257
1240 1257 1258
1256 1259 1260
1256 1260 1257
1253 1255 1259
1253 1259 1256
1233 1261 1262
1233 1262 1234
1261 1263 1264
1261 1264 1262
1263 1206 1205
1263 1205 1264
1265 1266 1267
1265 1251 1266
1267 1266 1257
1267 1257 1260
1266 1251 1258
1266 1258 1257
1245 1244 1268
1269 1246 1265
1265 1246 1251
1270 1271 1272
1270 1273 1274
1270 1274 1275
1275 1274 1276
1275 1276 1277
1277 1276 1278
1277 1278 1279
1279 1278 1280
1279 1280 1281
1282 1283 1284
1285 1286 1277
1285 1277 1279
1287 1288 1289
1287 1289 1290
1291 1292 1293
1291 1293 1271
1286 1294 1292
1286 1292 1291
1295 1296 1287
1295 1287 1290
1219 1297 1298
1219 1298 1299
1299 1298 1300
1299 1300 1301
1301 1300 1302
1301 1302 1303
1286 1291 1275
1286 1275 1277
1291 1271 1270
1291 1270 1275
1304 1305 1306
1306 1305 1303
1306 1303 1302
1270 1272 1273
1271 1293 1272
1307 1296 1295
1308 1309 1310
1308 1310 1311
1311 1310 1312
1311 1312 1313
1314 1315 1316
1314 1316 1317
1317 1316 1309
1317 1309 1308
1318 1319 1320
1318 1320 1321
1321 1320 1315
1321 1315 1314
1322 1323 1324
1325 1326 1327
1325 1327 1328
1329 1330 1331
1329 1331 1332
1329 1333 1334
1329 1334 1330
1335 1336 1337
1335 1337 1338
1339 1340 1336
1339 1336 1335
1331 1341 1342
1331 1342 1332
1341 1343 1342
1344 1345 1328
1344 1328 1327
1346 1347 1345
1346 1345 1344
1348 1349 1350
1348 1350 1351
1349 1352 1353
1349 1353 1350
1354 1355 1356
1354 1356 1357
1355 1348 1351
1355 1351 1356
1358 1359 1360
1358 1360 1361
1359 1354 1357
1359 1357 1360
1217 1362 1363
1217 1363 1214
1364 1365 1366
1364 1366 1367
1368 1369 1370
1214 1363 1371
1214 1371 1372
1372 1371 1367
1372 1367 1366
1373 1374 1375
1376 1377 1378
1377 1379 1378
1380 1381 1382
1383 1225 1224
1383 1224 1384
1384 1224 1385
1386 1385 1387
1388 1387 1389
1376 1378 1390
1376 1390 1391
1391 1390 1392
1391 1392 1393
1394 1395 1396
1394 1396 1397
1375 1374 1395
1375 1395 1394
1398 1389 1399
1400 1399 1401
1402 1403 1404
1404 1401 1402
1396 1405 1406
1396 1406 1397
1407 1408 1392
1407 1392 1409
1410 1398 1400
1411 1400 1404
1412 1386 1388
1413 1388 1398
1414 1384 1386
1390 1415 1409
1390 1409 1392
1378 1379 1415
1378 1415 1390
1416 1417 1418
1416 1418 1419
1417 1381 1380
1417 1380 1418
1420 1421 1422
1421 1416 1419
1421 1419 1422
1423 1424 1425
1426 1427 1428
1429 1430 1431
1432 1433 1434
1426 1428 1435
1426 1435 1436
1425 1424 1437
1425 1437 1438
1439 1440 1441
1441 1440 1442
1441 1442 1443
1444 1445 1436
1444 1436 1435
1446 1447 1448
1446 1448 1449
1431 1430 1450
1431 1450 1449
1431 1449 1448
1451 1433 1432
1451 1432 1452
1453 1451 1452
1453 1452 1454
1335 1455 1339
1456 1457 1458
1455 1456 1458
1455 1458 1339
1313 1312 1459
1324 1323 1326
1324 1326 1325
1334 1333 1460
1338 1337 1461
1353 1352 1462
1370 1369 1365
1370 1365 1364
1345 1347 1463
1464 1463 1347
1384 1414 1319
1384 1319 1383
1217 1465 1362
1288 1282 1284
1288 1284 1289
1281 1285 1279
1466 1219 1222
1466 1222 1467
1226 1468 1467
1226 1467 1222
1225 1469 1468
1225 1468 1226
1281 1280 1470
1466 1471 1297
1466 1297 1219
1252 1472 1254
1285 1294 1286
1473 1474 1475
1476 1477 1478
1474 1473 1479
1474 1479 1480
1481 1482 1483
1481 1483 1484
1480 1479 1482
1480 1482 1481
1485 1486 1487
1485 1487 1488
1484 1483 1486
1484 1486 1485
1488 1487 1489
1490 1491 1492
1490 1492 1493
1494 1495 1496
1494 1496 1497
1494 1492 1491
1494 1491 1495
1498 1499 1500
1498 1501 1502
1499 1502 1492
1499 1494 1497
1503 1504 1505
1489 1487 1506
1507 1508 1509
1507 1510 1511
1508 1511 1501
1508 1498 1512
1513 1514 1515
1513 1515 1516
1517 1518 1519
1520 1521 1522
1520 1522 1523
1521 1513 1516
1521 1516 1522
1524 1510 1507
1492 1502 1525
1502 1526 1525
1525 1527 1528
1501 1529 1526
1511 1510 1530
1529 1530 1531
1526 1532 1527
1505 1504 1533
1505 1533 1534
1534 1533 1535
1534 1535 1536
1536 1535 1476
1536 1476 1478
1537 1538 1539
1537 1539 1524
1538 1530 1539
1539 1510 1524
1514 1540 1515
1518 1537 1519
1537 1524 1519
1541 1542 1543
1541 1544 1545
1541 1545 1546
1544 1547 1548
1544 1548 1545
1547 1549 1550
1547 1550 1548
1549 1551 1552
1549 1552 1550
1553 1554 1555
1556 1549 1547
1556 1547 1557
1558 1559 1560
1558 1560 1561
1562 1543 1563
1562 1563 1564
1557 1562 1564
1557 1564 1565
1566 1559 1558
1566 1558 1567
1490 1568 1569
1490 1569 1570
1568 1571 1572
1568 1572 1569
1571 1573 1574
1571 1574 1572
1557 1547 1544
1557 1544 1562
1562 1544 1541
1562 1541 1543
1575 1576 1577
1576 1574 1573
1576 1573 1577
1541 1546 1542
1543 1542 1563
1578 1566 1567
1579 1580 1581
1579 1581 1582
1580 1583 1584
1580 1584 1581
1585 1586 1587
1585 1587 1588
1586 1579 1582
1586 1582 1587
1589 1590 1591
1589 1591 1592
1590 1585 1588
1590 1588 1591
1593 1594 1595
1596 1597 1598
1596 1598 1599
1600 1601 1602
1600 1602 1603
1600 1603 1604
1600 1604 1605
1606 1607 1608
1606 1608 1609
1610 1606 1609
1610 1609 1611
1602 1601 1612
1602 1612 1613
1613 1612 1614
1615 1598 1597
1615 1597 1616
1617 1615 1616
1617 1616 1618
1619 1620 1621
1619 1621 1622
1622 1621 1623
1622 1623 1624
1625 1626 1627
1625 1627 1628
1628 1627 1620
1628 1620 1619
1629 1630 1631
1629 1631 1632
1632 1631 1626
1632 1626 1625
1487 1486 1633
1487 1633 1634
1635 1636 1637
1635 1637 1638
1639 1640 1641
1486 1642 1643
1486 1643 1633
1642 1637 1636
1642 1636 1643
1644 1645 1646
1647 1648 1649
1649 1648 1650
1651 1652 1653
1654 1655 1656
1654 1656 1657
1655 1658 1659
1658 1660 1659
1661 1662 1663
1647 1664 1665
1647 1665 1648
1664 1666 1667
1664 1667 1665
1668 1669 1670
1668 1670 1671
1645 1668 1671
1645 1671 1646
1662 1672 1673
1672 1674 1675
1652 1674 1653
1674 1652 1675
1670 1669 1676
1670 1676 1677
1678 1679 1667
1678 1667 1680
1680 1667 1666
1681 1682 1672
1682 1653 1674
1588 1683 1661
1683 1681 1662
1591 1588 1658
1665 1667 1679
1665 1679 1684
1648 1665 1684
1648 1684 1650
1681 1685 1686
1681 1686 1682
1682 1686 1651
1682 1651 1653
1588 1687 1683
1683 1687 1685
1683 1685 1681
1688 1689 1690
1691 1692 1693
1694 1695 1696
1691 1693 1697
1691 1698 1699
1691 1699 1692
1689 1700 1701
1689 1701 1690
1702 1703 1704
1703 1705 1706
1703 1706 1704
1707 1699 1698
1707 1698 1708
1709 1710 1711
1709 1711 1712
1695 1710 1713
1695 1713 1696
1695 1711 1710
1714 1698 1691
1714 1691 1697
1715 1708 1698
1715 1698 1714
1606 1610 1716
1717 1718 1719
1716 1610 1718
1716 1718 1717
1583 1720 1584
1594 1596 1599
1594 1599 1595
1604 1721 1605
1607 1722 1608
1623 1723 1624
1640 1635 1638
1640 1638 1641
1616 1724 1618
1725 1618 1724
1655 1654 1592
1655 1592 1591
1487 1634 1506
1561 1560 1554
1561 1554 1553
1551 1549 1556
1726 1727 1491
1726 1491 1490
1495 1491 1727
1495 1727 1728
1496 1495 1728
1496 1728 1729
1551 1730 1552
1525 1528 1731
1556 1557 1565
1732 1733 1734
1735 1736 1737
1735 1737 1738
1729 1728 1739
1729 1739 1740
1728 1727 1741
1728 1741 1739
1742 1743 1744
1742 1744 1745
1743 1746 1747
1743 1747 1744
1744 1747 1748
1744 1748 1749
1745 1744 1749
1745 1749 1750
1748 1747 1751
1748 1751 1752
1747 1746 1753
1747 1753 1751
1751 1753 1754
1751 1754 1755
1752 1751 1755
1752 1755 1756
1741 1727 1726
1741 1726 1757
1758 1759 1760
1761 1762 1759
1761 1759 1758
1750 1749 1763
1750 1763 1764
1749 1748 1765
1749 1765 1763
1766 1765 1748
1766 1748 1752
1767 1766 1752
1767 1752 1756
1764 1763 1768
1764 1768 1769
1763 1765 1770
1763 1770 1768
1768 1770 1771
1768 1771 1772
1769 1768 1772
1769 1772 1773
1771 1770 1774
1771 1774 1775
1770 1765 1766
1770 1766 1774
1774 1766 1767
1774 1767 1776
1775 1774 1776
1775 1776 1777
1778 1779 1780
1781 1778 1775
1781 1775 1777
1778 1780 1771
1778 1771 1775
1771 1780 1782
1771 1782 1772
1772 1782 1783
1772 1783 1773
1780 1779 1784
1780 1784 1782
1782 1784 1783
1785 1759 1786
1785 1786 1787
1785 1788 1759
1789 1759 1790
1790 1759 1788
1760 1759 1789
1791 1792 1784
1791 1784 1793
1793 1784 1779
1793 1779 1794
1794 1779 1778
1794 1778 1795
1795 1778 1781
1795 1781 1796
1797 1798 1799
1797 1799 1800
1798 1589 1592
1798 1592 1799
1801 1654 1657
1801 1657 1729
1802 1801 1729
1802 1729 1740
1802 1803 1804
1802 1804 1800
1803 1805 1806
1803 1806 1804
1805 1807 1808
1805 1808 1806
1805 1803 1742
1805 1742 1745
1807 1805 1745
1807 1745 1750
1803 1802 1740
1803 1740 1742
1807 1809 1810
1807 1810 1808
1811 1809 1764
1811 1764 1769
1812 1811 1769
1812 1769 1773
1813 1814 1783
1813 1783 1792
1813 1815 1814
1812 1814 1816
1809 1811 1817
1809 1817 1810
1811 1812 1816
1811 1816 1817
1815 1813 1818
1815 1818 1819
1809 1807 1750
1809 1750 1764
1814 1812 1773
1814 1773 1783
1820 1821 1822
1820 1822 1823
1823 1822 1630
1823 1630 1629
1824 1825 1821
1824 1821 1820
1826 1827 1828
1826 1828 1829
1829 1828 1825
1829 1825 1824
1830 1831 1832
1830 1832 1833
1833 1832 1834
1833 1834 1835
1835 1834 1827
1835 1827 1826
1836 1837 1831
1836 1831 1830
1838 1709 1712
1838 1712 1839
1840 1841 1708
1840 1708 1715
1842 1841 1840
1799 1801 1802
1799 1802 1800
1592 1654 1801
1592 1801 1799
1804 1843 1797
1804 1797 1800
1806 1844 1843
1806 1843 1804
1808 1845 1844
1808 1844 1806
1810 1846 1845
1810 1845 1808
1847 1848 1849
1847 1849 1816
1817 1850 1846
1817 1846 1810
1816 1849 1850
1816 1850 1817
1818 1813 1792
1818 1792 1791
1738 1737 1851
1739 1743 1742
1739 1742 1740
1741 1746 1743
1741 1743 1739
1746 1741 1757
1746 1757 1753
1852 1754 1753
1852 1753 1757
1853 1707 1708
1853 1708 1841
1854 1855 1856
1857 1858 1859
1857 1859 1860
1858 1854 1856
1858 1856 1859
1861 1857 1860
1861 1860 1862
1861 1862 1863
1861 1863 1864
1865 1866 1867
1865 1867 1868
1865 1868 1869
1870 1866 1865
1870 1865 1869
1870 1869 1871
1872 1873 1874
1872 1874 1875
1875 1874 1876
1875 1876 1877
1878 1872 1875
1878 1875 1879
1879 1875 1877
1879 1877 1880
1881 1877 1876
1881 1876 1882
1883 1881 1882
1883 1882 1884
1883 1885 1886
1883 1886 1887
1885 1888 1889
1885 1889 1886
1883 1887 1890
1883 1890 1881
1883 1884 1891
1883 1891 1885
1885 1891 1892
1885 1892 1888
1893 1894 1895
1895 1894 1896
1897 1894 1893
1897 1893 1898
1890 1880 1877
1890 1877 1881
1899 1900 1901
1888 1892 1902
1888 1902 1889
1899 1903 1904
1899 1904 1900
1904 1903 1897
1904 1897 1898
1905 1906 1907
1908 1907 1906
1908 1906 1909
1910 1908 1911
1910 1911 1912
1910 1912 1913
1910 1913 1914
1915 1914 1913
1915 1913 1916
1917 1918 1868
1917 1868 1867
1918 1919 1873
1918 1873 1868
1920 1921 1922
1922 1917 1867
1923 1917 1922
1923 1922 1924
1924 1922 1921
1917 1923 1925
1917 1925 1918
1918 1925 1926
1918 1926 1919
1896 1927 1928
1896 1928 1929
1930 1896 1931
1908 1932 1907
1932 1908 1910
1932 1910 1933
1896 1934 1927
1935 1936 1937
1937 1936 1938
1939 1940 1941
1939 1941 1942
1943 1944 1945
1943 1945 1946
1947 1948 1949
1947 1949 1950
1894 1951 1952
1951 1943 1946
1951 1946 1952
1950 1949 1941
1950 1941 1940
1945 1944 1953
1954 1955 1956
1954 1956 1957
1957 1956 1958
1959 1960 1961
1962 1963 1960
1962 1960 1959
1894 1964 1896
1869 1868 1873
1869 1873 1872
1871 1869 1872
1871 1872 1878
1965 1966 1967
1965 1967 1968
1969 1966 1965
1968 1967 1970
1968 1970 1971
1971 1970 1972
1973 1974 1975
1973 1975 1976
1973 1976 1977
1978 1979 1980
1978 1980 1981
1978 1982 1979
1983 1984 1985
1983 1985 1986
1987 1988 1989
1987 1989 1990
1988 1981 1980
1988 1980 1989
1984 1977 1976
1984 1976 1985
1991 1992 1993
1991 1993 1994
1992 1987 1990
1992 1990 1993
1991 1994 1995
1996 1920 1866
1997 1998 1999
1997 1999 2000
2000 1999 2001
2000 2001 2002
1999 1878 1879
1999 1879 2001
1996 2003 2004
2004 2003 1998
2004 1998 1997
2003 1870 1871
2003 1871 1998
1996 1866 2003
2005 2006 1995
2007 1880 2008
2007 2008 2009
2010 2006 2005
2010 2005 2011
2012 2007 2009
2012 2009 2013
2014 2015 2016
2014 2016 2017
2018 2019 2020
2018 2020 2021
2019 2022 2020
2017 2016 2023
2017 2023 2024
2025 2026 2027
2025 2027 2028
2029 2030 2031
2029 2031 2032
2031 2030 2033
2031 2033 2034
2028 2027 2035
2028 2035 2036
2026 2025 2037
2026 2037 2038
2026 2038 1984
2026 1984 1983
2038 2039 1977
2038 1977 1984
2038 2037 2040
2038 2040 2039
2027 2041 2035
2026 1983 2041
2026 2041 2027
2042 2043 2044
2042 2044 2045
2029 2032 2043
2029 2043 2042
2021 2020 1994
2020 2005 1995
2032 2031 1993
2032 1993 1990
2031 2034 1993
2046 2047 2016
2046 2016 2015
2047 2013 2023
2044 1980 1979
2044 1979 2048
2048 1979 1982
2039 2040 2049
2039 2049 2050
2050 2049 1974
2051 2048 1982
2045 2044 2048
2045 2048 2051
2039 2050 1973
2039 1973 1977
2050 1974 1973
2044 2043 1989
2044 1989 1980
2043 2032 1990
2043 1990 1989
2009 2008 2024
2009 2024 2023
2011 2005 2022
2013 2009 2023
2052 2053 2054
2053 2055 2056
2053 2056 2054
2057 2058 2059
2057 2059 2060
2061 2058 2057
2062 2063 2064
2062 2064 2065
2066 2067 2068
2066 2068 2069
2070 2071 2072
2073 2074 2075
2073 2075 2076
2077 2078 2079
2077 2079 2080
2081 2082 2083
2081 2083 2084
2084 2083 2085
2084 2085 2086
2087 2088 2089
2087 2089 2090
2090 2089 2082
2090 2082 2081
2087 2091 2088
2087 2092 2091
2093 2094 2095
2090 2095 2092
2090 2092 2087
2093 2096 2097
2093 2097 2094
2096 2098 2099
2096 2099 2097
2081 2084 2096
2081 2096 2093
2084 2086 2098
2084 2098 2096
2100 2101 2102
2101 2103 2104
2101 2104 2102
2077 2080 2103
2077 2103 2101
2105 2106 2107
2105 2107 2108
2109 2110 2111
2109 2111 2112
2113 2114 2115
2113 2115 2116
2117 2118 2119
2117 2119 2120
2121 2122 2123
2121 2123 2124
2125 2126 2127
2125 2127 2128
2129 2114 2063
2129 2063 2062
2125 2128 2070
2063 2114 2113
2063 2113 2130
2114 2129 2131
2114 2131 2115
2119 2118 2132
2119 2132 2133
2074 2109 2075
2134 2061 2057
2066 2135 2136
2066 2136 2060
2137 2138 2139
2137 2139 2140
2141 2052 2142
2143 2144 2145
2146 2147 2148
2146 2148 2149
2138 2137 2150
2138 2150 2055
2141 2053 2052
2151 2152 2153
2153 2152 2154
2153 2154 2155
2156 2157 2158
2156 2158 2159
2160 2156 2159
2064 2161 2162
2064 2162 2163
2164 2165 2166
2164 2166 2167
2165 2168 2169
2165 2169 2166
2168 2170 2171
2168 2171 2169
2172 2170 2173
2172 2173 2174
2107 2175 2176
2124 2123 2177
2124 2177 2178
2119 2179 2180
2119 2180 2120
2181 2182 2183
2179 2119 2184
2179 2184 2185
2159 2186 2160
2187 2188 2189
2190 2191 2192
2187 2193 2194
2187 2194 2188
2158 2167 2185
2195 2196 2197
2198 2199 2200
2198 2200 2201
2201 2200 2202
2201 2202 2203
2204 2205 2199
2204 2199 2198
2204 2206 2207
2204 2207 2205
2208 2209 2210
2211 2212 2213
2211 2213 2214
2214 2213 2215
2216 2217 2218
2216 2218 2219
2220 2221 2222
2223 2224 2225
2223 2225 2215
2226 2227 2218
2226 2218 2217
2228 2229 2227
2228 2227 2226
2230 2231 2224
2230 2224 2223
2230 2232 2233
2230 2233 2234
2234 2233 2235
2234 2235 2236
2230 2223 2237
2230 2237 2232
2230 2234 2238
2230 2238 2231
2234 2236 2239
2234 2239 2238
2240 2241 2242
2240 2242 2243
2228 2240 2243
2228 2243 2229
2244 2245 2209
2244 2209 2208
2246 2247 2245
2246 2245 2244
2237 2223 2215
2237 2215 2248
2249 2250 2251
2252 2253 2254
2255 2256 2257
2252 2258 2253
2249 2251 2259
2249 2259 2260
2261 2262 2247
2261 2247 2246
1786 1759 2263
2214 2215 2225
2213 2248 2215
2264 2265 2266
2210 2209 2267
2268 2269 2270
2268 2271 2269
2268 2272 2273
2268 2273 2271
2273 2274 2275
2273 2275 2271
2276 2277 2278
2273 2272 2279
2273 2279 2280
2280 2279 2281
2280 2281 2282
2283 2282 2281
2283 2281 2284
2285 2286 2287
2285 2287 2288
2289 2290 2283
2289 2283 2284
2291 2285 2292
2285 2291 2293
2285 2293 2294
2285 2294 2286
2290 2295 2296
2290 2296 2283
2273 2280 2297
2273 2297 2274
2280 2282 2298
2280 2298 2297
2283 2296 2298
2283 2298 2282
2271 2275 2299
2271 2299 2269
2269 2299 2300
2269 2300 2270
2301 2302 2303
2301 2303 2304
2278 2305 2302
2278 2302 2301
2306 2307 2308
2307 2304 2303
2307 2303 2308
2309 2270 2300
1736 1733 2310
1733 2311 2310
2312 2313 2314
2315 2316 2317
2315 2317 2318
2319 2315 2318
2320 2321 2322
2320 2322 2323
2324 1762 2325
2324 2325 2326
2323 2322 2327
2323 2327 2328
2329 2330 2331
2329 2331 2321
2324 2263 1759
2324 1759 1762
2332 2333 2334
2332 2335 2333
2335 2336 2337
2335 2337 2338
2332 2339 2335
2339 2340 2336
2339 2336 2335
2336 2341 2342
2336 2342 2337
2341 2343 2344
2341 2344 2342
2340 2345 2341
2340 2341 2336
2345 2346 2343
2345 2343 2341
2347 2348 2349
2347 2349 2350
2347 2350 2344
2347 2344 2343
2348 2351 2352
2348 2352 2353
2353 2352 2354
2353 2354 2355
2348 2347 2351
2353 2355 2356
2353 2356 2357
2358 2347 2343
2358 2343 2346
2359 2360 2361
2359 2361 2362
2360 2363 2361
2364 2365 2366
2359 2367 2368
2359 2368 2360
2360 2368 2363
2369 2356 2370
2371 2372 2373
2371 2373 2374
2372 2375 2376
2372 2376 2373
2377 2378 2379
2377 2379 2380
2381 2377 2380
2381 2380 2382
2379 2378 2383
2384 2385 2386
2375 2387 2376
2387 2375 2356
2387 2356 2369
2387 2369 2388
2389 2387 2388
2390 2391 2392
1952 1964 1894
2393 2394 1964
2393 1964 2395
1469 2396 2397
1469 2397 1468
1468 2397 2398
1468 2398 1467
2399 2400 2401
2399 2401 2402
2402 2401 2403
2402 2403 2404
2401 2405 2406
2401 2406 2403
2400 2407 2405
2400 2405 2401
2406 2408 2409
2406 2409 2403
2403 2409 2410
2403 2410 2404
2409 2411 2412
2409 2412 2410
2408 2413 2411
2408 2411 2409
2398 2414 1466
2398 1466 1467
2407 2415 2416
2407 2416 2405
2405 2416 2417
2405 2417 2406
2418 2408 2406
2418 2406 2417
2419 2413 2408
2419 2408 2418
2415 2420 2421
2415 2421 2416
2416 2421 2422
2416 2422 2417
2421 2423 2424
2421 2424 2422
2420 2425 2423
2420 2423 2421
2424 2426 2427
2424 2427 2422
2422 2427 2418
2422 2418 2417
2427 2428 2419
2427 2419 2418
2426 2429 2428
2426 2428 2427
2430 2431 2432
2433 2429 2426
2433 2426 2430
2430 2426 2424
2430 2424 2431
2424 2423 2434
2424 2434 2431
2423 2425 2435
2423 2435 2434
2431 2434 2436
2431 2436 2432
2434 2435 2436
1930 1934 1896
1791 1793 2436
1791 2436 2437
1793 1794 2432
1793 2432 2436
1794 1795 2430
1794 2430 2432
1795 1796 2433
1795 2433 2430
2438 1929 1928
2439 2440 2441
2439 2441 2442
2442 2441 1319
2442 1319 1318
2443 1469 1225
2443 1225 1383
2444 2396 1469
2444 1469 2443
2444 2440 2445
2444 2445 2446
2446 2445 2447
2446 2447 2448
2448 2447 2449
2448 2449 2450
2448 2400 2399
2448 2399 2446
2450 2407 2400
2450 2400 2448
2446 2399 2396
2446 2396 2444
2450 2449 2451
2450 2451 2452
2453 2420 2415
2453 2415 2452
2454 2425 2420
2454 2420 2453
2455 2437 2435
2455 2435 2456
2457 2458 2459
2457 2459 2460
2454 2461 2456
2452 2451 2462
2452 2462 2453
2453 2462 2461
2453 2461 2454
1818 2455 2458
1818 2458 1819
2452 2415 2407
2452 2407 2450
2456 2435 2425
2456 2425 2454
2463 2464 2465
2463 2465 2466
2464 1358 1361
2464 1361 2465
2467 2463 2466
2467 2466 2468
2469 2470 2471
2469 2471 2472
2470 2467 2468
2470 2468 2471
2473 2474 2475
2473 2475 2476
2474 2477 2478
2474 2478 2475
2477 2469 2472
2477 2472 2478
2479 2473 2476
2479 2476 2480
1446 2481 1447
2482 1453 1454
2482 1454 2483
2484 2482 2483
2441 2440 2444
2441 2444 2443
1319 2441 2443
1319 2443 1383
2445 2440 2439
2445 2439 2485
2447 2445 2485
2447 2485 2486
2449 2447 2486
2449 2486 2487
2451 2449 2487
2451 2487 2488
2459 2461 2489
2459 2489 2460
2462 2451 2488
2462 2488 2490
2461 2462 2490
2461 2490 2489
1818 1791 2437
1818 2437 2455
2397 2396 2399
2397 2399 2402
2398 2397 2402
2398 2402 2404
2404 2410 2414
2404 2414 2398
2491 2492 1914
2491 1914 1915
1910 1914 2492
1910 2492 1933
1873 1919 1915
1873 1915 1916
1919 1926 2491
1919 2491 1915
1920 1922 1866
2099 2098 2100
2493 2212 2211
2086 2085 2078
2086 2078 2077
1878 1999 1998
1878 1998 1871
2287 2286 2290
2287 2290 2289
2286 2294 2295
2286 2295 2290
2047 2023 2016
2357 2349 2353
2494 2495 2317
2494 2317 2316
2328 2327 2314
2328 2314 2313
2355 2354 2367
2355 2367 2359
2356 2355 2359
2356 2359 2362
2496 2497 2364
2496 2364 2366
2495 2494 2326
2278 2277 2305
2305 2277 2498
2499 2384 2386
2499 2386 2495
2500 1939 1942
2390 2501 2502
2390 2502 2391
2503 1955 1954
1962 2504 1963
2505 2506 2507
1972 1970 2508
1947 2509 1948
1994 2020 1995
2176 2175 2510
2511 2512 1445
2511 1445 1444
2513 2514 2515
2516 2517 2392
2086 2077 2101
2086 2101 2098
2002 2001 2007
2002 2007 2012
2001 1879 1880
2001 1880 2007
1471 1466 2414
1471 2414 2518
1908 1909 1911
1761 1851 1762
2292 2285 2288
1408 1393 1392
2519 2520 2521
1490 1570 2522
1490 2522 1726
1726 2522 1852
1726 1852 1757
2179 2166 2180
2178 2177 2169
2178 2169 2171
1983 1986 2523
1983 2523 2041
2523 2524 2046
2523 2046 2041
2046 2524 2047
2372 2357 2356
2372 2356 2375
2100 2098 2101
2093 2095 2090
2093 2090 2081
2333 2335 2338
2070 2072 2130
2161 2072 2071
2003 1866 1870
1922 1867 1866
2176 2265 2108
2176 2108 2107
1738 1851 1761
1734 1733 1736
1734 1736 1735
1937 2395 1935
2410 2412 2518
2410 2518 2414
1929 1895 1896
2525 1895 1929
2210 2267 2526
1896 1964 2527
1896 2527 1931
1964 2394 2528
2395 1964 1952
2395 1952 1935
2395 2529 2393
1964 2528 2527
1217 1235 1465
2392 2391 2516
2495 2325 2499
2495 2326 2325
2530 2479 2480
1836 2531 1837
2532 1815 1819
2532 1819 2533
1819 2458 2457
1819 2457 2533
1847 1815 2532
1847 2532 1848
2459 2458 2456
1816 1814 1847
2456 2461 2459
2351 2347 2358
2376 2387 2389
2371 2357 2372
2353 2349 2348
2456 2458 2455
1814 1815 1847
1783 1784 1792
2436 2435 2437
1508 1512 1509
1507 1509 1517
1517 1519 1507
1507 1511 1508
1524 1507 1519
1508 1501 1498
1526 1502 1501
1527 1525 1526
1529 1501 1511
1532 1526 1529
1529 1531 1532
1530 1538 1531
1510 1539 1530
1511 1530 1529
1499 1492 1494
1499 1497 1500
1492 1525 1493
1498 1500 1512
1498 1502 1499
1655 1659 1656
1660 1658 1661
1661 1663 1660
1672 1675 1673
1662 1673 1663
1683 1662 1661
1588 1661 1658
1591 1658 1655
1681 1672 1662
1682 1674 1672
1251 1236 1258
1237 1246 1269
1236 1238 1239
1236 1240 1258
1239 1241 1240
1239 1228 1227
1227 1229 1230
1227 1231 1241
1230 1221 1231
1230 1224 1223
1384 1385 1386
1386 1387 1388
1388 1389 1398
1398 1399 1400
1400 1401 1404
1411 1404 1403
1410 1400 1411
1413 1398 1410
1412 1388 1413
1414 1386 1412
2150 2062 2065
2150 2065 2534
2069 2068 2535
2137 2129 2062
2137 2062 2150
2140 2131 2129
2140 2129 2137
2133 2132 2147
2133 2147 2146
2163 2162 2155
2163 2155 2536
2157 2164 2167
2157 2167 2158
2189 2183 2182
2189 2182 2187
2185 2184 2537
2185 2537 2158
2179 2185 2167
2179 2167 2166
2534 2056 2055
2534 2055 2150
2066 2060 2059
2066 2059 2067
2060 2136 2134
2060 2134 2057
2142 2139 2138
2142 2138 2141
2149 2148 2143
2149 2143 2145
2141 2138 2055
2141 2055 2053
2155 2154 2536
2158 2537 2186
2158 2186 2159
2192 2189 2188
2192 2188 2190
2188 2194 2190
2125 2113 2116
2125 2116 2126
2117 2120 2123
2117 2123 2122
2070 2130 2113
2070 2113 2125
2120 2180 2177
2120 2177 2123
2177 2180 2166
2177 2166 2169
2130 2072 2064
2130 2064 2063
2072 2161 2064
2074 2073 2071
2074 2071 2070
2106 2121 2124
2106 2124 2107
2128 2127 2110
2128 2110 2109
2074 2128 2109
2171 2170 2172
2107 2124 2178
2107 2178 2175
2175 2178 2171
2175 2171 2172
2079 2076 2075
2079 2075 2080
2264 2105 2108
2264 2108 2265
2112 2111 2104
2112 2104 2103
2075 2112 2103
2075 2103 2080
2070 2128 2074
2075 2109 2112
2034 2033 2018
2034 2018 2021
2036 2035 2015
2036 2015 2014
2035 2046 2015
2035 2041 2046
1994 2034 2021
1993 2034 1994
2020 2022 2005
2203 2202 2197
2203 2197 2196
2236 2235 2258
2236 2258 2252
2254 2239 2236
2254 2236 2252
2257 2242 2241
2257 2241 2255
2260 2259 2262
2260 2262 2261
