byte offset: 0
first index: 0
index count: 2214
topology: trianglelist
format: DXGI_FORMAT_R16_UINT

0 1 2
0 2 3
3 2 4
3 4 5
5 4 6
5 6 7
7 6 8
7 8 9
9 8 10
9 10 11
11 10 12
11 12 13
13 12 14
13 14 15
15 14 16
15 16 17
17 16 18
17 18 19
19 18 20
19 20 21
21 20 22
21 22 23
22 24 25
22 25 23
24 26 27
24 27 25
26 1 0
26 0 27
28 29 30
28 30 31
32 33 34
32 35 36
32 36 33
35 37 38
35 38 36
37 39 40
37 40 38
39 41 42
39 42 40
41 43 44
41 44 42
44 43 31
44 31 30
45 46 47
48 46 45
49 46 50
51 46 49
52 46 51
53 46 52
54 46 53
55 46 54
56 46 55
57 46 56
58 46 57
47 46 58
28 59 29
60 61 62
60 62 63
61 60 64
61 64 65
66 67 65
66 65 64
68 69 67
68 67 66
69 70 71
69 71 67
72 73 74
72 74 75
76 77 72
76 72 78
71 79 77
71 77 76
79 80 81
79 81 82
75 83 78
75 78 72
84 73 72
84 72 77
77 79 82
77 82 84
71 70 80
71 80 79
84 82 85
84 85 86
87 74 73
88 85 82
88 82 81
86 89 73
86 73 84
89 90 87
91 90 92
91 92 93
94 95 96
97 98 93
97 93 92
99 100 101
96 95 100
102 90 89
102 89 86
103 92 90
103 90 102
92 103 104
92 104 97
104 96 97
96 104 105
105 94 96
106 107 85
85 88 108
85 108 106
109 106 110
109 110 111
104 109 111
104 111 105
103 109 104
109 107 106
109 103 102
86 107 102
85 107 86
112 110 106
112 106 108
102 107 109
113 60 63
113 63 114
115 64 60
115 60 113
115 116 66
115 66 64
66 116 117
66 117 68
118 119 70
118 70 69
120 80 70
120 70 119
80 120 121
80 121 81
122 88 81
122 81 121
123 108 88
123 88 122
108 123 124
108 124 112
69 68 125
69 125 118
61 78 83
61 83 62
65 76 78
65 78 61
67 71 76
67 76 65
118 126 127
118 127 119
128 120 119
128 119 127
129 121 120
129 120 128
121 129 130
121 130 122
122 130 131
122 131 123
132 124 123
132 123 131
126 118 125
126 125 133
126 134 135
126 135 127
128 127 135
136 130 129
136 129 137
138 131 130
138 130 136
133 139 134
133 134 126
128 137 129
140 136 137
136 140 141
136 141 138
125 68 117
125 117 142
133 125 142
133 142 143
139 133 143
139 143 144
144 145 146
147 148 149
147 149 150
147 151 152
147 152 148
153 154 155
153 155 156
157 158 153
157 153 156
159 160 161
159 161 162
159 163 164
159 164 160
165 166 167
165 167 168
165 164 163
165 163 166
157 168 167
157 167 158
169 141 140
169 140 170
166 171 172
166 172 167
173 174 153
173 153 158
154 175 176
154 176 152
132 162 161
177 178 62
177 62 83
83 75 179
83 179 177
75 74 180
75 180 179
181 180 74
181 74 87
182 181 87
182 87 91
91 93 183
91 183 182
93 98 184
93 184 183
178 185 63
178 63 62
63 185 186
63 186 114
187 188 189
190 191 189
190 189 192
193 189 191
193 191 194
195 196 178
195 178 177
197 194 195
198 197 199
198 199 200
200 199 179
200 179 180
197 195 199
197 198 201
202 190 192
202 192 203
190 202 204
190 204 196
205 206 207
205 207 203
208 202 203
208 203 207
208 209 204
208 204 202
210 211 212
205 213 214
205 214 206
212 211 215
216 217 218
216 218 212
212 218 219
212 219 210
220 221 222
220 222 216
216 222 223
216 223 217
224 200 180
224 180 181
225 224 181
225 181 182
182 183 226
182 226 225
87 90 91
227 226 183
227 183 184
228 229 224
228 224 225
200 224 229
200 229 198
226 228 225
230 227 231
230 232 226
230 226 227
232 228 226
201 233 234
201 234 235
233 236 237
233 237 234
236 238 239
236 239 237
240 241 232
240 232 230
230 231 240
242 231 243
238 244 245
238 245 239
246 247 241
246 241 240
242 246 240
243 248 249
250 251 252
250 252 253
251 247 254
251 254 255
256 255 257
256 257 258
244 247 251
244 251 250
255 256 252
255 252 251
255 254 259
255 259 257
260 261 259
257 262 263
259 261 257
235 234 264
265 239 245
265 245 266
240 231 242
246 242 259
246 259 254
228 232 267
268 269 266
270 223 222
270 222 271
272 273 274
272 274 275
276 272 275
276 275 277
277 275 278
277 278 279
280 276 277
280 277 271
271 277 279
271 279 270
281 278 275
281 275 274
282 283 269
282 269 268
268 284 285
268 285 282
286 269 283
286 283 287
274 286 287
274 287 281
288 289 263
288 263 262
263 290 258
263 258 257
291 292 293
291 293 289
292 291 294
294 295 296
294 296 292
291 297 294
291 298 297
299 300 301
299 301 302
302 301 303
289 288 304
289 305 291
306 307 305
306 305 304
298 291 305
302 303 297
302 297 298
308 309 310
308 310 311
312 313 309
312 309 314
311 315 316
311 316 308
317 318 319
317 319 320
317 321 322
317 322 318
309 313 310
320 319 312
320 312 314
315 323 316
315 324 325
324 326 325
315 325 323
324 327 328
324 328 326
327 307 306
327 306 328
316 329 330
316 323 329
331 332 330
331 330 329
333 334 332
333 332 331
247 246 254
335 333 336
335 336 337
337 336 249
337 249 248
333 338 339
333 339 334
335 340 338
335 338 333
341 342 340
341 340 335
343 344 342
343 342 341
345 346 344
345 344 343
347 348 346
347 346 345
349 350 351
349 351 243
243 351 248
352 96 99
353 354 355
353 355 356
357 358 359
360 361 362
98 97 96
184 98 363
364 363 365
366 367 368
366 368 369
370 371 372
373 374 375
373 375 376
377 378 379
377 379 380
381 382 383
381 383 384
385 386 383
385 383 382
385 387 388
385 388 386
387 389 390
387 390 388
391 392 393
394 395 393
394 393 392
394 396 397
394 397 395
398 399 400
398 400 401
402 403 404
402 404 405
404 403 406
407 408 409
407 409 410
411 402 405
411 405 412
185 178 196
185 196 204
209 186 185
209 185 204
408 398 401
408 401 409
196 195 191
196 191 190
198 229 233
198 233 201
229 228 236
229 236 233
238 236 267
238 241 247
238 247 244
250 253 284
250 284 245
250 245 244
413 414 415
413 416 417
413 418 419
413 420 414
413 419 420
421 422 372
421 372 371
423 373 376
424 425 423
425 424 426
425 426 427
428 427 426
366 427 428
366 428 367
429 430 431
432 431 433
221 280 271
221 271 222
273 434 286
273 286 274
245 284 268
245 268 266
269 286 434
269 434 435
266 269 435
266 435 265
436 265 435
436 435 437
237 239 265
237 265 436
205 438 439
205 439 213
438 205 203
438 203 192
440 434 441
187 189 442
443 193 444
194 235 264
194 264 193
194 201 235
194 197 201
369 368 445
446 430 429
447 448 429
431 430 433
449 369 445
410 450 407
451 452 453
451 453 450
454 447 429
284 253 285
455 456 457
458 371 370
458 370 459
456 460 461
456 462 460
462 463 464
417 418 413
421 465 422
417 416 466
416 413 415
416 415 467
468 469 470
468 470 471
390 389 469
390 469 468
436 234 237
172 171 472
172 472 473
474 475 476
477 478 479
477 479 480
481 482 149
481 149 148
174 175 154
174 154 153
483 484 485
144 146 139
173 158 167
173 167 172
163 159 141
163 141 169
169 171 166
169 166 163
472 171 169
472 169 170
476 475 486
473 487 173
473 173 172
463 462 458
238 267 241
267 232 241
423 425 373
131 138 162
131 162 132
159 162 138
159 138 141
199 177 179
199 195 177
267 236 228
128 135 137
488 489 490
488 490 491
492 493 494
492 494 495
490 489 496
496 489 497
497 489 498
495 494 488
495 488 491
499 500 359
499 359 358
501 502 493
501 493 492
503 504 505
503 505 499
499 505 500
506 358 357
506 357 356
503 507 508
503 508 504
509 508 507
509 507 510
361 509 510
361 510 101
101 100 511
101 511 362
101 362 361
353 356 349
353 349 512
513 514 354
513 354 515
516 517 227
231 518 512
231 512 349
519 184 364
519 364 520
519 227 184
516 227 519
515 521 522
515 522 513
356 355 506
349 356 350
227 517 518
227 518 231
407 450 453
523 524 525
523 525 526
527 528 523
527 523 526
529 530 528
529 528 527
529 531 532
529 532 530
533 534 535
533 535 536
537 538 536
537 536 535
441 434 539
540 541 542
540 542 543
543 542 544
543 544 545
545 544 546
545 546 547
547 546 534
547 534 533
524 548 525
442 193 443
442 189 193
440 444 437
434 440 437
434 437 435
480 479 474
480 474 476
139 549 134
550 551 135
550 135 134
549 550 134
137 552 553
552 137 135
552 135 551
553 554 140
553 140 137
554 170 140
151 155 154
151 154 152
481 148 152
481 152 176
486 475 555
296 295 556
289 293 290
289 290 263
289 304 305
257 261 262
355 354 514
352 557 363
352 363 98
364 365 558
365 363 557
184 363 364
215 220 216
215 216 212
559 560 561
562 563 564
562 564 565
566 562 565
566 565 567
567 568 569
567 569 566
563 560 559
563 559 564
561 560 570
571 561 570
571 570 572
538 537 573
189 188 192
541 540 574
541 574 575
576 577 578
576 578 579
210 580 211
572 576 579
572 579 571
581 532 531
581 531 582
583 188 187
584 585 586
448 446 429
243 260 242
242 260 259
243 231 349
243 249 260
492 500 501
359 500 492
98 96 352
96 100 99
437 444 264
87 73 89
558 521 520
558 520 364
558 522 521
587 588 589
589 588 590
590 588 591
592 588 593
593 588 594
594 588 595
595 588 596
596 588 597
597 588 598
598 588 599
599 588 600
600 588 587
195 194 191
437 264 436
264 234 436
264 444 193
568 601 569
586 585 602
586 602 603
604 605 606
478 477 607
478 607 608
139 146 609
139 610 549
456 461 457
455 457 611
460 462 464
463 458 459
612 446 448
612 448 613
