byte offset: 0
first index: 6978
index count: 1200
topology: trianglelist
format: DXGI_FORMAT_R16_UINT

1547 1548 1549
1550 1551 1552
1553 1554 1555
551 550 1556
1557 1558 1559
1560 1561 1562
1560 1562 1563
1560 1564 1565
1560 1565 1566
1560 1566 1567
1560 1567 1568
1560 1568 1569
1561 1560 1570
1570 1560 1571
1571 1560 1572
1564 1560 1563
1572 1560 1569
543 542 1558
1558 1557 1552
1558 1552 1551
1551 1550 1549
1551 1549 1548
1548 1547 1555
1548 1555 1554
1554 1553 1556
1554 1556 550
542 1559 1558
1573 1574 1575
1573 1575 1576
1577 1578 1579
1580 1574 1573
1581 1582 1583
1584 1585 1586
1576 1587 1588
1576 1588 1589
1590 1591 1592
1589 1593 1594
1589 1594 1595
1596 1597 1598
1599 1600 1592
1599 1592 1591
1595 1601 1596
1595 1596 1598
1602 1603 1600
1604 1605 1606
1607 1608 1609
1607 1610 1608
1607 1611 1612
1607 1613 1611
1607 1614 1613
1607 1615 1614
1607 1616 1615
1609 1617 1607
1617 1618 1607
1618 1619 1607
1612 1610 1607
1619 1616 1607
1589 1588 1593
1576 1575 1587
1573 1620 1621
1573 1621 1580
1620 1622 1621
1620 1600 1603
1620 1603 1622
1592 1606 1590
1595 1594 1601
1606 1583 1582
1606 1582 1604
1583 1579 1578
1583 1578 1581
1579 1586 1585
1579 1585 1577
1586 1598 1597
1586 1597 1584
1600 1599 1602
1590 1606 1605
1623 1624 1625
1623 1625 1626
1627 1628 1629
1627 1629 1630
1631 1632 1633
1631 1633 1634
1635 1636 1637
1638 1639 1640
1638 1640 1641
1636 1642 1637
1643 1644 1645
1643 1645 1646
1647 1648 1649
1650 1651 1652
1632 1631 1653
1632 1653 1654
1626 1625 1638
1626 1638 1641
1655 1656 1657
1655 1657 1658
1651 1650 1634
1651 1634 1633
1657 1656 1644
1657 1644 1643
1659 1660 1661
1662 1637 1663
1664 1665 1666
1664 1666 1667
1635 1637 1662
1668 1669 1670
1668 1670 1671
1669 1672 1673
1669 1673 1670
1648 1674 1675
1648 1675 1649
1676 1677 1678
1679 1680 1681
1668 1682 1683
1684 1685 1686
1686 1685 1687
1686 1687 1688
1689 1690 1691
1689 1691 1692
1693 1692 1691
1693 1691 1694
1695 1694 1696
1695 1696 1697
1698 1699 1700
1698 1700 1701
1699 1702 1703
1699 1703 1700
1704 1705 1642
1704 1642 1668
1706 1707 1708
1709 1710 1711
1709 1711 1712
1713 1714 1715
1712 1711 1716
1717 1718 1719
1720 1721 1722
1723 1724 1725
1726 1727 1728
1729 1730 1731
1732 1733 1734
1732 1734 1735
1736 1737 1738
1739 1740 1741
1739 1741 1742
1743 1744 1745
1743 1745 1746
1732 1735 1747
1732 1747 1748
1749 1750 1751
1752 1753 1754
1752 1754 1755
1756 1757 1758
1695 1697 1759
1695 1759 1760
1733 1746 1745
1733 1745 1734
1750 1749 1748
1750 1748 1747
1743 1742 1741
1743 1741 1744
1740 1739 1738
1740 1738 1737
1761 1762 1718
1640 1639 1763
1681 1680 1673
1681 1673 1672
1674 1678 1677
1674 1677 1675
1712 1716 1764
1712 1764 1765
1766 1767 1768
1768 1767 1769
1707 1706 1770
1624 1623 1752
1624 1752 1755
1628 1655 1658
1628 1658 1629
1654 1653 1627
1654 1627 1630
1635 1662 1771
1635 1771 1772
1773 1698 1701
1773 1701 1774
1695 1693 1694
1775 1772 1771
1776 1777 1765
1776 1765 1764
1778 1710 1779
1778 1779 1780
1690 1689 1781
1779 1782 1783
1779 1783 1780
1783 1784 1773
1783 1773 1774
1785 1786 1787
1785 1787 1788
1789 1785 1788
1789 1788 1790
1711 1710 1778
1791 1792 1793
1793 1792 1688
1793 1688 1687
1786 1697 1696
1786 1696 1787
1783 1782 1784
1794 1777 1776
1795 1796 1797
1798 1789 1790
1798 1790 1799
1703 1702 1800
1703 1800 1801
1802 1803 1804
1801 1800 1805
1806 1807 1808
1642 1705 1637
1809 1810 1811
1812 1758 1813
1814 1815 1816
1809 1817 1810
1692 1818 1819
1692 1819 1689
1659 1820 1660
1759 1821 1760
1757 1813 1758
1715 1690 1781
1791 1822 1823
1671 1682 1668
1731 1824 1729
1825 1728 1727
1725 1826 1723
1827 1722 1721
1718 1828 1761
1762 1719 1718
1647 1649 1829
1819 1818 1830
1713 1715 1781
1791 1823 1792
1668 1683 1704
1831 1832 1833
1831 1833 1834
1835 1836 1837
1835 1837 1838
1839 1840 1841
1839 1841 1842
1843 1844 1845
1846 1847 1848
1846 1848 1849
1845 1844 1850
1851 1852 1853
1851 1853 1854
1855 1856 1857
1858 1859 1860
1842 1861 1862
1842 1862 1839
1832 1847 1846
1832 1846 1833
1863 1864 1865
1863 1865 1866
1860 1841 1840
1860 1840 1858
1865 1851 1854
1865 1854 1866
1867 1868 1869
1870 1871 1844
1872 1873 1874
1872 1874 1875
1843 1870 1844
1876 1877 1878
1876 1878 1879
1879 1878 1880
1879 1880 1881
1857 1856 1882
1857 1882 1883
1884 1885 1886
1887 1888 1889
1876 1890 1891
1892 1893 1894
1893 1895 1896
1893 1896 1894
1897 1898 1899
1897 1899 1900
1901 1902 1899
1901 1899 1898
1903 1904 1905
1903 1905 1902
1906 1907 1908
1906 1908 1909
1909 1908 1910
1909 1910 1911
1912 1876 1850
1912 1850 1913
1914 1915 1916
1917 1918 1919
1917 1920 1918
1921 1922 1923
1920 1924 1918
1925 1926 1927
1928 1929 1930
1931 1932 1933
1934 1935 1936
1937 1938 1939
1940 1941 1942
1940 1942 1943
1944 1945 1946
1947 1948 1949
1947 1949 1950
1951 1952 1953
1951 1953 1954
1940 1955 1956
1940 1956 1941
1957 1958 1959
1960 1961 1962
1960 1962 1963
1964 1965 1966
1903 1967 1968
1903 1968 1904
1943 1942 1953
1943 1953 1952
1959 1956 1955
1959 1955 1957
1951 1954 1949
1951 1949 1948
1950 1946 1945
1950 1945 1947
1969 1927 1970
1848 1971 1849
1888 1881 1880
1888 1880 1889
1883 1882 1886
1883 1886 1885
1920 1972 1973
1920 1973 1924
1974 1975 1976
1975 1977 1976
1916 1978 1914
1834 1961 1960
1834 1960 1831
1838 1837 1864
1838 1864 1863
1861 1836 1835
1861 1835 1862
1843 1979 1980
1843 1980 1870
1981 1982 1907
1981 1907 1906
1903 1902 1901
1983 1980 1979
1984 1973 1972
1984 1972 1985
1986 1987 1988
1986 1988 1919
1900 1989 1897
1988 1987 1990
1988 1990 1991
1990 1982 1981
1990 1981 1992
1993 1994 1995
1993 1995 1996
1997 1998 1994
1997 1994 1993
1918 1986 1919
1999 2000 2001
2000 1896 1895
2000 1895 2001
1996 1995 1905
1996 1905 1904
1990 1992 1991
2002 1984 1985
2003 2004 2005
2006 2007 1998
2006 1998 1997
1910 2008 2009
1910 2009 1911
2010 2011 2012
2008 2013 2009
2014 2015 2016
1850 1844 1913
2017 2018 2019
2020 2021 1965
2022 2023 2024
2017 2019 2025
1898 1897 2026
1898 2026 2027
1867 1869 2028
1968 1967 2029
1966 1965 2021
1922 1989 1900
1999 2030 2031
1877 1876 1891
1938 1937 2032
2033 1936 1935
1932 1931 2034
2035 1930 1929
1927 1969 2036
1970 1927 1926
1855 2037 1856
2026 2038 2027
1921 1989 1922
1999 2001 2030
1876 1912 1890
