byte offset: 0
first index: 0
index count: 13875
topology: trianglelist
format: DXGI_FORMAT_R16_UINT

0 1 2
0 3 4
5 0 4
5 4 6
7 6 4
7 4 8
7 8 9
6 7 10
7 11 10
7 12 11
5 6 13
6 10 13
0 5 14
5 13 15
14 5 15
0 14 16
17 0 16
17 16 18
14 18 16
17 18 19
18 14 20
14 15 20
18 20 21
22 18 21
22 21 23
24 13 10
25 24 10
25 10 26
27 15 13
24 27 13
28 20 15
27 28 15
29 21 20
28 29 20
29 30 21
30 31 21
30 32 31
33 27 24
34 33 24
34 24 35
36 28 27
33 36 27
37 29 28
36 37 28
38 30 29
37 38 29
38 39 30
39 40 30
39 41 40
39 38 42
42 38 37
39 42 43
44 39 43
44 43 45
36 33 46
33 47 46
33 48 47
37 36 49
36 46 49
42 37 50
37 49 50
43 42 51
52 42 50
52 51 42
50 49 53
50 53 52
49 46 54
49 54 53
46 55 54
46 56 55
43 51 57
58 43 57
58 57 59
52 53 60
52 60 61
51 52 61
62 60 53
62 53 54
63 62 54
63 54 64
51 61 65
57 51 65
57 65 66
67 57 66
67 68 57
69 70 71
72 73 70
72 74 73
70 73 75
73 76 75
73 77 76
70 75 78
78 79 70
78 80 79
81 78 75
78 81 82
78 82 83
75 84 81
81 84 85
81 85 86
75 87 84
87 75 88
87 88 89
84 87 90
91 84 90
91 92 84
90 87 93
87 94 93
87 95 94
90 93 96
96 97 90
96 98 97
96 93 99
96 99 100
101 93 102
96 103 104
105 73 106
107 108 109
107 110 111
107 112 110
113 112 107
113 114 112
115 113 107
115 107 116
117 112 114
117 114 118
114 113 119
120 119 113
120 121 119
122 114 119
123 122 119
123 124 122
122 125 114
126 114 125
126 127 114
122 128 125
128 122 129
128 129 130
131 128 130
131 132 128
132 125 128
132 133 125
134 125 133
134 133 135
136 133 132
136 137 133
132 138 139
133 140 141
112 142 143
144 145 146
147 148 149
150 151 149
150 152 151
153 151 152
153 152 154
155 153 154
155 156 153
157 149 158
157 158 159
159 158 160
159 160 161
161 160 162
161 162 163
163 162 164
163 164 165
166 167 157
166 157 168
169 166 168
169 170 166
171 170 169
171 172 170
173 174 175
176 177 178
179 180 181
179 182 183
184 182 179
184 185 182
186 182 185
186 187 182
186 188 187
185 189 186
186 189 190
186 190 191
184 192 185
185 192 189
179 193 184
184 194 192
193 194 184
179 195 193
196 195 179
196 197 195
193 195 197
196 198 197
197 199 193
193 199 194
197 200 199
201 200 197
201 202 200
203 189 192
204 189 203
204 205 189
206 192 194
203 192 206
207 194 199
206 194 207
208 199 200
207 199 208
208 200 209
209 200 210
209 210 211
212 203 206
213 203 212
213 214 203
215 206 207
212 206 215
216 207 208
215 207 216
217 208 209
216 208 217
217 209 218
218 209 219
218 219 220
218 221 217
221 216 217
218 222 221
223 222 218
223 224 222
215 225 212
212 225 226
212 226 227
216 228 215
215 228 225
221 229 216
216 229 228
222 230 221
231 229 221
231 221 230
229 232 228
229 231 232
228 233 225
228 232 233
225 233 234
225 234 235
222 236 230
237 236 222
237 238 236
231 239 232
231 240 239
230 240 231
241 232 239
241 233 232
242 233 241
242 243 233
230 244 240
236 244 230
236 245 244
246 245 236
246 236 247
248 249 250
251 252 248
251 248 253
251 253 254
251 254 255
256 253 248
256 254 253
256 248 257
257 248 258
257 258 259
256 260 254
260 261 254
260 262 261
263 256 257
263 260 256
263 257 264
265 264 257
265 257 266
265 266 267
263 268 260
269 260 268
269 270 260
269 271 270
264 272 263
268 263 272
273 264 265
264 273 272
268 272 274
274 269 268
273 275 272
273 276 275
274 272 277
274 277 278
273 265 279
279 280 273
279 281 280
274 282 269
282 274 283
282 283 284
279 265 285
265 286 285
265 287 286
282 288 269
269 288 289
269 289 290
279 285 291
292 279 291
292 293 279
292 294 293
282 295 288
296 295 282
296 282 297
296 297 298
299 296 298
299 298 300
296 301 295
301 296 299
301 299 302
303 301 302
303 304 301
295 301 304
304 303 305
295 304 306
305 306 304
307 288 295
307 295 306
305 308 306
308 307 306
309 308 305
309 310 308
288 307 311
288 311 312
313 308 310
308 313 307
313 310 314
315 307 313
315 316 307
313 317 318
313 318 319
320 321 322
320 323 324
320 325 326
327 328 320
320 329 330
320 331 332
320 333 334
335 320 336
337 338 320
338 339 320
340 320 341
341 320 342
254 343 344
345 346 347
348 349 345
350 345 349
350 349 351
352 351 349
352 349 353
353 349 348
354 352 353
354 353 355
355 356 354
353 348 357
355 353 357
355 358 356
359 356 358
359 358 360
355 357 361
361 358 355
348 362 357
361 357 362
361 363 358
364 358 363
364 363 365
366 363 361
361 362 366
366 367 363
368 363 367
368 367 369
370 366 362
371 367 366
370 371 366
372 371 370
373 370 362
348 373 362
371 374 367
375 367 374
375 374 376
372 370 377
373 377 370
348 378 373
373 379 377
373 378 379
372 377 380
379 380 377
348 381 378
348 345 381
381 345 382
383 382 345
378 381 384
381 382 384
378 384 385
379 378 385
382 386 384
385 384 386
379 385 387
379 388 380
387 388 379
385 386 389
387 385 389
372 380 390
391 380 388
391 390 380
387 392 388
387 389 393
393 392 387
394 391 388
394 388 392
389 386 395
393 389 396
389 395 396
393 397 392
398 394 392
398 392 397
393 396 399
399 397 393
396 400 399
399 401 397
400 401 399
395 402 396
396 402 400
403 400 402
403 402 404
395 405 402
406 402 405
406 405 407
408 405 395
386 408 395
409 397 401
409 398 397
400 410 401
411 410 400
411 412 410
413 409 401
413 401 410
414 413 410
414 410 415
398 409 416
416 409 413
408 417 405
418 405 417
418 417 419
420 417 408
420 421 417
422 417 421
422 421 423
398 416 424
394 398 424
416 413 425
426 425 413
426 427 425
428 416 425
424 416 428
394 424 429
391 394 429
428 425 430
431 430 425
431 432 430
424 428 433
429 424 433
434 428 430
433 428 434
434 430 435
436 435 430
436 437 435
438 434 435
438 435 439
440 439 435
440 441 439
429 433 442
433 443 442
433 444 443
433 434 444
445 444 434
444 446 443
447 429 442
391 429 447
448 442 443
447 442 448
449 447 448
448 443 450
449 448 450
443 451 450
452 391 447
449 452 447
452 390 391
452 453 390
372 390 453
449 454 452
452 454 453
372 453 455
453 454 456
453 456 455
372 455 457
372 457 371
371 457 458
455 458 457
371 458 374
374 458 459
374 459 460
455 461 458
461 462 458
461 463 462
455 464 461
455 456 464
465 461 464
465 466 461
456 467 464
468 464 467
468 469 464
456 470 467
470 456 454
470 454 471
449 471 454
470 472 467
473 467 472
473 474 467
475 470 471
470 475 472
476 471 449
475 471 476
476 449 477
449 450 477
478 477 450
478 479 477
480 477 479
480 476 477
481 476 480
481 475 476
475 481 482
475 482 472
483 472 482
483 484 472
485 486 450
487 488 450
489 490 450
491 492 493
491 494 495
408 491 496
386 491 408
382 491 386
491 382 497
498 408 499
382 500 501
502 503 382
502 382 504
505 506 507
507 508 509
507 510 508
511 508 510
511 510 512
513 510 507
513 514 510
515 510 514
515 514 516
507 517 513
507 518 517
517 518 519
520 518 507
519 518 521
522 514 513
523 513 517
523 522 513
522 524 514
514 524 525
514 525 526
527 524 522
523 527 522
527 528 524
529 524 528
529 528 530
517 519 531
517 531 532
517 532 523
533 523 532
534 532 531
519 534 531
519 535 534
535 519 536
534 537 532
537 533 532
523 538 527
533 538 523
539 527 538
533 539 538
540 528 527
539 540 527
535 541 534
541 537 534
540 542 528
543 528 542
543 542 544
545 542 540
546 540 539
546 545 540
547 545 546
545 548 542
549 542 548
549 548 550
551 546 539
551 547 546
552 548 545
547 552 545
551 539 553
533 553 539
554 553 533
554 551 553
552 555 548
556 548 555
556 555 557
554 533 558
537 558 533
558 537 559
541 559 537
560 554 558
558 559 560
561 560 559
561 559 562
562 559 541
562 541 563
552 564 555
565 555 564
565 566 555
552 567 564
547 567 552
560 568 554
569 568 560
569 560 570
571 568 569
568 572 554
554 572 551
571 573 568
568 573 572
574 573 571
574 575 573
572 576 551
551 576 547
573 577 572
573 575 577
572 577 576
578 577 575
579 578 575
579 580 578
581 576 577
578 581 577
580 582 578
582 581 578
580 583 582
584 547 576
581 584 576
583 585 582
583 586 585
582 587 581
587 584 581
585 587 582
584 588 547
547 588 567
584 589 588
588 590 567
588 589 590
587 591 584
584 591 589
587 592 591
592 589 591
585 593 587
587 593 592
593 585 594
595 594 585
595 596 594
593 594 597
597 592 593
596 598 594
598 597 594
596 599 598
567 590 600
567 600 564
601 564 600
601 602 564
590 603 600
604 600 603
604 605 600
590 606 603
589 606 590
589 607 606
592 607 589
592 608 607
608 606 607
592 609 608
597 609 592
610 609 597
598 610 597
611 610 598
612 610 611
610 613 609
612 613 610
614 609 613
614 608 609
614 613 612
611 598 615
616 615 598
616 617 615
612 611 618
612 618 619
617 620 615
611 615 620
608 614 621
608 621 622
608 622 606
606 622 623
606 623 603
624 603 623
624 625 603
622 626 623
622 621 626
626 627 623
626 628 627
629 621 614
621 630 626
621 629 630
631 626 630
631 632 626
629 614 633
614 612 633
633 612 634
629 633 635
629 636 630
629 637 636
638 630 636
638 639 630
612 640 641
642 629 643
633 644 645
633 646 647
648 649 636
650 651 636
650 636 652
653 654 636
653 655 654
656 508 657
658 659 508
658 508 660
508 661 662
508 662 663
664 665 666
667 665 668
669 665 670
671 665 669
672 665 671
673 665 672
674 665 673
675 665 674
676 665 675
677 665 676
678 665 677
679 680 681
679 682 683
682 679 684
679 685 684
679 686 685
687 686 679
687 541 686
535 686 541
535 685 686
684 685 688
684 688 689
685 690 688
685 691 690
535 691 685
691 535 692
682 684 693
693 684 694
693 694 695
693 696 682
693 697 696
698 697 693
698 699 697
700 696 697
700 697 701
682 696 702
682 702 703
704 702 696
704 696 705
706 697 707
706 707 708
709 702 710
709 711 702
712 702 711
712 711 713
714 711 715
714 716 711
717 711 716
717 716 718
719 716 720
719 721 716
722 716 721
722 721 723
724 721 725
724 726 721
727 721 726
727 726 728
729 726 730
729 731 726
732 726 731
732 731 733
734 735 731
734 731 736
737 736 731
737 738 736
739 740 736
739 736 741
742 741 736
742 743 741
744 745 741
744 741 746
747 746 741
747 748 746
749 750 746
749 746 751
752 751 746
752 753 751
754 755 751
754 751 756
757 756 751
757 758 756
759 760 756
759 756 761
762 761 756
762 763 761
764 759 761
764 761 765
766 765 761
766 767 765
768 764 765
768 765 769
759 764 770
764 771 770
764 772 771
759 770 617
617 773 759
617 770 620
770 774 620
770 775 774
620 774 776
620 776 777
611 620 777
777 778 611
617 779 780
611 781 782
783 784 611
777 785 786
777 787 788
777 789 790
789 791 792
793 794 795
796 797 795
798 799 795
800 798 795
801 800 795
802 801 795
803 802 795
804 803 795
805 804 795
806 805 795
807 806 795
518 808 809
810 811 518
519 812 813
814 519 815
816 439 817
439 818 819
439 819 820
821 822 439
821 823 822
421 824 825
826 827 421
826 421 828
829 421 830
829 830 831
832 535 833
535 834 835
836 837 434
838 839 444
444 840 841
842 843 443
844 845 443
844 443 846
847 848 345
849 345 850
851 852 853
854 855 856
857 858 859
691 860 859
691 861 862
691 863 864
865 866 867
868 869 867
868 867 870
871 872 867
871 867 873
874 873 867
874 875 873
876 877 873
876 873 878
879 878 873
879 880 878
881 882 878
881 883 882
884 878 882
884 882 885
886 882 887
886 888 882
889 882 888
889 890 882
891 888 892
891 893 888
894 888 893
894 893 895
896 893 897
896 898 893
899 893 898
899 898 900
901 898 902
903 904 898
903 898 905
906 907 908
909 907 910
907 911 912
907 913 911
914 907 915
907 916 915
917 915 916
917 918 915
917 916 919
918 920 915
918 921 920
922 917 919
922 923 917
917 924 918
923 924 917
918 924 925
923 926 924
925 924 926
918 925 927
928 918 927
928 929 918
930 927 925
930 931 927
932 927 931
932 933 927
923 934 926
935 934 923
935 923 936
937 925 926
938 925 937
938 939 925
934 940 926
937 926 940
940 941 937
942 937 941
942 943 937
934 944 940
940 944 945
946 944 934
946 945 944
947 946 934
947 934 948
946 947 949
949 950 946
940 951 941
940 945 951
946 952 945
953 952 946
953 954 952
955 945 952
956 955 952
956 957 955
951 958 941
959 941 958
959 960 941
945 961 951
951 961 958
962 945 955
945 962 961
961 963 958
964 958 963
964 965 958
962 966 961
961 966 963
955 967 962
962 967 966
968 963 966
969 966 967
969 968 966
970 968 969
971 969 967
969 971 970
968 972 963
973 963 972
973 972 974
975 972 968
970 975 968
975 976 972
977 972 976
977 976 978
979 976 975
979 975 970
971 967 980
955 980 967
955 981 980
955 982 981
971 980 983
971 983 984
979 985 976
986 976 985
986 985 987
985 979 988
985 988 989
990 985 989
990 989 991
992 988 979
992 979 993
979 970 993
994 993 970
994 992 993
971 995 970
994 970 995
996 995 971
996 971 997
998 994 995
998 995 999
989 988 1000
1001 989 1000
1002 1000 988
1002 988 992
1003 1002 992
1003 1004 1002
1002 1005 1000
1005 1001 1000
1006 1005 1002
1006 1007 1005
1005 1007 1008
1005 1008 1009
1005 1009 1001
1010 1009 1008
1011 1009 1010
1001 1009 1012
1001 1012 1013
1014 1015 1010
1016 1017 1010
1010 1018 1019
1010 1019 1020
1021 1001 1022
1021 1023 1001
1001 1023 989
1024 989 1023
1024 1023 1025
1026 1025 1023
1026 1023 1027
1028 1029 1030
1031 1032 1033
1034 1035 1036
1035 1037 992
1035 992 994
994 1038 1035
1038 994 1039
1040 1041 1042
1043 1044 1045
1043 1045 1046
1046 1047 1043
1046 1048 1047
1049 1050 1051
1049 1051 1052
1053 1054 1055
1053 1055 1056
1057 1058 1059
1057 1059 1060
1061 1062 1063
1061 1063 1064
1064 1065 1061
1064 1066 1065
1067 1068 1069
1067 1069 1070
1070 1069 1071
1071 1072 1070
1071 1073 1072
1074 1071 1069
1074 1075 1071
1076 1077 1078
1076 1078 1079
1079 1080 1076
1079 1081 1080
1082 1083 1084
1082 1085 1083
1085 1086 1083
1085 1087 1086
1088 1087 1085
1088 1085 1089
1090 1083 1086
1090 1091 1083
1091 1092 1083
1091 1093 1092
1087 1094 1086
1095 1090 1086
1095 1086 1094
1096 1091 1090
1097 1090 1095
1097 1096 1090
1096 1098 1091
1098 1099 1091
1098 1100 1099
1098 1096 1101
1096 1097 1102
1096 1102 1101
1098 1101 1103
1104 1098 1103
1104 1103 1105
1106 1097 1095
1107 1095 1094
1106 1095 1107
1097 1108 1102
1097 1106 1108
1109 1106 1107
1109 1107 1110
1106 1111 1108
1106 1112 1111
1107 1094 1113
1114 1107 1113
1114 1113 1115
1116 1113 1094
1087 1116 1094
1087 1117 1116
1087 1118 1117
1116 1119 1113
1119 1116 1120
1119 1120 1121
1119 1122 1113
1119 1123 1122
1124 1125 1126
1124 1103 1125
1103 1127 1125
1103 1101 1127
1101 1128 1127
1101 1102 1128
1102 1129 1128
1102 1108 1129
1108 1130 1129
1108 1131 1130
1132 1129 1130
1132 1133 1129
1133 1128 1129
1133 1134 1128
1127 1128 1134
1127 1134 1135
1125 1127 1135
1125 1135 1136
1137 1125 1136
1137 1136 1138
1139 1140 1141
1139 1142 1140
1143 1142 1139
1143 1144 1142
1142 1145 1146
1142 1147 1145
1148 1147 1142
1148 1149 1147
1139 1150 1151
1139 1151 1152
1153 1139 1152
1153 1154 1139
1155 1156 1152
1155 1152 1157
1157 1152 1158
1157 1158 1159
1160 1161 1157
1160 1157 1162
1162 1157 1163
1162 1163 1164
1165 1166 1167
1165 1168 1166
1169 1170 1168
1169 1168 1171
1172 1173 1174
1172 1174 1175
1176 1177 1178
1176 1178 1179
1180 1181 1182
1180 1182 1183
1184 1185 1186
1184 1187 1185
1187 1188 1185
1187 1189 1188
1190 1188 1189
1190 1191 1188
1190 1192 1191
1190 1193 1192
1193 1194 1192
1193 1195 1194
1196 1197 1198
1196 1198 1199
1200 1201 1202
1200 1202 1203
1204 1205 1200
1204 1206 1205
1207 1208 1209
1207 1209 1210
1211 1212 1213
1211 1213 1214
1215 1216 1217
1215 1217 1218
1219 1220 1221
1219 1221 1222
1223 1224 1225
1223 1225 1226
1227 1228 1229
1227 1229 1230
1231 1232 1233
1231 1233 1234
1235 1236 1237
1235 1237 1238
1239 1240 1241
1239 1241 1242
1243 1244 1245
1243 1245 1246
1247 1248 1249
1247 1249 1250
1251 1252 1253
1251 1253 1254
1255 1256 1257
1255 1257 1258
1259 1260 1261
1259 1261 1262
1263 1264 1265
1263 1265 1266
1267 1268 1269
1267 1269 1270
1271 1272 1273
1271 1273 1274
1275 1276 1277
1275 1277 1278
1279 1280 1281
1279 1281 1282
1283 1284 1285
1283 1285 1286
1287 1288 1289
1287 1289 1290
1291 1292 1293
1291 1293 1294
1295 1296 1297
1295 1297 1298
1299 1300 1301
1299 1301 1302
1303 1304 1305
1303 1305 1306
1307 1308 1309
1307 1309 1310
1311 1312 1313
1311 1313 1314
1315 1316 1317
1315 1317 1318
1319 1320 1321
1319 1322 1320
1323 1324 1322
1323 1325 1324
1326 1325 1323
1326 1327 1325
1328 1327 1326
1328 1329 1327
1330 1331 1328
1330 1332 1331
1333 1329 1334
1333 1334 1335
1336 1337 1338
1336 1338 1339
1340 1341 1342
1340 1342 1343
1344 1345 1346
1344 1347 1345
1348 1347 1344
1348 1349 1347
1350 1349 1348
1350 1351 1349
1352 1353 1354
1352 1354 1355
1356 1357 1358
1356 1358 1359
1359 1358 1360
1359 1360 1361
1361 1360 1362
1361 1362 1363
1364 1365 1366
1364 1366 1367
1368 1369 1367
1368 1370 1369
1371 1372 1373
1371 1373 1374
1375 1376 1374
1375 1374 1377
1378 1379 1380
1378 1381 1379
1379 1381 1382
1379 1382 1383
1384 1382 1381
1384 1385 1382
1386 1387 1382
1386 1382 1388
1386 1388 1389
1386 1389 1390
1390 1389 1391
1390 1391 1392
1393 1394 1395
1393 1395 1396
1397 1398 1393
1397 1399 1398
1400 1401 1402
1400 1402 1403
1404 1405 1406
1404 1406 1407
1408 1409 1410
1408 1410 1411
1412 1413 1408
1412 1414 1413
1415 1416 1410
1415 1410 1417
1415 1418 1419
1415 1419 1420
1421 1419 1422
1421 1423 1419
1423 1424 1425
1423 1425 1426
1427 1428 1429
1427 1429 1430
1430 1431 1432
1430 1432 1433
1434 1435 1436
1434 1436 1437
1438 1439 1440
1438 1440 1441
1442 1443 1444
1442 1444 1445
1446 1447 1448
1446 1448 1449
1450 1451 1452
1450 1452 1453
1454 1455 1456
1454 1456 1457
1458 1459 1460
1458 1460 1461
1462 1463 1464
1462 1464 1465
1466 1467 1468
1466 1468 1469
1470 1471 1472
1470 1473 1471
1474 1473 1470
1474 1475 1473
1474 1476 1475
1474 1477 1476
1478 1476 1477
1478 1479 1476
1480 1479 1478
1480 1478 1481
1482 1483 1484
1482 1485 1483
1485 1486 1487
1485 1487 1488
1489 1490 1491
1489 1491 1492
1491 1493 1494
1491 1494 1495
1496 1497 1498
1496 1498 1499
1500 1501 1498
1500 1502 1501
1503 1500 1504
1503 1504 1505
1505 1506 1507
1505 1507 1508
1496 1509 1510
1496 1510 1511
1510 1512 1513
1510 1513 1514
1515 1513 1516
1515 1516 1517
1518 1519 1520
1518 1520 1521
1522 1523 1518
1522 1524 1523
1524 1525 1526
1524 1526 1527
1528 1529 1521
1528 1521 1530
1531 1528 1532
1531 1532 1533
1534 1533 1535
1534 1535 1536
1537 1538 1536
1537 1536 1539
1540 1541 1542
1540 1542 1543
1544 1545 1546
1544 1546 1547
1548 1549 1550
1548 1550 1551
1552 1553 1554
1552 1554 1555
1556 1557 1558
1556 1558 1559
1560 1561 1562
1560 1562 1563
1564 1565 1566
1564 1566 1567
1568 1569 1570
1568 1570 1571
1572 1573 1574
1572 1574 1575
1576 1577 1578
1576 1578 1579
1580 1581 1582
1580 1582 1583
1584 1585 1580
1584 1580 1586
1582 1587 1588
1582 1588 1589
1590 1591 1592
1590 1592 1593
1594 1595 1596
1594 1596 1597
1598 1594 1597
1598 1597 1599
1597 1600 1601
1597 1601 1602
1603 1597 1602
1603 1602 1604
1594 1605 1606
1594 1607 1605
1608 1607 1594
1608 1594 1609
1610 1607 1611
1610 1612 1607
1612 1613 1607
1612 1614 1613
1615 1612 1616
1615 1617 1612
1617 1618 1612
1617 1619 1618
1620 1621 1622
1620 1622 1623
1624 1625 1623
1624 1623 1626
1627 1628 1629
1627 1629 1630
1631 1632 1633
1631 1633 1634
1635 1636 1637
1635 1637 1638
1639 1640 1641
1639 1641 1642
1642 1641 1643
1642 1643 1644
1645 1644 1643
1645 1643 1646
1645 1646 1647
1645 1647 1648
1648 1647 1649
1648 1649 1650
1651 1652 1653
1651 1653 1654
1655 1656 1657
1655 1657 1658
1659 1655 1660
1659 1660 1661
1662 1663 1664
1662 1664 1665
1666 1667 1668
1666 1668 1669
1670 1671 1672
1670 1672 1673
1673 1672 1674
1673 1674 1675
1675 1674 1676
1675 1676 1677
1677 1676 1678
1677 1678 1679
1679 1678 1680
1679 1680 1681
1681 1680 1682
1681 1682 1683
1683 1682 1684
1683 1684 1685
1684 1686 1685
1684 1687 1686
1686 1687 1688
1686 1688 1689
1689 1688 1690
1689 1690 1691
1692 1693 1694
1692 1694 1695
1696 1697 1698
1696 1698 1699
1700 1701 1702
1700 1702 1703
1704 1705 1702
1704 1706 1705
1707 1708 1709
1707 1709 1710
1711 1712 1713
1711 1713 1714
1715 1716 1717
1715 1717 1718
1719 1720 1721
1719 1721 1722
1723 1724 1725
1723 1725 1726
1727 1728 1729
1727 1729 1730
1731 1732 1733
1731 1733 1734
1735 1736 1737
1735 1737 1738
1739 1740 1741
1739 1741 1742
1743 1744 1745
1743 1745 1746
1747 1748 1749
1747 1749 1750
1751 1752 1753
1751 1753 1754
1755 1756 1757
1755 1757 1758
1759 1760 1761
1759 1761 1762
1763 1764 1761
1763 1765 1764
1766 1767 1768
1766 1768 1769
1770 1771 1772
1770 1772 1773
1774 1775 1776
1774 1776 1777
1778 1779 1780
1778 1780 1781
1782 1783 1784
1782 1784 1785
1786 1787 1788
1786 1788 1789
1790 1791 1792
1790 1792 1793
1794 1795 1796
1794 1796 1797
1798 1799 1800
1798 1800 1801
1802 1803 1804
1802 1804 1805
1806 1807 1808
1806 1808 1809
1810 1811 1812
1810 1812 1813
1814 1815 1816
1814 1816 1817
1818 1819 1820
1818 1820 1821
1822 1823 1824
1822 1824 1825
1826 1827 1825
1826 1828 1827
1829 1830 1831
1829 1831 1832
1833 1834 1835
1833 1835 1836
1837 1838 1839
1837 1839 1840
1841 1842 1843
1841 1843 1844
1845 1846 1847
1845 1847 1848
1849 1850 1851
1849 1851 1852
1853 1854 1855
1853 1855 1856
1857 1858 1859
1857 1859 1860
1861 1862 1863
1861 1863 1864
1865 1866 1867
1865 1867 1868
1869 1870 1871
1869 1871 1872
1873 1874 1875
1873 1875 1876
1877 1878 1879
1877 1879 1880
1881 1882 1883
1881 1883 1884
1885 1886 1887
1885 1887 1888
1889 1890 1891
1889 1891 1892
1893 1894 1895
1893 1895 1896
1897 1898 1899
1897 1899 1900
1901 1902 1900
1901 1900 1903
1904 1905 1906
1904 1906 1907
1908 1909 1910
1908 1910 1911
1912 1913 1914
1912 1914 1915
1916 1917 1918
1916 1918 1919
1920 1921 1922
1920 1922 1923
1924 1925 1926
1924 1926 1927
1928 1929 1930
1928 1930 1931
1932 1933 1934
1932 1934 1935
1936 1937 1938
1936 1938 1939
1940 1941 1942
1940 1942 1943
1944 1945 1946
1944 1946 1947
1948 1949 1950
1948 1950 1951
1952 1953 1954
1952 1954 1955
1956 1957 1958
1956 1958 1959
1960 1961 1962
1960 1962 1963
1964 1965 1966
1964 1966 1967
1968 1969 1970
1968 1970 1971
1972 1973 1974
1972 1974 1975
1976 1977 1978
1976 1978 1979
1980 1981 1982
1980 1982 1983
1984 1985 1986
1984 1986 1987
1988 1989 1990
1988 1991 1989
1992 1991 1993
1992 1993 1994
1995 1996 1997
1995 1997 1998
1999 2000 2001
1999 2001 2002
2003 2004 2005
2003 2005 2006
2007 2008 2009
2007 2009 2010
2011 2012 2013
2011 2013 2014
2015 2016 2017
2015 2017 2018
2019 2020 2021
2019 2021 2022
2023 2024 2025
2023 2025 2026
2027 2028 2029
2027 2029 2030
2031 2032 2033
2031 2033 2034
2035 2036 2037
2035 2037 2038
2039 2040 2041
2039 2041 2042
2043 2044 2045
2043 2045 2046
2047 2048 2049
2047 2049 2050
2051 2052 2053
2051 2053 2054
2055 2056 2057
2055 2057 2058
2059 2060 2061
2059 2061 2062
2063 2064 2065
2063 2065 2066
2067 2068 2069
2067 2069 2070
2071 2072 2073
2071 2073 2074
2075 2076 2077
2075 2077 2078
2079 2080 2081
2079 2081 2082
2083 2084 2085
2083 2085 2086
2087 2088 2089
2087 2089 2090
2091 2092 2093
2091 2093 2094
2095 2096 2097
2095 2097 2098
2099 2100 2101
2099 2101 2102
2103 2104 2105
2103 2105 2106
2107 2108 2109
2107 2109 2110
2111 2112 2113
2111 2113 2114
2115 2116 2117
2115 2117 2118
2119 2117 2120
2119 2120 2121
2122 2123 2124
2122 2124 2125
2126 2127 2128
2126 2128 2129
2130 2131 2132
2130 2132 2133
2134 2135 2136
2134 2136 2137
2138 2139 2140
2138 2140 2141
2142 2143 2144
2142 2144 2145
2146 2147 2148
2146 2148 2149
2150 2151 2152
2150 2152 2153
2154 2155 2156
2154 2156 2157
2158 2159 2160
2158 2160 2161
2162 2163 2164
2162 2164 2165
2166 2167 2168
2166 2168 2169
2170 2171 2172
2170 2172 2173
2174 2175 2176
2174 2176 2177
2178 2179 2180
2178 2180 2181
2182 2183 2184
2182 2184 2185
2186 2187 2188
2186 2188 2189
2190 2191 2192
2190 2192 2193
2194 2195 2196
2194 2196 2197
2198 2199 2200
2198 2200 2201
2202 2203 2204
2202 2204 2205
2206 2207 2208
2206 2208 2209
2210 2211 2212
2210 2212 2213
2214 2215 2216
2214 2216 2217
2218 2216 2219
2218 2219 2220
2221 2222 2219
2221 2219 2223
2221 2223 2224
2224 2223 2225
2225 2223 2226
2226 2223 2227
2228 2229 2223
2228 2230 2229
2231 2232 2233
2231 2233 2234
2235 2236 2237
2235 2237 2238
2239 2240 2241
2239 2241 2242
2243 2241 2244
2243 2244 2245
2246 2247 2248
2246 2248 2249
2250 2251 2252
2250 2252 2253
2254 2255 2256
2254 2256 2257
2258 2256 2259
2258 2259 2260
2261 2262 2263
2263 2262 2264
2264 2262 2265
2262 2266 2265
2262 2267 2266
2266 2267 2268
2262 2269 2270
2262 2270 2271
2272 2267 2273
2272 2273 2274
2275 2276 2273
2275 2273 2277
2278 2279 2280
2278 2280 2281
2282 2283 2284
2282 2285 2283
2285 2282 2286
2287 2285 2286
2287 2288 2285
2288 2287 2289
2290 2288 2289
2290 2291 2288
2292 2291 2290
2292 2293 2291
2292 2294 2293
2295 2296 2297
2295 2297 2298
2297 2299 2298
2299 2297 2300
2299 2300 2301
2300 2302 2301
2302 2300 2303
2302 2303 2304
2304 2303 2305
2304 2305 2306
2305 2307 2306
2308 2309 2310
2308 2310 2311
2312 2313 2314
2312 2315 2313
2316 2315 2312
2316 2317 2315
2318 2319 2320
2318 2320 2321
2321 2320 2322
2321 2322 2323
2323 2322 2324
2323 2324 2325
2325 2324 2326
2325 2326 2327
2327 2326 2328
2327 2328 2329
2329 2328 2330
2329 2330 2331
2332 2333 2334
2332 2334 2335
2336 2337 2338
2336 2338 2339
2340 2341 2342
2340 2342 2343
2344 2345 2346
2344 2346 2347
2348 2349 2350
2348 2350 2351
2352 2353 2354
2352 2354 2355
2356 2357 2358
2356 2358 2359
2360 2361 2362
2360 2362 2363
2364 2365 2366
2364 2366 2367
2368 2369 2370
2368 2370 2371
2372 2373 2374
2372 2374 2375
2376 2377 2378
2376 2378 2379
2380 2381 2382
2380 2382 2383
2384 2385 2386
2384 2386 2387
2388 2389 2390
2388 2391 2389
2389 2391 2392
2389 2392 2393
2393 2392 2394
2395 2389 2393
2396 2389 2395
2396 2395 2397
2398 2392 2391
2399 2398 2391
2399 2391 2400
2401 2394 2392
2398 2401 2392
2395 2393 2402
2393 2394 2403
2402 2393 2403
2404 2395 2402
2405 2395 2404
2405 2404 2406
2407 2401 2398
2408 2407 2398
2408 2398 2409
2401 2410 2394
2407 2411 2401
2411 2410 2401
2402 2403 2412
2404 2402 2413
2413 2402 2412
2414 2403 2394
2415 2412 2403
2415 2403 2414
2414 2416 2415
2414 2417 2416
2414 2394 2418
2418 2419 2414
2418 2420 2419
2421 2418 2394
2421 2394 2410
2421 2422 2418
2421 2423 2422
2424 2412 2415
2425 2424 2415
2425 2426 2424
2427 2421 2410
2427 2428 2421
2427 2429 2428
2427 2410 2430
2411 2430 2410
2424 2431 2412
2413 2412 2431
2432 2427 2430
2432 2433 2427
2432 2434 2433
2435 2430 2411
2432 2430 2436
2435 2436 2430
2437 2435 2411
2437 2411 2407
2438 2437 2407
2438 2407 2439
2440 2432 2436
2440 2441 2432
2440 2442 2441
2443 2435 2437
2444 2443 2437
2444 2437 2445
2446 2436 2435
2443 2446 2435
2440 2436 2447
2446 2447 2436
2448 2440 2447
2448 2449 2440
2448 2450 2449
2451 2446 2443
2452 2451 2443
2452 2443 2453
2454 2447 2446
2451 2454 2446
2448 2447 2455
2454 2455 2447
2456 2448 2455
2456 2457 2448
2456 2458 2457
2456 2455 2459
2460 2459 2455
2460 2455 2454
2461 2460 2454
2461 2454 2451
2462 2461 2451
2462 2451 2463
2404 2464 2465
2404 2466 2464
2466 2404 2413
2466 2413 2467
2467 2413 2431
2468 2466 2467
2469 2466 2468
2469 2468 2470
2467 2431 2471
2468 2467 2472
2472 2467 2471
2473 2471 2431
2473 2431 2424
2424 2474 2473
2424 2475 2474
2476 2468 2472
2477 2468 2476
2477 2476 2478
2476 2472 2479
2479 2472 2480
2472 2471 2480
2479 2480 2481
2482 2481 2480
2483 2480 2471
2482 2480 2483
2483 2471 2473
2483 2484 2482
2483 2485 2484
2473 2486 2483
2473 2487 2486
2488 2489 2490
2488 2490 2491
2491 2490 2492
2491 2492 2493
2494 2491 2493
2494 2495 2491
2496 2492 2490
2496 2490 2497
2497 2490 2498
2497 2498 2499
2493 2492 2500
2501 2492 2496
2501 2500 2492
2502 2496 2497
2503 2501 2496
2503 2496 2502
2502 2497 2504
2504 2497 2505
2504 2505 2506
2504 2507 2502
2502 2508 2503
2502 2507 2508
2504 2509 2507
2510 2509 2504
2510 2511 2509
2512 2501 2503
2513 2500 2501
2512 2513 2501
2503 2508 2514
2503 2514 2512
2515 2513 2512
2515 2516 2513
2512 2514 2517
2512 2517 2518
2513 2519 2500
2520 2519 2513
2520 2521 2519
2522 2500 2519
2493 2500 2522
2493 2522 2523
2493 2523 2524
2522 2519 2525
2525 2526 2522
2525 2527 2526
2525 2519 2528
2525 2528 2529
2530 2531 2532
2530 2532 2509
2509 2532 2533
2509 2533 2507
2507 2533 2534
2507 2534 2508
2508 2534 2535
2508 2535 2514
2514 2535 2536
2514 2536 2537
2538 2536 2535
2538 2535 2539
2539 2535 2534
2539 2534 2540
2533 2540 2534
2533 2541 2540
2532 2541 2533
2532 2542 2541
2543 2542 2532
2543 2544 2542
2545 2546 2547
2546 2545 2548
2546 2549 2550
2549 2551 2550
2549 2552 2551
2553 2551 2552
2553 2552 2554
2555 2553 2554
2555 2554 2556
2557 2555 2556
2557 2556 2558
2559 2557 2558
2559 2558 2560
2561 2552 2549
2554 2552 2562
2561 2562 2552
2546 2563 2549
2549 2564 2561
2549 2563 2564
2565 2562 2561
2561 2566 2565
2561 2564 2566
2565 2567 2562
2568 2566 2564
2569 2562 2567
2554 2562 2569
2569 2567 2570
2571 2564 2563
2568 2564 2571
2572 2563 2546
2571 2563 2572
2569 2573 2554
2554 2573 2556
2574 2569 2570
2569 2574 2573
2574 2570 2575
2576 2574 2575
2577 2573 2574
2576 2577 2574
2556 2573 2577
2578 2577 2576
2556 2577 2579
2578 2579 2577
2579 2578 2580
2579 2580 2581
2556 2579 2558
2558 2579 2582
2558 2582 2583
285 2584 2585
285 2585 2586
2586 291 285
2586 2587 291
291 2587 2588
291 2588 2589
292 291 2589
2589 2590 292
2590 2591 292
2590 2592 2591
2589 2593 2590
2594 2593 2589
2594 2589 2588
2588 2595 2594
2595 2588 2587
2595 2587 2596
2596 2587 2586
2597 2595 2596
2597 2596 2598
2599 2598 2596
2596 2586 2599
2599 2600 2598
2601 2599 2586
2601 2586 2602
2603 2604 2590
2603 2590 2605
2599 2606 2607
2599 2607 2608
2609 2610 2605
2609 2611 2610
2609 2612 2613
2609 2614 2612
2615 2614 299
2615 299 2616
2617 2618 2619
2617 2619 2620
2621 2622 2623
2621 2623 2624
2625 2626 2627
2625 2627 2628
2629 2630 2631
2629 2631 2632
2633 2634 2635
2633 2635 2636
2637 2638 2639
2637 2639 2640
2641 2642 2643
2641 2644 2642
2645 2644 2641
2645 2646 2644
2647 2646 2645
2647 2648 2646
2649 2648 2647
2649 2650 2648
2651 2650 2649
2651 2652 2650
2653 2652 2651
2653 2654 2652
2653 2655 2654
2656 2645 2641
2657 2647 2645
2657 2645 2656
2658 2649 2647
2658 2647 2657
2659 2651 2649
2659 2649 2658
2660 2653 2651
2660 2651 2659
2653 2661 2655
2660 2661 2653
2655 2661 2662
2655 2662 2663
2656 2641 2664
2664 2641 2665
2664 2665 2666
2656 2664 2667
2668 2667 2664
2668 2669 2667
2667 2670 2656
2667 2671 2670
2671 2667 2672
2671 2672 2673
2674 2656 2670
2674 2657 2656
2675 2657 2674
2675 2658 2657
2676 2658 2675
2676 2659 2658
2677 2659 2676
2677 2660 2659
2678 2670 2671
2679 2674 2670
2679 2670 2678
2680 2675 2674
2680 2674 2679
2681 2676 2675
2681 2675 2680
2682 2677 2676
2682 2676 2681
2660 2677 2683
2682 2683 2677
2684 2680 2679
2684 2681 2680
2678 2671 2685
2685 2671 2686
2685 2686 2687
2688 2679 2678
2684 2679 2688
2689 2685 2687
2689 2687 2690
2691 2689 2690
2692 2678 2685
2692 2685 2689
2688 2678 2692
2691 2693 2689
2693 2692 2689
2693 2691 2694
2695 2688 2692
2693 2695 2692
2693 2694 2696
2695 2693 2696
2697 2696 2694
2697 2698 2696
2699 2684 2688
2695 2699 2688
2699 2700 2684
2695 2696 2701
2701 2696 2698
2702 2699 2695
2702 2695 2701
2699 2702 2700
2702 2701 2703
2701 2698 2703
2700 2704 2684
2684 2704 2681
2702 2703 2705
2705 2700 2702
2706 2681 2704
2706 2682 2681
2706 2707 2682
2682 2707 2683
2683 2707 2708
2683 2708 2709
2710 2706 2704
2706 2711 2707
2710 2711 2706
2707 2711 2712
2707 2712 2713
2700 2714 2704
2710 2704 2714
2710 2715 2711
2711 2715 2716
2711 2716 2717
2718 2710 2714
2715 2710 2718
2719 2714 2700
2718 2714 2719
2715 2718 2720
2720 2721 2715
2719 2700 2722
2705 2722 2700
2719 2723 2718
2723 2720 2718
2722 2724 2719
2719 2724 2723
2705 2725 2722
2722 2725 2724
2726 2723 2724
2725 2726 2724
2705 2727 2725
2703 2727 2705
2725 2728 2726
2727 2728 2725
2723 2729 2720
2720 2729 2730
2720 2730 2731
2726 2732 2723
2732 2729 2723
2703 2733 2727
2734 2733 2703
2734 2703 2698
2735 2734 2698
2735 2698 2736
2727 2733 2737
2738 2733 2734
2738 2737 2733
2739 2738 2734
2739 2734 2740
2727 2737 2741
2727 2741 2728
2742 2737 2738
2742 2738 2743
2742 2743 2744
2741 2737 2745
2742 2745 2737
2746 2728 2741
2741 2745 2746
2746 2747 2728
2747 2726 2728
2747 2748 2726
2748 2732 2726
2749 2745 2742
2750 2749 2742
2750 2742 2751
2746 2745 2752
2749 2752 2745
2753 2747 2746
2746 2752 2753
2754 2748 2747
2753 2754 2747
2748 2755 2732
2754 2756 2748
2756 2755 2748
2755 2757 2732
2732 2757 2729
2729 2757 2758
2729 2758 2759
2760 2752 2749
2761 2760 2749
2761 2749 2762
2763 2753 2752
2760 2763 2752
2764 2754 2753
2763 2764 2753
2765 2763 2760
2765 2764 2763
2765 2760 2766
2767 2766 2760
2767 2760 2768
2765 2769 2764
2764 2770 2754
2769 2770 2764
2769 2771 2770
2770 2756 2754
2771 2772 2770
2770 2772 2756
2771 2773 2772
2772 2774 2756
2756 2774 2755
2773 2775 2772
2772 2775 2774
2773 2776 2775
2774 2777 2755
2755 2777 2757
2757 2777 2778
2757 2778 2779
2776 2780 2775
2776 2781 2780
2780 2781 2782
2780 2782 2783
2775 2784 2774
2775 2780 2784
2774 2784 2777
2784 2780 2785
2784 2785 2786
2777 2784 2787
2777 2787 2788
2789 2790 2791
2789 2791 2792
2793 2789 2792
2793 2792 2794
2794 2795 2793
2794 2796 2795
2796 2797 2795
2796 2798 2797
2798 2799 2797
2798 2800 2799
2661 2801 2802
2661 2803 2801
2660 2803 2661
2660 2683 2803
2803 2683 2804
2803 2804 2805
2806 2807 2808
2806 2808 2809
2810 2811 2808
2810 2808 2812
2813 2814 2808
2813 2546 2814
2813 2808 2815
2572 2546 2813
2813 2815 2816
2572 2813 2816
2572 2816 2817
2571 2572 2817
2571 2817 2818
2568 2571 2818
2568 2818 2819
2820 2818 2817
2816 2820 2817
2821 2819 2818
2820 2821 2818
2821 2822 2819
2816 2823 2820
2820 2823 2824
2820 2824 2825
2821 2820 2825
2826 2825 2824
2822 2821 2827
2821 2825 2827
2822 2827 2828
2826 2829 2825
2829 2827 2825
2830 2829 2826
2831 2828 2827
2829 2831 2827
2831 2832 2828
2830 2833 2829
2834 2833 2830
2835 2832 2831
2835 2836 2832
2837 2836 2835
2831 2829 2838
2831 2838 2835
2829 2833 2838
2837 2835 2839
2839 2835 2838
2833 2839 2838
2840 2837 2839
2840 2839 2841
2833 2841 2839
2841 2842 2840
2841 2843 2842
2834 2844 2833
2833 2844 2841
2845 2844 2834
2845 2846 2844
2844 2847 2841
2844 2848 2847
2849 2850 2816
2816 2851 2849
2852 2853 2854
2852 2854 2855
2856 2857 2858
2856 2858 2859
2860 2861 2862
2860 2862 2863
2864 2865 2866
2864 2866 2867
2868 2869 2870
2868 2870 2871
2872 2873 2874
2872 2874 2875
2876 2877 2878
2876 2878 2879
2880 2876 2879
2880 2879 2881
2882 2880 2881
2882 2881 2883
2884 2882 2883
2884 2883 2885
2886 2884 2885
2886 2885 2887
2888 2886 2887
2888 2887 2889
2888 2889 2890
2891 2876 2880
2892 2880 2882
2892 2891 2880
2893 2882 2884
2893 2892 2882
2894 2884 2886
2894 2893 2884
2895 2886 2888
2895 2894 2886
2888 2890 2896
2895 2888 2896
2890 2897 2896
2890 2898 2897
2891 2899 2876
2899 2900 2876
2899 2901 2900
2891 2902 2899
2903 2899 2902
2903 2902 2904
2902 2891 2905
2902 2905 2906
2906 2907 2902
2906 2908 2907
2909 2905 2891
2909 2891 2892
2910 2909 2892
2910 2892 2893
2911 2910 2893
2911 2893 2894
2912 2911 2894
2912 2894 2895
2913 2906 2905
2914 2905 2909
2914 2913 2905
2915 2909 2910
2915 2914 2909
2916 2910 2911
2916 2915 2910
2917 2911 2912
2917 2916 2911
2895 2918 2912
2917 2912 2918
2919 2914 2915
2919 2915 2916
2913 2920 2906
2920 2921 2906
2920 2922 2921
2923 2913 2914
2919 2923 2914
2924 2922 2920
2924 2925 2922
2926 2925 2924
2927 2920 2913
2927 2924 2920
2923 2927 2913
2926 2924 2928
2928 2924 2927
2928 2929 2926
2930 2927 2923
2928 2927 2930
2928 2931 2929
2930 2931 2928
2932 2929 2931
2932 2931 2933
2934 2923 2919
2930 2923 2934
2934 2919 2935
2930 2936 2931
2936 2933 2931
2937 2930 2934
2937 2936 2930
2934 2935 2937
2937 2938 2936
2936 2938 2933
2935 2919 2939
2919 2916 2939
2937 2940 2938
2940 2937 2935
2941 2939 2916
2941 2916 2917
2941 2917 2942
2917 2918 2942
2918 2943 2942
2918 2944 2943
2945 2939 2941
2941 2942 2946
2945 2941 2946
2942 2947 2946
2942 2948 2947
2935 2939 2949
2945 2949 2939
2945 2946 2950
2946 2951 2950
2946 2952 2951
2953 2949 2945
2950 2953 2945
2954 2935 2949
2953 2954 2949
2950 2955 2953
2955 2950 2956
2954 2957 2935
2940 2935 2957
2954 2953 2958
2958 2953 2955
2957 2954 2959
2954 2958 2959
2940 2957 2960
2957 2959 2960
2961 2959 2958
2960 2959 2961
2940 2960 2962
2938 2940 2962
2960 2961 2963
2962 2960 2963
2958 2955 2964
2955 2965 2964
2955 2966 2965
2961 2958 2967
2967 2958 2964
2938 2962 2968
2969 2938 2968
2969 2933 2938
2970 2933 2969
2970 2971 2933
2962 2972 2968
2973 2969 2968
2973 2968 2972
2974 2969 2973
2974 2975 2969
2962 2976 2972
2962 2963 2976
2977 2973 2972
2977 2978 2973
2977 2979 2978
2976 2980 2972
2977 2972 2980
2981 2976 2963
2976 2981 2980
2981 2963 2982
2982 2963 2961
2982 2961 2983
2983 2961 2967
2984 2977 2980
2985 2977 2984
2985 2986 2977
2981 2987 2980
2984 2980 2987
2988 2981 2982
2981 2988 2987
2989 2982 2983
2988 2982 2989
2983 2967 2990
2989 2983 2991
2991 2983 2990
2990 2967 2992
2967 2964 2992
2964 2993 2992
2964 2994 2993
2995 2984 2987
2996 2984 2995
2996 2997 2984
2998 2987 2988
2995 2987 2998
2999 2988 2989
2998 2988 2999
3000 2995 2998
3000 2998 2999
3000 3001 2995
3002 2995 3001
3002 3003 2995
3000 2999 3004
2999 2989 3005
3004 2999 3005
3004 3005 3006
3005 2989 2991
3006 3005 3007
3005 2991 3007
3006 3007 3008
3007 2991 3009
2991 2990 3009
3008 3007 3010
3007 3009 3010
3008 3010 3011
3009 2990 3012
2990 2992 3012
2992 3013 3012
2992 3014 3013
3011 3010 3015
3011 3015 3016
3015 3017 3016
3015 3018 3017
3010 3009 3019
3010 3019 3015
3009 3012 3019
3019 3020 3015
3019 3021 3020
3012 3022 3019
3012 3023 3022
3024 3025 3026
3024 3027 3025
3028 3027 3024
3028 3029 3027
3029 3028 3030
3029 3030 3031
3031 3030 3032
3031 3032 3033
3033 3032 3034
3033 3034 3035
2896 3036 3037
2896 3037 3038
2895 2896 3038
2895 3038 2918
3038 3039 2918
3038 3040 3039
3041 3042 3043
3041 3043 3044
3045 3046 3047
3045 3047 3048
3049 3050 3051
3049 3051 3052
3053 3054 3055
3053 3055 3056
3057 3058 3059
3057 3059 3060
3061 3062 3063
3061 3063 3064
3065 3066 3067
3065 3067 3068
3069 3070 3071
3069 3071 3072
3073 3074 3075
3073 3075 3076
3077 3078 3079
3077 3079 3080
3081 3082 3083
3081 3083 3084
3085 3086 3087
3085 3087 3088
3089 3090 3091
3089 3091 3092
3093 3094 3095
3093 3095 3096
3097 3098 3099
3097 3099 3100
3101 3102 3103
3101 3103 3104
3105 3106 3107
3105 3107 3108
3109 3110 3111
3109 3111 3112
3113 3114 3115
3113 3115 3116
3117 3118 3119
3117 3119 3120
3121 3122 3123
3121 3123 3124
3125 3126 3127
3125 3127 3128
3129 3125 3128
3129 3128 3130
3129 3130 3131
3129 3131 3132
3133 3132 3131
3133 3131 3134
3135 3133 3134
3135 3136 3133
3137 3138 3139
3137 3139 3140
3140 3141 3142
3140 3142 3143
3144 3145 3146
3144 3146 3147
3146 3148 3149
3146 3149 3150
3151 3152 3153
3151 3153 3154
3155 3153 3156
3155 3156 3157
3158 3159 3155
3158 3160 3159
3160 3161 3162
3160 3162 3163
3151 3164 3165
3151 3165 3166
3165 3167 3168
3165 3168 3169
3170 3171 3168
3170 3172 3171
3173 3174 3175
3173 3176 3174
3177 3173 3178
3177 3178 3179
3179 3180 3181
3179 3181 3182
3183 3184 3176
3183 3176 3185
3186 3187 3183
3186 3188 3187
3189 3190 3188
3189 3191 3190
3192 3193 3191
3192 3191 3194
3195 3196 3197
3195 3197 3198
3199 3200 3201
3199 3201 3202
3203 3204 3205
3203 3205 3206
3207 3208 3209
3207 3209 3210
3211 3212 3213
3211 3213 3214
3215 3216 3217
3215 3217 3218
3219 3220 3221
3219 3221 3222
3223 3224 3225
3223 3225 3226
3227 3228 3229
3227 3229 3230
3231 3232 3233
3231 3233 3234
3235 3236 3237
3235 3237 3238
3239 3240 3235
3239 3235 3241
3237 3242 3243
3237 3243 3244
3245 3246 3247
3245 3247 3248
3249 3250 3251
3249 3251 3252
3253 3254 3255
3253 3255 3256
3257 3258 3259
3257 3259 3260
3261 3259 3262
3261 3262 3263
3264 3265 3266
3264 3266 3267
3268 3269 3270
3268 3270 3271
3272 3273 3274
3272 3274 3275
3276 3277 3278
3276 3278 3279
3280 3281 3282
3280 3282 3283
3284 3285 3286
3284 3286 3287
3288 3289 3290
3288 3290 3291
3292 3293 3294
3292 3294 3295
3296 3297 3298
3296 3298 3299
3300 3301 3302
3300 3302 3303
3304 3305 3306
3304 3306 3307
3308 3309 3310
3308 3310 3311
3312 3313 3314
3312 3314 3315
3316 3317 3318
3316 3318 3319
3320 3318 3321
3320 3321 3322
3323 3324 3325
3323 3325 3326
3327 3328 3329
3327 3329 3330
3331 3332 3333
3331 3333 3334
3335 3336 3337
3335 3337 3338
3339 3340 3341
3339 3341 3342
3343 3344 3345
3343 3345 3346
3347 3348 3349
3347 3349 3350
3351 3352 3353
3351 3353 3354
3355 3356 3357
3355 3357 3358
3359 3360 3361
3359 3361 3362
3363 3364 3365
3363 3365 3366
3367 3368 3369
3367 3369 3370
3371 3372 3373
3371 3373 3374
3375 3376 3377
3375 3377 3378
3379 3380 3381
3379 3382 3380
3383 3382 3384
3383 3384 3385
3386 3387 3388
3386 3388 3389
3390 3391 3392
3390 3392 3393
3394 3395 3396
3394 3396 3397
3398 3399 3400
3398 3400 3401
3402 3403 3404
3402 3404 3405
3406 3407 3408
3406 3408 3409
3410 3411 3412
3410 3412 3413
3414 3415 3416
3414 3416 3417
3418 3419 3420
3418 3420 3421
3422 3423 3424
3422 3424 3425
3426 3427 3428
3426 3428 3429
3430 3431 3432
3430 3432 3433
3434 3435 3436
3434 3436 3437
3438 3439 3440
3438 3440 3441
3442 3443 3444
3442 3444 3445
3446 3447 3448
3446 3448 3449
3450 3451 3452
3450 3452 3453
3454 3455 3456
3454 3457 3455
3458 3459 3457
3458 3457 3460
3461 3462 3463
3461 3463 3464
3465 3466 3467
3465 3467 3468
3469 3470 3471
3469 3471 3472
3473 3474 3475
3473 3475 3476
3477 3478 3479
3477 3479 3480
3481 3482 3483
3481 3483 3484
3485 3486 3487
3485 3487 3488
3489 3490 3491
3489 3491 3492
3493 3494 3495
3493 3495 3496
3497 3498 3499
3497 3499 3500
3501 3502 3503
3501 3503 3504
3505 3506 3507
3505 3507 3508
3509 3510 3511
3509 3511 3512
3513 3514 3515
3513 3515 3516
3517 3518 3519
3517 3519 3520
3521 3522 3523
3521 3523 3524
3525 3526 3527
3525 3527 3528
3529 3530 3531
3529 3531 3532
3533 3534 3535
3533 3535 3536
3537 3538 3539
3537 3539 3540
3541 3542 3543
3541 3543 3544
3545 3546 3547
3545 3547 3548
3549 3550 3548
3549 3551 3550
3552 3553 3554
3552 3554 3555
3556 3557 3558
3556 3558 3559
3560 3561 3562
3560 3562 3563
3564 3565 3566
3564 3566 3567
3568 3569 3570
3568 3570 3571
3572 3573 3574
3572 3574 3575
3576 3577 3578
3576 3578 3579
3580 3581 3582
3580 3582 3583
3584 3585 3586
3584 3586 3587
3588 3589 3590
3588 3590 3591
3592 3593 3594
3592 3594 3595
3596 3597 3598
3596 3598 3599
3600 3601 3602
3600 3602 3603
3604 3605 3606
3604 3606 3607
3608 3609 3610
3608 3610 3611
3612 3613 3614
3612 3614 3615
3616 3617 3618
3616 3618 3619
3620 3621 3622
3620 3622 3623
3624 3625 3626
3624 3626 3627
3628 3629 3630
3628 3630 3631
3632 3633 3634
3632 3634 3635
3636 3637 3638
3636 3638 3639
3640 3641 3642
3640 3642 3643
3644 3645 3646
3644 3646 3647
3648 3649 3650
3648 3650 3651
3652 3653 3654
3652 3654 3655
3656 3657 3658
3656 3658 3659
3660 3661 3662
3660 3662 3663
3664 3665 3666
3664 3666 3667
3668 3669 3670
3668 3670 3671
3672 3673 3674
3672 3674 3675
3676 3677 3674
3676 3678 3677
3679 3680 3681
3679 3681 3682
3683 3684 3685
3683 3685 3686
3687 3688 3689
3687 3689 3690
3691 3692 3693
3691 3693 3694
3695 3696 3697
3695 3697 3698
3699 3700 3701
3699 3701 3702
3703 3704 3705
3703 3705 3706
3707 3708 3709
3707 3709 3710
3711 3712 3713
3711 3713 3714
3715 3716 3717
3715 3717 3718
3719 3720 3721
3719 3721 3722
3723 3724 3725
3723 3725 3726
3727 3728 3729
3727 3729 3730
3731 3732 3733
3731 3733 3734
3735 3736 3737
3735 3737 3738
3739 3740 3741
3739 3741 3742
3743 3744 3745
3743 3745 3746
3747 3748 3749
3747 3749 3750
3751 3752 3753
3751 3753 3754
3755 3756 3757
3755 3757 3758
3759 3760 3761
3759 3761 3762
3763 3764 3765
3763 3765 3766
3767 3768 3769
3767 3769 3770
3771 3772 3773
3771 3773 3774
3774 3775 3771
3774 3776 3775
3771 3777 3778
3771 3778 3779
3779 3780 3771
3779 3781 3780
3774 3782 3783
3774 3783 3784
3784 3785 3774
3784 3786 3785
3779 3787 3788
3779 3788 3789
3789 3790 3779
3789 3791 3790
3789 3792 3793
3789 3793 3794
3794 3795 3789
3794 3796 3795
3794 3797 3798
3794 3798 3799
3799 3800 3794
3799 3801 3800
3799 3802 3803
3799 3803 3804
3804 3805 3799
3804 3806 3805
3804 3807 3808
3804 3808 3809
3809 3810 3804
3809 3811 3810
3812 3813 3814
3812 3815 3813
3812 3816 3815
3812 3817 3816
3817 3818 3816
3819 3817 3812
3820 3819 3812
3820 3821 3819
3819 3822 3817
3822 3818 3817
3821 3823 3819
3823 3822 3819
3821 3824 3823
3823 3825 3822
3825 3818 3822
3826 3825 3823
3827 3826 3823
3827 3828 3826
3826 3829 3825
3829 3818 3825
3830 3829 3826
3831 3830 3826
3831 3832 3830
3830 3833 3829
3833 3818 3829
3834 3833 3830
3835 3834 3830
3835 3836 3834
3837 3818 3833
3834 3837 3833
3838 3818 3837
3816 3818 3838
3815 3816 3838
3839 3837 3834
3839 3838 3837
3815 3838 3839
3840 3839 3834
3840 3841 3839
3842 3815 3839
3842 3843 3815
3844 3845 3846
3844 3847 3845
3847 3848 3845
3847 3849 3848
3844 3850 3847
3847 3851 3849
3847 3850 3851
3850 3852 3851
3844 3853 3850
3853 3852 3850
3854 3853 3844
3855 3854 3844
3855 3856 3854
3854 3857 3853
3857 3852 3853
3858 3857 3854
3858 3854 3859
3858 3859 3860
3858 3861 3857
3861 3852 3857
3862 3861 3858
3862 3858 3863
3862 3863 3864
3862 3865 3861
3865 3852 3861
3866 3865 3862
3866 3862 3867
3866 3867 3868
3869 3852 3865
3866 3869 3865
3870 3852 3869
3851 3852 3870
3849 3851 3870
3871 3869 3866
3871 3870 3869
3849 3870 3871
3871 3866 3872
3871 3872 3873
3849 3871 3874
3849 3874 3875
3876 3877 3878
3876 3878 3879
3880 3881 3882
3880 3882 3883
3884 3885 3886
3884 3886 3887
3884 3887 3888
3884 3888 3889
3889 3890 3891
3889 3891 3892
3893 3894 3892
3893 3892 3895
3896 3897 3898
3896 3899 3897
3899 3900 3901
3899 3901 3902
3902 3903 3904
3902 3904 3905
3904 3906 3905
3904 3907 3906
3908 3909 3910
3908 3910 3911
3911 3910 3912
3911 3912 3913
3913 3912 3914
3913 3914 3915
3914 3916 3915
3914 3917 3916
3918 3919 3920
3918 3920 3921
3922 3918 3921
3922 3921 3923
3918 3922 3924
3918 3924 3925
3926 3922 3923
3926 3923 3927
3926 3928 3922
3926 3929 3928
3926 3927 3930
3926 3930 3931
3931 3932 3926
3931 3933 3932
3931 3930 3934
3931 3934 3935
3935 3934 3936
3931 3935 3937
3931 3937 3938
3935 3936 3939
3939 3940 3935
3939 3941 3940
3942 3939 3936
3942 3943 3939
3943 3942 3944
3939 3943 3945
3939 3945 3946
3943 3944 3947
3947 3948 3943
3947 3949 3948
3950 3947 3944
3950 3944 3951
3947 3950 3952
3947 3952 3953
3951 3954 3950
3954 3955 3950
3954 3956 3955
3951 3957 3954
3958 3954 3957
3958 3957 3959
3954 3958 3960
3954 3960 3961
3962 3958 3959
3962 3963 3958
3962 3964 3963
3962 3959 3965
3966 3962 3965
3966 3965 3967
3966 3967 3968
3962 3966 3969
3962 3969 3970
3966 3968 3971
3971 3968 3972
3966 3971 3973
3966 3973 3974
3971 3972 3975
3975 3976 3971
3975 3977 3976
3975 3972 3978
3975 3978 3979
3980 3981 3975
3980 3982 3981
3983 3984 3985
3983 3985 3986
3987 3983 3986
3987 3986 3988
3989 3987 3988
3989 3988 3990
3988 3986 3991
3991 3986 3992
3991 3992 3993
3988 3991 3994
3995 3988 3994
3995 3994 3996
3994 3991 3997
3997 3991 3998
3997 3998 3999
3994 3997 4000
4001 3994 4000
4001 4000 4002
4000 3997 4003
4004 4003 3997
4004 4005 4003
4000 4003 4006
4007 4000 4006
4007 4006 4008
4009 4010 4011
4009 4011 4012
4012 4011 4013
4012 4013 4014
4014 4013 4015
4014 4015 4016
4011 4017 4013
4013 4017 4018
4013 4018 4019
4011 4020 4017
4021 4020 4011
4021 4022 4020
4020 4023 4017
4017 4023 4024
4017 4024 4025
4020 4026 4023
4026 4020 4027
4026 4027 4028
4026 4029 4023
4023 4029 4030
4023 4030 4031
4026 4032 4029
4032 4026 4033
4032 4033 4034
4032 4035 4029
4029 4035 4036
4029 4036 4037
4032 4038 4035
4039 4038 4032
4039 4040 4038
4041 4035 4038
4042 4041 4038
4042 4043 4041
4041 4044 4035
4044 4045 4035
4044 4046 4045
4044 4041 3983
4047 3983 4041
4047 4048 3983
4044 3983 3987
4049 4044 3987
4049 3987 4050
4051 4052 4053
4051 4053 4054
4055 4051 4054
4055 4054 4056
4057 4054 4053
4056 4054 4057
4058 4055 4056
4058 4059 4055
4059 4058 4060
4059 4060 4061
4062 4058 4056
4062 4056 4057
4058 4063 4060
4058 4062 4063
4057 4053 4064
4053 4065 4064
4066 4065 4053
4066 4067 4065
4068 4062 4057
4062 4069 4063
4062 4068 4069
4070 4057 4064
4068 4057 4070
4060 4063 4071
4063 4069 4072
4063 4072 4071
4068 4073 4069
4070 4074 4068
4068 4074 4073
4069 4075 4072
4069 4073 4075
4070 4064 4076
4070 4077 4074
4076 4077 4070
4073 4074 4078
4075 4073 4079
4073 4078 4079
4074 4077 4080
4074 4080 4078
4072 4075 4081
4071 4072 4082
4072 4081 4082
4075 4079 4083
4081 4075 4083
4084 4079 4078
4085 4078 4080
4084 4078 4085
4086 4083 4079
4086 4079 4084
4087 4084 4085
4087 4088 4084
4088 4086 4084
4088 4089 4086
4090 4083 4086
4091 4090 4086
4091 4092 4090
4081 4083 4093
4090 4093 4083
4094 4081 4093
4082 4081 4094
4095 4093 4090
4096 4095 4090
4096 4097 4095
4095 4098 4093
4094 4093 4098
4099 4098 4095
4100 4099 4095
4100 4101 4099
4099 4102 4098
4103 4094 4098
4103 4098 4102
4104 4102 4099
4105 4104 4099
4105 4106 4104
4094 4103 4107
4108 4103 4102
4107 4103 4108
4104 4109 4102
4108 4102 4109
4094 4107 4110
4107 4111 4110
4082 4094 4110
4082 4110 4111
4112 4109 4104
4113 4112 4104
4113 4114 4112
4112 4115 4109
4116 4109 4115
4116 4108 4109
4117 4108 4116
4107 4108 4117
4117 4116 4118
4117 4119 4107
4107 4119 4111
4120 4117 4118
4117 4120 4119
4120 4118 4121
4120 4121 4122
4121 4123 4122
4122 4123 4124
4122 4124 4125
4126 4120 4122
4127 4126 4122
4127 4122 4128
4120 4126 4129
4120 4129 4119
4126 4130 4129
4126 4131 4130
4129 4132 4119
4133 4132 4129
4133 4134 4132
4119 4132 4135
4135 4132 4136
4135 4136 4137
4111 4119 4135
4138 4111 4135
4138 4135 4139
4138 4139 4140
4111 4138 4141
4142 4141 4138
4142 4143 4141
4111 4141 4144
4082 4111 4144
4071 4082 4144
4141 4145 4144
4146 4145 4141
4146 4147 4145
4144 4145 4148
4071 4144 4148
4148 4145 4149
4148 4149 4150
4151 4148 4150
4152 4071 4148
4151 4152 4148
4060 4071 4152
4060 4152 4151
4060 4151 4153
4060 4154 4155
4154 4060 4156
4157 4158 4159
4157 4159 4160
4160 4161 4157
4160 4162 4161
4163 4162 4160
4163 4164 4162
4160 4165 4163
4160 4166 4165
4167 4164 4163
4167 4168 4164
4167 4163 4169
4167 4169 4170
4171 4168 4167
4171 4167 4172
4172 4167 4173
4172 4173 4174
4172 4175 4171
4172 4176 4175
4177 4176 4172
4177 4178 4176
4179 4175 4176
4179 4180 4175
4181 4179 4176
4181 4176 4182
4180 4179 4183
4180 4183 4184
4183 4185 4184
4179 4186 4183
4179 4187 4186
4183 4188 4185
4188 4189 4185
4183 4190 4188
4183 4191 4190
4188 4192 4189
4192 4188 4193
4192 4193 4194
4192 4195 4189
4192 4196 4195
4196 4192 4197
4196 4197 4198
4199 4200 4201
4199 3918 4200
4202 4203 4204
4202 4204 4205
4204 4206 4205
4204 4207 4206
4208 4207 4204
4209 4208 4204
4209 4210 4208
4211 4206 4207
4211 4212 4206
4213 4212 4211
4213 4211 4214
4215 4213 4214
4216 4211 4207
4214 4211 4216
4208 4217 4207
4216 4207 4217
4218 4217 4208
4219 4218 4208
4219 4220 4218
4077 4216 4217
4077 4217 4080
4218 4080 4217
4085 4080 4218
4221 4085 4218
4221 4222 4085
4076 4216 4077
4214 4216 4076
4223 4214 4076
4215 4214 4223
4223 4076 4064
4215 4223 4224
4225 4215 4224
4224 4226 4225
4224 4227 4226
4064 4228 4223
4064 4065 4228
4223 4229 4224
4228 4229 4223
4229 4230 4224
4229 4231 4230
4232 4229 4228
4232 4228 4233
4234 4228 4065
4065 4235 4234
4065 4236 4235
4237 4238 4239
4237 4239 4240
4240 4239 4241
4242 4241 4239
4243 4242 4239
4243 4239 4244
4240 4241 4245
4241 4246 4245
4241 4247 4246
4242 4248 4241
4241 4248 4249
4241 4249 4250
4251 4240 4245
4252 4240 4251
4252 4253 4240
4254 4248 4242
4255 4254 4242
4255 4242 4256
4251 4245 4257
4245 4258 4257
4245 4259 4258
4254 4260 4248
4248 4260 4261
4248 4261 4262
4263 4251 4257
4264 4251 4263
4264 4265 4251
4266 4260 4254
4267 4266 4254
4267 4254 4268
4263 4257 4269
4257 4270 4269
4257 4271 4270
4266 4272 4260
4260 4272 4273
4260 4273 4274
4275 4263 4269
4276 4263 4275
4276 4277 4263
4278 4272 4266
4279 4278 4266
4279 4266 4280
4275 4269 4281
4269 4282 4281
4269 4283 4282
4284 4275 4281
4284 4281 4285
4278 4286 4272
4272 4286 4287
4272 4287 4288
4289 4286 4278
4289 4290 4286
4291 4292 4275
4291 4275 4293
4281 4294 4295
4281 4295 4296
4297 4298 4278
4297 4278 4299
4286 4300 4301
4286 4301 4302
4303 4304 4305
4303 4306 4304
4307 4306 4303
4307 4308 4306
4309 4308 4307
4309 4310 4308
4311 4310 4309
4311 4312 4310
4308 4313 4306
4310 4314 4308
4308 4314 4313
4306 4315 4304
4306 4313 4315
4314 4316 4313
4314 4317 4316
4310 4318 4314
4312 4318 4310
4318 4319 4314
4318 4320 4319
4313 4321 4315
4313 4322 4321
4312 4323 4318
4323 4324 4318
4323 4325 4324
4326 4323 4312
4326 4327 4323
4328 4326 4312
4328 4312 4329
4330 4331 4323
4330 4332 4331
4333 4315 4334
4333 4334 4335
4336 4315 4333
4336 4304 4315
4337 4304 4336
4337 4338 4304
4339 4337 4336
4339 4336 4340
4340 4336 4333
4341 4339 4340
4340 4333 4342
4342 4333 4343
4342 4343 4344
4341 4340 4345
4345 4340 4342
4346 4341 4345
4346 4345 4347
4345 4342 4348
4347 4345 4348
4348 4342 4349
4348 4349 4350
4347 4348 4351
4351 4348 4352
4351 4352 4353
4354 4347 4351
4354 4351 4355
4356 4347 4354
4356 4357 4347
4358 4351 4359
4358 4359 4360
4361 4362 4363
4361 4363 4364
4365 4366 4367
4365 4367 4368
4369 4370 4371
4369 4371 4372
4373 4374 4375
4373 4375 4376
4377 4378 4379
4377 4379 4380
4381 4382 4383
4381 4383 4384
4385 4386 4387
4385 4387 4388
4389 4390 4391
4389 4391 4392
4393 4394 4395
4393 4396 4394
4396 4393 4397
4396 4397 4398
4399 4396 4398
4399 4400 4396
4399 4401 4400
4398 4397 4402
4398 4402 4403
4399 4398 4404
4404 4398 4405
4404 4405 4406
4407 4399 4404
4407 4408 4399
4407 4409 4408
4407 4404 4410
4410 4404 4411
4410 4411 4412
4413 4407 4410
4414 4407 4413
4414 4413 4415
4413 4410 4416
4416 4410 4417
4416 4417 4418
4419 4420 4421
4419 4422 4420
4422 4423 4420
4422 4424 4423
4425 4423 4424
4425 4424 4426
4420 4423 4427
4428 4427 4423
4428 4423 4429
4420 4427 4430
4431 4420 4430
4431 4430 4432
4430 4427 4433
4434 4433 4427
4434 4427 4435
4430 4433 4436
4436 4437 4430
4436 4438 4437
4436 4433 4439
4440 4439 4433
4440 4433 4441
4436 4439 4442
4442 4443 4436
4442 4444 4443
4442 4439 4445
4446 4445 4439
4446 4439 4447
4442 4445 4448
4449 4442 4448
4449 4448 4450
4450 4448 4451
4445 4451 4448
4450 4451 4452
4445 4453 4451
4454 4453 4445
4454 4455 4453
4393 4451 4453
4456 4451 4393
4456 4393 4457
4393 4453 4397
4397 4453 4458
4397 4458 4459
4460 4461 4462
4460 4462 4463
4464 4463 4462
4464 4462 4465
4466 4465 4462
4466 4467 4465
4468 4464 4465
4469 4468 4465
4470 4469 4465
4470 4471 4469
4464 4468 4472
4464 4472 4473
4473 4472 4474
4464 4475 4463
4473 4475 4464
4475 4476 4463
4476 4477 4463
4476 4478 4477
4473 4474 4479
4473 4480 4475
4480 4473 4479
4480 4481 4475
4476 4475 4482
4475 4481 4482
4476 4482 4483
4476 4483 4484
4474 4485 4479
4474 4486 4485
4487 4485 4486
4479 4485 4488
4487 4489 4485
4489 4488 4485
4490 4489 4487
4490 4487 4491
4480 4479 4492
4479 4488 4492
4489 4493 4488
4494 4493 4489
4494 4489 4495
4492 4488 4496
4493 4496 4488
4497 4480 4492
4492 4496 4497
4497 4498 4480
4480 4498 4481
4499 4498 4497
4499 4481 4498
4493 4500 4496
4501 4500 4493
4501 4493 4502
4497 4496 4503
4500 4503 4496
4499 4497 4504
4497 4503 4504
4500 4505 4503
4506 4505 4500
4506 4500 4507
4504 4503 4508
4505 4508 4503
4509 4499 4504
4504 4508 4510
4509 4504 4510
4505 4511 4508
4512 4511 4505
4512 4505 4513
4510 4508 4514
4511 4514 4508
4515 4499 4509
4515 4516 4499
4499 4516 4481
4517 4509 4510
4510 4514 4518
4517 4510 4518
4519 4515 4509
4519 4509 4517
4520 4515 4519
4511 4521 4514
4522 4521 4511
4522 4511 4523
4524 4521 4522
4524 4525 4521
4521 4526 4514
4518 4514 4526
4521 4525 4526
4527 4519 4517
4528 4517 4518
4527 4517 4528
4518 4526 4529
4528 4518 4529
4530 4520 4519
4530 4519 4527
4525 4531 4526
4529 4526 4531
4528 4532 4527
4533 4528 4529
4528 4533 4532
4527 4534 4530
4527 4532 4534
4529 4531 4535
4533 4529 4535
4536 4520 4530
4536 4537 4520
4530 4538 4536
4530 4534 4538
4534 4539 4538
4534 4540 4539
4532 4540 4534
4541 4539 4540
4541 4540 4542
4532 4542 4540
4533 4543 4532
4532 4543 4542
4544 4533 4535
4533 4544 4543
4543 4545 4542
4545 4546 4542
4545 4547 4546
4544 4535 4548
4535 4549 4548
4535 4531 4549
4550 4549 4531
4525 4550 4531
4551 4550 4525
4551 4525 4552
4553 4543 4544
4543 4554 4545
4543 4553 4554
4545 4554 4555
4555 4556 4545
4556 4557 4545
4558 4544 4548
4553 4544 4558
4550 4559 4549
4560 4559 4550
4560 4550 4561
4548 4549 4562
4559 4562 4549
4558 4548 4563
4548 4562 4563
4559 4564 4562
4565 4564 4559
4565 4559 4566
4563 4562 4567
4564 4567 4562
4563 4567 4568
4564 4569 4567
4570 4569 4564
4570 4564 4571
4572 4563 4568
4572 4558 4563
4573 4558 4572
4573 4553 4558
4553 4573 4574
4573 4575 4574
4576 4574 4575
4576 4577 4574
4578 4553 4574
4579 4578 4574
4579 4580 4578
4553 4578 4554
4581 4554 4578
4581 4582 4554
4583 4584 4520
4585 4583 4520
4586 4587 4520
4586 4588 4587
4520 4587 4515
4589 4587 4588
4587 4589 4515
4589 4588 4590
4591 4589 4590
4589 4516 4515
4591 4592 4589
4589 4592 4516
4592 4593 4516
4593 4481 4516
4592 4594 4593
4592 4595 4594
4593 4596 4481
4597 4596 4593
4597 4598 4596
4481 4596 4482
4482 4596 4599
4482 4599 4600
4601 4602 4603
4601 4603 765
4604 4605 4606
4604 4606 4607
4608 4609 4610
4608 4610 4611
4612 4613 4614
4612 4614 4615
4616 4617 4618
4616 4618 4619
4620 4621 4622
4620 4622 4623
4624 4625 4626
4624 4626 4627
4628 4629 4630
4628 4630 4631
4632 4633 4634
4632 4634 4635
4636 4637 4638
4636 4638 955
4639 4640 4641
4639 4641 4642
4643 4639 4642
4644 4643 4642
4644 4642 4645
4643 4646 4639
4647 4646 4643
4648 4647 4643
4648 4643 4649
4650 4639 4646
4651 4650 4646
4650 4652 4639
4652 4653 4639
4652 4654 4653
4652 4650 4655
4651 4655 4650
4647 4656 4646
4651 4646 4656
4652 4655 4657
4658 4652 4657
4658 4657 4659
4660 4656 4647
4661 4660 4647
4661 4647 4662
4651 4656 4663
4660 4663 4656
4664 4657 4655
4657 4664 4665
4657 4665 4666
4667 4666 4665
4667 4665 4668
4655 4669 4664
4670 4665 4664
4670 4664 4669
4655 4671 4669
4651 4671 4655
4671 4672 4669
4670 4669 4672
4651 4673 4671
4671 4673 4672
4673 4674 4672
4651 4663 4675
4651 4675 4673
4676 4668 4665
4676 4665 4670
4670 4672 4677
4677 4672 4674
4668 4676 4678
4668 4678 4679
4680 4676 4670
4680 4670 4677
4677 4681 4680
4680 4682 4676
4680 4683 4682
4684 4680 4681
4684 4681 4685
4677 4674 4686
4677 4686 4681
4687 4686 4674
4687 4681 4686
4687 4688 4681
4689 4681 4688
4689 4690 4681
4687 4674 4691
4688 4687 4692
4692 4687 4691
4693 4691 4674
4693 4674 4694
4673 4694 4674
4695 4694 4673
4695 4693 4694
4695 4673 4675
4675 4696 4695
4675 4663 4696
4695 4697 4693
4697 4695 4696
4698 4693 4697
4699 4691 4693
4698 4699 4693
4663 4700 4696
4663 4660 4700
4697 4696 4701
4698 4697 4701
4701 4696 4700
4660 4702 4700
4660 4703 4702
4699 4704 4691
4692 4691 4704
4701 4700 4705
4705 4700 4706
4705 4706 4707
4708 4704 4699
4698 4708 4699
4705 4709 4701
4698 4701 4709
4705 4710 4709
4711 4710 4705
4711 4712 4710
4698 4709 4713
4710 4713 4709
4692 4704 4714
4708 4714 4704
4698 4715 4708
4698 4713 4715
4710 4716 4713
4717 4716 4710
4717 4718 4716
4715 4713 4719
4716 4719 4713
4720 4708 4715
4715 4719 4720
4714 4708 4721
4720 4721 4708
4692 4714 4722
4721 4722 4714
4723 4721 4720
4723 4724 4721
4721 4725 4722
4726 4722 4725
4726 4727 4722
4720 4719 4728
4720 4728 4729
4730 4692 4722
4730 4722 4727
4688 4692 4730
4688 4730 4731
4688 4731 4732
4727 4733 4730
4727 4734 4733
4735 4688 4736
4735 4736 4737
4738 4739 4727
4738 4727 4740
4741 4742 4743
4741 4642 4742
4744 4742 4642
4745 4746 4747
4745 4747 4680
4748 4749 4668
4748 4668 4750
4751 4752 4753
4751 4754 4752
4755 4754 4751
4756 4755 4751
4756 4751 4757
4757 4751 4758
4757 4758 4759
4760 4756 4757
4760 4757 4761
4762 4755 4756
4763 4762 4756
4763 4756 4764
4755 4765 4754
4766 4754 4765
4766 4765 4767
4768 4765 4755
4762 4768 4755
4768 4769 4765
4770 4765 4769
4770 4769 4771
4772 4768 4762
4773 4772 4762
4773 4762 4774
4775 4769 4768
4772 4775 4768
4775 4776 4769
4777 4769 4776
4777 4776 4778
4775 4779 4776
4780 4776 4779
4780 4779 4781
4782 4775 4772
4783 4782 4772
4783 4772 4784
4775 4785 4779
4782 4785 4775
4785 4786 4779
4787 4779 4786
4787 4786 4788
4785 4782 4789
4790 4789 4782
4790 4782 4791
4785 4792 4786
4785 4789 4792
4792 4793 4786
4794 4786 4793
4794 4793 4795
4792 4796 4793
4797 4793 4796
4797 4796 4798
4792 4799 4796
4792 4789 4799
4800 4796 4799
4800 4799 4801
4802 4799 4789
4802 4789 4803
4804 4805 4754
4804 4754 4806
4807 4808 4809
4807 4757 4808
4810 4811 4812
4810 4813 4811
4814 4811 4813
4814 4815 4811
4816 4811 4815
4817 4811 4816
4817 4816 4818
4819 4816 4815
4820 4816 4819
4820 4819 4821
4819 4815 4822
4814 4822 4815
4823 4819 4822
4824 4819 4823
4824 4823 4825
4826 4823 4822
4827 4823 4826
4827 4826 4828
4829 4826 4822
4814 4829 4822
4829 4830 4826
4831 4826 4830
4831 4830 4832
4833 4829 4814
4833 4830 4829
4833 4814 4834
4834 4814 4813
4833 4835 4830
4836 4830 4835
4836 4835 4837
4833 4838 4835
4839 4835 4838
4839 4838 4840
4833 4841 4838
4834 4841 4833
4841 4842 4838
4843 4838 4842
4843 4842 4844
4834 4813 4845
4846 4845 4813
4846 4813 4847
4834 4848 4841
4848 4834 4845
4841 4849 4842
4848 4849 4841
4849 4850 4842
4851 4842 4850
4851 4850 4852
4848 4845 4853
4854 4853 4845
4854 4845 4855
4848 4856 4849
4856 4848 4853
4849 4857 4850
4856 4857 4849
4857 4858 4850
4857 4859 4858
4856 4860 4857
4860 4861 4857
4860 4862 4861
4856 4853 4863
4860 4856 4863
4864 4863 4853
4864 4853 4865
4860 4863 4866
4866 4867 4860
4866 4868 4867
4869 4866 4863
4869 4863 4870
4871 4872 4866
4871 4866 4873
4874 4875 4876
4874 4850 4875
4877 4878 4879
4877 4879 4880
4880 4879 4881
4880 4881 4882
4882 4883 4880
4884 4880 4883
4884 4885 4880
4882 4886 4883
4887 4886 4882
4882 4888 4887
4882 4889 4888
4887 4890 4886
4890 4887 4891
4890 4891 4892
4886 4893 4883
4894 4883 4893
4894 4895 4883
4896 4886 4890
4886 4896 4893
4896 4890 4897
4897 4890 4898
4897 4898 4899
4896 4900 4893
4901 4893 4900
4901 4902 4893
4897 4903 4896
4896 4903 4900
4897 4904 4903
4904 4897 4905
4904 4905 4906
4907 4900 4903
4908 4903 4904
4908 4907 4903
4904 4909 4908
4904 4910 4909
4907 4911 4900
4912 4900 4911
4912 4911 4913
4907 4908 4914
4908 4915 4914
4908 4916 4915
4917 4911 4907
4907 4914 4917
4917 4918 4911
4919 4911 4918
4919 4918 4920
4921 4917 4914
4914 4922 4921
4914 4923 4922
4921 4924 4917
4924 4918 4917
4924 4921 4925
4924 4925 4926
4924 4927 4918
4927 4924 4928
4929 4918 4927
4929 4927 4930
4927 4928 4931
4932 4927 4931
4932 4931 4933
4934 4935 4936
4934 971 4935
4719 4937 4938
4719 4939 4937
4716 4939 4719
4940 4939 4716
4940 4941 4939
4942 4939 4943
4944 4943 4939
4944 4945 4943
4946 4947 4948
4946 4948 4949
4950 4946 4949
4951 4946 4950
4951 4952 4946
4952 4953 4946
4952 4954 4953
4955 4952 4951
4955 4956 4952
4957 4951 4950
4958 4951 4957
4958 4959 4951
4950 4949 4960
4961 4960 4949
4961 4962 4960
4963 4950 4960
4957 4950 4963
4963 4960 4964
4965 4964 4960
4965 4966 4964
4967 4957 4963
4968 4957 4967
4968 4969 4957
4970 4963 4964
4967 4963 4970
4970 4964 4971
4972 4971 4964
4972 4973 4971
4970 4971 4974
4975 4974 4971
4975 4976 4974
4977 4967 4970
4978 4967 4977
4978 4979 4967
4970 4974 4980
4977 4970 4980
4980 4974 4981
4982 4981 4974
4982 4983 4981
4980 4984 4977
4985 4977 4984
4985 4986 4977
4980 4981 4987
4980 4987 4984
4987 4981 4988
4989 4988 4981
4989 4990 4988
4987 4988 4991
4992 4991 4988
4992 4993 4991
4987 4991 4994
4987 4994 4984
4995 4994 4991
4995 4996 4994
4997 4984 4994
4997 4998 4984
4999 5000 4949
4999 4949 5001
5002 5003 5004
5002 5004 4952
5005 5006 5007
5005 5007 5008
5009 5008 5007
5009 5007 5010
5011 5010 5007
5012 5011 5007
5012 5013 5011
5014 5010 5011
5015 5014 5011
5015 5016 5014
5014 5017 5010
5009 5010 5017
5018 5017 5014
5019 5018 5014
5019 5020 5018
5021 5017 5018
5022 5021 5018
5022 5023 5021
5024 5017 5021
5009 5017 5024
5024 5021 5025
5026 5025 5021
5026 5027 5025
5028 5009 5024
5028 5024 5025
5028 5029 5009
5029 5008 5009
5028 5025 5030
5031 5030 5025
5031 5032 5030
5028 5030 5033
5034 5033 5030
5034 5035 5033
5028 5033 5036
5029 5028 5036
5036 5033 5037
5038 5037 5033
5038 5039 5037
5029 5040 5008
5041 5008 5040
5041 5042 5008
5029 5036 5043
5043 5040 5029
5036 5037 5044
5043 5036 5044
5044 5037 5045
5046 5045 5037
5046 5047 5045
5043 5048 5040
5049 5040 5048
5049 5050 5040
5043 5044 5051
5051 5048 5043
5044 5045 5052
5051 5044 5052
5052 5045 5053
5052 5053 5054
5051 5052 5055
5055 5052 5056
5055 5056 5057
5051 5058 5048
5055 5058 5051
5059 5048 5058
5059 5060 5048
5055 5061 5058
5061 5055 5062
5061 5062 5063
5064 5058 5061
5064 5065 5058
5066 5067 5061
5066 5061 5068
5069 5070 5071
5069 5071 5045
5072 5073 5074
5073 5075 5074
5072 5076 5073
5077 5076 5072
5077 5078 5076
5079 5078 5077
5079 5080 5078
5081 5080 5079
5081 5082 5080
5083 5082 5081
5083 5084 5082
5085 5084 5083
5075 5086 5085
5085 5086 5084
5073 5087 5075
5075 5087 5086
5076 5088 5073
5078 5089 5076
5076 5089 5088
5080 5090 5078
5078 5090 5089
5082 5091 5080
5080 5091 5090
5084 5092 5082
5082 5092 5091
5073 5093 5087
5073 5088 5093
5087 5094 5086
5087 5093 5094
5086 5095 5084
5084 5095 5092
5086 5094 5095
5089 5096 5088
5090 5097 5089
5089 5097 5096
5097 5098 5096
5088 5096 5099
5088 5099 5093
5096 5098 5099
5090 5100 5097
5100 5098 5097
5091 5100 5090
5093 5099 5101
5093 5101 5094
5099 5098 5101
5091 5102 5100
5092 5102 5091
5102 5098 5100
5094 5101 5103
5094 5103 5095
5101 5098 5103
5095 5104 5092
5092 5104 5102
5104 5098 5102
5095 5103 5104
5103 5098 5104
5105 5106 5107
5106 5108 5107
5106 5109 5108
5110 5108 5109
5110 5109 5111
5110 5111 5112
5110 5112 5113
5114 5113 5112
5105 5115 5106
5114 5112 5116
5117 5115 5105
5118 5115 5117
5117 5105 5119
5118 5117 5120
5119 5105 5121
5122 5118 5120
5119 5121 5122
5122 5121 5118
5123 5114 5116
5124 5114 5123
5123 5116 5125
5124 5123 5126
5125 5116 5127
5128 5124 5126
5125 5127 5128
5128 5127 5124
5129 5130 5131
5130 5132 5131
5129 5133 5130
5134 5133 5129
5134 5135 5133
5136 5135 5134
5136 5137 5135
5138 5137 5136
5138 5139 5137
5140 5139 5138
5140 5141 5139
5142 5141 5140
5132 5143 5142
5142 5143 5141
5130 5144 5132
5132 5144 5143
5133 5145 5130
5135 5146 5133
5133 5146 5145
5137 5147 5135
5135 5147 5146
5139 5148 5137
5137 5148 5147
5141 5149 5139
5139 5149 5148
5130 5150 5144
5130 5145 5150
5144 5151 5143
5144 5150 5151
5143 5152 5141
5141 5152 5149
5143 5151 5152
5146 5153 5145
5147 5154 5146
5146 5154 5153
5154 5155 5153
5145 5153 5156
5145 5156 5150
5153 5155 5156
5147 5157 5154
5157 5155 5154
5148 5157 5147
5150 5156 5158
5150 5158 5151
5156 5155 5158
5148 5159 5157
5149 5159 5148
5159 5155 5157
5151 5158 5160
5151 5160 5152
5158 5155 5160
5152 5161 5149
5149 5161 5159
5161 5155 5159
5152 5160 5161
5160 5155 5161
5162 5163 5164
5164 5165 5162
5164 5163 5166
5164 5167 5165
5164 5166 5168
5164 5169 5167
5164 5168 5170
5164 5171 5169
5164 5170 5172
5164 5173 5171
5164 5172 5174
5164 5174 5173
5175 5176 5177
5177 5176 5178
5177 5178 5179
5180 5179 5178
5180 5181 5179
5180 5182 5181
5180 5183 5182
5184 5182 5183
5175 5177 5185
5184 5186 5182
5187 5175 5185
5188 5187 5185
5187 5189 5175
5188 5190 5187
5189 5191 5175
5192 5190 5188
5189 5192 5191
5192 5188 5191
5193 5186 5184
5194 5193 5184
5193 5195 5186
5194 5196 5193
5195 5197 5186
5198 5196 5194
5195 5198 5197
5198 5194 5197
5199 5200 5201
5202 5200 5199
5200 5203 5201
5204 5200 5202
5200 5205 5203
5206 5200 5204
5200 5207 5205
5208 5200 5206
5200 5209 5207
5210 5200 5208
5200 5211 5209
5200 5210 5211
