byte offset: 0
first index: 0
index count: 17964
topology: trianglelist
format: DXGI_FORMAT_R16_UINT

0 1 2
0 2 3
0 3 4
0 4 5
0 5 6
0 6 7
0 7 8
0 8 9
0 9 10
0 10 11
12 13 14
12 15 13
12 16 15
12 17 16
12 18 17
12 19 18
12 20 19
12 21 20
12 22 21
12 23 22
24 25 26
24 26 27
24 27 28
24 28 29
24 29 30
24 30 31
24 31 32
24 32 33
24 33 34
24 34 35
36 37 38
36 39 37
36 40 39
36 41 40
36 42 41
36 43 42
36 44 43
36 45 44
36 46 45
36 47 46
48 49 50
48 51 49
48 52 51
48 53 52
48 54 53
48 55 54
48 56 55
48 57 56
48 58 57
48 59 58
60 61 62
60 62 63
64 63 62
65 60 63
65 66 60
67 66 65
67 65 68
67 68 69
70 69 68
65 71 68
65 72 71
72 65 63
68 73 70
74 63 64
72 63 74
74 64 75
74 75 76
74 76 77
77 72 74
77 78 72
78 79 72
71 72 79
71 79 80
71 80 81
71 81 82
71 82 83
84 71 83
83 85 84
84 68 71
86 84 85
68 84 87
86 87 84
68 87 73
87 86 88
87 89 73
89 87 88
90 91 92
90 92 93
92 94 93
92 95 94
94 95 96
94 96 97
97 96 98
97 98 99
100 99 98
100 101 99
101 100 102
101 102 103
104 103 102
104 105 103
106 105 104
106 107 105
108 107 106
108 109 107
109 108 110
109 110 111
112 111 110
112 113 111
113 112 114
113 114 115
116 115 114
116 114 117
118 116 117
118 117 119
120 118 119
120 119 121
122 120 121
122 121 123
122 123 124
122 124 125
125 124 126
125 126 127
127 126 128
127 128 129
130 129 128
130 131 129
130 132 131
130 133 132
133 134 132
133 135 134
136 137 138
136 139 137
136 140 139
136 141 140
136 142 141
136 143 142
136 144 143
136 145 144
136 146 145
136 147 146
148 149 150
148 150 151
148 151 152
148 152 153
148 153 154
148 154 155
148 155 156
148 156 157
148 157 158
148 158 159
160 161 162
160 162 163
160 163 164
160 164 165
160 165 166
160 166 167
160 167 168
160 168 169
160 169 170
160 170 171
172 173 174
172 174 175
176 172 175
174 177 175
174 178 177
177 178 179
177 179 180
180 179 181
180 181 182
182 181 183
182 183 184
184 183 185
186 180 182
186 182 184
177 180 187
186 187 180
175 177 188
177 187 188
176 175 189
175 188 189
190 176 189
176 190 191
191 190 192
191 192 193
194 191 193
195 194 193
196 194 195
193 192 197
195 193 197
188 187 198
189 188 199
188 198 199
190 189 200
189 199 200
190 201 192
200 201 190
202 201 200
192 201 202
203 200 199
203 202 200
204 202 203
202 204 205
192 202 205
192 205 206
192 206 197
206 205 204
207 198 187
207 187 186
199 198 208
199 208 203
198 207 209
198 209 208
186 210 207
210 209 207
206 211 197
195 197 211
186 212 210
186 184 212
212 184 213
184 185 213
214 210 212
214 212 213
185 215 213
185 216 215
213 215 217
216 217 215
213 217 214
216 218 217
218 219 217
214 217 219
218 220 219
221 219 220
214 219 221
221 220 222
214 223 210
223 214 221
210 223 209
222 224 221
223 221 224
209 223 224
222 225 224
209 224 226
226 224 225
226 208 209
226 225 227
226 228 208
227 228 226
203 208 228
227 229 228
203 228 230
230 228 229
230 229 231
204 203 230
231 204 230
231 232 204
204 232 233
204 233 234
206 204 234
233 235 234
233 236 235
234 237 206
234 235 237
206 237 211
236 238 235
236 239 238
235 240 237
235 238 240
241 211 237
241 237 240
239 242 238
242 240 238
243 211 241
243 195 211
196 195 243
239 244 242
244 239 245
242 246 240
241 240 246
247 243 241
196 243 247
242 244 248
242 248 246
244 245 249
248 244 249
241 246 250
247 241 250
246 251 250
246 248 251
251 247 250
196 247 252
251 252 247
253 249 245
253 245 254
255 253 254
255 254 256
257 255 256
248 249 258
258 251 248
258 249 253
196 252 259
196 259 260
261 252 251
258 261 251
261 259 252
258 253 262
262 261 258
262 253 255
260 259 263
260 263 264
264 263 265
266 259 261
266 263 259
262 266 261
263 266 265
265 266 262
262 255 267
265 262 267
264 265 268
269 264 268
265 267 270
270 267 255
268 265 271
265 270 271
272 268 271
272 271 270
268 273 269
268 272 273
255 274 270
274 272 270
269 273 275
269 275 276
273 272 277
274 277 272
255 278 274
257 278 255
278 257 279
278 279 280
280 274 278
280 279 281
280 282 274
282 277 274
280 281 283
283 282 280
283 281 284
273 277 285
275 273 285
276 275 286
276 286 287
286 275 288
275 285 288
286 288 289
290 289 288
282 291 277
285 277 291
283 284 292
292 284 293
283 294 282
294 291 282
292 294 283
290 288 295
296 290 295
288 285 297
285 291 297
288 297 295
292 293 298
298 293 299
296 295 300
301 296 300
297 291 302
294 302 291
295 297 303
295 303 300
297 302 303
301 300 304
304 300 303
305 301 304
292 306 294
298 306 292
294 307 302
303 302 307
294 306 307
298 299 308
309 308 299
298 310 306
310 307 306
310 298 308
303 307 311
304 303 311
311 307 310
309 312 308
310 308 312
313 312 309
304 311 314
311 310 314
314 310 312
305 304 314
305 315 313
313 315 312
305 314 315
314 312 315
316 317 318
319 316 318
319 318 320
321 319 320
320 318 322
321 320 323
323 320 322
324 321 323
323 322 325
325 322 326
324 323 327
327 323 325
327 328 324
325 326 329
329 326 330
326 331 330
329 330 332
333 325 329
327 325 333
334 329 332
333 329 334
334 332 335
336 327 333
334 336 333
335 337 334
334 337 336
335 338 337
327 339 328
336 339 327
340 337 338
340 338 341
342 336 337
342 339 336
342 337 340
343 328 339
342 343 339
343 344 328
345 344 343
346 340 341
346 341 347
348 342 340
348 340 346
349 343 342
345 343 349
349 342 348
345 349 350
350 349 348
345 350 351
352 351 350
353 346 347
353 347 354
355 348 346
350 348 355
355 346 353
352 350 356
355 356 350
357 352 356
355 358 356
353 358 355
358 357 356
359 353 354
353 359 358
359 357 358
359 354 360
357 359 360
361 362 363
362 364 363
362 365 364
366 367 368
366 368 369
368 370 369
371 372 373
371 373 374
371 374 375
375 374 376
375 376 377
377 376 378
377 378 379
379 378 380
379 380 381
382 383 384
382 384 385
385 384 386
385 386 387
387 386 388
387 388 389
389 388 390
389 390 391
391 390 392
391 392 393
393 392 394
393 394 395
395 394 396
395 396 397
397 396 398
397 398 399
400 399 398
400 398 401
400 401 402
400 402 403
403 402 404
403 404 405
405 404 406
405 406 407
407 406 408
407 408 409
409 408 410
409 410 411
411 410 412
411 412 413
414 415 416
414 416 417
417 418 414
417 416 419
420 418 417
420 417 419
420 421 418
420 419 422
423 421 420
423 420 422
423 424 421
423 422 425
426 424 423
426 423 425
426 427 424
426 425 428
429 430 431
429 431 432
432 431 433
434 429 432
434 435 429
432 433 436
436 433 437
438 435 434
438 439 435
440 434 432
440 432 436
436 437 441
441 437 442
443 438 434
443 434 440
444 440 436
444 436 441
441 442 445
445 442 446
447 443 440
447 440 444
448 444 441
448 441 445
445 446 449
450 449 446
451 447 444
451 444 448
452 451 448
452 448 453
453 448 445
453 445 449
454 443 447
455 447 451
455 454 447
456 451 452
456 455 451
454 457 443
458 457 454
457 438 443
457 459 438
458 459 457
459 439 438
460 454 455
458 454 460
459 461 439
439 461 462
463 461 459
464 463 459
458 464 459
465 464 458
464 466 463
467 466 464
468 466 467
467 464 469
469 464 465
470 469 465
470 465 471
472 471 465
473 471 472
474 473 472
474 475 473
472 465 476
474 472 476
477 465 458
477 476 465
478 477 458
478 476 477
478 458 460
479 475 474
479 480 475
481 480 479
474 476 482
478 482 476
479 474 482
478 460 483
460 455 483
483 455 456
478 483 484
484 482 478
484 483 456
479 482 485
484 485 482
481 479 486
486 479 485
484 456 487
487 485 484
481 486 488
481 488 489
490 489 488
486 485 491
487 491 485
488 486 491
487 456 492
456 452 492
490 488 493
494 490 493
495 491 487
487 492 495
488 491 496
496 493 488
495 496 491
495 492 497
492 452 497
498 496 495
496 498 493
495 497 498
494 493 499
498 499 493
500 498 497
452 500 497
501 499 498
500 501 498
452 502 500
501 500 502
501 503 499
494 499 503
452 504 502
453 504 452
501 502 505
503 501 505
453 506 504
449 506 453
502 504 507
502 507 505
507 504 506
505 507 508
503 505 508
449 509 506
450 509 449
510 507 506
510 508 507
511 509 450
511 450 512
513 511 512
509 514 506
510 506 514
509 511 514
514 515 510
510 516 508
515 516 510
517 508 516
517 503 508
515 517 516
513 518 511
518 513 519
511 520 514
511 518 520
514 520 515
518 519 521
520 518 521
521 519 522
503 517 523
503 523 494
520 521 524
515 520 524
521 522 525
524 521 525
525 522 526
525 526 527
528 525 527
524 525 528
528 527 529
515 530 517
523 517 530
515 524 531
531 524 528
530 515 531
530 531 532
533 528 529
531 528 533
532 531 533
533 529 534
523 530 535
535 530 532
536 533 534
532 533 536
532 536 537
536 534 538
534 539 538
540 536 538
537 536 540
537 540 541
542 537 541
543 542 541
542 544 537
544 545 537
544 546 545
532 537 547
547 537 545
548 532 547
535 532 548
549 548 547
535 548 549
545 550 547
546 551 545
545 551 550
552 551 546
552 550 551
550 553 547
549 547 553
554 553 550
552 554 550
554 555 553
555 549 553
556 555 554
552 556 554
552 546 557
557 546 558
555 559 549
556 559 555
560 535 549
560 549 559
557 561 552
552 561 556
558 562 557
557 562 561
558 563 562
562 563 564
559 556 565
559 565 560
556 561 566
562 566 561
556 566 565
562 564 567
562 567 566
567 564 568
569 535 560
569 523 535
523 569 494
569 570 494
560 571 569
569 571 570
560 565 571
571 572 570
565 566 573
565 573 571
567 573 566
571 573 572
567 574 573
574 572 573
567 568 574
574 575 572
574 568 575
568 576 575
577 578 579
577 579 580
581 577 580
580 579 582
581 580 583
584 581 583
580 582 585
583 580 585
585 582 586
584 583 587
587 588 584
589 588 587
583 585 590
587 583 590
585 586 591
590 585 591
591 586 592
589 587 593
587 590 593
590 591 594
593 590 594
591 592 595
594 591 595
595 592 596
589 593 597
598 589 597
598 597 599
599 600 598
593 594 601
597 593 601
594 595 602
601 594 602
595 596 603
602 595 603
603 596 604
597 601 605
599 597 605
601 602 606
605 601 606
607 600 599
607 608 600
607 609 608
607 599 610
611 610 599
611 599 612
599 605 612
613 611 612
612 605 614
605 606 614
613 612 615
612 614 615
616 613 615
606 602 617
602 603 617
614 606 618
606 617 618
616 615 619
620 616 619
621 620 619
615 614 622
615 622 619
614 618 622
619 623 621
623 619 622
624 622 618
623 622 624
621 623 625
625 623 624
621 625 626
626 625 627
626 627 628
629 628 627
630 618 617
624 618 630
625 624 631
627 625 631
631 624 630
630 617 632
632 617 603
631 630 633
633 630 632
632 603 634
603 604 634
634 604 635
636 632 634
633 632 636
634 635 637
636 634 637
637 635 638
639 631 633
627 631 639
640 633 636
639 633 640
641 636 637
640 636 641
637 638 642
641 637 642
642 638 643
642 643 644
644 643 645
644 645 646
647 644 646
648 642 644
647 648 644
648 641 642
649 648 647
650 641 648
649 650 648
650 640 641
650 649 651
652 650 651
652 640 650
652 639 640
653 639 652
653 627 639
627 653 654
629 627 654
629 654 655
629 655 656
657 658 659
660 658 657
660 661 658
662 661 660
661 663 658
662 664 661
664 663 661
665 664 662
664 666 663
666 667 663
665 668 664
668 666 664
669 668 665
666 670 667
670 671 667
667 671 672
670 673 671
674 670 666
668 674 666
675 673 670
674 675 670
675 676 673
675 677 676
668 678 674
678 675 674
669 679 668
668 679 678
675 680 677
678 680 675
669 681 679
669 682 681
683 681 682
679 684 678
684 680 678
679 681 684
685 677 680
684 685 680
685 686 677
683 687 681
687 684 681
688 686 685
688 689 686
690 685 684
687 690 684
690 688 685
683 691 687
691 690 687
683 692 691
693 691 692
694 689 688
694 695 689
696 688 690
691 696 690
696 694 688
693 697 691
696 691 697
698 697 693
696 697 699
694 696 699
699 697 698
700 695 694
694 699 700
700 699 698
700 701 695
698 701 700
702 703 704
704 703 705
704 705 706
707 708 709
707 710 708
708 710 711
712 713 714
712 715 713
716 713 715
717 715 712
717 712 718
719 717 718
719 720 717
719 721 720
722 720 721
717 720 723
717 723 724
724 715 717
720 722 725
726 716 715
724 726 715
726 727 716
726 728 727
726 729 728
729 726 724
729 724 730
730 724 731
723 731 724
723 732 731
723 733 732
723 734 733
723 735 734
736 735 723
735 736 737
736 723 720
738 737 736
720 739 736
738 736 739
720 725 739
739 740 738
739 725 741
741 740 739
742 743 744
742 745 743
743 745 746
743 746 747
746 748 747
746 749 748
749 750 748
749 751 750
752 750 751
752 751 753
753 754 752
753 755 754
756 754 755
756 755 757
758 756 757
758 757 759
760 758 759
760 759 761
761 762 760
761 763 762
764 762 763
764 763 765
765 766 764
765 767 766
768 766 767
768 769 766
770 769 768
770 771 769
772 771 770
772 773 771
774 773 772
774 775 773
774 776 775
774 777 776
777 778 776
777 779 778
779 780 778
779 781 780
782 780 781
782 781 783
782 783 784
782 784 785
785 784 786
785 786 787
788 789 790
788 790 791
791 790 792
791 792 793
793 792 794
793 794 795
795 794 796
795 796 797
797 796 798
797 798 799
799 798 800
799 800 801
801 800 802
801 802 803
803 802 804
803 804 805
805 804 806
805 806 807
807 806 808
807 808 809
810 811 812
810 812 813
814 810 813
814 813 815
816 814 815
816 815 817
818 816 817
818 817 819
820 818 819
820 819 821
822 820 821
822 821 823
824 822 823
824 823 825
826 824 825
826 825 827
828 826 827
828 827 829
830 828 829
830 829 831
832 833 834
832 835 833
835 836 833
835 837 836
837 838 836
837 839 838
839 840 838
839 841 840
841 842 840
841 843 842
843 844 842
843 845 844
845 846 844
845 847 846
847 848 846
847 849 848
849 850 848
849 851 850
851 852 850
851 853 852
854 855 856
854 857 855
858 857 854
858 859 857
860 859 858
860 861 859
862 861 860
862 863 861
864 863 862
864 865 863
866 865 864
866 867 865
868 867 866
868 869 867
870 869 868
870 871 869
872 871 870
872 873 871
874 873 872
874 875 873
876 877 878
876 878 879
880 876 879
880 879 881
882 880 881
882 881 883
883 884 882
883 885 884
886 884 885
886 885 887
888 886 887
888 887 889
890 888 889
890 889 891
892 890 891
892 891 893
894 892 893
894 893 895
896 894 895
896 895 897
898 899 900
898 901 899
902 901 898
902 903 901
904 903 902
904 905 903
905 904 906
905 906 907
908 907 906
908 909 907
910 909 908
910 911 909
912 911 910
912 913 911
914 913 912
914 915 913
916 915 914
916 917 915
918 917 916
918 919 917
920 921 922
920 923 921
924 925 926
924 927 925
928 925 927
928 927 929
924 930 927
929 927 930
924 931 930
929 930 932
931 933 930
932 930 933
931 934 933
932 933 935
936 937 938
939 936 938
940 941 942
940 943 941
943 944 941
940 945 943
940 946 945
943 945 947
943 948 944
943 947 948
948 949 944
948 947 950
948 951 949
948 950 951
952 953 954
952 955 953
956 955 952
955 957 953
956 958 955
955 959 957
958 959 955
959 960 957
958 961 959
959 962 960
961 962 959
962 963 960
961 964 962
962 965 963
964 965 962
965 966 963
964 967 965
965 968 966
967 968 965
968 969 966
967 970 968
968 971 969
970 971 968
971 972 969
970 973 971
971 974 972
973 974 971
974 975 972
973 976 974
974 977 975
976 977 974
977 978 975
976 979 977
977 980 978
979 980 977
980 981 978
979 982 980
980 983 981
982 983 980
982 984 983
985 986 987
985 988 986
988 989 986
990 988 985
990 985 991
992 988 990
988 993 989
992 993 988
993 994 989
995 993 992
993 996 994
995 996 993
996 997 994
998 996 995
996 999 997
998 999 996
999 1000 997
1001 999 998
999 1002 1000
1001 1002 999
1002 1003 1000
1004 1002 1001
1002 1005 1003
1004 1005 1002
1005 1006 1003
1007 1005 1004
1005 1008 1006
1007 1008 1005
1008 1009 1006
1010 1008 1007
1008 1011 1009
1010 1011 1008
1011 1012 1009
1013 1011 1010
1011 1014 1012
1013 1014 1011
1014 1015 1012
1016 1014 1013
1014 1017 1015
1016 1017 1014
1018 1019 1020
1018 1021 1019
1022 1021 1018
1022 1023 1021
1024 1025 1026
1024 1026 1027
1028 1029 1030
1028 1030 1031
1031 1030 1032
1031 1032 1033
1034 1035 1036
1034 1036 1037
1038 1034 1037
1039 1040 1041
1039 1042 1040
1043 1040 1042
1044 1042 1039
1043 1042 1045
1046 1043 1045
1044 1047 1042
1045 1042 1047
1046 1045 1048
1049 1046 1048
1050 1047 1044
1050 1044 1051
1052 1050 1051
1045 1047 1053
1048 1045 1053
1053 1047 1050
1049 1048 1054
1055 1049 1054
1052 1056 1050
1057 1056 1052
1048 1053 1058
1054 1048 1058
1053 1050 1059
1059 1050 1056
1058 1053 1059
1055 1054 1060
1061 1055 1060
1057 1062 1056
1063 1062 1057
1054 1058 1064
1060 1054 1064
1059 1056 1065
1065 1056 1062
1058 1059 1066
1064 1058 1066
1066 1059 1065
1061 1060 1067
1068 1061 1067
1063 1069 1062
1070 1069 1063
1060 1064 1071
1067 1060 1071
1064 1066 1072
1071 1064 1072
1066 1065 1073
1072 1066 1073
1065 1062 1074
1074 1062 1069
1073 1065 1074
1068 1067 1075
1076 1068 1075
1070 1077 1069
1078 1077 1070
1078 1079 1077
1074 1069 1080
1080 1069 1077
1081 1077 1079
1080 1077 1081
1081 1079 1082
1073 1074 1083
1083 1074 1080
1084 1080 1081
1083 1080 1084
1085 1081 1082
1084 1081 1085
1085 1082 1086
1087 1073 1083
1072 1073 1087
1088 1083 1084
1087 1083 1088
1089 1084 1085
1088 1084 1089
1090 1085 1086
1089 1085 1090
1090 1086 1091
1092 1072 1087
1071 1072 1092
1093 1087 1088
1092 1087 1093
1094 1088 1089
1093 1088 1094
1095 1089 1090
1094 1089 1095
1096 1090 1091
1095 1090 1096
1096 1091 1097
1098 1071 1092
1067 1071 1098
1075 1067 1098
1099 1092 1093
1098 1092 1099
1100 1093 1094
1099 1093 1100
1101 1094 1095
1100 1094 1101
1102 1095 1096
1101 1095 1102
1103 1096 1097
1102 1096 1103
1103 1097 1104
1075 1098 1105
1105 1098 1099
1106 1099 1100
1105 1099 1106
1107 1100 1101
1106 1100 1107
1108 1101 1102
1107 1101 1108
1109 1102 1103
1108 1102 1109
1110 1103 1104
1109 1103 1110
1110 1104 1111
1112 1075 1105
1076 1075 1112
1113 1076 1112
1114 1105 1106
1112 1105 1114
1113 1112 1115
1115 1112 1114
1116 1113 1115
1117 1110 1111
1117 1111 1118
1119 1109 1110
1119 1110 1117
1114 1106 1120
1120 1106 1107
1116 1115 1121
1122 1116 1121
1115 1114 1123
1123 1114 1120
1121 1115 1123
1124 1117 1118
1124 1118 1125
1120 1107 1126
1126 1107 1108
1122 1121 1127
1128 1122 1127
1121 1123 1129
1127 1121 1129
1123 1120 1130
1130 1120 1126
1129 1123 1130
1126 1108 1131
1131 1108 1109
1131 1109 1119
1128 1127 1132
1133 1128 1132
1127 1129 1134
1132 1127 1134
1130 1126 1135
1135 1126 1131
1129 1130 1136
1134 1129 1136
1136 1130 1135
1137 1131 1119
1135 1131 1137
1133 1132 1138
1139 1133 1138
1132 1134 1140
1138 1132 1140
1136 1135 1141
1141 1135 1137
1134 1136 1142
1140 1134 1142
1142 1136 1141
1137 1119 1143
1143 1119 1117
1143 1117 1124
1139 1138 1144
1145 1139 1144
1138 1140 1146
1144 1138 1146
1140 1142 1147
1146 1140 1147
1142 1141 1148
1147 1142 1148
1141 1137 1149
1149 1137 1143
1148 1141 1149
1150 1143 1124
1149 1143 1150
1145 1144 1151
1152 1145 1151
1144 1146 1153
1151 1144 1153
1146 1147 1154
1153 1146 1154
1147 1148 1155
1154 1147 1155
1148 1149 1156
1156 1149 1150
1155 1148 1156
1150 1124 1157
1157 1124 1125
1157 1125 1158
1156 1150 1159
1159 1150 1157
1160 1157 1158
1159 1157 1160
1160 1158 1161
1155 1156 1162
1162 1156 1159
1154 1155 1163
1163 1155 1162
1164 1159 1160
1162 1159 1164
1165 1160 1161
1164 1160 1165
1165 1161 1166
1167 1162 1164
1163 1162 1167
1168 1154 1163
1153 1154 1168
1169 1164 1165
1167 1164 1169
1170 1165 1166
1169 1165 1170
1170 1166 1171
1172 1163 1167
1168 1163 1172
1173 1153 1168
1151 1153 1173
1174 1167 1169
1172 1167 1174
1175 1169 1170
1174 1169 1175
1176 1170 1171
1175 1170 1176
1176 1171 1177
1178 1168 1172
1173 1168 1178
1179 1151 1173
1152 1151 1179
1180 1152 1179
1180 1179 1181
1179 1173 1182
1181 1179 1182
1182 1173 1178
1181 1182 1183
1183 1182 1184
1182 1178 1184
1183 1184 1185
1178 1172 1186
1184 1178 1186
1186 1172 1174
1184 1186 1187
1184 1187 1185
1186 1174 1188
1187 1186 1188
1188 1174 1175
1187 1188 1189
1185 1187 1189
1188 1175 1190
1189 1188 1190
1190 1175 1176
1185 1189 1191
1189 1190 1191
1190 1176 1192
1191 1190 1192
1192 1176 1177
1192 1177 1193
1185 1191 1194
1191 1192 1194
1194 1192 1193
1185 1194 1195
1194 1193 1195
1196 1197 1198
1198 1197 1199
1198 1199 1200
1199 1201 1200
1199 1202 1201
1203 1201 1202
1203 1204 1201
1204 1203 1205
1204 1205 1206
1205 1207 1206
1205 1208 1207
1209 1207 1208
1209 1210 1207
1209 1211 1210
1209 1212 1211
1212 1213 1211
1212 1214 1213
1215 1216 1217
1215 1217 1218
1219 1215 1218
1219 1218 1220
1221 1219 1220
1221 1220 1222
1223 1221 1222
1223 1224 1221
1225 1224 1223
1225 1223 1226
1227 1225 1226
1227 1226 1228
1229 1227 1228
1229 1230 1227
1231 1230 1229
1231 1229 1232
1233 1231 1232
1233 1234 1231
1235 1236 1237
1238 1237 1236
1238 1239 1237
1240 1239 1238
1240 1238 1241
1240 1241 1242
1240 1242 1243
1244 1243 1242
1244 1242 1245
1246 1244 1245
1246 1245 1247
1246 1247 1248
1246 1248 1249
1250 1249 1248
1250 1248 1251
1252 1250 1251
1252 1253 1250
1254 1255 1256
1254 1257 1255
1258 1257 1254
1258 1254 1259
1260 1258 1259
1260 1261 1258
1262 1261 1260
1262 1260 1263
1264 1262 1263
1264 1265 1262
1266 1265 1264
1266 1267 1265
1268 1267 1266
1268 1266 1269
1270 1268 1269
1270 1271 1268
1272 1271 1270
1272 1270 1273
1274 1275 1276
1275 1277 1276
1275 1278 1277
1277 1278 1279
1277 1279 1280
1281 1280 1279
1281 1279 1282
1282 1283 1281
1282 1284 1283
1283 1284 1285
1283 1285 1286
1287 1286 1285
1287 1285 1288
1287 1288 1289
1287 1289 1290
1290 1289 1291
1290 1291 1292
1293 1294 1295
1293 1296 1294
1297 1296 1293
1297 1298 1296
1299 1298 1297
1299 1300 1298
1301 1300 1299
1301 1299 1302
1303 1301 1302
1303 1304 1301
1305 1304 1303
1305 1306 1304
1307 1306 1305
1307 1305 1308
1309 1307 1308
1309 1310 1307
1311 1310 1309
1311 1309 1312
1313 1314 1315
1316 1315 1314
1316 1314 1317
1318 1316 1317
1318 1319 1316
1318 1320 1319
1318 1321 1320
1322 1320 1321
1322 1323 1320
1324 1323 1322
1324 1325 1323
1324 1326 1325
1324 1327 1326
1328 1326 1327
1328 1329 1326
1330 1329 1328
1330 1328 1331
1332 1333 1334
1332 1334 1335
1336 1332 1335
1336 1337 1332
1338 1337 1336
1338 1336 1339
1340 1338 1339
1340 1341 1338
1342 1341 1340
1342 1340 1343
1344 1342 1343
1344 1343 1345
1346 1344 1345
1346 1347 1344
1348 1347 1346
1348 1346 1349
1350 1348 1349
1350 1351 1348
1352 1353 1354
1352 1355 1353
1356 1355 1352
1355 1357 1353
1356 1358 1355
1359 1358 1356
1355 1360 1357
1358 1360 1355
1360 1361 1357
1359 1362 1358
1363 1362 1359
1358 1364 1360
1362 1364 1358
1360 1365 1361
1364 1365 1360
1363 1366 1362
1367 1366 1363
1368 1361 1365
1368 1369 1361
1364 1370 1365
1370 1368 1365
1362 1371 1364
1366 1371 1362
1371 1370 1364
1372 1369 1368
1372 1373 1369
1374 1373 1372
1374 1375 1373
1376 1374 1372
1376 1372 1377
1377 1372 1368
1378 1376 1377
1370 1379 1368
1377 1368 1379
1378 1377 1380
1380 1377 1379
1381 1378 1380
1371 1382 1370
1382 1379 1370
1380 1379 1383
1382 1383 1379
1381 1380 1384
1384 1380 1383
1385 1382 1371
1366 1385 1371
1382 1386 1383
1384 1383 1386
1387 1381 1384
1387 1388 1381
1382 1389 1386
1385 1389 1382
1390 1384 1386
1389 1390 1386
1390 1387 1384
1388 1387 1391
1388 1391 1392
1393 1389 1385
1389 1393 1390
1394 1385 1366
1393 1385 1394
1387 1390 1395
1387 1395 1391
1390 1393 1396
1396 1393 1394
1390 1396 1395
1397 1392 1391
1397 1398 1392
1394 1366 1399
1367 1399 1366
1396 1394 1400
1400 1394 1399
1401 1399 1367
1400 1399 1401
1401 1367 1402
1403 1391 1395
1403 1397 1391
1404 1395 1396
1400 1404 1396
1404 1403 1395
1405 1398 1397
1405 1406 1398
1402 1407 1401
1402 1408 1407
1401 1409 1400
1400 1409 1404
1401 1407 1409
1410 1397 1403
1410 1405 1397
1411 1403 1404
1409 1411 1404
1411 1410 1403
1406 1405 1412
1406 1412 1413
1412 1414 1413
1415 1412 1405
1415 1405 1410
1415 1414 1412
1410 1416 1415
1410 1411 1416
1416 1414 1415
1409 1417 1411
1407 1417 1409
1417 1416 1411
1418 1414 1416
1417 1418 1416
1407 1419 1417
1419 1418 1417
1408 1419 1407
1408 1420 1419
1421 1414 1418
1419 1421 1418
1420 1421 1419
1422 1414 1421
1420 1422 1421
1423 1424 1425
1423 1425 1426
1423 1426 1427
1423 1427 1428
1427 1429 1428
1430 1426 1425
1430 1425 1431
1426 1432 1427
1432 1429 1427
1426 1430 1432
1433 1430 1431
1431 1434 1433
1430 1435 1432
1433 1435 1430
1433 1434 1436
1437 1436 1434
1437 1438 1436
1439 1436 1438
1439 1440 1436
1441 1440 1439
1433 1436 1442
1442 1436 1440
1433 1443 1435
1433 1442 1443
1441 1444 1440
1444 1441 1445
1444 1445 1446
1447 1446 1445
1447 1448 1446
1449 1446 1448
1449 1450 1446
1444 1446 1450
1451 1450 1449
1440 1444 1452
1444 1450 1452
1451 1453 1450
1453 1452 1450
1454 1453 1451
1442 1440 1455
1440 1452 1455
1453 1456 1452
1456 1453 1454
1455 1452 1456
1442 1455 1457
1455 1456 1457
1442 1457 1443
1456 1454 1458
1457 1456 1458
1458 1454 1459
1443 1457 1460
1457 1458 1460
1458 1459 1461
1460 1458 1461
1443 1460 1462
1435 1443 1462
1461 1459 1463
1459 1464 1463
1465 1463 1464
1460 1461 1466
1462 1460 1466
1435 1462 1467
1432 1435 1467
1461 1463 1468
1466 1461 1468
1465 1469 1463
1468 1463 1469
1462 1466 1470
1467 1462 1470
1432 1467 1471
1429 1432 1471
1466 1468 1472
1470 1466 1472
1467 1470 1473
1471 1467 1473
1465 1474 1469
1465 1475 1474
1468 1469 1476
1472 1468 1476
1470 1472 1477
1473 1470 1477
1475 1478 1474
1475 1479 1478
1474 1478 1480
1481 1469 1474
1474 1480 1481
1481 1476 1469
1480 1482 1481
1476 1481 1482
1480 1483 1482
1472 1476 1484
1477 1472 1484
1476 1482 1484
1485 1482 1483
1485 1483 1486
1487 1484 1482
1477 1484 1487
1487 1482 1485
1488 1485 1486
1488 1486 1489
1489 1490 1488
1491 1477 1487
1473 1477 1491
1492 1487 1485
1492 1485 1488
1491 1487 1492
1493 1488 1490
1493 1492 1488
1494 1493 1490
1493 1494 1495
1496 1491 1492
1493 1496 1492
1493 1495 1497
1493 1497 1496
1497 1495 1498
1497 1498 1499
1497 1499 1496
1429 1499 1498
1496 1500 1491
1496 1499 1500
1429 1500 1499
1473 1491 1500
1429 1501 1500
1473 1500 1501
1471 1501 1429
1471 1473 1501
1502 1503 1504
1502 1504 1505
1506 1505 1504
1507 1502 1505
1507 1508 1502
1507 1509 1508
1510 1509 1507
1510 1507 1505
1511 1509 1510
1506 1512 1505
1510 1505 1512
1513 1512 1506
1513 1506 1514
1515 1510 1512
1515 1512 1513
1516 1513 1514
1516 1515 1513
1516 1514 1517
1510 1518 1511
1515 1518 1510
1517 1519 1516
1517 1520 1519
1520 1521 1519
1522 1521 1520
1516 1523 1515
1519 1523 1516
1511 1518 1524
1511 1524 1525
1515 1526 1518
1526 1515 1523
1519 1527 1523
1519 1521 1527
1523 1527 1528
1526 1523 1528
1518 1526 1529
1518 1529 1524
1525 1524 1530
1525 1530 1531
1532 1531 1530
1533 1528 1527
1527 1521 1533
1526 1528 1534
1526 1534 1529
1533 1534 1528
1524 1529 1535
1524 1535 1530
1535 1529 1534
1532 1530 1536
1537 1532 1536
1537 1536 1538
1536 1539 1538
1536 1540 1539
1541 1536 1530
1541 1530 1535
1536 1541 1540
1542 1534 1533
1521 1542 1533
1535 1534 1543
1541 1535 1543
1542 1543 1534
1544 1540 1541
1541 1543 1544
1542 1544 1543
1544 1545 1540
1542 1546 1544
1546 1545 1544
1542 1521 1546
1547 1545 1546
1546 1521 1547
1547 1521 1548
1549 1550 1551
1549 1552 1550
1549 1553 1552
1549 1554 1553
1550 1552 1555
1550 1555 1556
1557 1556 1555
1557 1555 1558
1552 1558 1555
1552 1553 1558
1557 1558 1559
1559 1558 1553
1560 1553 1554
1559 1553 1560
1560 1554 1561
1554 1562 1561
1560 1561 1563
1563 1559 1560
1562 1564 1561
1563 1561 1564
1565 1564 1562
1566 1564 1565
1566 1567 1564
1568 1567 1566
1568 1569 1567
1567 1570 1564
1563 1564 1570
1571 1567 1569
1567 1571 1570
1571 1569 1572
1573 1571 1572
1570 1571 1573
1570 1573 1574
1574 1563 1570
1575 1574 1573
1574 1576 1563
1563 1576 1559
1575 1577 1574
1577 1576 1574
1575 1578 1577
1579 1578 1575
1578 1579 1580
1576 1581 1559
1559 1581 1557
1577 1582 1576
1578 1582 1577
1583 1581 1576
1581 1583 1557
1583 1576 1582
1584 1583 1582
1557 1583 1584
1578 1580 1585
1586 1585 1580
1578 1587 1582
1584 1582 1587
1586 1588 1585
1589 1588 1586
1590 1578 1585
1590 1587 1578
1589 1591 1588
1591 1589 1592
1585 1588 1593
1585 1593 1590
1591 1593 1588
1591 1592 1594
1594 1592 1595
1594 1595 1596
1594 1597 1591
1591 1597 1593
1596 1598 1594
1594 1598 1597
1596 1599 1598
1596 1600 1599
1601 1598 1599
1601 1597 1598
1597 1601 1602
1597 1602 1593
1593 1602 1603
1593 1603 1590
1603 1604 1590
1603 1605 1604
1604 1587 1590
1604 1605 1606
1604 1607 1587
1584 1587 1607
1604 1606 1608
1607 1604 1608
1584 1607 1609
1557 1584 1609
1610 1608 1606
1610 1606 1611
1611 1612 1610
1613 1610 1612
1607 1608 1614
1614 1609 1607
1614 1608 1610
1557 1609 1615
1614 1615 1609
1614 1610 1616
1613 1616 1610
1616 1615 1614
1557 1615 1617
1616 1617 1615
1557 1617 1618
1619 1618 1617
1619 1617 1616
1613 1619 1616
1613 1620 1619
1621 1622 1623
1621 1624 1622
1624 1621 1625
1622 1624 1626
1622 1626 1627
1626 1628 1627
1626 1629 1628
1625 1630 1624
1625 1631 1630
1632 1630 1631
1633 1626 1624
1630 1633 1624
1633 1629 1626
1634 1630 1632
1630 1634 1633
1634 1632 1635
1636 1634 1635
1636 1637 1634
1637 1633 1634
1637 1636 1638
1639 1629 1633
1637 1639 1633
1637 1638 1640
1640 1639 1637
1641 1640 1638
1641 1642 1640
1642 1643 1640
1640 1643 1639
1642 1644 1643
1645 1643 1644
1645 1639 1643
1645 1644 1646
1639 1647 1629
1645 1647 1639
1628 1629 1647
1646 1648 1645
1646 1649 1648
1645 1650 1647
1650 1628 1647
1645 1648 1650
1651 1648 1649
1651 1649 1652
1648 1653 1650
1648 1651 1653
1628 1650 1653
1652 1654 1651
1653 1651 1654
1652 1655 1654
1628 1653 1656
1653 1654 1656
1655 1657 1654
1655 1658 1657
1659 1657 1658
1654 1660 1656
1654 1657 1660
1659 1661 1657
1661 1660 1657
1662 1661 1659
1628 1656 1663
1660 1663 1656
1662 1664 1661
1664 1662 1665
1664 1665 1666
1661 1667 1660
1660 1667 1663
1663 1668 1628
1668 1669 1628
1670 1668 1663
1669 1668 1670
1670 1663 1667
1669 1670 1671
1672 1671 1670
1672 1670 1673
1667 1673 1670
1667 1674 1673
1661 1675 1667
1667 1675 1674
1664 1675 1661
1675 1676 1674
1664 1676 1675
1676 1664 1666
1676 1666 1677
1678 1679 1680
1678 1680 1681
1682 1681 1680
1682 1683 1681
1681 1684 1678
1681 1683 1684
1684 1685 1678
1686 1683 1682
1684 1683 1686
1684 1687 1685
1687 1688 1685
1684 1686 1689
1689 1687 1684
1687 1690 1688
1690 1691 1688
1690 1692 1691
1693 1690 1687
1689 1693 1687
1694 1692 1690
1693 1694 1690
1694 1695 1692
1694 1696 1695
1696 1694 1693
1695 1696 1697
1696 1693 1698
1697 1696 1698
1698 1693 1689
1697 1698 1699
1698 1700 1699
1698 1701 1700
1698 1689 1701
1702 1700 1701
1703 1701 1689
1703 1689 1686
1686 1682 1703
1702 1701 1704
1704 1701 1703
1705 1702 1704
1703 1682 1706
1704 1703 1706
1707 1705 1704
1707 1708 1705
1709 1704 1706
1709 1707 1704
1706 1682 1709
1710 1708 1707
1709 1710 1707
1710 1711 1708
1712 1711 1710
1710 1713 1712
1709 1714 1710
1682 1714 1709
1713 1710 1714
1682 1715 1714
1713 1714 1715
1682 1716 1715
1717 1713 1715
1717 1715 1716
1718 1719 1720
1719 1721 1720
1719 1722 1721
1722 1719 1723
1724 1721 1722
1722 1723 1725
1725 1723 1726
1724 1722 1727
1727 1722 1725
1728 1724 1727
1728 1727 1729
1729 1730 1728
1727 1725 1731
1731 1729 1727
1725 1726 1732
1731 1725 1732
1733 1732 1726
1733 1726 1734
1734 1735 1733
1734 1736 1735
1731 1732 1737
1738 1732 1733
1738 1737 1732
1731 1739 1729
1739 1731 1737
1740 1733 1735
1740 1738 1733
1741 1735 1736
1741 1736 1742
1743 1742 1736
1735 1741 1744
1735 1744 1740
1740 1744 1745
1740 1745 1746
1746 1738 1740
1747 1746 1745
1737 1738 1748
1746 1748 1738
1739 1737 1749
1737 1748 1749
1750 1739 1749
1750 1749 1748
1746 1751 1748
1751 1750 1748
1747 1752 1746
1746 1752 1751
1753 1752 1747
1753 1747 1754
1752 1755 1751
1751 1755 1750
1752 1753 1755
1756 1750 1755
1755 1757 1756
1755 1753 1757
1758 1757 1753
1759 1753 1754
1758 1753 1759
1759 1754 1760
1761 1758 1759
1760 1762 1759
1761 1759 1762
1760 1763 1762
1761 1762 1764
1762 1763 1765
1762 1765 1764
1766 1764 1765
1766 1765 1767
1768 1769 1750
1769 1768 1770
1771 1750 1769
1771 1739 1750
1729 1739 1771
1729 1771 1772
1772 1771 1769
1729 1772 1730
1769 1770 1773
1772 1769 1773
1773 1730 1772
1774 1773 1770
1773 1775 1730
1774 1776 1773
1776 1775 1773
1776 1774 1777
1776 1778 1775
1776 1777 1779
1779 1778 1776
1779 1780 1778
1777 1781 1779
1779 1782 1780
1779 1781 1782
1782 1781 1783
1782 1783 1784
1785 1786 1787
1785 1787 1788
1785 1788 1789
1785 1789 1790
1791 1790 1789
1788 1787 1792
1789 1788 1792
1791 1789 1793
1793 1789 1792
1794 1792 1787
1794 1787 1795
1794 1795 1796
1793 1792 1797
1797 1792 1794
1791 1793 1798
1797 1798 1793
1794 1796 1799
1800 1799 1796
1800 1796 1801
1802 1799 1800
1803 1794 1799
1797 1794 1803
1802 1804 1799
1803 1799 1804
1805 1797 1803
1804 1805 1803
1802 1806 1804
1804 1806 1805
1802 1807 1806
1808 1806 1807
1805 1806 1808
1808 1807 1809
1808 1809 1810
1810 1811 1808
1805 1808 1811
1810 1812 1811
1813 1811 1812
1805 1814 1797
1805 1811 1814
1797 1814 1798
1811 1815 1814
1813 1815 1811
1798 1814 1815
1813 1816 1815
1813 1817 1816
1798 1815 1818
1818 1815 1816
1818 1791 1798
1816 1817 1819
1819 1817 1820
1818 1816 1821
1821 1791 1818
1821 1816 1822
1816 1819 1822
1791 1821 1823
1821 1822 1823
1824 1791 1823
1822 1824 1823
1791 1824 1825
1824 1826 1825
1822 1827 1824
1824 1827 1826
1819 1827 1822
1819 1820 1828
1828 1820 1829
1828 1829 1830
1826 1827 1831
1826 1831 1832
1831 1827 1833
1819 1834 1827
1828 1834 1819
1833 1827 1834
1830 1835 1828
1828 1835 1834
1833 1834 1835
1830 1836 1835
1833 1835 1837
1836 1837 1835
1836 1838 1837
1839 1840 1841
1841 1840 1842
1841 1842 1843
1842 1844 1843
1842 1845 1844
1844 1846 1843
1844 1845 1847
1846 1844 1848
1844 1847 1848
1849 1846 1848
1850 1848 1847
1849 1848 1851
1851 1852 1849
1850 1853 1848
1851 1848 1853
1853 1850 1854
1851 1855 1852
1856 1852 1855
1851 1853 1857
1855 1851 1857
1853 1854 1858
1858 1857 1853
1854 1859 1858
1859 1860 1858
1858 1860 1857
1860 1859 1861
1861 1857 1860
1856 1855 1862
1863 1856 1862
1855 1857 1864
1861 1864 1857
1862 1855 1864
1863 1862 1865
1865 1866 1863
1865 1867 1866
1864 1868 1862
1865 1862 1868
1869 1867 1865
1865 1868 1869
1870 1869 1868
1869 1871 1867
1864 1872 1868
1872 1864 1861
1870 1868 1872
1873 1871 1869
1870 1873 1869
1873 1874 1871
1873 1875 1874
1873 1876 1875
1870 1876 1873
1876 1877 1875
1876 1878 1877
1879 1877 1878
1879 1878 1880
1881 1878 1876
1870 1881 1876
1882 1880 1878
1881 1882 1878
1882 1883 1880
1884 1883 1882
1884 1885 1883
1886 1882 1881
1882 1886 1884
1887 1881 1870
1886 1881 1887
1885 1884 1888
1885 1888 1889
1890 1884 1886
1890 1888 1884
1891 1889 1888
1891 1892 1889
1887 1870 1893
1870 1872 1893
1894 1893 1872
1894 1887 1893
1887 1895 1886
1895 1890 1886
1896 1891 1888
1896 1888 1890
1892 1891 1897
1897 1898 1892
1894 1872 1899
1872 1861 1899
1859 1899 1861
1899 1859 1894
1894 1900 1887
1887 1900 1895
1900 1894 1859
1859 1895 1900
1895 1901 1890
1901 1895 1859
1890 1901 1902
1859 1902 1901
1903 1902 1859
1890 1902 1896
1903 1896 1902
1903 1904 1896
1891 1896 1904
1891 1904 1905
1897 1891 1905
1897 1905 1906
1907 1897 1906
1907 1898 1897
1908 1898 1907
1908 1907 1909
1910 1908 1909
1911 1912 1913
1911 1914 1912
1914 1915 1912
1914 1911 1916
1914 1917 1915
1914 1916 1918
1917 1914 1918
1919 1918 1916
1917 1918 1920
1919 1921 1918
1921 1920 1918
1919 1922 1921
1921 1923 1920
1922 1923 1921
1924 1923 1922
1922 1925 1924
1926 1925 1922
1922 1927 1926
1928 1926 1927
1922 1929 1927
1922 1930 1929
1928 1927 1931
1931 1927 1929
1931 1932 1928
1933 1929 1930
1931 1929 1933
1933 1930 1934
1935 1933 1934
1931 1936 1932
1936 1931 1933
1937 1932 1936
1937 1936 1938
1935 1939 1933
1936 1933 1939
1939 1938 1936
1939 1935 1940
1939 1941 1938
1939 1940 1941
1942 1938 1941
1942 1941 1940
1943 1944 1945
1943 1945 1946
1947 1943 1946
1947 1948 1943
1945 1949 1946
1945 1950 1949
1949 1950 1951
1952 1946 1949
1952 1947 1946
1952 1949 1951
1953 1948 1947
1948 1953 1954
1947 1952 1955
1953 1947 1955
1956 1954 1953
1957 1954 1956
1957 1956 1958
1956 1959 1958
1956 1960 1959
1960 1961 1959
1956 1953 1962
1960 1956 1962
1963 1953 1955
1963 1962 1953
1960 1964 1961
1965 1961 1964
1965 1964 1966
1967 1965 1966
1967 1966 1968
1966 1969 1968
1966 1970 1969
1964 1970 1966
1970 1971 1969
1960 1972 1964
1964 1972 1970
1970 1973 1971
1972 1973 1970
1974 1971 1973
1960 1962 1975
1960 1975 1972
1972 1976 1973
1976 1974 1973
1976 1972 1975
1977 1975 1962
1976 1975 1977
1977 1962 1963
1976 1978 1974
1978 1976 1977
1979 1974 1978
1980 1977 1963
1978 1977 1980
1979 1978 1981
1981 1978 1980
1980 1963 1982
1982 1963 1955
1983 1979 1981
1979 1983 1984
1983 1985 1984
1981 1980 1986
1986 1980 1982
1982 1955 1987
1987 1955 1952
1983 1981 1988
1988 1981 1986
1983 1989 1985
1989 1983 1988
1986 1982 1990
1990 1982 1987
1987 1952 1991
1951 1991 1952
1988 1986 1992
1992 1986 1990
1990 1987 1993
1993 1987 1991
1985 1989 1994
1985 1994 1995
1989 1988 1996
1996 1988 1992
1992 1990 1997
1997 1990 1993
1995 1994 1998
1995 1998 1999
2000 1998 1994
2001 1994 1989
2000 1994 2001
2001 1989 1996
2000 2001 2002
1996 2002 2001
2000 2002 2003
1996 1992 2004
2004 1992 1997
1996 2004 2002
2005 2003 2002
2005 2006 2003
2002 2004 2007
2004 1997 2007
2002 2007 2005
2006 2005 2008
2006 2008 2009
2009 2008 2010
2007 1997 2011
1997 1993 2011
2005 2007 2012
2005 2012 2008
2007 2011 2012
2008 2013 2010
2008 2012 2013
2014 2010 2013
2015 2014 2013
2016 2012 2011
2013 2012 2016
2015 2013 2017
2013 2016 2017
2018 2015 2017
2018 2017 2019
2017 2016 2019
1951 2018 2019
2020 2016 2011
2020 2019 2016
1993 2020 2011
1951 2019 2020
1993 2021 2020
1951 2020 2021
1993 1991 2021
1991 1951 2021
2022 2023 2024
2022 2025 2023
2026 2023 2025
2022 2027 2025
2022 2028 2027
2027 2028 2029
2030 2027 2029
2025 2027 2030
2031 2030 2029
2026 2025 2032
2025 2030 2032
2026 2032 2033
2026 2033 2034
2032 2030 2035
2032 2035 2033
2036 2034 2033
2036 2033 2035
2036 2037 2034
2030 2031 2038
2035 2030 2038
2037 2036 2039
2037 2039 2040
2040 2039 2041
2042 2040 2041
2036 2035 2043
2039 2036 2043
2044 2038 2031
2044 2031 2045
2035 2038 2046
2043 2035 2046
2039 2043 2047
2039 2047 2041
2043 2048 2047
2043 2046 2048
2038 2049 2046
2038 2044 2049
2045 2050 2044
2045 2051 2050
2052 2050 2051
2053 2047 2048
2047 2053 2041
2046 2054 2048
2046 2049 2054
2053 2048 2054
2055 2049 2044
2055 2044 2050
2054 2049 2055
2052 2056 2050
2057 2056 2052
2057 2058 2056
2056 2058 2059
2060 2056 2059
2050 2056 2061
2050 2061 2055
2060 2061 2056
2062 2053 2054
2041 2053 2062
2054 2055 2063
2063 2055 2061
2062 2054 2063
2060 2064 2061
2063 2061 2064
2064 2062 2063
2060 2065 2064
2064 2066 2062
2066 2064 2065
2062 2066 2041
2067 2066 2065
2066 2067 2041
2067 2068 2041
2069 2070 2071
2069 2072 2070
2073 2072 2069
2073 2069 2074
2075 2073 2074
2075 2076 2073
2076 2072 2073
2075 2077 2076
2070 2072 2078
2076 2078 2072
2078 2076 2077
2070 2078 2079
2079 2078 2080
2078 2077 2080
2079 2080 2081
2079 2081 2082
2080 2083 2081
2083 2080 2077
2082 2081 2084
2084 2081 2083
2085 2082 2084
2086 2085 2084
2086 2084 2087
2088 2086 2087
2088 2087 2089
2087 2084 2090
2084 2083 2090
2091 2089 2087
2087 2090 2091
2091 2092 2089
2093 2092 2091
2093 2091 2090
2093 2090 2094
2083 2094 2090
2094 2095 2093
2083 2077 2096
2083 2096 2094
2094 2097 2095
2097 2094 2096
2095 2097 2098
2099 2095 2098
2100 2099 2098
2096 2077 2101
2077 2075 2101
2097 2096 2102
2098 2097 2102
2103 2096 2101
2101 2075 2103
2103 2102 2096
2102 2103 2104
2075 2104 2103
2100 2098 2105
2105 2106 2100
2098 2102 2107
2102 2104 2107
2105 2108 2106
2108 2109 2106
2110 2105 2098
2110 2098 2107
2108 2111 2109
2111 2112 2109
2113 2108 2105
2113 2105 2110
2111 2108 2113
2111 2114 2112
2115 2112 2114
2115 2114 2116
2114 2111 2117
2111 2113 2117
2116 2114 2118
2114 2117 2118
2119 2116 2118
2119 2120 2116
2118 2121 2119
2118 2117 2121
2122 2121 2117
2122 2117 2113
2123 2122 2113
2123 2113 2110
2123 2110 2124
2123 2124 2125
2107 2124 2110
2126 2125 2124
2107 2127 2124
2104 2127 2107
2126 2124 2128
2128 2124 2127
2104 2129 2127
2075 2129 2104
2126 2128 2130
2126 2130 2131
2131 2130 2132
2130 2133 2132
2128 2127 2134
2134 2127 2129
2134 2130 2128
2075 2135 2129
2134 2129 2135
2134 2136 2130
2130 2136 2133
2136 2134 2135
2075 2137 2135
2136 2135 2137
2075 2138 2137
2139 2137 2138
2139 2136 2137
2139 2133 2136
2139 2140 2133
2141 2142 2143
2141 2144 2142
2144 2145 2142
2141 2146 2144
2141 2147 2146
2146 2147 2148
2146 2148 2149
2150 2145 2144
2150 2151 2145
2152 2151 2150
2146 2153 2144
2150 2144 2153
2146 2149 2153
2154 2152 2150
2150 2153 2154
2154 2155 2152
2154 2156 2155
2154 2157 2156
2153 2157 2154
2158 2156 2157
2159 2153 2149
2153 2159 2157
2158 2157 2160
2159 2160 2157
2161 2158 2160
2161 2160 2162
2162 2160 2163
2159 2163 2160
2162 2163 2164
2164 2163 2165
2165 2163 2159
2164 2165 2166
2159 2149 2167
2165 2159 2167
2148 2167 2149
2166 2165 2168
2166 2168 2169
2165 2167 2170
2170 2167 2148
2165 2170 2168
2169 2168 2171
2169 2171 2172
2173 2168 2170
2173 2171 2168
2148 2173 2170
2174 2172 2171
2173 2174 2171
2174 2175 2172
2148 2176 2173
2173 2176 2174
2177 2175 2174
2177 2178 2175
2177 2179 2178
2180 2174 2176
2180 2177 2174
2177 2181 2179
2181 2177 2180
2181 2182 2179
2148 2183 2176
2180 2176 2183
2181 2180 2184
2180 2183 2184
2181 2185 2182
2186 2182 2185
2186 2185 2187
2183 2148 2188
2188 2148 2189
2183 2188 2190
2190 2188 2189
2183 2190 2184
2190 2189 2191
2190 2191 2192
2190 2192 2193
2184 2190 2193
2194 2184 2193
2181 2184 2195
2194 2195 2184
2195 2185 2181
2195 2194 2196
2195 2196 2185
2196 2187 2185
2196 2197 2187
2198 2199 2200
2198 2201 2199
2202 2199 2201
2202 2201 2203
2201 2198 2204
2201 2204 2203
2205 2204 2198
2206 2202 2203
2204 2206 2203
2205 2207 2204
2208 2207 2205
2204 2209 2206
2207 2209 2204
2208 2210 2207
2211 2210 2208
2211 2212 2210
2210 2213 2207
2207 2213 2209
2214 2210 2212
2210 2214 2213
2215 2214 2212
2215 2216 2214
2213 2214 2216
2215 2217 2216
2213 2216 2218
2217 2218 2216
2218 2209 2213
2217 2219 2218
2218 2219 2220
2218 2220 2221
2218 2221 2209
2221 2220 2222
2209 2221 2223
2209 2223 2206
2206 2223 2202
2221 2222 2224
2223 2221 2224
2225 2224 2222
2223 2226 2202
2223 2224 2226
2225 2227 2224
2225 2228 2227
2224 2229 2226
2224 2227 2229
2226 2229 2202
2228 2230 2227
2229 2227 2230
2228 2231 2230
2232 2230 2231
2230 2232 2233
2229 2230 2234
2202 2229 2234
2233 2234 2230
2202 2234 2235
2233 2235 2234
2202 2235 2236
2237 2235 2233
2237 2236 2235
2238 2239 2240
2238 2240 2241
2240 2242 2241
2243 2238 2241
2243 2244 2238
2245 2244 2243
2241 2242 2246
2242 2247 2246
2242 2248 2247
2249 2247 2248
2249 2248 2250
2251 2247 2249
2251 2252 2247
2252 2246 2247
2253 2252 2251
2253 2254 2252
2252 2255 2246
2255 2252 2254
2255 2241 2246
2255 2254 2256
2257 2243 2241
2255 2257 2241
2255 2256 2258
2255 2258 2257
2258 2256 2259
2257 2260 2243
2243 2260 2245
2257 2261 2260
2257 2258 2261
2245 2260 2261
2262 2261 2258
2261 2262 2245
2258 2259 2263
2262 2258 2263
2262 2264 2245
2263 2264 2262
2265 2263 2259
2265 2259 2266
2267 2265 2266
2263 2268 2264
2265 2268 2263
2267 2269 2265
2270 2269 2267
2270 2271 2269
2272 2268 2265
2272 2265 2269
2269 2271 2273
2272 2269 2273
2273 2271 2274
2275 2264 2268
2272 2275 2268
2245 2264 2276
2275 2276 2264
2277 2272 2273
2273 2274 2277
2245 2276 2278
2245 2278 2279
2278 2280 2279
2277 2281 2272
2272 2281 2275
2282 2277 2274
2281 2277 2282
2282 2274 2283
2284 2278 2276
2284 2276 2275
2285 2275 2281
2281 2282 2285
2285 2284 2275
2283 2286 2282
2286 2285 2282
2283 2287 2286
2286 2288 2285
2289 2285 2288
2289 2284 2285
2278 2284 2290
2289 2290 2284
2278 2290 2280
2280 2290 2289
2280 2289 2291
2292 2293 2294
2292 2295 2293
2295 2292 2296
2297 2293 2295
2295 2296 2298
2297 2295 2299
2298 2299 2295
2299 2300 2297
2298 2301 2299
2299 2302 2300
2302 2299 2301
2300 2302 2303
2302 2301 2304
2303 2302 2304
2305 2303 2304
2303 2305 2306
2307 2303 2306
2303 2307 2308
2309 2308 2307
2303 2308 2310
2303 2310 2311
2309 2312 2308
2312 2310 2308
2313 2312 2309
2314 2311 2310
2312 2314 2310
2314 2315 2311
2314 2316 2315
2313 2317 2312
2317 2314 2312
2318 2317 2313
2318 2319 2317
2314 2320 2316
2317 2320 2314
2319 2320 2317
2321 2316 2320
2319 2322 2320
2321 2320 2322
2323 2322 2319
2323 2321 2322
2324 2325 2326
2324 2326 2327
2328 2324 2327
2327 2326 2329
2328 2327 2330
2331 2328 2330
2327 2329 2332
2330 2327 2332
2332 2329 2333
2331 2330 2334
2335 2331 2334
2330 2332 2336
2334 2330 2336
2332 2333 2337
2336 2332 2337
2335 2334 2338
2339 2335 2338
2340 2337 2333
2340 2333 2341
2336 2337 2342
2342 2337 2340
2334 2336 2343
2338 2334 2343
2343 2336 2342
2344 2340 2341
2344 2341 2345
2346 2344 2345
2346 2345 2347
2348 2344 2346
2348 2349 2344
2349 2340 2344
2350 2349 2348
2342 2340 2351
2349 2351 2340
2350 2352 2349
2352 2351 2349
2353 2352 2350
2343 2342 2354
2354 2342 2351
2352 2355 2351
2354 2351 2355
2353 2356 2352
2356 2355 2352
2357 2343 2354
2338 2343 2357
2354 2355 2358
2356 2358 2355
2359 2356 2353
2359 2353 2360
2354 2358 2361
2357 2354 2361
2362 2358 2356
2361 2358 2362
2362 2356 2359
2360 2363 2359
2360 2364 2363
2365 2357 2361
2361 2362 2365
2366 2338 2357
2365 2366 2357
2359 2367 2362
2359 2363 2367
2362 2368 2365
2368 2366 2365
2362 2367 2368
2369 2363 2364
2369 2364 2370
2366 2371 2338
2339 2338 2371
2372 2367 2363
2372 2363 2369
2373 2368 2367
2373 2367 2372
2368 2374 2366
2374 2371 2366
2374 2368 2373
2375 2339 2371
2374 2375 2371
2375 2376 2339
2377 2369 2370
2377 2370 2378
2379 2372 2369
2379 2369 2377
2374 2373 2380
2375 2374 2380
2376 2375 2381
2375 2380 2381
2376 2381 2382
2383 2373 2372
2380 2373 2383
2383 2372 2379
2378 2384 2377
2378 2385 2384
2384 2385 2386
2387 2377 2384
2387 2379 2377
2387 2384 2386
2379 2387 2388
2379 2388 2383
2388 2387 2386
2380 2383 2389
2381 2380 2389
2389 2383 2388
2382 2381 2390
2381 2389 2390
2382 2390 2391
2389 2388 2392
2392 2388 2386
2390 2389 2392
2391 2390 2393
2390 2392 2393
2393 2392 2386
2391 2393 2394
2394 2393 2386
2395 2396 2397
2396 2395 2398
2396 2398 2399
2395 2400 2398
2395 2401 2400
2400 2401 2402
2399 2398 2403
2399 2403 2404
2398 2400 2405
2398 2405 2403
2402 2406 2400
2402 2407 2406
2408 2406 2407
2400 2406 2409
2400 2409 2405
2409 2406 2408
2404 2403 2410
2404 2410 2411
2412 2403 2405
2412 2410 2403
2409 2413 2405
2405 2413 2412
2414 2411 2410
2414 2415 2411
2409 2416 2413
2409 2408 2416
2417 2410 2412
2417 2414 2410
2412 2413 2418
2416 2418 2413
2412 2418 2417
2419 2415 2414
2419 2420 2415
2421 2414 2417
2421 2419 2414
2422 2420 2419
2422 2423 2420
2424 2422 2419
2424 2419 2421
2425 2423 2422
2424 2425 2422
2425 2426 2423
2424 2427 2425
2421 2428 2424
2429 2421 2417
2421 2429 2428
2429 2417 2418
2428 2429 2430
2429 2418 2431
2431 2430 2429
2431 2418 2432
2416 2432 2418
2408 2432 2416
2431 2433 2430
2433 2434 2430
2431 2432 2435
2431 2435 2433
2408 2435 2432
2433 2436 2434
2435 2436 2433
2436 2437 2434
2408 2438 2435
2435 2438 2436
2436 2439 2437
2438 2439 2436
2408 2440 2438
2438 2440 2439
2440 2408 2441
2442 2437 2439
2440 2442 2439
2440 2441 2442
2442 2441 2443
2442 2443 2444
2442 2445 2437
2442 2444 2445
2445 2444 2446
2446 2447 2445
2448 2449 2450
2448 2450 2451
2451 2450 2452
2453 2448 2451
2451 2452 2454
2455 2454 2452
2456 2454 2455
2454 2456 2457
2457 2451 2454
2456 2458 2457
2457 2459 2451
2453 2451 2459
2458 2459 2457
2453 2459 2460
2458 2460 2459
2453 2460 2461
2458 2456 2462
2460 2458 2462
2460 2463 2461
2464 2461 2463
2464 2463 2465
2460 2462 2466
2463 2460 2466
2465 2463 2467
2463 2466 2467
2466 2462 2468
2456 2468 2462
2465 2467 2469
2469 2470 2465
2469 2471 2470
2467 2466 2472
2466 2468 2472
2471 2469 2473
2471 2473 2474
2475 2474 2473
2475 2473 2476
2469 2467 2477
2469 2477 2473
2477 2476 2473
2467 2472 2477
2477 2478 2476
2472 2478 2477
2479 2476 2478
2472 2480 2478
2468 2480 2472
2479 2478 2480
2468 2481 2480
2468 2456 2481
2479 2480 2482
2481 2482 2480
2482 2483 2479
2481 2484 2482
2481 2456 2484
2482 2485 2483
2485 2482 2484
2485 2486 2483
2456 2487 2484
2485 2484 2487
2485 2488 2486
2487 2488 2485
2456 2489 2487
2487 2489 2488
2490 2489 2456
2489 2490 2491
2489 2491 2488
2492 2488 2491
2492 2486 2488
2493 2486 2492
2493 2492 2494
2495 2493 2494
2496 2497 2498
2496 2498 2499
2499 2498 2500
2501 2496 2499
2501 2502 2496
2503 2502 2501
2504 2503 2501
2504 2501 2499
2503 2504 2505
2505 2506 2503
2499 2500 2507
2504 2499 2507
2507 2505 2504
2508 2507 2500
2507 2509 2505
2508 2509 2507
2506 2505 2509
2510 2509 2508
2510 2511 2509
2511 2512 2509
2506 2509 2512
2506 2512 2513
2511 2514 2512
2513 2512 2514
2514 2511 2515
2514 2515 2516
2516 2517 2514
2513 2514 2517
2506 2513 2518
2503 2506 2518
2516 2519 2517
2520 2519 2516
2521 2518 2513
2518 2521 2503
2520 2522 2519
2523 2522 2520
2523 2524 2522
2525 2522 2524
2525 2519 2522
2525 2524 2526
2517 2519 2527
2525 2527 2519
2513 2517 2528
2517 2527 2528
2529 2527 2525
2530 2529 2525
2529 2531 2527
2528 2527 2531
2529 2532 2531
2513 2528 2533
2521 2513 2533
2528 2531 2534
2532 2534 2531
2533 2528 2534
2521 2533 2535
2533 2534 2535
2532 2536 2534
2532 2537 2536
2521 2535 2538
2538 2503 2521
2534 2539 2535
2534 2536 2539
2539 2538 2535
2537 2540 2536
2540 2539 2536
2537 2541 2540
2540 2541 2542
2539 2543 2538
2538 2543 2503
2544 2540 2542
2544 2542 2545
2544 2545 2546
2547 2544 2546
2547 2546 2548
2547 2548 2549
2550 2547 2549
2540 2551 2539
2539 2551 2543
2551 2540 2544
2552 2550 2503
2550 2552 2547
2503 2543 2553
2503 2553 2552
2551 2553 2543
2553 2547 2552
2547 2554 2544
2551 2544 2554
2553 2554 2547
2553 2551 2554
2555 2556 2557
2555 2558 2556
2559 2558 2555
2558 2560 2556
2559 2561 2558
2561 2559 2562
2558 2563 2560
2561 2563 2558
2564 2560 2563
2564 2565 2560
2564 2566 2565
2567 2566 2564
2564 2563 2568
2561 2568 2563
2564 2568 2567
2561 2562 2569
2568 2561 2569
2567 2568 2570
2568 2569 2570
2571 2569 2562
2570 2569 2571
2571 2562 2572
2573 2567 2570
2573 2566 2567
2574 2573 2570
2570 2571 2574
2575 2571 2572
2575 2572 2576
2577 2573 2574
2573 2577 2566
2578 2574 2571
2577 2574 2578
2578 2571 2575
2579 2577 2578
2579 2566 2577
2575 2580 2578
2579 2578 2580
2576 2581 2575
2575 2581 2580
2576 2582 2581
2583 2582 2576
2583 2584 2582
2585 2582 2584
2585 2584 2586
2582 2585 2587
2582 2587 2581
2588 2581 2587
2588 2580 2581
2580 2588 2589
2579 2580 2590
2580 2589 2590
2579 2590 2591
2591 2566 2579
2592 2590 2589
2592 2589 2593
2594 2591 2590
2566 2591 2594
2594 2590 2592
2566 2594 2595
2592 2595 2594
2596 2566 2595
2597 2592 2593
2592 2597 2595
2597 2593 2598
2595 2597 2599
2598 2599 2597
2595 2599 2596
2598 2600 2599
2601 2596 2599
2600 2601 2599
2596 2601 2602
2600 2603 2601
2602 2601 2603
2602 2603 2604
2605 2606 2607
2605 2608 2606
2609 2608 2605
2608 2610 2606
2609 2611 2608
2612 2611 2609
2608 2613 2610
2611 2613 2608
2613 2614 2610
2612 2615 2611
2616 2615 2612
2613 2617 2614
2618 2614 2617
2611 2619 2613
2619 2611 2615
2617 2613 2619
2616 2620 2615
2619 2615 2620
2616 2621 2620
2617 2619 2622
2620 2622 2619
2621 2623 2620
2620 2623 2622
2621 2624 2623
2618 2617 2625
2625 2617 2622
2626 2623 2624
2622 2623 2626
2624 2627 2626
2627 2624 2628
2629 2627 2628
2622 2626 2630
2625 2622 2630
2627 2630 2626
2625 2631 2618
2618 2631 2632
2629 2633 2627
2634 2633 2629
2635 2633 2634
2636 2625 2630
2625 2636 2631
2627 2637 2630
2633 2637 2627
2636 2630 2637
2633 2638 2637
2635 2638 2633
2636 2637 2638
2639 2638 2635
2636 2638 2639
2631 2636 2639
2639 2635 2640
2632 2631 2641
2631 2639 2641
2641 2639 2640
2641 2640 2642
2632 2641 2643
2643 2641 2642
2643 2642 2644
2644 2645 2643
2644 2646 2645
2647 2648 2649
2647 2650 2648
2651 2650 2647
2651 2652 2650
2653 2650 2652
2652 2651 2654
2653 2652 2655
2655 2656 2653
2652 2654 2657
2655 2652 2657
2655 2658 2656
2658 2659 2656
2659 2658 2660
2660 2658 2655
2660 2655 2661
2655 2657 2661
2662 2657 2654
2662 2654 2663
2664 2660 2661
2659 2660 2664
2665 2661 2657
2664 2661 2665
2665 2657 2662
2665 2666 2664
2666 2659 2664
2667 2665 2662
2665 2667 2666
2668 2662 2663
2667 2662 2668
2667 2669 2666
2669 2659 2666
2667 2670 2669
2670 2667 2668
2668 2663 2671
2672 2671 2663
2673 2659 2669
2673 2669 2670
2670 2668 2674
2671 2674 2668
2672 2675 2671
2675 2672 2676
2671 2675 2677
2671 2677 2674
2675 2676 2678
2675 2678 2677
2678 2676 2679
2678 2679 2680
2681 2680 2679
2680 2682 2678
2682 2677 2678
2682 2683 2677
2674 2677 2683
2674 2683 2684
2684 2670 2674
2684 2685 2670
2673 2670 2685
2686 2673 2685
2686 2687 2673
2659 2673 2687
2686 2688 2687
2659 2687 2688
2689 2659 2688
2686 2690 2688
2689 2688 2690
2689 2690 2691
2691 2690 2692
2691 2692 2693
2693 2692 2694
2693 2694 2695
2696 2697 2698
2696 2699 2697
2699 2696 2700
2699 2700 2701
2702 2701 2700
2701 2702 2703
2702 2700 2704
2704 2705 2702
2704 2706 2705
2705 2706 2707
2708 2703 2702
2708 2702 2705
2708 2709 2703
2709 2708 2710
2710 2708 2711
2708 2705 2711
2710 2711 2712
2712 2711 2705
2713 2710 2712
2712 2705 2714
2705 2707 2714
2714 2713 2712
2707 2715 2714
2707 2716 2715
2715 2716 2717
2714 2718 2713
2714 2715 2718
2715 2717 2719
2719 2718 2715
2720 2719 2717
2710 2713 2721
2718 2721 2713
2719 2720 2722
2718 2719 2723
2719 2722 2723
2718 2724 2721
2718 2723 2724
2725 2722 2720
2725 2720 2726
2722 2725 2727
2722 2727 2728
2723 2722 2728
2728 2727 2729
2728 2729 2730
2723 2728 2731
2731 2728 2730
2724 2723 2731
2724 2732 2721
2732 2710 2721
2731 2730 2733
2734 2733 2730
2734 2735 2733
2724 2731 2736
2736 2731 2733
2724 2736 2732
2736 2733 2737
2737 2733 2735
2732 2736 2737
2737 2735 2738
2738 2735 2739
2732 2737 2740
2740 2737 2738
2740 2710 2732
2738 2739 2741
2741 2740 2738
2741 2739 2742
2741 2743 2740
2710 2740 2743
2741 2742 2744
2744 2743 2741
2710 2743 2745
2744 2745 2743
2746 2744 2742
2742 2747 2746
2710 2745 2748
2749 2710 2748
2748 2750 2749
2745 2744 2751
2745 2751 2748
2748 2751 2750
2746 2751 2744
2752 2750 2751
2752 2751 2746
2753 2752 2746
2753 2746 2747
2753 2747 2754
2753 2754 2755
2756 2757 2758
2758 2759 2756
2758 2760 2759
2756 2759 2761
2756 2761 2762
2761 2763 2762
2760 2764 2759
2760 2765 2764
2759 2766 2761
2759 2764 2766
2763 2761 2767
2763 2767 2768
2769 2768 2767
2761 2770 2767
2761 2766 2770
2770 2769 2767
2765 2771 2764
2765 2772 2771
2773 2766 2764
2773 2764 2771
2770 2766 2774
2766 2773 2774
2775 2771 2772
2775 2772 2776
2770 2774 2777
2770 2777 2769
2778 2773 2771
2778 2771 2775
2773 2779 2774
2777 2774 2779
2773 2778 2779
2780 2775 2776
2780 2776 2781
2782 2778 2775
2782 2775 2780
2783 2780 2781
2783 2781 2784
2785 2780 2783
2785 2782 2780
2786 2783 2784
2785 2783 2786
2786 2784 2787
2785 2786 2788
2782 2785 2789
2790 2778 2782
2782 2789 2790
2790 2779 2778
2789 2791 2790
2790 2792 2779
2792 2790 2791
2792 2793 2779
2777 2779 2793
2769 2777 2793
2792 2791 2794
2794 2791 2795
2792 2796 2793
2792 2794 2796
2769 2793 2796
2794 2795 2797
2796 2794 2797
2797 2795 2798
2769 2796 2799
2796 2797 2799
2797 2798 2800
2799 2797 2800
2769 2799 2801
2799 2800 2801
2801 2802 2769
2803 2800 2798
2801 2800 2803
2801 2803 2802
2803 2804 2802
2803 2805 2804
2803 2798 2806
2803 2806 2805
2806 2807 2805
2807 2806 2808
2809 2810 2811
2809 2812 2810
2812 2813 2810
2814 2812 2809
2812 2815 2813
2816 2813 2815
2817 2816 2815
2815 2818 2817
2818 2815 2812
2817 2818 2819
2818 2812 2820
2814 2820 2812
2819 2818 2820
2814 2821 2820
2819 2820 2821
2814 2822 2821
2819 2823 2817
2821 2823 2819
2821 2822 2824
2825 2824 2822
2825 2826 2824
2821 2827 2823
2824 2827 2821
2826 2828 2824
2824 2828 2827
2827 2829 2823
2817 2823 2829
2826 2830 2828
2830 2826 2831
2830 2831 2832
2828 2833 2827
2827 2833 2829
2832 2834 2830
2832 2835 2834
2836 2834 2835
2836 2837 2834
2830 2838 2828
2830 2834 2838
2838 2834 2837
2828 2838 2833
2838 2837 2839
2833 2838 2839
2840 2839 2837
2833 2839 2841
2829 2833 2841
2840 2841 2839
2829 2841 2842
2829 2842 2817
2840 2843 2841
2842 2841 2843
2843 2840 2844
2842 2843 2845
2842 2845 2817
2843 2844 2846
2846 2845 2843
2846 2844 2847
2817 2845 2848
2846 2848 2845
2846 2847 2849
2848 2846 2849
2817 2848 2850
2848 2849 2850
2851 2817 2850
2850 2852 2851
2850 2849 2852
2853 2852 2849
2853 2849 2847
2854 2853 2847
2854 2855 2853
2856 2855 2854
2857 2858 2859
2857 2860 2858
2860 2861 2858
2862 2860 2857
2862 2857 2863
2864 2862 2863
2865 2862 2864
2865 2860 2862
2864 2866 2865
2866 2864 2867
2860 2868 2861
2865 2868 2860
2868 2865 2866
2869 2861 2868
2868 2866 2870
2869 2868 2870
2867 2870 2866
2871 2869 2870
2871 2870 2872
2872 2870 2873
2867 2873 2870
2867 2874 2873
2872 2873 2875
2874 2875 2873
2875 2876 2872
2875 2877 2876
2877 2875 2878
2874 2878 2875
2867 2879 2874
2864 2879 2867
2877 2878 2880
2881 2877 2880
2882 2874 2879
2879 2864 2882
2881 2880 2883
2884 2881 2883
2884 2883 2885
2886 2885 2883
2886 2883 2880
2886 2887 2885
2878 2888 2880
2886 2880 2888
2874 2889 2878
2878 2889 2888
2890 2886 2888
2891 2886 2890
2890 2888 2892
2889 2892 2888
2890 2892 2893
2874 2894 2889
2882 2894 2874
2889 2895 2892
2893 2892 2895
2894 2895 2889
2882 2896 2894
2894 2896 2895
2893 2895 2897
2893 2897 2898
2882 2899 2896
2899 2882 2864
2895 2896 2900
2895 2900 2897
2900 2896 2899
2898 2897 2901
2901 2897 2900
2898 2901 2902
2901 2903 2902
2900 2899 2904
2899 2864 2904
2905 2903 2901
2905 2906 2903
2905 2907 2906
2908 2907 2905
2908 2909 2907
2908 2910 2909
2911 2910 2908
2901 2900 2912
2900 2904 2912
2912 2905 2901
2913 2864 2911
2911 2908 2913
2864 2914 2904
2864 2913 2914
2912 2904 2914
2914 2913 2908
2908 2905 2915
2912 2915 2905
2914 2908 2915
2914 2915 2912
2916 2917 2918
2916 2918 2919
2920 2916 2919
2919 2918 2921
2920 2919 2922
2922 2923 2920
2919 2921 2924
2922 2919 2924
2925 2924 2921
2925 2921 2926
2925 2926 2927
2928 2925 2927
2925 2929 2924
2922 2924 2929
2925 2928 2929
2922 2930 2923
2929 2930 2922
2928 2931 2929
2929 2931 2930
2932 2923 2930
2931 2932 2930
2932 2933 2923
2934 2931 2928
2934 2928 2927
2935 2931 2934
2931 2935 2932
2936 2933 2932
2936 2937 2933
2938 2935 2934
2934 2927 2938
2939 2932 2935
2938 2939 2935
2939 2936 2932
2940 2939 2938
2940 2938 2927
2936 2939 2941
2940 2941 2939
2937 2936 2942
2936 2941 2942
2937 2942 2943
2944 2937 2943
2944 2943 2945
2946 2945 2943
2946 2947 2945
2943 2948 2946
2943 2942 2948
2949 2948 2942
2949 2942 2941
2941 2950 2949
2940 2951 2941
2941 2951 2950
2952 2940 2927
2940 2952 2951
2953 2950 2951
2953 2954 2950
2955 2951 2952
2927 2955 2952
2955 2953 2951
2927 2956 2955
2953 2955 2956
2957 2956 2927
2958 2954 2953
2953 2956 2958
2958 2959 2954
2956 2960 2958
2959 2958 2960
2956 2957 2960
2959 2960 2961
2962 2960 2957
2961 2960 2962
2957 2963 2962
2961 2962 2964
2963 2964 2962
2963 2965 2964
2966 2967 2968
2966 2968 2969
2970 2966 2969
2969 2968 2971
2970 2969 2972
2973 2970 2972
2969 2971 2974
2972 2969 2974
2974 2971 2975
2973 2972 2976
2977 2973 2976
2974 2975 2978
2979 2978 2975
2972 2974 2980
2980 2976 2972
2978 2980 2974
2977 2976 2981
2980 2981 2976
2977 2981 2982
2978 2983 2980
2981 2980 2983
2982 2981 2984
2981 2983 2984
2982 2984 2985
2979 2986 2978
2986 2983 2978
2987 2985 2984
2983 2987 2984
2985 2987 2988
2988 2989 2985
2990 2989 2988
2983 2991 2987
2986 2991 2983
2988 2987 2991
2986 2979 2992
2979 2993 2992
2990 2988 2994
2995 2990 2994
2996 2995 2994
2997 2991 2986
2986 2992 2997
2988 2991 2998
2994 2988 2998
2997 2998 2991
2994 2998 2999
2996 2994 2999
2997 2999 2998
3000 2996 2999
2997 3000 2999
2992 3000 2997
3000 3001 2996
2993 3002 2992
2992 3002 3000
3002 3001 3000
3002 3003 3001
2993 3004 3002
3004 3003 3002
3004 3005 3003
3005 3004 3006
3005 3006 3007
3008 3009 3010
3008 3010 3011
3012 3008 3011
3012 3011 3013
3014 3013 3011
3013 3015 3012
3014 3016 3013
3016 3014 3017
3013 3018 3015
3016 3018 3013
3016 3017 3019
3019 3017 3020
3020 3021 3019
3021 3016 3019
3021 3022 3016
3016 3022 3018
3023 3015 3018
3023 3024 3015
3025 3022 3021
3020 3025 3021
3026 3018 3022
3025 3026 3022
3026 3023 3018
3026 3025 3027
3027 3025 3020
3028 3023 3026
3026 3027 3028
3029 3024 3023
3028 3029 3023
3028 3027 3030
3030 3027 3020
3028 3030 3031
3031 3029 3028
3029 3032 3024
3033 3024 3032
3034 3030 3020
3034 3031 3030
3031 3035 3029
3032 3029 3035
3033 3032 3036
3036 3037 3033
3032 3038 3036
3032 3035 3038
3036 3039 3037
3036 3038 3039
3039 3040 3037
3039 3041 3040
3042 3040 3041
3041 3039 3043
3043 3039 3038
3043 3038 3044
3035 3044 3038
3035 3045 3044
3045 3035 3031
3045 3031 3046
3034 3046 3031
3047 3046 3034
3047 3034 3048
3020 3048 3034
3047 3048 3049
3020 3049 3048
3050 3049 3020
3047 3049 3051
3050 3051 3049
3050 3052 3051
3052 3053 3051
3052 3054 3053
3054 3055 3053
3054 3056 3055
3057 3058 3059
3057 3059 3060
3060 3061 3057
3060 3062 3061
3063 3061 3062
3062 3064 3063
3063 3065 3061
3065 3063 3066
3065 3066 3067
3066 3068 3067
3069 3063 3064
3069 3066 3063
3069 3064 3070
3070 3071 3069
3071 3072 3069
3069 3072 3066
3071 3073 3072
3073 3066 3072
3074 3073 3071
3073 3075 3066
3066 3075 3068
3075 3073 3074
3068 3075 3076
3068 3076 3077
3076 3078 3077
3075 3074 3079
3075 3079 3076
3076 3080 3078
3080 3076 3079
3081 3078 3080
3071 3082 3074
3079 3074 3082
3080 3083 3081
3079 3084 3080
3080 3084 3083
3079 3082 3085
3079 3085 3084
3086 3081 3083
3086 3087 3081
3083 3088 3086
3083 3089 3088
3084 3089 3083
3089 3090 3088
3089 3091 3090
3084 3092 3089
3092 3091 3089
3085 3092 3084
3085 3082 3093
3093 3082 3071
3092 3094 3091
3095 3091 3094
3095 3094 3096
3085 3097 3092
3097 3094 3092
3085 3093 3097
3097 3098 3094
3098 3096 3094
3093 3098 3097
3098 3099 3096
3099 3100 3096
3093 3101 3098
3101 3099 3098
3101 3093 3071
3099 3102 3100
3102 3099 3101
3102 3103 3100
3102 3101 3104
3071 3104 3101
3102 3105 3103
3105 3102 3104
3071 3106 3104
3105 3104 3106
3107 3103 3105
3103 3107 3108
3071 3109 3106
3110 3109 3071
3109 3110 3111
3106 3112 3105
3106 3109 3112
3109 3111 3112
3107 3105 3112
3113 3112 3111
3113 3107 3112
3114 3107 3113
3114 3108 3107
3114 3115 3108
3114 3116 3115
3117 3118 3119
3117 3119 3120
3119 3121 3120
3121 3122 3120
3121 3123 3122
3123 3124 3122
3123 3125 3124
3125 3126 3124
3125 3127 3126
3127 3128 3126
3126 3129 3124
3128 3129 3126
3127 3130 3128
3128 3131 3129
3132 3128 3130
3128 3133 3131
3132 3134 3128
3128 3134 3133
3135 3134 3132
3134 3136 3133
3135 3136 3134
3137 3136 3135
3137 3138 3136
3139 3138 3137
3139 3140 3138
3141 3140 3139
3141 3142 3140
3141 3143 3142
3144 3145 3146
3147 3144 3146
3147 3148 3144
3149 3148 3147
3150 3149 3147
3150 3151 3149
3150 3152 3151
3150 3153 3152
3152 3153 3154
3155 3154 3153
3155 3153 3156
3155 3156 3157
3158 3159 3160
3158 3160 3161
3158 3161 3162
3161 3163 3162
3158 3162 3164
3160 3165 3161
3161 3165 3163
3165 3160 3166
3167 3164 3162
3167 3168 3164
3167 3169 3168
3170 3162 3163
3170 3167 3162
3167 3171 3169
3171 3172 3169
3173 3167 3170
3173 3171 3167
3171 3174 3172
3174 3175 3172
3163 3176 3170
3176 3173 3170
3177 3174 3171
3177 3171 3173
3174 3178 3175
3179 3175 3178
3180 3178 3174
3180 3174 3177
3179 3178 3181
3181 3178 3180
3181 3182 3179
3181 3183 3182
3184 3182 3183
3184 3183 3185
3181 3180 3186
3183 3181 3186
3187 3180 3177
3186 3180 3187
3173 3188 3177
3187 3177 3188
3185 3183 3189
3185 3189 3190
3183 3186 3191
3189 3183 3191
3186 3187 3192
3192 3191 3186
3190 3189 3193
3190 3193 3194
3195 3189 3191
3192 3195 3191
3195 3193 3189
3192 3187 3196
3196 3187 3188
3194 3193 3197
3194 3197 3198
3199 3195 3192
3192 3196 3199
3200 3193 3195
3200 3197 3193
3199 3200 3195
3198 3197 3201
3198 3201 3202
3203 3197 3200
3203 3201 3197
3204 3201 3203
3202 3201 3205
3204 3205 3201
3202 3205 3206
3205 3207 3206
3205 3208 3207
3208 3205 3204
3208 3209 3207
3200 3210 3203
3200 3199 3210
3208 3211 3209
3211 3212 3209
3203 3210 3213
3204 3203 3213
3199 3214 3210
3210 3214 3213
3199 3215 3214
3199 3196 3215
3211 3208 3216
3208 3204 3216
3211 3217 3212
3217 3218 3212
3219 3213 3214
3219 3214 3215
3219 3220 3213
3219 3215 3221
3220 3222 3213
3204 3213 3222
3220 3223 3222
3224 3222 3223
3221 3215 3225
3221 3225 3226
3196 3225 3215
3227 3204 3222
3224 3227 3222
3227 3216 3204
3227 3224 3228
3226 3225 3229
3226 3229 3230
3196 3231 3225
3196 3188 3231
3232 3225 3231
3232 3229 3225
3230 3229 3233
3230 3233 3234
3235 3231 3188
3235 3232 3231
3229 3232 3236
3229 3236 3233
3234 3233 3237
3234 3237 3238
3235 3188 3239
3173 3239 3188
3176 3239 3173
3235 3240 3232
3236 3232 3240
3241 3235 3239
3241 3240 3235
3233 3236 3242
3233 3242 3237
3238 3237 3243
3238 3243 3244
3245 3239 3176
3241 3239 3245
3246 3237 3242
3246 3243 3237
3244 3243 3247
3248 3244 3247
3249 3247 3243
3249 3243 3246
3248 3247 3250
3250 3247 3249
3251 3248 3250
3252 3246 3242
3249 3246 3253
3246 3252 3253
3252 3242 3254
3236 3254 3242
3255 3249 3253
3255 3250 3249
3256 3253 3252
3254 3256 3252
3256 3255 3253
3236 3257 3254
3236 3240 3257
3254 3258 3256
3257 3258 3254
3258 3259 3256
3259 3258 3257
3260 3257 3240
3259 3257 3260
3256 3259 3261
3261 3255 3256
3260 3240 3262
3241 3262 3240
3260 3263 3259
3262 3263 3260
3261 3259 3263
3264 3262 3241
3264 3263 3262
3264 3241 3245
3261 3263 3265
3265 3263 3264
3261 3266 3255
3265 3267 3261
3267 3266 3261
3255 3266 3268
3255 3268 3250
3267 3269 3266
3269 3268 3266
3265 3270 3267
3267 3270 3269
3268 3271 3250
3251 3250 3271
3272 3251 3271
3272 3273 3251
3273 3272 3274
3273 3274 3275
3274 3276 3275
3277 3275 3276
3274 3272 3278
3276 3274 3278
3277 3276 3279
3280 3277 3279
3276 3278 3281
3281 3279 3276
3280 3279 3282
3283 3280 3282
3281 3284 3279
3282 3279 3284
3283 3282 3285
3286 3283 3285
3282 3284 3287
3287 3285 3282
3286 3285 3288
3288 3289 3286
3287 3290 3285
3290 3288 3285
3288 3291 3289
3291 3228 3289
3291 3292 3228
3227 3228 3292
3293 3227 3292
3216 3227 3293
3291 3294 3292
3294 3293 3292
3295 3216 3293
3295 3293 3294
3211 3216 3295
3217 3211 3295
3288 3296 3291
3291 3296 3294
3217 3295 3297
3294 3297 3295
3290 3298 3288
3288 3298 3296
3297 3299 3217
3217 3299 3218
3299 3300 3218
3294 3301 3297
3296 3301 3294
3299 3302 3300
3302 3303 3300
3302 3304 3303
3297 3305 3299
3301 3305 3297
3299 3305 3302
3304 3302 3306
3304 3306 3307
3302 3305 3308
3301 3308 3305
3302 3308 3306
3296 3309 3301
3309 3308 3301
3310 3307 3306
3310 3311 3307
3312 3306 3308
3312 3310 3306
3309 3312 3308
3311 3310 3313
3313 3310 3312
3311 3313 3314
3315 3309 3296
3315 3296 3298
3316 3312 3309
3313 3312 3316
3316 3309 3315
3317 3314 3313
3317 3313 3316
3317 3318 3314
3317 3316 3319
3315 3319 3316
3320 3318 3317
3320 3317 3319
3320 3321 3318
3322 3321 3320
3315 3298 3323
3323 3298 3290
3322 3320 3324
3325 3322 3324
3320 3319 3326
3326 3324 3320
3326 3327 3324
3315 3328 3319
3315 3323 3328
3329 3326 3319
3327 3326 3329
3329 3319 3328
3323 3290 3330
3330 3290 3287
3325 3324 3331
3331 3324 3327
3328 3323 3332
3332 3323 3330
3333 3325 3331
3333 3334 3325
3333 3331 3335
3331 3327 3335
3336 3333 3335
3337 3329 3328
3328 3332 3337
3336 3335 3338
3339 3335 3327
3338 3335 3339
3336 3338 3340
3340 3341 3336
3342 3338 3339
3342 3340 3338
3339 3327 3343
3339 3343 3342
3344 3327 3329
3344 3343 3327
3344 3329 3345
3337 3345 3329
3346 3344 3345
3346 3345 3337
3344 3346 3343
3347 3337 3332
3347 3346 3337
3346 3348 3343
3346 3347 3348
3343 3349 3342
3343 3348 3349
3342 3350 3340
3349 3350 3342
3351 3349 3348
3351 3350 3349
3352 3340 3350
3340 3352 3341
3352 3350 3353
3351 3353 3350
3341 3352 3354
3353 3354 3352
3354 3355 3341
3354 3356 3355
3356 3357 3355
3353 3358 3354
3356 3354 3358
3359 3348 3347
3351 3348 3359
3360 3353 3351
3360 3358 3353
3360 3351 3361
3359 3361 3351
3358 3360 3362
3362 3360 3361
3356 3358 3363
3358 3362 3363
3356 3364 3357
3364 3356 3363
3365 3357 3364
3365 3366 3357
3367 3366 3365
3367 3368 3366
3362 3361 3369
3363 3362 3370
3370 3362 3369
3364 3363 3371
3370 3371 3363
3364 3372 3365
3364 3371 3372
3373 3367 3365
3373 3365 3372
3369 3361 3374
3359 3374 3361
3368 3367 3375
3376 3367 3373
3376 3375 3367
3368 3375 3377
3368 3377 3166
3378 3375 3376
3378 3377 3375
3166 3377 3379
3165 3166 3379
3377 3380 3379
3377 3378 3380
3379 3381 3165
3380 3381 3379
3165 3381 3163
3381 3380 3382
3381 3382 3163
3383 3380 3378
3383 3382 3380
3384 3378 3376
3384 3383 3378
3385 3376 3373
3385 3384 3376
3373 3386 3385
3373 3372 3386
3387 3163 3382
3176 3163 3387
3383 3388 3382
3384 3388 3383
3385 3270 3384
3270 3385 3386
3265 3384 3270
3384 3265 3388
3265 3264 3388
3270 3386 3269
3372 3389 3386
3389 3269 3386
3389 3372 3371
3390 3382 3388
3390 3388 3264
3387 3382 3390
3264 3245 3390
3390 3391 3387
3390 3245 3391
3176 3387 3391
3245 3176 3391
3389 3392 3269
3269 3392 3268
3389 3371 3393
3370 3393 3371
3394 3389 3393
3394 3392 3389
3394 3393 3370
3395 3268 3392
3395 3392 3394
3268 3395 3271
3394 3370 3396
3396 3395 3394
3370 3369 3396
3397 3271 3395
3396 3397 3395
3369 3397 3396
3397 3272 3271
3369 3398 3397
3369 3374 3398
3399 3272 3397
3399 3397 3398
3399 3278 3272
3374 3400 3398
3400 3399 3398
3359 3400 3374
3399 3401 3278
3278 3401 3281
3402 3401 3399
3400 3402 3399
3281 3401 3403
3402 3403 3401
3403 3284 3281
3403 3404 3284
3402 3404 3403
3287 3284 3404
3400 3359 3405
3359 3347 3405
3402 3400 3406
3400 3405 3406
3287 3404 3407
3330 3287 3407
3402 3408 3404
3408 3402 3406
3404 3408 3407
3407 3408 3406
3407 3406 3409
3409 3406 3405
3409 3330 3407
3347 3410 3405
3410 3409 3405
3409 3410 3330
3347 3332 3410
3332 3330 3410
3411 3412 3413
3411 3414 3412
3415 3412 3414
3416 3414 3411
3416 3411 3417
3415 3414 3418
3416 3418 3414
3418 3419 3415
3420 3416 3417
3420 3417 3421
3422 3420 3421
3416 3423 3418
3423 3416 3420
3418 3424 3419
3423 3424 3418
3424 3425 3419
3424 3426 3425
3426 3427 3425
3423 3428 3424
3428 3426 3424
3423 3420 3429
3429 3428 3423
3422 3430 3420
3430 3429 3420
3426 3431 3427
3431 3432 3427
3428 3433 3426
3433 3431 3426
3429 3434 3428
3434 3433 3428
3431 3435 3432
3435 3436 3432
3433 3437 3431
3437 3435 3431
3435 3438 3436
3438 3439 3436
3440 3430 3422
3440 3422 3441
3440 3441 3442
3430 3443 3429
3434 3429 3443
3434 3444 3433
3444 3437 3433
3437 3445 3435
3438 3435 3445
3438 3446 3439
3447 3439 3446
3448 3447 3446
3449 3446 3438
3438 3445 3449
3450 3445 3437
3444 3450 3437
3444 3434 3451
3434 3443 3451
3448 3446 3452
3449 3452 3446
3453 3449 3445
3450 3453 3445
3454 3450 3444
3444 3451 3454
3448 3452 3455
3455 3456 3448
3457 3452 3449
3453 3457 3449
3457 3455 3452
3458 3453 3450
3454 3458 3450
3457 3453 3459
3458 3459 3453
3460 3455 3457
3457 3459 3460
3455 3461 3456
3460 3461 3455
3456 3461 3462
3462 3461 3460
3456 3462 3463
3459 3464 3460
3462 3460 3464
3465 3459 3458
3459 3465 3464
3466 3458 3454
3465 3458 3466
3463 3462 3467
3467 3462 3464
3465 3468 3464
3467 3464 3468
3463 3467 3469
3469 3467 3468
3463 3469 3470
3470 3469 3471
3471 3469 3472
3469 3468 3472
3471 3472 3473
3465 3474 3468
3474 3472 3468
3466 3474 3465
3475 3473 3472
3474 3475 3472
3475 3476 3473
3466 3477 3474
3475 3474 3477
3478 3476 3475
3475 3477 3478
3478 3479 3476
3480 3477 3466
3466 3454 3480
3451 3480 3454
3481 3479 3478
3481 3482 3479
3478 3477 3483
3480 3483 3477
3478 3483 3481
3451 3484 3480
3484 3483 3480
3443 3484 3451
3485 3482 3481
3485 3486 3482
3481 3483 3487
3484 3487 3483
3481 3487 3485
3443 3488 3484
3488 3487 3484
3430 3488 3443
3430 3440 3488
3488 3489 3487
3485 3487 3489
3489 3488 3440
3490 3486 3485
3485 3489 3490
3490 3491 3486
3489 3440 3492
3492 3490 3489
3440 3442 3492
3492 3442 3493
3491 3490 3494
3492 3494 3490
3492 3493 3494
3491 3494 3495
3495 3494 3493
3495 3493 3496
3497 3498 3499
3497 3500 3498
3500 3497 3501
3502 3498 3500
3500 3501 3503
3503 3501 3504
3503 3504 3505
3506 3503 3505
3506 3507 3503
3507 3500 3503
3507 3506 3508
3502 3500 3509
3507 3509 3500
3507 3508 3510
3510 3509 3507
3511 3510 3508
3512 3502 3509
3510 3512 3509
3512 3513 3502
3511 3514 3510
3514 3512 3510
3514 3511 3515
3516 3513 3512
3514 3516 3512
3516 3517 3513
3514 3515 3518
3518 3516 3514
3518 3515 3519
3520 3517 3516
3518 3520 3516
3520 3521 3517
3518 3519 3522
3522 3520 3518
3522 3519 3523
3522 3523 3524
3521 3520 3525
3522 3525 3520
3521 3525 3526
3522 3524 3527
3527 3525 3522
3528 3527 3524
3526 3525 3529
3527 3529 3525
3526 3529 3530
3528 3531 3527
3529 3527 3531
3532 3531 3528
3530 3529 3533
3529 3531 3533
3530 3533 3534
3535 3534 3533
3532 3536 3531
3533 3531 3536
3535 3533 3537
3533 3536 3537
3538 3535 3537
3538 3537 3536
3538 3539 3535
3540 3539 3538
3532 3541 3536
3538 3536 3541
3532 3542 3541
3540 3538 3543
3541 3543 3538
3544 3540 3543
3542 3545 3541
3541 3545 3543
3542 3546 3545
3544 3543 3547
3545 3547 3543
3548 3544 3547
3549 3545 3546
3545 3549 3547
3549 3546 3550
3549 3550 3551
3548 3547 3552
3549 3552 3547
3552 3553 3548
3554 3549 3551
3549 3554 3552
3554 3551 3555
3552 3556 3553
3554 3556 3552
3556 3557 3553
3558 3554 3555
3554 3558 3556
3558 3555 3559
3556 3560 3557
3560 3556 3558
3560 3561 3557
3559 3562 3558
3560 3558 3562
3559 3563 3562
3560 3564 3561
3564 3560 3562
3565 3562 3563
3564 3562 3565
3565 3563 3566
3567 3561 3564
3567 3564 3565
3567 3568 3561
3566 3569 3565
3567 3565 3569
3566 3570 3569
3571 3569 3570
3571 3572 3569
3567 3569 3572
3567 3572 3573
3568 3567 3573
3568 3573 3574
3575 3576 3577
3575 3577 3578
3578 3577 3579
3580 3578 3579
3581 3580 3579
3580 3581 3582
3580 3582 3583
3583 3582 3584
3583 3584 3585
3585 3584 3586
3585 3586 3587
3587 3586 3588
3587 3588 3589
3589 3588 3590
3589 3590 3591
3591 3590 3592
3591 3592 3593
3592 3594 3593
3592 3595 3594
3596 3597 3598
3596 3598 3599
3600 3596 3599
3600 3599 3601
3599 3602 3601
3598 3603 3599
3599 3603 3602
3598 3604 3603
3603 3605 3602
3604 3606 3603
3603 3606 3605
3604 3607 3606
3606 3607 3608
3605 3606 3609
3606 3608 3609
3605 3609 3610
3609 3608 3611
3610 3609 3612
3609 3611 3612
3610 3612 3613
3612 3611 3614
3613 3612 3615
3612 3614 3615
3613 3615 3616
3615 3614 3617
3616 3615 3618
3615 3617 3618
3616 3618 3619
3618 3617 3620
3619 3618 3621
3618 3620 3621
3619 3621 3622
3621 3620 3623
3622 3621 3624
3621 3623 3624
3624 3623 3625
3622 3624 3626
3624 3625 3627
3626 3624 3627
3626 3627 3628
3629 3630 3631
3629 3632 3630
3632 3633 3630
3634 3633 3632
3635 3633 3634
3634 3636 3635
3634 3637 3636
3637 3638 3636
3637 3639 3638
3639 3640 3638
3639 3641 3640
3641 3642 3640
3641 3643 3642
3643 3644 3642
3643 3645 3644
3645 3646 3644
3645 3647 3646
3646 3647 3648
3646 3648 3649
3650 3651 3652
3650 3653 3651
3654 3653 3650
3654 3655 3653
3653 3655 3656
3651 3653 3657
3653 3656 3657
3651 3657 3658
3657 3656 3659
3658 3657 3660
3657 3659 3660
3658 3660 3661
3660 3662 3661
3659 3663 3660
3660 3663 3662
3659 3664 3663
3663 3665 3662
3664 3666 3663
3663 3666 3665
3664 3667 3666
3666 3668 3665
3667 3669 3666
3666 3669 3668
3667 3670 3669
3669 3671 3668
3670 3672 3669
3669 3672 3671
3670 3673 3672
3672 3674 3671
3673 3675 3672
3672 3675 3674
3673 3676 3675
3675 3677 3674
3676 3678 3675
3675 3678 3677
3678 3679 3677
3676 3680 3678
3678 3681 3679
3680 3681 3678
3680 3682 3681
3683 3684 3685
3684 3686 3685
3683 3687 3684
3687 3683 3688
3686 3684 3689
3689 3690 3686
3687 3688 3691
3692 3691 3688
3693 3684 3687
3684 3693 3689
3691 3693 3687
3694 3690 3689
3693 3694 3689
3693 3695 3694
3694 3696 3690
3696 3694 3697
3694 3695 3697
3696 3697 3698
3699 3698 3697
3697 3695 3699
3699 3700 3698
3699 3701 3700
3702 3701 3699
3703 3702 3699
3703 3699 3695
3703 3695 3704
3691 3705 3693
3693 3705 3695
3706 3704 3695
3695 3705 3706
3706 3707 3704
3706 3708 3707
3709 3708 3706
3709 3710 3708
3711 3705 3691
3692 3711 3691
3712 3711 3692
3712 3713 3711
3713 3705 3711
3714 3713 3712
3715 3706 3705
3713 3715 3705
3715 3709 3706
3714 3716 3713
3716 3715 3713
3717 3716 3714
3716 3718 3715
3717 3718 3716
3715 3718 3709
3719 3718 3717
3718 3719 3720
3709 3718 3721
3718 3720 3721
3721 3722 3709
3720 3722 3721
3722 3710 3709
3720 3723 3722
3722 3723 3710
3724 3725 3726
3727 3724 3726
3727 3728 3724
3728 3729 3724
3728 3730 3729
3724 3731 3725
3729 3731 3724
3730 3732 3729
3730 3733 3732
3733 3734 3732
3733 3735 3734
3735 3736 3734
3732 3737 3729
3729 3737 3731
3725 3731 3738
3725 3738 3739
3736 3740 3734
3736 3741 3740
3734 3742 3732
3732 3742 3737
3731 3737 3743
3731 3743 3738
3739 3738 3744
3739 3744 3745
3737 3742 3746
3737 3746 3743
3743 3746 3747
3738 3743 3748
3738 3748 3744
3743 3747 3748
3745 3744 3749
3748 3749 3744
3745 3749 3750
3751 3746 3742
3734 3751 3742
3750 3749 3752
3750 3752 3753
3752 3754 3753
3748 3755 3749
3749 3755 3752
3752 3756 3754
3756 3757 3754
3758 3755 3748
3758 3748 3747
3759 3752 3755
3759 3756 3752
3759 3755 3758
3756 3760 3757
3759 3760 3756
3758 3761 3759
3761 3760 3759
3757 3760 3762
3761 3762 3760
3757 3762 3763
3764 3763 3762
3764 3762 3761
3761 3765 3764
3758 3766 3761
3761 3766 3765
3747 3766 3758
3767 3765 3766
3767 3766 3768
3747 3768 3766
3769 3767 3768
3769 3770 3767
3747 3771 3768
3771 3769 3768
3772 3770 3769
3772 3769 3771
3772 3773 3770
3772 3774 3773
3747 3775 3771
3746 3775 3747
3751 3775 3746
3751 3771 3775
3772 3771 3751
3776 3772 3751
3772 3776 3774
3734 3776 3751
3774 3776 3777
3776 3734 3777
3774 3777 3778
3777 3779 3778
3734 3740 3777
3777 3780 3779
3740 3780 3777
3780 3781 3779
3782 3780 3740
3740 3741 3782
3780 3783 3781
3782 3783 3780
3781 3783 3784
3782 3784 3783
3781 3784 3785
3786 3782 3741
3782 3786 3784
3787 3786 3741
3787 3788 3786
3789 3788 3787
3785 3784 3790
3784 3786 3790
3790 3786 3788
3785 3790 3791
3792 3791 3790
3792 3790 3793
3793 3790 3788
3788 3794 3793
3795 3792 3793
3794 3795 3793
3795 3796 3792
3797 3796 3795
3797 3795 3798
3798 3795 3794
3799 3797 3798
3789 3800 3788
3801 3800 3789
3788 3802 3794
3788 3800 3802
3801 3803 3800
3804 3803 3801
3800 3805 3802
3800 3803 3805
3804 3806 3803
3807 3806 3804
3807 3808 3806
3806 3808 3809
3803 3806 3810
3806 3809 3810
3803 3810 3805
3811 3802 3805
3794 3802 3811
3812 3810 3809
3812 3809 3813
3814 3805 3810
3811 3805 3814
3814 3810 3812
3815 3811 3814
3794 3811 3816
3816 3811 3815
3794 3816 3817
3817 3816 3815
3798 3794 3817
3798 3817 3818
3817 3815 3818
3799 3798 3818
3799 3818 3819
3819 3818 3815
3799 3819 3820
3821 3812 3813
3821 3813 3822
3823 3814 3812
3815 3814 3823
3823 3812 3821
3819 3815 3824
3823 3824 3815
3820 3819 3825
3825 3819 3824
3820 3825 3826
3827 3821 3822
3827 3822 3828
3829 3823 3821
3823 3829 3824
3829 3821 3827
3830 3827 3828
3829 3827 3830
3830 3828 3831
3830 3831 3832
3833 3824 3829
3833 3829 3830
3825 3824 3833
3830 3832 3834
3833 3830 3834
3834 3832 3835
3833 3834 3836
3825 3833 3836
3834 3835 3836
3826 3825 3837
3825 3836 3837
3835 3837 3836
3826 3837 3838
3835 3838 3837
3839 3840 3841
3842 3840 3839
3839 3841 3843
3843 3841 3844
3842 3839 3845
3846 3839 3843
3845 3839 3846
3842 3845 3847
3842 3847 3848
3849 3848 3847
3845 3846 3850
3847 3845 3850
3849 3847 3851
3852 3849 3851
3851 3847 3853
3847 3850 3853
3852 3851 3854
3851 3853 3854
3855 3852 3854
3853 3855 3854
3856 3852 3855
3857 3856 3855
3853 3857 3855
3857 3858 3856
3857 3859 3858
3853 3860 3857
3857 3860 3859
3853 3850 3860
3860 3861 3859
3850 3862 3860
3860 3862 3861
3850 3846 3862
3862 3863 3861
3862 3846 3864
3846 3843 3864
3862 3865 3863
3862 3864 3865
3866 3863 3865
3866 3865 3867
3867 3865 3864
3867 3868 3866
3864 3843 3869
3843 3844 3869
3867 3870 3868
3870 3871 3868
3867 3864 3872
3864 3869 3872
3872 3870 3867
3844 3873 3869
3844 3874 3873
3869 3875 3872
3872 3875 3870
3869 3873 3875
3870 3876 3871
3875 3876 3870
3876 3877 3871
3874 3878 3873
3874 3879 3878
3873 3880 3875
3875 3880 3876
3873 3878 3880
3876 3881 3877
3880 3881 3876
3881 3882 3877
3879 3883 3878
3879 3884 3883
3884 3885 3883
3878 3886 3880
3880 3886 3881
3878 3883 3886
3881 3887 3882
3886 3887 3881
3882 3887 3888
3883 3885 3889
3883 3889 3886
3886 3889 3887
3888 3887 3889
3890 3889 3885
3888 3889 3890
3891 3892 3893
3894 3893 3892
3891 3893 3895
3896 3891 3895
3894 3897 3893
3895 3893 3898
3897 3898 3893
3894 3899 3897
3894 3900 3899
3901 3899 3900
3897 3902 3898
3899 3902 3897
3901 3903 3899
3904 3903 3901
3903 3905 3899
3899 3905 3902
3904 3906 3903
3903 3906 3905
3907 3906 3904
3905 3906 3907
3908 3907 3904
3909 3907 3908
3905 3907 3909
3909 3908 3910
3909 3910 3911
3905 3909 3912
3909 3911 3912
3905 3912 3902
3912 3911 3913
3902 3912 3914
3912 3913 3914
3902 3914 3898
3914 3913 3915
3916 3898 3914
3895 3898 3916
3914 3915 3917
3916 3914 3917
3917 3915 3918
3917 3918 3919
3916 3917 3919
3919 3918 3920
3921 3895 3916
3896 3895 3921
3919 3920 3922
3922 3920 3923
3916 3919 3924
3921 3916 3924
3924 3919 3922
3896 3921 3925
3896 3925 3926
3921 3924 3927
3924 3922 3927
3921 3927 3925
3922 3923 3928
3927 3922 3928
3928 3923 3929
3926 3925 3930
3926 3930 3931
3925 3927 3932
3927 3928 3932
3925 3932 3930
3928 3929 3933
3932 3928 3933
3933 3929 3934
3931 3930 3935
3931 3935 3936
3936 3935 3937
3930 3932 3938
3932 3933 3938
3930 3938 3935
3933 3934 3939
3938 3933 3939
3934 3940 3939
3935 3941 3937
3935 3938 3941
3938 3939 3941
3940 3941 3939
3942 3937 3941
3940 3942 3941
3943 3944 3945
3945 3944 3946
3943 3945 3947
3947 3948 3943
3946 3949 3945
3949 3946 3950
3947 3951 3948
3952 3948 3951
3953 3947 3945
3945 3949 3953
3951 3947 3953
3954 3949 3950
3953 3949 3954
3953 3954 3955
3954 3950 3956
3956 3957 3954
3954 3957 3955
3956 3958 3957
3959 3957 3958
3957 3959 3955
3959 3958 3960
3959 3960 3961
3962 3959 3961
3963 3959 3962
3963 3955 3959
3963 3964 3955
3951 3953 3965
3953 3955 3965
3966 3955 3964
3955 3966 3965
3966 3964 3967
3966 3967 3968
3969 3966 3968
3969 3968 3970
3971 3951 3965
3952 3951 3971
3972 3952 3971
3972 3971 3973
3973 3971 3965
3974 3972 3973
3975 3965 3966
3973 3965 3975
3975 3966 3969
3974 3973 3976
3976 3973 3975
3977 3974 3976
3976 3975 3978
3977 3976 3978
3975 3969 3978
3979 3977 3978
3978 3980 3979
3981 3969 3970
3981 3970 3982
3980 3981 3982
3978 3983 3980
3969 3983 3978
3980 3983 3981
3983 3969 3981
3984 3985 3986
3984 3986 3987
3984 3988 3985
3984 3987 3989
3984 3990 3988
3984 3989 3991
3984 3992 3990
3984 3991 3993
3984 3994 3992
3984 3993 3994
3995 3996 3997
3995 3998 3996
3995 3997 3999
3995 4000 3998
3995 3999 4001
3995 4002 4000
3995 4001 4003
3995 4004 4002
3995 4003 4005
3995 4005 4004
4006 4007 4008
4006 4009 4007
4006 4008 4010
4006 4011 4009
4006 4010 4012
4006 4013 4011
4006 4012 4014
4006 4015 4013
4006 4014 4016
4006 4016 4015
4017 4018 4019
4017 4019 4020
4017 4021 4018
4017 4020 4022
4017 4023 4021
4017 4022 4024
4017 4025 4023
4017 4024 4026
4017 4027 4025
4017 4026 4027
4028 4029 4030
4031 4028 4030
4029 4028 4032
4033 4028 4031
4032 4028 4034
4035 4028 4033
4034 4028 4036
4037 4028 4035
4036 4028 4038
4038 4028 4037
4039 4040 4041
4040 4039 4042
4040 4043 4041
4040 4042 4044
4040 4045 4043
4040 4044 4046
4040 4047 4045
4040 4046 4048
4040 4049 4047
4040 4048 4049
4050 4051 4052
4053 4051 4050
4052 4054 4050
4055 4053 4050
4054 4056 4050
4057 4055 4050
4056 4058 4050
4059 4057 4050
4058 4060 4050
4060 4059 4050
4061 4062 4063
4063 4064 4061
4063 4062 4065
4063 4066 4064
4063 4065 4067
4063 4068 4066
4063 4067 4069
4063 4070 4068
4063 4069 4071
4063 4071 4070
4072 4073 4074
4072 4074 4075
4072 4076 4073
4072 4075 4077
4072 4078 4076
4079 4072 4077
4072 4080 4078
4072 4079 4081
4082 4080 4072
4083 4072 4081
4072 4084 4082
4085 4072 4083
4086 4084 4072
4085 4087 4072
4088 4086 4072
4072 4087 4089
4088 4072 4090
4072 4089 4090
4091 4092 4093
4094 4093 4092
4091 4095 4092
4096 4095 4091
4097 4095 4096
4094 4092 4098
4099 4094 4098
4100 4099 4098
4097 4101 4095
4102 4101 4097
4103 4101 4102
4100 4098 4104
4105 4100 4104
4106 4105 4104
4103 4107 4101
4108 4107 4103
4109 4107 4108
4109 4110 4107
4110 4109 4111
4110 4111 4112
4113 4110 4112
4106 4104 4114
4115 4106 4114
4116 4115 4114
4116 4114 4117
4117 4118 4116
4117 4119 4118
4113 4119 4117
4113 4120 4110
4113 4117 4120
4110 4121 4107
4120 4122 4110
4110 4122 4121
4122 4123 4121
4124 4123 4122
4120 4124 4122
4117 4124 4120
4121 4123 4125
4107 4121 4125
4107 4125 4101
4117 4126 4124
4114 4126 4117
4126 4123 4124
4101 4125 4127
4125 4123 4127
4101 4127 4095
4114 4128 4126
4128 4123 4126
4104 4128 4114
4095 4127 4129
4127 4123 4129
4095 4129 4092
4104 4130 4128
4130 4123 4128
4098 4130 4104
4129 4123 4131
4092 4129 4131
4092 4131 4098
4131 4123 4130
4098 4131 4130
4132 4133 4134
4135 4134 4133
4135 4136 4134
4137 4136 4135
4132 4134 4138
4136 4138 4134
4137 4139 4136
4140 4139 4137
4140 4141 4139
4142 4141 4140
4142 4143 4141
4136 4139 4144
4141 4144 4139
4143 4145 4141
4141 4145 4144
4143 4146 4145
4144 4147 4136
4136 4147 4138
4146 4148 4145
4146 4149 4148
4145 4150 4144
4144 4150 4147
4145 4148 4150
4149 4151 4148
4149 4152 4151
4151 4152 4153
4148 4154 4150
4147 4150 4154
4148 4151 4154
4138 4147 4155
4154 4155 4147
4151 4153 4156
4154 4151 4156
4138 4155 4157
4132 4138 4157
4132 4157 4158
4132 4158 4159
4158 4160 4159
4157 4161 4158
4158 4161 4160
4157 4155 4161
4154 4162 4155
4154 4156 4162
4155 4162 4163
4156 4163 4162
4163 4161 4155
4153 4164 4156
4156 4164 4163
4153 4165 4164
4164 4165 4166
4167 4160 4161
4167 4168 4160
4167 4169 4168
4163 4164 4170
4164 4166 4170
4163 4171 4161
4161 4171 4167
4163 4170 4171
4170 4167 4171
4167 4172 4169
4170 4172 4167
4166 4172 4170
4172 4173 4169
4166 4174 4172
4172 4174 4173
4175 4176 4177
4178 4176 4175
4176 4178 4177
4179 4180 4181
4182 4181 4180
4179 4183 4180
4184 4183 4179
4182 4180 4185
4186 4182 4185
4184 4187 4183
4188 4187 4184
4183 4189 4180
4185 4180 4189
4186 4185 4190
4191 4186 4190
4188 4192 4187
4193 4192 4188
4187 4194 4183
4183 4194 4189
4185 4189 4195
4190 4185 4195
4191 4190 4196
4197 4191 4196
4193 4198 4192
4199 4198 4193
4192 4200 4187
4187 4200 4194
4194 4201 4189
4195 4189 4201
4190 4195 4202
4196 4190 4202
4197 4196 4203
4204 4197 4203
4198 4205 4192
4192 4205 4200
4200 4206 4194
4194 4206 4201
4195 4201 4207
4202 4195 4207
4196 4202 4208
4203 4196 4208
4200 4209 4206
4205 4209 4200
4206 4210 4201
4201 4210 4207
4209 4210 4206
4202 4207 4211
4207 4210 4211
4208 4202 4211
4212 4210 4209
4205 4212 4209
4211 4210 4213
4208 4211 4213
4214 4210 4212
4215 4212 4205
4215 4214 4212
4198 4215 4205
4216 4208 4213
4203 4208 4216
4217 4215 4198
4199 4217 4198
4218 4214 4215
4217 4218 4215
4199 4219 4217
4199 4220 4219
4221 4210 4214
4218 4221 4214
4217 4222 4218
4217 4219 4222
4218 4223 4221
4223 4210 4221
4218 4222 4223
4220 4224 4219
4220 4225 4224
4226 4224 4225
4219 4227 4222
4219 4224 4227
4222 4228 4223
4228 4210 4223
4222 4227 4228
4226 4229 4224
4229 4227 4224
4204 4229 4226
4230 4228 4227
4229 4230 4227
4204 4231 4229
4231 4230 4229
4204 4203 4231
4231 4203 4216
4230 4232 4228
4232 4210 4228
4231 4233 4230
4231 4216 4233
4233 4232 4230
4234 4210 4232
4233 4234 4232
4233 4216 4235
4233 4235 4234
4235 4210 4234
4216 4213 4235
4213 4210 4235
4236 4237 4238
4236 4238 4239
4240 4236 4239
4241 4237 4236
4241 4242 4237
4241 4243 4242
4240 4244 4236
4244 4241 4236
4245 4244 4240
4245 4240 4246
4247 4245 4246
4241 4248 4243
4244 4249 4241
4248 4241 4249
4250 4249 4244
4250 4244 4245
4250 4248 4249
4247 4251 4245
4251 4250 4245
4252 4243 4248
4252 4253 4243
4254 4253 4252
4255 4252 4248
4254 4252 4255
4250 4256 4248
4255 4248 4256
4254 4255 4257
4257 4255 4256
4258 4251 4247
4258 4247 4259
4260 4258 4259
4251 4261 4250
4256 4250 4261
4262 4261 4251
4262 4251 4258
4262 4256 4261
4260 4263 4258
4263 4262 4258
4264 4263 4260
4262 4265 4256
4257 4256 4265
4254 4257 4266
4254 4266 4267
4268 4267 4266
4269 4266 4257
4268 4266 4269
4269 4257 4265
4270 4268 4269
4264 4271 4263
4272 4271 4264
4263 4273 4262
4265 4262 4273
4271 4273 4263
4274 4265 4273
4274 4269 4265
4271 4274 4273
4270 4269 4275
4269 4274 4275
4276 4270 4275
4272 4277 4271
4277 4274 4271
4277 4275 4274
4276 4275 4277
4278 4277 4272
4278 4276 4277
