byte offset: 0
first index: 0
index count: 5826
topology: trianglelist
format: DXGI_FORMAT_R16_UINT

0 1 2
0 2 3
4 5 6
4 6 7
7 6 8
7 8 9
9 8 1
9 1 0
10 11 12
10 12 13
13 12 14
13 14 15
16 17 18
16 18 19
19 18 11
19 11 10
20 21 22
20 22 23
23 22 24
23 24 25
25 24 26
25 26 27
27 26 28
27 28 29
30 31 21
30 21 20
32 33 34
32 34 35
36 37 38
39 40 41
39 41 42
43 39 42
43 42 44
42 41 45
42 45 46
47 46 45
47 45 48
49 50 47
49 47 48
51 52 53
51 53 54
55 56 57
55 57 58
57 59 60
57 60 58
55 58 61
55 61 62
58 60 63
62 61 64
62 64 65
61 63 64
65 64 66
64 63 67
68 66 69
70 71 72
70 72 73
63 74 75
63 75 67
74 76 77
74 77 75
78 79 80
78 80 81
63 60 74
82 83 84
82 84 85
82 85 86
82 86 87
88 87 86
83 89 90
83 90 84
91 92 93
91 43 44
91 44 94
95 96 83
95 83 82
97 95 82
97 82 87
95 98 96
99 98 95
96 98 100
101 102 103
104 105 106
104 106 107
52 51 108
52 108 109
33 110 111
33 111 34
112 113 88
112 88 68
114 115 116
117 118 119
120 121 122
120 122 123
124 125 126
124 126 127
128 129 130
131 132 133
131 133 134
40 135 136
40 136 137
138 139 140
138 140 141
138 141 120
138 120 142
143 144 145
143 145 146
147 117 148
147 148 149
150 151 152
150 152 133
133 152 153
133 153 134
128 130 154
128 154 155
156 128 155
156 155 157
158 156 157
158 157 159
160 158 161
141 140 162
141 162 163
164 121 163
164 163 165
124 166 151
124 151 150
167 168 169
167 169 170
171 172 173
171 173 174
175 176 177
178 179 175
180 181 182
183 184 167
185 170 186
185 186 187
188 186 189
188 189 190
191 188 192
192 188 193
194 195 196
197 198 199
200 197 199
200 199 201
202 203 204
202 204 205
206 207 205
205 204 208
205 208 209
209 206 205
209 208 210
209 210 211
212 206 209
212 209 211
213 211 210
213 210 214
212 211 213
212 213 215
213 214 216
213 216 217
218 219 220
218 220 221
222 223 224
225 226 227
225 227 228
229 230 231
232 233 234
232 234 235
232 235 172
232 172 236
236 172 171
236 171 237
237 171 238
237 238 159
161 158 159
161 159 238
239 161 238
239 238 240
241 239 240
241 240 242
243 244 245
243 245 246
247 243 246
247 246 248
246 249 250
246 250 248
247 248 155
247 155 154
248 250 157
248 157 155
251 252 243
251 243 247
236 250 249
236 249 232
232 249 233
235 234 253
235 253 254
247 154 255
247 255 251
159 157 237
237 157 250
237 250 236
191 256 257
191 257 187
258 259 190
258 190 189
260 169 261
262 263 221
262 221 256
264 265 266
222 267 268
222 268 269
240 238 171
240 171 174
270 271 272
273 274 275
276 277 278
279 280 281
279 281 282
283 279 282
283 282 284
282 281 285
282 285 286
287 288 289
287 289 290
287 290 291
287 291 292
293 283 284
293 284 294
295 296 297
298 299 289
298 289 300
101 301 302
101 302 102
303 304 305
303 305 306
307 304 303
307 303 308
309 310 311
312 313 314
312 314 315
316 317 313
316 313 312
318 319 320
318 320 321
322 323 319
322 319 318
324 316 312
325 326 327
325 327 328
36 325 329
36 329 330
330 329 331
330 331 332
36 330 333
333 330 332
333 332 334
335 336 49
79 335 49
337 80 45
337 45 41
337 41 40
337 40 137
110 33 338
110 338 339
339 338 340
339 340 341
341 340 342
343 110 339
343 339 344
344 339 341
344 341 345
346 343 344
346 344 207
347 348 349
346 212 215
204 203 349
350 351 352
350 352 353
354 353 352
354 352 347
355 356 357
355 357 358
359 360 361
359 361 362
363 364 365
363 365 366
366 365 367
366 367 368
369 370 371
369 371 372
373 374 375
373 375 376
377 378 379
377 379 380
380 379 381
380 381 382
383 384 385
383 385 386
387 388 389
387 389 390
391 392 393
391 393 394
395 396 397
395 397 398
399 400 401
399 401 402
403 404 405
403 405 406
407 405 408
407 408 409
410 411 412
410 412 413
394 393 414
394 414 415
416 417 418
416 418 419
420 421 422
420 422 423
396 424 425
396 425 397
426 359 362
426 362 427
407 428 429
430 431 432
430 432 433
434 435 436
434 436 437
438 439 440
438 440 441
442 443 444
442 444 445
446 447 448
446 448 449
450 451 452
450 452 453
454 455 456
454 456 457
458 459 460
458 460 461
456 455 462
456 462 463
459 464 465
459 465 460
466 467 468
466 468 469
470 430 471
470 471 472
473 474 475
473 475 476
477 478 479
477 479 480
481 482 483
481 483 484
485 481 484
485 484 486
235 254 173
235 173 172
254 487 173
74 60 76
104 97 105
488 489 490
491 492 493
494 492 491
494 491 495
193 190 259
242 183 185
298 496 299
324 312 315
36 333 497
36 497 498
216 214 499
350 353 500
501 502 503
501 503 504
403 505 404
506 507 508
509 510 511
509 511 512
471 513 514
471 514 515
64 67 69
326 325 516
326 516 517
38 516 325
38 325 36
47 518 519
47 519 46
94 44 519
94 519 306
154 130 520
520 521 255
335 522 523
79 78 522
79 522 335
53 336 524
53 524 54
336 525 524
58 63 61
335 523 336
75 77 526
433 527 528
433 528 513
529 473 476
529 476 530
531 532 533
531 533 534
535 536 537
535 537 538
539 540 541
539 541 542
539 542 483
539 483 543
544 545 546
544 546 547
439 438 545
439 545 544
449 548 549
449 549 446
550 228 227
550 227 551
452 451 228
452 228 550
552 553 554
552 554 450
555 556 451
557 558 264
259 559 560
259 560 561
553 552 562
563 564 565
487 254 253
487 253 566
168 566 261
567 566 168
487 566 567
568 569 570
568 570 182
571 572 573
571 573 177
568 573 572
568 182 573
180 182 570
182 181 573
178 175 574
575 176 179
575 179 576
271 270 577
271 577 578
240 174 579
580 183 242
580 184 183
272 574 180
272 180 270
180 574 181
577 270 581
577 581 582
581 180 570
569 582 581
569 581 570
175 177 573
571 177 176
571 176 575
574 175 181
156 158 144
156 144 143
129 128 156
129 156 583
584 150 133
584 133 132
150 584 125
150 125 124
166 124 127
166 127 585
117 147 586
117 586 118
117 119 148
587 164 588
587 588 589
123 590 142
123 142 120
583 156 143
337 137 591
337 591 592
33 32 593
33 593 338
279 594 595
279 595 280
279 283 596
279 596 594
597 598 244
598 493 245
598 245 244
246 245 599
246 599 249
249 599 600
249 600 233
245 493 492
245 492 599
599 492 494
599 494 600
495 601 602
495 602 603
604 605 606
604 606 607
494 608 600
600 608 609
608 494 223
608 223 222
606 610 611
606 611 607
612 613 614
612 614 615
616 562 469
616 469 468
266 265 230
562 552 469
617 274 273
263 262 618
263 618 619
620 619 618
620 618 621
425 622 623
425 623 624
397 625 626
221 263 218
426 427 627
426 627 628
629 630 631
629 631 632
633 634 401
633 401 635
636 637 634
636 634 633
638 639 640
638 640 641
642 643 639
642 639 638
502 644 645
502 645 503
646 647 648
393 392 649
393 649 413
650 651 420
650 420 423
652 653 654
652 654 655
398 656 657
398 657 395
658 656 659
660 657 656
660 656 653
661 278 662
663 278 661
663 661 489
229 664 665
229 665 666
283 293 667
283 667 596
668 669 670
668 670 671
295 297 672
295 672 673
284 282 286
284 286 673
43 93 674
675 71 526
675 526 676
676 526 677
676 677 678
498 679 37
498 37 36
71 675 72
680 382 681
680 681 682
367 680 682
367 682 683
684 381 685
686 687 688
160 687 686
144 158 160
160 686 689
241 242 690
691 241 690
692 693 694
692 694 695
696 697 698
696 698 699
693 692 368
700 692 695
700 695 701
702 698 697
702 697 703
623 622 698
623 698 702
243 252 244
244 252 597
91 704 92
94 705 704
94 704 91
706 707 708
706 708 109
89 709 90
710 709 89
109 108 706
55 709 56
83 711 89
83 96 100
83 100 711
712 713 714
712 714 715
716 717 311
301 101 718
301 718 719
720 324 721
720 721 718
720 103 722
98 723 100
722 322 318
324 722 316
321 316 722
321 722 318
720 722 324
724 723 98
352 107 106
352 106 347
88 97 87
88 113 105
88 105 97
208 349 348
208 348 210
499 214 210
499 210 348
213 217 725
213 725 215
205 207 202
346 207 206
346 206 212
346 215 725
204 349 208
112 726 113
112 70 73
112 73 726
113 727 106
113 106 105
727 726 217
727 217 216
727 216 499
347 106 499
347 499 348
73 72 728
73 728 729
73 729 726
726 725 217
346 725 729
346 729 343
729 728 343
343 728 110
110 728 111
326 730 731
326 731 327
517 732 730
517 730 326
497 333 334
497 334 733
498 734 735
498 735 679
736 737 738
736 738 739
740 741 737
740 737 736
328 742 331
328 331 329
39 674 135
114 743 115
165 744 743
165 743 114
745 746 119
745 119 747
148 748 749
148 749 149
746 750 748
746 748 148
745 751 750
745 750 746
136 135 752
135 674 752
39 135 40
753 754 755
753 755 276
756 753 276
756 276 278
144 160 689
276 755 757
758 145 144
758 144 759
341 760 761
341 761 345
200 762 274
275 274 763
278 663 764
756 278 765
278 764 765
766 767 768
354 203 202
354 202 769
770 771 772
354 769 500
761 773 769
761 769 345
345 769 202
345 202 207
203 354 349
345 207 344
347 349 354
230 768 266
354 500 353
727 499 106
774 766 775
766 776 775
776 766 666
776 665 777
776 666 665
229 666 230
778 779 780
778 780 781
782 783 784
782 784 785
781 780 295
782 299 783
786 780 779
786 779 787
296 780 786
783 299 496
295 780 296
788 789 790
788 790 791
292 790 789
292 789 287
668 789 788
668 788 669
304 307 792
304 792 793
704 794 795
705 796 794
705 794 704
797 798 708
797 708 707
799 800 723
799 723 724
801 802 797
792 802 793
797 802 798
803 804 802
803 802 801
280 595 805
280 805 806
280 806 807
280 807 281
285 281 807
285 807 808
785 784 809
810 787 779
810 779 811
812 813 791
812 791 790
785 809 814
785 814 291
806 805 815
806 815 816
810 811 808
810 808 817
811 779 778
351 818 107
351 107 352
104 107 818
104 818 819
794 820 821
822 820 794
822 794 796
823 824 820
823 820 822
819 818 825
819 825 826
827 828 829
827 829 351
830 821 831
827 351 350
351 829 825
351 825 818
831 821 820
831 820 824
795 821 830
794 821 795
134 832 833
134 833 131
749 834 835
749 835 153
748 836 834
748 834 749
750 751 837
750 837 836
838 839 840
838 840 841
841 840 842
841 842 843
844 845 846
844 846 847
139 838 841
139 841 140
140 841 843
140 843 162
744 844 847
744 847 743
848 833 832
848 832 849
849 832 835
849 835 850
851 834 836
851 836 837
750 836 748
847 852 743
853 118 586
853 586 854
588 164 165
588 165 114
342 340 855
342 855 856
857 858 136
857 136 752
855 340 338
855 338 593
137 136 858
137 858 591
677 526 77
43 674 39
739 738 859
739 859 860
798 802 792
79 49 48
666 766 230
766 768 230
861 610 862
861 862 863
606 864 865
866 615 614
866 614 867
115 743 852
341 342 760
690 242 868
260 261 564
566 253 269
566 269 268
269 253 234
269 234 609
234 233 609
261 169 168
222 269 609
222 609 608
600 609 233
193 188 190
197 195 198
200 201 762
772 771 869
763 772 869
770 772 201
201 199 870
201 870 871
201 871 872
201 872 873
199 874 870
875 770 201
875 201 873
201 772 762
199 198 874
200 274 196
200 196 197
196 195 197
274 617 194
274 194 196
259 561 193
264 558 265
772 274 762
763 274 772
876 877 878
876 878 879
877 880 881
877 881 878
882 883 884
882 884 885
886 880 877
881 887 878
876 888 886
876 886 877
878 887 882
878 882 885
889 888 876
876 879 890
876 890 889
885 884 879
885 879 878
891 892 893
891 893 879
894 895 892
894 892 891
896 897 884
896 884 883
898 892 895
894 891 899
900 893 898
896 899 891
896 891 897
901 893 900
890 879 893
890 893 901
879 884 897
879 897 891
902 903 904
905 906 907
905 908 909
905 909 906
908 902 910
908 910 909
902 904 910
910 904 911
912 904 903
912 903 913
911 904 914
911 914 915
898 893 892
912 913 916
915 914 917
918 919 920
918 920 921
922 923 924
922 924 925
926 927 928
926 928 929
930 931 932
930 932 933
934 935 936
934 936 937
938 939 940
938 940 941
942 943 944
942 944 945
946 947 948
949 950 951
949 951 952
953 954 955
953 955 956
957 938 941
957 941 958
941 940 955
941 955 950
950 955 954
950 954 951
959 940 939
959 939 960
944 961 962
944 962 947
963 961 944
963 944 943
964 961 963
964 963 965
966 921 920
966 920 967
930 968 969
930 969 931
928 970 969
928 969 925
936 935 971
971 972 936
972 933 932
953 956 973
948 974 946
948 947 975
933 972 976
975 947 962
975 962 977
922 925 969
922 969 968
962 949 952
962 952 977
924 923 966
924 966 967
970 928 927
970 927 978
970 978 979
970 979 980
936 972 932
972 971 981
982 983 984
982 984 985
986 987 988
986 988 989
990 991 992
990 992 993
994 995 996
994 996 997
998 999 1000
998 1000 1001
1002 1003 1004
1002 1004 1005
1006 1007 1008
1006 1008 1009
1010 1011 1012
1013 1014 1015
1013 1015 1016
1017 1018 1019
1017 1019 1020
1005 1004 1021
1005 1021 1022
1017 1002 1005
1017 1005 1014
1018 1017 1014
1018 1014 1013
1003 1002 1023
1003 1023 1024
1025 1026 1006
1025 1006 1010
1006 1026 1027
1006 1027 1007
1027 1026 1028
1027 1028 1029
982 985 1030
982 1030 1031
1032 1033 996
1032 996 995
1032 1034 990
1032 990 989
999 998 1035
1036 1035 998
994 997 1036
1020 1019 1037
1038 1012 1011
1010 1012 1039
1036 997 1040
1025 1010 1039
1025 1039 1041
1032 989 988
1032 988 1033
1016 1015 1025
1016 1025 1041
1030 987 986
1030 986 1031
991 990 1034
991 1034 1042
1043 1042 1034
1043 1034 1044
1036 998 994
1035 1036 1045
1046 1047 1048
1046 1048 1049
1050 1051 1052
1050 1052 1053
1054 1055 1056
1054 1056 1057
1058 1059 1060
1058 1060 1061
1062 1063 1064
1062 1064 1065
1066 1067 1068
1066 1068 1069
1070 1071 1072
1070 1072 1073
1074 1075 1076
1074 1076 1077
1078 1079 1080
1078 1080 1081
1082 1083 1084
1082 1084 1085
1086 1087 1088
1086 1088 1089
1090 1091 1092
1090 1092 1093
1094 1095 1096
1094 1096 1097
1098 1099 1100
1098 1100 1101
1102 1103 1104
1102 1104 1105
1106 1107 1108
1106 1108 1109
1110 1111 1112
1110 1112 1113
1114 1115 1116
1114 1116 1117
1118 1119 1120
1118 1120 1121
1122 1123 1124
1122 1124 1125
1126 1127 1128
1126 1128 1129
1130 1131 1132
1130 1132 1133
1134 1135 1136
1134 1136 1137
1138 1139 1140
1138 1140 1141
1142 1143 1099
1142 1099 1098
1144 1145 1146
1144 1146 1147
1148 1149 1150
1148 1150 1151
1133 1132 1119
1133 1119 1118
1152 1153 1154
1152 1154 1155
1101 1100 1156
1101 1156 1157
1158 1159 1160
1158 1160 1161
1162 1163 1164
1162 1164 1165
1166 1167 1168
1166 1168 1169
1113 1112 1170
1113 1170 1171
1172 1173 1174
1172 1174 1175
1171 1170 1176
1171 1176 1177
1178 1179 1180
1178 1180 1181
1182 1183 1184
1182 1184 1185
1186 1187 1188
1186 1188 1189
1190 1191 1083
1190 1083 1082
1081 1080 1192
1081 1192 1193
1194 1195 1196
1194 1196 1197
1198 1199 1200
1198 1200 1201
1097 1096 1202
1097 1202 1203
1204 1205 1206
1204 1206 1207
1208 1209 1210
1211 1129 1128
1212 1213 1214
1212 1214 1215
1216 1217 1218
1216 1218 1219
1220 1221 1222
1220 1222 1223
1224 1225 1079
1224 1079 1078
1226 1227 1221
1226 1221 1220
1193 1192 1063
1193 1063 1062
1121 1120 1227
1121 1227 1226
1228 1229 1123
1228 1123 1122
1230 1231 1059
1230 1059 1058
1065 1064 1232
1065 1232 1233
1077 1076 1234
1077 1234 1235
1236 1237 1238
1236 1238 1239
1240 1241 1242
1240 1242 1243
1235 1234 1244
1235 1244 1245
1246 1247 1248
1246 1248 1249
1250 1251 1252
1250 1252 1253
1254 1251 1250
1251 1254 1255
1203 1202 1256
1203 1256 1257
1258 1259 1260
1258 1260 1261
1262 1263 1264
1262 1264 1265
1266 1267 1268
1266 1268 1269
1270 1271 1272
1270 1272 1273
1274 1275 1276
1274 1276 1277
1278 1279 1280
1278 1280 1281
1282 1283 1284
1282 1284 1285
1286 1287 1288
1289 1290 1291
1283 1274 1277
1283 1277 1284
1292 1282 1285
1292 1285 1293
1286 1258 1261
1286 1261 1287
1289 1265 1264
1289 1264 1290
1294 1295 1296
1294 1296 1297
1298 1299 1300
1298 1300 1301
1302 1303 1304
1302 1304 1305
1306 1307 1308
1306 1308 1309
1310 1311 1312
1310 1312 1313
1314 1315 1316
1314 1316 1317
1318 1319 1320
1318 1320 1321
1322 1323 1324
1322 1324 1325
1326 1327 1328
1326 1328 1329
1330 1331 1332
1333 1306 1309
1333 1309 1334
1335 1336 1337
1338 1326 1329
1338 1329 1339
1330 1340 1341
1330 1341 1331
1342 1343 1336
1342 1336 1335
1344 1345 1346
1344 1346 1347
1348 1349 1350
1348 1350 1351
1352 1353 1349
1352 1349 1348
1354 1355 1356
1354 1356 1357
1358 1359 1360
1358 1360 1361
1362 1351 1350
1362 1350 1363
1359 1362 1363
1359 1363 1360
1364 1365 1356
1364 1356 1366
1367 1368 1369
1367 1369 1370
1371 1372 1373
1371 1373 1374
1375 1376 1365
1375 1365 1377
1378 1379 1380
1378 1380 1367
1368 1367 1381
1356 1365 1376
1356 1376 1357
1382 1383 1384
1382 1384 1385
1386 1387 1388
1386 1388 1389
1390 1391 1392
1390 1392 1393
1368 1394 1395
1368 1395 1396
1397 1398 1399
1397 1399 1400
1400 1399 1401
1400 1401 1402
1402 1401 1403
1402 1403 1404
1404 1403 1405
1404 1405 1406
1406 1405 1407
1406 1407 1408
1408 1407 1409
1408 1409 1410
1411 1412 1413
1411 1413 1414
1414 1413 1398
1414 1398 1397
1415 1416 1417
1417 1416 1418
1418 1416 1419
1419 1416 1420
1420 1416 1421
1422 1416 1415
1423 1424 1425
1426 1424 1427
1427 1424 1428
1428 1424 1429
1429 1424 1430
1430 1424 1423
68 69 70
69 67 71
69 71 70
67 75 526
67 526 71
1431 1432 1433
1431 1433 1434
1433 1432 640
1433 640 1435
1436 1437 1438
1436 1438 1439
1440 1441 1437
1440 1437 1436
1442 1443 1441
1442 1441 1440
1444 1445 1446
1444 1446 1447
1448 1449 1445
1448 1445 1444
1450 1451 1449
1450 1449 1448
1452 1453 1451
1452 1451 1450
1454 1455 1453
1454 1453 1452
1456 1457 1455
1456 1455 1454
1458 1459 1457
1458 1457 1456
1460 1461 1459
1460 1459 1458
1439 1438 1462
1439 1462 1463
1463 1462 1461
1463 1461 1460
1464 1465 1466
1466 1465 1467
1467 1465 1468
1468 1465 1469
1469 1465 1470
1470 1465 1471
1471 1465 1472
1472 1465 1473
1473 1465 1474
1474 1465 1475
1475 1465 1476
1477 1478 1479
1480 1478 1481
1481 1478 1482
1482 1478 1483
1483 1478 1484
1484 1478 1485
1485 1478 1486
1486 1478 1487
1487 1478 1488
1488 1478 1489
1489 1478 1477
1490 1491 1492
1490 1492 1493
1494 1495 1491
1494 1491 1490
1496 1497 1495
1496 1495 1494
1498 1499 1497
1498 1497 1496
1500 1501 1499
1500 1499 1498
1502 1503 1501
1502 1501 1500
1504 1505 1503
1504 1503 1502
1506 1507 1505
1506 1505 1504
1508 1509 1507
1508 1507 1506
1510 1511 1512
1510 1512 1513
1514 1515 1511
1514 1511 1510
1516 1517 1515
1516 1515 1514
1518 1519 1517
1518 1517 1516
1520 1521 1519
1520 1519 1518
1493 1492 1522
1493 1522 1523
1523 1522 1521
1523 1521 1520
1524 1525 1526
1526 1525 1527
1527 1525 1528
1528 1525 1529
1529 1525 1530
1530 1525 1531
1531 1525 1532
1532 1525 1533
1533 1525 1534
1534 1525 1535
1535 1525 1536
1536 1525 1537
1537 1525 1538
1538 1525 1539
1540 1541 1542
1542 1541 1543
1543 1541 1544
1544 1541 1545
1545 1541 1546
1546 1541 1547
1547 1541 1548
1548 1541 1549
1549 1541 1550
1550 1541 1551
1551 1541 1552
1552 1541 1553
1553 1541 1554
1554 1541 1555
1556 1557 1558
1556 1558 1559
1560 1561 1557
1560 1557 1556
1562 1563 1561
1562 1561 1560
1564 1565 1563
1564 1563 1562
1566 1567 1565
1566 1565 1564
1568 1569 1567
1568 1567 1566
1570 1571 1569
1570 1569 1568
1572 1573 1571
1572 1571 1570
1574 1575 1573
1574 1573 1572
1576 1577 1575
1576 1575 1574
1578 1579 1577
1578 1577 1576
1580 1581 1582
1580 1582 1583
1584 1585 1581
1584 1581 1580
1586 1587 1585
1586 1585 1584
1559 1558 1588
1559 1588 1589
1589 1588 1587
1589 1587 1586
1590 1591 1592
1592 1591 1593
1594 1591 1595
1595 1591 1596
1596 1591 1597
1597 1591 1598
1598 1591 1599
1599 1591 1600
1600 1591 1601
1601 1591 1602
1602 1591 1603
1603 1591 1604
1604 1591 1605
1605 1591 1590
1606 1607 1608
1608 1607 1609
1609 1607 1610
1610 1607 1611
1611 1607 1612
1612 1607 1613
1613 1607 1614
1614 1607 1615
1615 1607 1616
1616 1607 1617
1617 1607 1618
1618 1607 1619
1619 1607 1620
1620 1607 1621
433 432 1622
433 1622 527
472 1623 512
472 512 511
515 514 1624
515 1624 1625
430 433 513
430 513 471
470 1626 431
470 431 430
470 531 534
470 534 1626
442 1627 537
442 537 1628
445 1629 1627
445 1627 442
1623 515 1625
1623 1625 1630
1631 431 1626
1631 1626 1632
472 471 515
472 515 1623
258 260 563
258 563 1633
435 1634 542
435 542 541
434 1635 1634
434 1634 435
531 511 510
531 510 532
1636 1637 1638
1636 1638 1639
1640 466 469
1640 469 552
1641 864 606
1641 606 605
470 472 511
470 511 531
222 224 267
463 462 473
463 473 529
477 465 464
477 464 478
615 468 467
615 467 612
509 512 1623
509 1623 1630
462 1642 474
462 474 473
866 616 468
866 468 615
605 227 226
605 226 1641
1627 436 538
1627 538 537
1629 437 436
1629 436 1627
548 441 440
548 440 549
540 535 538
540 538 541
604 551 227
604 227 605
565 564 268
565 268 267
564 261 566
564 566 268
1622 432 431
1622 431 1631
454 443 1643
454 1643 1639
457 444 443
457 443 454
461 448 447
461 447 458
450 453 1640
450 1640 552
1626 534 533
1626 533 1632
451 450 554
451 554 555
561 560 558
561 558 557
193 561 557
484 483 542
484 542 1634
1635 486 484
1635 484 1634
543 483 482
543 482 1644
547 546 1645
547 1645 1646
494 495 603
494 603 223
1647 611 610
1647 610 861
862 610 606
862 606 865
1624 514 513
1624 513 528
1648 475 474
1648 474 1649
1643 1628 1650
1643 1650 1651
1642 1638 1637
1642 1637 1652
1628 537 536
1628 536 1650
1649 474 1642
1649 1642 1652
1639 1643 1651
1639 1651 1636
541 538 436
541 436 435
1628 1643 443
1628 443 442
1639 1638 455
1639 455 454
455 1638 1642
455 1642 462
1653 1654 1655
398 397 626
398 626 1656
630 355 358
630 358 631
1657 1432 1431
363 366 700
366 368 692
1658 241 691
187 186 188
187 188 191
169 189 186
169 186 170
690 220 219
690 219 691
187 257 868
187 868 185
260 258 189
260 189 169
630 629 1659
630 1659 1434
1660 628 627
1660 627 1661
633 629 632
633 632 636
695 694 703
695 703 697
696 701 695
696 695 697
258 1633 559
258 559 259
381 379 685
406 405 407
406 407 429
1653 408 405
1653 405 404
1661 418 417
1661 417 1660
634 637 1662
634 1662 1663
508 645 644
508 644 506
1664 699 698
1664 698 622
381 684 681
381 681 382
759 144 689
1663 414 412
1663 412 402
1662 415 414
1662 414 1663
419 422 421
419 421 416
622 425 424
622 424 1664
397 425 624
397 624 625
272 271 1665
1666 356 1435
1666 1435 1667
1668 357 356
1668 356 1666
1669 361 360
1669 360 1670
1671 365 364
1671 364 1672
680 367 365
680 365 1671
392 1673 1674
392 1674 649
391 1675 1673
391 1673 392
1676 504 1655
1676 1655 1677
645 508 409
645 409 408
1678 508 507
1665 271 578
1665 578 1679
240 579 580
240 580 242
1657 641 640
1657 640 1432
1680 1681 651
1680 651 650
1656 659 656
1656 656 398
368 367 683
368 683 1682
1658 688 239
1658 239 241
1653 503 645
1653 645 408
1673 385 1683
1673 1683 1674
1675 386 385
1675 385 1673
1680 389 388
1680 388 1681
658 654 653
658 653 656
1684 660 653
1684 653 652
370 1666 1667
370 1667 646
369 1668 1666
369 1666 370
382 680 1671
382 1671 380
376 1669 1670
376 1670 373
380 1671 1672
380 1672 377
410 413 649
410 649 1685
1686 1659 635
1686 635 1687
647 646 643
1683 1688 1689
1683 1689 1690
1691 648 647
1691 647 1692
1431 1434 1659
1431 1659 1686
635 401 400
635 400 1687
402 412 411
402 411 399
1685 649 1674
1685 1674 1693
639 1667 1435
639 1435 640
1693 1674 1683
1693 1683 1690
646 1667 639
646 639 643
1433 1435 356
1433 356 355
646 648 371
646 371 370
1688 1683 385
1688 385 384
413 412 414
413 414 393
635 1659 629
635 629 633
1434 1433 355
1434 355 630
402 401 634
402 634 1663
1654 1653 404
1655 1654 1694
1655 1694 1677
1655 504 503
1655 503 1653
409 508 1678
409 1678 1695
1696 407 409
1696 409 1695
276 757 277
757 755 1697
662 278 277
588 114 116
588 116 589
747 119 118
747 118 853
260 564 563
191 192 262
688 687 239
687 160 161
687 161 239
490 489 661
1654 505 1694
428 407 1696
501 504 1676
404 505 1654
1698 288 668
1698 668 671
288 287 789
288 789 668
790 292 1699
790 1699 812
816 1700 807
816 807 806
286 285 778
286 778 781
290 289 299
290 299 782
785 291 290
785 290 782
1698 300 289
1698 289 288
673 672 294
673 294 284
673 286 781
673 781 295
285 808 811
285 811 778
291 814 1699
291 1699 292
817 808 807
817 807 1700
587 122 121
587 121 164
149 152 151
149 151 147
749 153 152
749 152 149
163 162 744
163 744 165
141 163 121
141 121 120
147 151 166
147 166 586
586 166 585
586 585 854
153 835 832
153 832 134
843 842 845
843 845 844
162 843 844
162 844 744
850 835 834
850 834 851
847 846 852
148 119 746
220 257 256
220 256 221
690 868 257
690 257 220
262 256 191
868 242 185
647 643 1692
1692 643 642
819 724 99
819 99 104
46 519 44
46 44 42
592 81 80
592 80 337
306 305 705
306 705 94
305 1701 796
305 796 705
796 1701 804
796 804 822
822 804 803
822 803 823
799 724 819
799 819 826
48 45 80
48 80 79
303 306 519
303 519 518
34 676 678
35 34 678
34 111 676
111 728 72
111 72 675
99 724 98
99 97 104
99 95 97
1702 518 47
1702 47 50
303 518 1702
303 1702 308
304 793 1701
304 1701 305
336 53 50
336 50 49
50 53 52
50 52 1702
308 109 708
308 708 307
52 109 308
52 308 1702
307 708 798
307 798 792
65 85 84
65 84 62
66 86 85
66 85 65
68 88 86
68 86 66
84 90 55
84 55 62
498 497 733
498 733 734
321 320 317
321 317 316
721 315 314
721 314 1703
311 310 716
719 718 721
719 721 1703
327 731 742
327 742 328
1294 1297 1343
1294 1343 1342
1324 1323 1341
1324 1341 1340
720 718 101
309 311 1704
309 1704 1705
1704 311 714
1704 714 713
1706 715 714
1706 714 1707
714 1708 1707
714 717 1708
311 717 714
324 315 721
325 328 329
1368 1381 1394
1381 1367 1380
1381 1380 1394
1709 859 738
1709 738 1710
738 1711 1710
1711 738 737
1711 737 1712
737 1713 1712
737 741 1714
737 1714 1713
793 802 804
793 804 1701
113 726 727
66 64 69
68 70 112
90 709 55
726 729 725
693 368 1682
228 556 225
451 556 228
270 180 581
175 179 176
175 573 181
183 167 170
183 170 185
495 491 1715
495 1715 601
700 366 692
767 766 774
500 769 773
520 255 154
704 795 92
91 93 43
101 103 720
676 111 675
35 678 1716
231 230 265
