byte offset: 0
first index: 0
index count: 4578
topology: trianglelist
format: DXGI_FORMAT_R16_UINT

0 1 2
0 2 3
4 5 6
4 6 7
8 9 10
8 10 11
12 13 14
12 14 15
15 14 16
15 16 17
18 19 20
18 20 21
22 23 24
22 24 25
26 27 13
26 13 12
28 29 30
28 30 31
32 33 34
32 34 35
17 16 36
17 36 37
38 39 3
38 3 2
6 40 41
6 41 7
10 27 26
10 26 11
8 32 35
8 35 9
20 23 22
20 22 21
18 28 31
18 31 19
24 34 33
24 33 25
40 30 29
40 29 41
38 42 43
38 43 39
4 43 42
4 42 5
44 45 46
44 46 47
48 49 50
48 50 51
52 53 54
52 54 55
56 57 58
56 58 59
60 56 59
60 59 61
62 63 64
62 64 65
66 67 68
66 68 69
57 70 71
57 71 58
72 73 74
72 74 75
76 77 78
76 78 79
80 60 61
80 61 81
47 82 83
47 83 44
84 85 48
84 48 51
71 70 52
71 52 55
79 78 54
79 54 53
68 67 62
68 62 65
75 74 64
75 64 63
77 76 66
77 66 69
73 72 85
73 85 84
86 87 83
86 83 82
87 86 50
87 50 49
88 89 90
88 90 91
92 93 94
92 94 95
96 97 98
96 98 99
100 101 102
100 102 103
104 105 106
104 106 107
108 109 110
108 110 111
112 113 114
112 114 115
116 117 118
116 118 119
120 121 122
120 122 123
124 116 119
124 119 125
121 126 127
121 127 122
128 129 130
128 130 131
132 133 134
132 134 135
136 137 138
136 138 139
140 141 142
140 142 143
117 144 145
117 145 118
146 120 123
146 123 147
148 149 150
148 150 151
152 153 154
152 154 155
156 157 158
156 158 159
160 161 162
160 162 163
164 124 125
164 125 165
126 166 167
126 167 127
97 168 169
97 169 98
170 92 95
170 95 171
172 100 103
172 103 173
105 174 175
105 175 106
144 108 111
144 111 145
113 146 147
113 147 114
157 112 115
157 115 158
109 160 163
109 163 110
137 128 131
137 131 138
133 140 143
133 143 134
149 132 135
149 135 150
129 152 155
129 155 130
161 136 139
161 139 162
141 156 159
141 159 142
153 172 173
153 173 154
174 148 151
174 151 175
176 170 171
176 171 177
168 178 179
168 179 169
178 104 107
178 107 179
101 176 177
101 177 102
180 181 182
180 182 183
184 185 186
184 186 187
188 189 190
188 190 191
192 193 194
192 194 195
193 196 197
193 197 194
198 199 200
198 200 201
202 203 204
202 204 205
206 192 195
206 195 207
208 209 210
208 210 211
212 213 214
212 214 215
196 216 217
196 217 197
218 182 181
218 181 219
186 185 220
186 220 221
190 189 206
190 206 207
188 191 213
188 213 212
200 199 202
200 202 205
198 201 209
198 209 208
204 203 215
204 215 214
221 220 211
221 211 210
218 219 222
218 222 223
184 187 223
184 223 222
224 225 226
224 226 227
228 229 230
228 230 231
232 233 234
232 234 235
236 237 238
236 238 239
240 241 237
240 237 236
242 243 244
242 244 245
246 247 248
246 248 249
239 238 250
239 250 251
252 253 254
252 254 255
256 257 258
256 258 259
260 261 241
260 241 240
225 224 262
225 262 263
264 229 228
264 228 265
250 233 232
250 232 251
257 235 234
257 234 258
248 243 242
248 242 249
253 245 244
253 244 254
259 247 246
259 246 256
255 264 265
255 265 252
266 263 262
266 262 267
267 231 230
267 230 266
268 269 270
268 270 271
272 273 274
272 274 275
276 277 278
276 278 279
280 281 282
280 282 283
284 285 286
284 286 287
288 289 290
288 290 291
292 293 294
292 294 295
296 297 298
296 298 299
300 301 302
300 302 303
304 305 297
304 297 296
303 302 306
303 306 307
308 309 310
308 310 311
312 313 314
312 314 315
316 317 318
316 318 319
320 321 322
320 322 323
299 298 324
299 324 325
326 327 301
326 301 300
328 329 330
328 330 331
332 333 334
332 334 335
336 337 338
336 338 339
340 341 342
340 342 343
344 345 305
344 305 304
307 306 346
307 346 347
279 278 348
279 348 349
350 351 273
350 273 272
352 353 281
352 281 280
287 286 354
287 354 355
325 324 289
325 289 288
295 294 327
295 327 326
339 338 293
339 293 292
291 290 341
291 341 340
319 318 309
319 309 308
315 314 321
315 321 320
331 330 313
331 313 312
311 310 333
311 333 332
343 342 317
343 317 316
323 322 337
323 337 336
335 334 353
335 353 352
355 354 329
355 329 328
356 357 351
356 351 350
349 348 358
349 358 359
359 358 285
359 285 284
283 282 357
283 357 356
360 361 362
360 362 363
364 365 366
364 366 367
365 368 369
365 369 366
368 370 371
368 371 369
367 372 373
367 373 364
372 374 375
372 375 373
374 360 363
374 363 375
376 377 378
376 378 379
377 362 361
377 361 378
380 381 382
380 382 383
384 385 386
384 386 387
388 389 385
388 385 384
390 391 389
390 389 388
392 393 387
392 387 386
394 395 393
394 393 392
383 382 395
383 395 394
396 397 398
396 398 399
381 380 397
381 397 396
400 401 402
400 402 403
404 405 406
404 406 407
408 409 410
408 410 411
412 413 414
412 414 415
416 417 409
416 409 408
415 414 418
415 418 419
420 421 417
420 417 416
419 418 422
419 422 423
424 425 413
424 413 412
411 410 426
411 426 427
428 429 425
428 425 424
427 426 430
427 430 431
403 402 429
403 429 428
431 430 405
431 405 404
432 433 434
432 434 435
436 437 438
436 438 439
440 441 442
440 442 443
407 406 437
407 437 436
443 442 401
443 401 400
444 445 446
444 447 445
444 448 447
449 450 451
449 452 450
449 453 452
449 454 453
449 455 454
449 456 455
444 457 458
444 459 457
444 446 459
446 445 460
446 460 461
445 447 462
445 462 460
447 448 463
447 463 462
451 450 464
451 464 465
450 452 466
450 466 464
452 453 467
452 467 466
453 454 468
453 468 467
454 455 469
454 469 468
455 456 470
455 470 469
458 457 471
458 471 472
457 459 473
457 473 471
459 446 461
459 461 473
461 460 474
461 474 475
460 462 476
460 476 474
462 463 477
462 477 476
465 464 478
465 478 479
464 466 480
464 480 478
466 467 481
466 481 480
467 468 482
467 482 481
468 469 483
468 483 482
469 470 484
469 484 483
472 471 485
472 485 486
471 473 487
471 487 485
473 461 475
473 475 487
475 474 488
475 488 489
474 476 490
474 490 488
476 477 491
476 491 490
479 478 492
479 492 493
478 480 494
478 494 492
480 481 495
480 495 494
481 482 496
481 496 495
482 483 497
482 497 496
483 484 498
483 498 497
486 485 499
486 499 500
485 487 501
485 501 499
487 475 489
487 489 501
489 488 502
489 502 503
488 490 504
488 504 502
490 491 505
490 505 504
493 492 506
493 506 507
492 494 508
492 508 506
494 495 509
494 509 508
495 496 510
495 510 509
496 497 511
496 511 510
497 498 512
497 512 511
500 499 513
500 513 514
499 501 515
499 515 513
501 489 503
501 503 515
516 503 502
516 502 504
516 504 505
517 507 506
517 506 508
517 508 509
517 509 510
517 510 511
517 511 512
516 514 513
516 513 515
516 515 503
518 519 520
518 520 521
522 523 524
522 524 525
525 524 526
525 526 527
527 526 528
527 528 529
523 522 530
523 530 531
531 530 532
531 532 533
533 532 519
533 519 518
534 535 536
534 536 537
537 536 521
537 521 520
538 539 540
538 540 541
542 543 544
542 544 545
546 542 545
546 545 547
548 546 547
548 547 549
550 544 543
550 543 551
552 550 551
552 551 553
539 552 553
539 553 540
554 555 556
554 556 557
541 554 557
541 557 538
558 559 560
558 560 561
562 563 564
562 564 565
566 567 568
566 568 569
570 571 572
570 572 573
574 566 569
574 569 575
571 576 577
571 577 572
578 574 575
578 575 579
576 580 581
576 581 577
582 570 573
582 573 583
567 584 585
567 585 568
586 582 583
586 583 587
584 588 589
584 589 585
559 586 587
559 587 560
588 562 565
588 565 589
590 591 592
590 592 593
594 595 596
594 596 597
598 599 600
598 600 601
563 594 597
563 597 564
599 558 561
599 561 600
602 603 604
602 604 605
602 605 606
607 608 609
607 609 610
607 610 611
607 611 612
607 612 613
607 613 614
602 615 616
602 616 617
602 617 603
603 618 619
603 619 604
604 619 620
604 620 605
605 620 621
605 621 606
608 622 623
608 623 609
609 623 624
609 624 610
610 624 625
610 625 611
611 625 626
611 626 612
612 626 627
612 627 613
613 627 628
613 628 614
615 629 630
615 630 616
616 630 631
616 631 617
617 631 618
617 618 603
618 632 633
618 633 619
619 633 634
619 634 620
620 634 635
620 635 621
622 636 637
622 637 623
623 637 638
623 638 624
624 638 639
624 639 625
625 639 640
625 640 626
626 640 641
626 641 627
627 641 642
627 642 628
629 643 644
629 644 630
630 644 645
630 645 631
631 645 632
631 632 618
632 646 647
632 647 633
633 647 648
633 648 634
634 648 649
634 649 635
636 650 651
636 651 637
637 651 652
637 652 638
638 652 653
638 653 639
639 653 654
639 654 640
640 654 655
640 655 641
641 655 656
641 656 642
643 657 658
643 658 644
644 658 659
644 659 645
645 659 646
645 646 632
646 660 661
646 661 647
647 661 662
647 662 648
648 662 663
648 663 649
650 664 665
650 665 651
651 665 666
651 666 652
652 666 667
652 667 653
653 667 668
653 668 654
654 668 669
654 669 655
655 669 670
655 670 656
657 671 672
657 672 658
658 672 673
658 673 659
659 673 660
659 660 646
674 661 660
674 662 661
674 663 662
675 665 664
675 666 665
675 667 666
675 668 667
675 669 668
675 670 669
674 672 671
674 673 672
674 660 673
676 677 678
676 678 679
676 680 681
676 681 677
680 682 683
680 683 681
684 685 686
684 686 687
688 689 690
688 690 691
679 678 690
679 690 689
687 692 693
687 693 684
692 683 682
692 682 693
694 695 696
697 698 699
700 701 702
703 704 705
706 707 708
709 710 711
712 713 714
715 716 717
718 719 720
721 722 723
724 725 726
727 728 729
730 731 732
733 734 735
736 737 738
739 740 741
742 743 744
742 744 745
746 747 743
746 743 742
748 749 750
748 750 751
745 744 749
745 749 748
752 742 745
752 745 753
754 746 742
754 742 752
755 748 751
755 751 756
753 745 748
753 748 755
757 752 753
757 753 758
759 754 752
759 752 757
760 755 756
760 756 761
758 753 755
758 755 760
762 757 758
762 758 763
764 759 757
764 757 762
765 760 761
765 761 766
763 758 760
763 760 765
767 762 763
767 763 768
769 764 762
769 762 767
770 765 766
770 766 771
768 763 765
768 765 770
772 767 768
772 768 773
774 769 767
774 767 772
775 770 771
775 771 776
773 768 770
773 770 775
777 778 779
777 779 780
781 782 778
781 778 777
783 784 785
783 785 786
780 779 784
780 784 783
787 777 780
787 780 788
789 781 777
789 777 787
790 783 786
790 786 791
788 780 783
788 783 790
792 787 788
792 788 793
794 789 787
794 787 792
795 790 791
795 791 796
793 788 790
793 790 795
797 792 793
797 793 798
799 794 792
799 792 797
800 795 796
800 796 801
798 793 795
798 795 800
802 797 798
802 798 803
804 799 797
804 797 802
805 800 801
805 801 806
803 798 800
803 800 805
743 802 803
743 803 744
747 804 802
747 802 743
749 805 806
749 806 750
744 803 805
744 805 749
807 808 809
807 809 810
811 812 808
811 808 813
814 815 816
814 816 817
814 818 811
814 811 813
808 815 813
808 819 815
808 820 809
815 821 822
819 808 807
817 823 824
817 824 814
813 815 814
825 826 827
825 827 828
828 829 830
828 831 832
833 828 830
834 828 832
835 828 827
831 828 836
831 836 837
834 838 828
828 838 825
839 828 840
841 842 843
841 843 844
845 846 842
845 842 841
847 848 849
847 849 850
849 848 851
849 851 852
853 854 855
853 855 856
857 844 843
857 843 858
859 854 853
859 853 860
861 862 859
861 859 860
863 856 855
863 855 864
845 863 864
845 864 846
865 866 867
865 867 868
861 869 870
861 870 862
862 870 871
862 871 822
810 809 843
810 843 842
810 842 846
810 846 807
812 811 848
812 848 847
818 851 848
818 848 811
819 855 854
819 854 821
809 820 858
809 858 843
859 821 854
822 821 859
822 859 862
819 807 864
819 864 855
864 807 846
867 824 823
867 823 868
872 873 874
872 874 875
875 876 877
875 877 878
816 879 880
816 880 817
880 878 877
880 877 881
878 879 875
882 883 879
874 884 875
872 875 883
817 880 885
817 885 823
880 879 878
886 828 887
886 887 888
889 828 890
891 828 892
890 828 893
892 828 894
887 828 895
836 828 891
836 891 896
828 897 894
897 828 886
898 828 839
899 900 901
899 901 902
900 903 904
900 904 901
905 906 907
905 907 908
909 908 907
909 907 910
911 912 913
911 913 914
915 916 899
915 899 902
917 918 913
917 913 912
919 920 911
919 911 914
904 903 920
904 920 919
865 868 921
865 921 922
923 924 870
923 870 869
871 870 924
871 924 925
899 874 873
899 873 900
873 872 903
873 903 900
908 877 876
908 876 905
881 877 908
881 908 909
883 882 912
883 912 911
916 884 874
916 874 899
912 882 917
917 882 925
917 925 924
920 872 883
920 883 911
903 872 920
921 868 823
921 823 885
923 918 917
923 917 924
882 879 925
816 815 822
816 822 871
925 879 816
925 816 871
879 883 875
815 819 821
866 852 851
866 851 867
818 814 824
828 833 840
824 867 851
824 851 818
880 881 885
893 828 898
909 921 885
909 885 881
909 910 922
909 922 921
858 847 850
858 850 857
808 812 820
829 828 835
820 812 847
820 847 858
906 905 916
906 916 915
905 876 884
905 884 916
876 875 884
828 889 895
926 927 928
926 928 929
930 931 932
930 932 933
930 933 934
930 934 935
936 937 927
938 939 927
938 927 926
940 931 930
940 930 941
942 941 930
942 930 935
939 943 936
939 936 927
944 939 938
944 938 945
946 940 941
946 941 947
948 947 941
948 941 942
944 949 943
944 943 939
944 945 950
944 950 951
947 952 953
947 953 946
952 947 948
952 948 954
949 944 951
949 951 955
956 957 958
956 958 959
960 961 962
960 962 963
964 963 962
964 962 965
956 966 967
956 967 957
959 968 969
959 969 956
960 963 970
960 970 971
963 964 972
963 972 970
973 966 956
973 956 969
974 975 976
974 976 977
978 979 980
978 980 981
978 981 982
978 982 983
984 985 976
984 976 975
986 987 988
986 988 989
990 991 992
990 992 993
994 990 993
994 993 995
996 997 988
996 988 987
998 999 987
998 987 986
1000 1001 991
1000 991 990
1002 1000 990
1002 990 994
1003 996 987
1003 987 999
1004 1005 1006
1004 1006 1007
1008 1009 1010
1008 1010 1011
1012 1011 1010
1012 1010 1013
1004 1014 1015
1004 1015 1005
1007 1016 1017
1007 1017 1004
1011 1018 1019
1011 1019 1008
1012 1020 1018
1012 1018 1011
1014 1004 1021
969 968 977
969 977 976
980 971 970
980 970 981
981 970 972
981 972 982
973 969 976
973 976 985
951 950 958
951 958 957
961 953 952
961 952 962
962 952 954
962 954 965
955 951 957
955 957 967
999 998 1006
999 1006 1005
1001 1000 1010
1001 1010 1009
1000 1002 1013
1000 1013 1010
1003 999 1005
1003 1005 1015
975 974 989
975 989 988
979 978 993
979 993 992
978 983 995
978 995 993
984 975 988
984 988 997
1022 1023 1024
1022 1024 1025
1026 1027 1028
1026 1028 1029
1030 1029 1028
1030 1028 1031
1022 1032 1023
1023 1033 1034
1023 1034 1024
1028 1027 1035
1028 1035 1036
1028 1036 1037
1028 1037 1031
1038 1039 1033
1038 1033 1023
1034 1033 1040
1034 1040 1041
1036 1035 1042
1036 1042 1043
1036 1043 1044
1036 1044 1037
1039 1045 1040
1039 1040 1033
1046 1041 1040
1046 1040 1047
1048 1049 1043
1048 1043 1042
1044 1043 1049
1044 1049 1050
1047 1040 1045
1047 1045 1051
1052 1053 1054
1052 1054 1055
1056 1057 1058
1056 1058 1059
1056 1059 1060
1056 1060 1061
1062 1063 1054
1062 1054 1053
1064 1065 1055
1064 1055 1054
1066 1059 1058
1066 1058 1067
1068 1060 1059
1068 1059 1066
1054 1063 1069
1054 1069 1064
1070 1071 1072
1070 1072 1073
1074 1075 1076
1074 1076 1077
1078 1077 1076
1078 1076 1079
1070 1080 1081
1070 1081 1071
1082 1083 1084
1082 1084 1085
1086 1087 1088
1086 1088 1089
1089 1088 1090
1089 1090 1091
1082 1092 1093
1082 1093 1083
1083 1094 1095
1083 1095 1084
1087 1096 1097
1087 1097 1088
1088 1097 1098
1088 1098 1090
1083 1093 1099
1083 1099 1094
1100 1101 1102
1100 1102 1103
1104 1105 1106
1104 1106 1107
1104 1107 1108
1104 1108 1109
1110 1111 1102
1110 1102 1101
1112 1113 1103
1112 1103 1102
1114 1115 1107
1114 1107 1106
1115 1116 1108
1115 1108 1107
1112 1102 1117
1073 1065 1064
1073 1064 1070
1066 1067 1074
1066 1074 1077
1068 1066 1077
1068 1077 1078
1070 1064 1069
1070 1069 1080
1052 1046 1047
1052 1047 1053
1049 1048 1057
1049 1057 1056
1050 1049 1056
1050 1056 1061
1053 1047 1051
1053 1051 1062
1100 1095 1094
1100 1094 1101
1104 1097 1096
1104 1096 1105
1109 1098 1097
1109 1097 1104
1101 1094 1099
1101 1099 1110
1085 1072 1071
1085 1071 1082
1089 1076 1075
1089 1075 1086
1091 1079 1076
1091 1076 1089
1082 1071 1081
1082 1081 1092
1118 1119 1120
1118 1120 1121
1122 1123 1119
1122 1119 1118
1124 1125 1126
1124 1126 1127
1128 1129 1126
1128 1126 1125
1130 1131 1132
1130 1132 1133
1133 1132 1134
1133 1134 1135
1133 1135 1136
1133 1136 1137
1137 1138 1130
1137 1130 1133
1139 1140 1141
1139 1141 1142
1143 1144 1141
1143 1141 1140
1145 1146 1147
1145 1147 1148
1149 1146 1145
1149 1145 1150
1151 1126 1129
1151 1129 1152
1153 1127 1126
1153 1126 1151
1141 1154 1155
1141 1155 1142
1144 1156 1154
1144 1154 1141
1119 1151 1152
1119 1152 1120
1123 1153 1151
1123 1151 1119
1154 1156 1147
1154 1147 1146
1155 1154 1146
1155 1146 1149
1157 1158 1159
1157 1159 1160
1161 1157 1160
1161 1160 1162
1163 1164 1165
1163 1165 1166
1167 1168 1169
1167 1169 1170
1171 1172 1173
1171 1173 1174
1171 1175 1176
1171 1176 1172
1177 1178 1179
1177 1179 1180
1181 1182 1183
1181 1183 1184
1185 1186 1187
1185 1187 1188
1189 1190 1191
1189 1191 1192
1193 1184 1183
1193 1183 1194
1174 1173 1195
1174 1195 1196
1167 1197 1198
1167 1198 1168
1189 1199 1200
1189 1200 1190
1193 1194 1201
1193 1201 1202
1163 1196 1195
1163 1195 1164
1197 1203 1204
1197 1204 1198
1205 1202 1201
1205 1201 1206
1199 1207 1208
1199 1208 1200
1209 1166 1165
1210 1211 1212
1131 1128 1125
1131 1125 1132
1132 1125 1124
1132 1124 1134
1175 1188 1187
1175 1187 1176
1170 1169 1178
1170 1178 1177
1143 1140 1137
1143 1137 1136
1140 1139 1138
1140 1138 1137
1181 1180 1179
1181 1179 1182
1192 1191 1186
1192 1186 1185
1213 1214 1215
1213 1215 1216
1217 1218 1219
1217 1219 1220
1221 1222 1223
1221 1223 1224
1225 1226 1227
1225 1227 1228
1229 1225 1228
1229 1228 1230
1218 1231 1232
1218 1232 1219
1233 1229 1230
1233 1230 1234
1231 1216 1215
1231 1215 1232
1235 1233 1234
1235 1234 1236
1237 1235 1236
1237 1236 1238
1222 1217 1220
1222 1220 1223
1226 1221 1224
1226 1224 1227
1210 1212 1204
1210 1204 1203
1205 1206 1212
1205 1212 1211
1209 1165 1208
1209 1208 1207
1239 1240 1241
1239 1241 1242
1243 1239 1242
1243 1242 1244
1245 1246 1247
1245 1247 1248
1249 1248 1247
1249 1247 1250
1251 1252 1253
1251 1253 1254
1252 1255 1256
1252 1256 1253
1252 1257 1258
1252 1258 1255
1257 1252 1251
1257 1251 1259
1260 1261 1262
1260 1262 1263
1264 1263 1262
1264 1262 1265
1266 1267 1268
1266 1268 1269
1270 1271 1266
1270 1266 1269
1272 1273 1250
1272 1250 1247
1274 1272 1247
1274 1247 1246
1262 1261 1275
1262 1275 1276
1265 1262 1276
1265 1276 1277
1242 1241 1273
1242 1273 1272
1244 1242 1272
1244 1272 1274
1276 1269 1268
1276 1268 1277
1275 1270 1269
1275 1269 1276
1278 1279 1280
1278 1280 1281
1282 1283 1279
1282 1279 1278
1284 1285 1286
1284 1286 1287
1288 1289 1290
1288 1290 1291
1292 1293 1294
1292 1294 1295
1292 1295 1296
1292 1296 1297
1298 1299 1300
1298 1300 1301
1302 1303 1304
1302 1304 1305
1306 1307 1308
1306 1308 1309
1310 1311 1312
1310 1312 1313
1314 1315 1304
1314 1304 1303
1293 1316 1317
1293 1317 1294
1288 1291 1318
1288 1318 1319
1310 1313 1320
1310 1320 1321
1314 1322 1323
1314 1323 1315
1284 1287 1317
1284 1317 1316
1319 1318 1324
1319 1324 1325
1326 1327 1323
1326 1323 1322
1321 1320 1328
1321 1328 1329
1330 1286 1285
1331 1332 1333
1254 1253 1248
1254 1248 1249
1253 1256 1245
1253 1245 1248
1297 1296 1308
1297 1308 1307
1289 1298 1301
1289 1301 1290
1264 1258 1257
1264 1257 1263
1263 1257 1259
1263 1259 1260
1302 1305 1300
1302 1300 1299
1311 1306 1309
1311 1309 1312
1334 1335 1336
1334 1336 1337
1338 1339 1340
1338 1340 1341
1342 1343 1344
1342 1344 1345
1346 1347 1348
1346 1348 1349
1350 1351 1347
1350 1347 1346
1341 1340 1352
1341 1352 1353
1354 1355 1351
1354 1351 1350
1353 1352 1336
1353 1336 1335
1356 1357 1355
1356 1355 1354
1358 1359 1357
1358 1357 1356
1345 1344 1339
1345 1339 1338
1349 1348 1343
1349 1343 1342
1331 1325 1324
1331 1324 1332
1326 1333 1332
1326 1332 1327
1330 1329 1328
1330 1328 1286
927 937 928
1023 1032 1038
1117 1102 1111
1021 1004 1017
