byte offset: 0
first index: 0
index count: 5202
topology: trianglelist
format: DXGI_FORMAT_R16_UINT

0 1 2
1 3 4
5 6 7
6 8 9
10 11 8
10 12 13
14 5 15
10 16 12
14 16 8
10 13 11
12 17 13
12 16 17
0 3 1
18 19 20
19 21 22
23 24 25
23 25 26
27 28 29
27 29 30
31 32 33
31 33 34
34 33 35
33 32 36
33 36 18
37 38 39
37 39 40
41 25 42
25 41 26
39 43 44
30 29 45
30 45 46
43 39 38
47 0 48
49 50 51
52 35 20
53 54 42
52 22 51
55 56 57
58 59 0
58 47 60
61 58 60
58 61 62
62 61 63
56 64 65
66 63 61
67 56 55
54 68 42
68 41 42
69 57 56
61 60 70
66 64 56
64 66 70
71 57 69
46 45 72
46 72 73
71 74 57
75 44 43
76 77 21
78 79 80
44 79 78
81 49 76
82 83 84
85 86 87
88 83 82
86 88 87
89 4 90
89 91 92
93 94 95
94 96 97
98 99 100
101 102 103
101 103 104
105 106 107
105 107 108
109 86 105
110 83 86
110 86 109
111 112 110
113 114 115
114 113 116
114 116 117
113 118 116
119 120 121
122 123 124
122 124 120
125 126 127
125 127 118
128 115 129
124 123 130
124 130 131
124 131 132
133 134 135
136 113 128
134 137 138
131 130 139
131 139 137
137 134 131
140 125 118
140 118 136
131 134 132
141 142 143
144 145 146
147 148 149
150 148 147
142 141 151
152 153 154
152 155 156
157 158 159
160 161 157
162 163 161
163 164 158
164 165 166
166 109 159
96 94 167
94 93 168
169 111 110
170 110 109
165 171 170
172 173 169
171 172 169
167 174 175
168 176 167
176 168 177
178 177 173
178 172 179
172 178 173
180 181 182
183 179 172
184 180 182
185 165 186
185 183 171
186 164 163
187 188 189
190 184 191
192 193 194
195 196 193
197 184 198
180 199 181
199 200 201
202 201 203
204 205 203
206 207 199
180 208 199
180 184 197
180 197 208
207 206 209
207 204 200
203 210 211
205 210 203
212 192 194
213 214 195
212 195 192
215 216 217
218 219 220
221 222 223
219 222 220
224 225 226
227 228 229
121 230 119
133 132 134
133 231 232
231 133 135
233 234 231
235 236 234
237 238 239
240 241 242
243 241 244
242 245 246
247 245 241
248 249 250
251 239 252
251 253 189
245 254 255
254 190 256
257 258 247
259 260 205
207 261 262
204 262 259
209 263 261
264 265 266
265 209 206
264 263 209
257 267 268
259 269 270
269 271 272
259 273 269
273 274 271
275 264 276
277 276 278
279 280 281
282 283 284
285 282 286
287 288 283
289 290 291
292 293 294
291 290 285
295 290 296
290 289 296
297 298 292
299 300 301
302 303 304
305 299 301
306 307 308
309 307 306
310 311 312
310 313 314
315 310 316
315 317 311
318 319 317
320 318 321
319 322 323
324 325 326
327 328 329
328 327 330
331 332 333
334 318 320
334 322 318
335 92 336
337 338 339
340 341 342
341 337 339
337 343 338
344 325 345
346 347 341
341 348 349
350 351 343
348 350 349
352 353 324
274 354 271
355 356 354
357 358 355
359 360 361
362 363 348
364 365 363
325 366 345
367 325 324
368 367 353
367 369 366
370 353 371
368 372 369
373 374 372
375 376 323
370 373 368
377 370 371
374 378 376
377 378 373
374 375 379
380 375 322
381 382 383
384 385 386
387 322 334
388 389 390
388 391 389
391 392 382
391 393 394
350 361 351
359 350 363
395 384 396
394 397 383
398 399 365
383 399 398
400 401 402
359 403 360
400 396 401
403 383 397
399 403 359
388 404 391
405 393 404
404 406 405
404 407 408
409 410 411
412 413 411
414 412 410
415 416 277
417 415 278
418 419 420
418 420 421
422 421 423
422 423 424
425 426 427
425 427 428
429 430 279
431 430 429
432 433 434
432 435 436
437 438 439
440 439 441
442 443 444
445 442 444
440 446 437
447 448 449
450 408 407
451 452 406
451 406 408
453 414 454
455 456 453
454 410 457
458 459 460
461 459 462
463 464 465
462 459 458
466 467 468
469 453 454
468 467 470
466 471 431
472 448 447
473 474 475
328 473 329
473 328 476
477 476 330
478 479 473
476 478 473
480 481 227
482 483 230
484 485 481
267 257 247
486 278 267
487 417 486
488 486 489
490 244 214
491 243 490
489 247 243
491 492 488
493 494 495
493 495 496
497 498 499
500 501 502
495 494 503
504 505 506
507 508 492
509 506 505
509 505 510
511 510 501
512 498 497
240 513 244
514 216 215
219 218 515
219 515 223
214 513 196
516 517 518
519 520 503
521 522 163
162 521 163
523 521 524
162 160 98
525 98 100
525 100 526
527 528 526
529 526 528
529 528 530
531 532 530
533 534 535
536 156 537
538 98 525
162 538 521
539 540 534
541 529 532
529 538 525
541 536 542
541 543 538
543 524 521
544 542 537
519 503 221
223 515 545
223 545 519
546 547 548
549 543 542
550 516 237
550 517 516
545 551 519
552 547 546
553 552 546
554 555 556
557 552 553
558 547 552
559 554 556
557 558 552
558 560 561
562 229 563
559 556 564
565 558 557
566 563 560
565 560 558
567 155 154
568 537 155
569 570 571
572 573 574
569 571 573
575 576 562
225 577 226
576 480 229
559 564 570
575 566 565
566 575 562
569 572 578
569 578 579
580 581 576
575 580 576
570 569 579
570 579 582
583 584 85
585 586 587
588 585 589
585 590 591
69 65 592
590 71 69
590 585 587
589 585 591
585 588 586
593 461 462
594 595 463
465 594 463
596 597 292
598 599 600
601 602 603
602 601 598
592 604 590
605 603 602
603 606 607
604 608 591
609 610 611
612 605 602
599 613 600
613 599 614
615 608 616
615 588 589
617 618 619
620 621 613
622 623 609
612 602 600
613 619 600
613 621 617
613 617 619
624 625 626
627 628 588
629 623 622
630 627 631
632 631 633
634 635 636
634 636 637
637 636 638
639 638 636
639 636 640
632 633 641
642 616 643
642 627 615
642 644 633
644 641 633
645 629 646
643 647 644
648 639 640
649 650 646
647 641 644
651 225 224
652 653 621
654 652 620
614 655 620
656 655 614
443 442 657
658 438 437
659 448 472
660 661 479
478 660 479
658 437 662
663 664 665
663 665 666
656 667 668
666 669 597
670 658 671
660 672 661
666 665 673
666 673 669
476 674 660
674 672 660
675 433 436
597 675 436
669 675 597
451 450 676
677 678 451
676 450 679
676 680 677
681 614 599
682 683 441
684 598 601
685 680 676
686 687 603
688 677 689
690 689 691
680 692 689
692 693 691
693 694 691
695 693 692
696 693 695
697 698 699
700 692 680
696 695 700
696 700 701
327 702 330
703 704 705
603 684 601
684 603 687
706 684 687
707 708 709
710 599 598
438 682 439
711 664 663
710 598 684
707 712 713
707 713 708
714 713 697
697 699 715
697 715 714
698 713 712
684 706 716
684 716 710
713 698 697
716 717 710
716 718 717
719 703 683
704 703 719
704 719 720
717 681 710
721 111 169
722 16 14
723 724 725
726 177 93
727 14 728
729 726 730
723 725 84
721 723 111
723 729 724
723 726 729
726 723 721
93 731 730
726 721 173
356 732 354
733 271 354
324 326 734
735 326 344
736 344 737
738 733 732
326 735 734
739 740 741
411 742 743
744 411 413
745 746 741
747 748 749
750 747 751
752 746 753
746 752 754
742 755 756
757 755 744
758 759 455
758 455 760
761 456 759
762 414 456
763 764 765
763 765 766
759 758 767
759 767 768
769 770 771
769 771 772
773 466 433
773 774 466
774 773 775
776 455 453
760 455 776
760 776 777
466 774 467
777 776 778
777 778 779
770 769 780
770 780 781
782 476 477
783 784 785
783 785 786
787 788 673
775 773 788
775 788 789
788 675 673
675 788 773
786 788 787
790 789 788
790 788 786
763 791 780
763 780 764
791 792 781
791 781 780
790 786 785
793 508 794
795 796 797
798 799 800
801 802 803
802 801 804
805 806 807
808 806 805
563 809 560
810 228 811
812 813 814
815 816 817
815 817 818
819 820 821
822 823 824
822 825 823
826 827 828
829 830 821
827 829 821
826 829 827
829 826 831
829 831 832
833 834 835
832 836 829
833 837 834
838 839 840
841 842 843
844 842 841
845 846 847
848 849 850
851 847 852
228 853 563
851 854 855
813 812 856
857 858 859
860 858 857
860 857 861
862 863 850
854 864 855
288 865 866
822 824 867
868 867 869
870 845 855
870 855 864
865 860 871
872 865 873
865 874 860
874 865 872
874 875 858
874 872 876
668 877 655
877 654 655
878 236 879
880 596 292
881 668 667
882 883 654
596 884 666
885 289 886
884 596 880
884 880 887
888 887 880
885 886 889
878 879 890
878 890 891
888 880 892
882 877 893
894 882 895
896 897 898
881 893 877
899 900 901
899 901 902
903 881 904
897 905 906
907 905 896
900 906 905
900 905 901
905 908 901
905 897 896
908 905 907
909 910 903
901 908 911
901 911 902
912 893 903
913 911 908
914 912 910
913 908 907
895 893 912
914 915 912
915 916 895
915 914 917
432 429 279
436 297 597
918 919 920
435 298 297
921 918 920
921 922 918
923 279 281
924 921 920
925 926 927
925 927 928
874 876 862
817 929 818
930 931 932
594 933 595
934 935 936
934 937 935
938 939 940
939 941 940
941 942 940
941 943 942
944 935 937
944 937 945
946 943 941
947 948 933
944 945 949
950 921 924
951 946 939
952 953 954
955 939 938
873 955 956
957 955 958
959 960 961
298 962 293
298 963 964
965 966 962
965 962 967
964 968 967
964 967 962
969 970 293
971 969 966
290 972 287
973 290 295
974 975 976
974 976 977
977 978 974
979 972 973
966 965 980
966 980 971
981 982 983
981 983 984
922 985 983
922 921 986
922 986 985
958 987 957
988 972 979
977 976 989
977 989 990
991 992 993
991 993 994
995 873 288
972 995 288
995 958 955
995 972 988
995 988 996
995 997 958
989 991 994
989 994 990
998 994 993
999 1000 1001
1002 484 480
1003 1004 532
1005 1006 1007
1008 1005 1007
1009 1010 1011
1012 1013 1014
1015 1016 1010
1017 1018 1019
1020 1017 1021
1022 531 1023
1024 1003 531
1025 1003 1026
1027 1028 1029
1007 1030 1031
1007 1031 1008
1027 1032 1033
1021 1008 1031
1021 1031 1020
1032 1027 1029
1034 1035 1036
1034 1037 1035
1034 1038 1037
1039 606 1040
1041 1039 1040
1042 1039 1041
1043 686 607
1039 1042 1043
1044 1042 386
405 406 452
477 1045 1046
412 1047 413
762 1048 412
765 1049 766
1050 784 783
1051 1052 1053
1054 1051 1055
1055 330 702
1045 1056 1046
1055 1045 330
1045 1057 1056
1057 1055 1051
1057 1058 1059
1058 1057 1053
1060 744 413
1061 1062 1053
1063 1064 739
754 1065 746
331 333 1064
1066 744 1060
1067 1068 1059
1069 1067 1062
1070 1069 1062
1069 1071 1072
1067 1069 1072
388 390 1071
1069 404 388
1067 1058 1062
1067 1072 1068
1073 1074 1075
1076 1073 1077
1078 1079 1080
1081 1082 635
1081 635 634
617 621 653
617 653 1083
618 617 1083
618 1083 1084
1077 1085 1086
1077 1086 1076
1078 1086 1079
1076 1086 1078
1087 586 588
1087 587 586
624 626 583
1088 1073 1075
1073 1088 1077
1073 1089 1074
1078 1089 1073
1078 1073 1076
1090 1091 263
1090 263 264
1092 1093 357
1093 358 357
1093 1094 358
1093 1095 1094
1095 1096 1097
1091 273 261
1091 1092 274
1098 1091 1099
1091 1098 1092
1095 1098 1099
1098 1095 1093
1100 728 15
1101 1100 15
1100 1102 728
1100 1101 1103
1104 1100 1103
1101 15 7
49 1101 1105
1103 1101 81
1106 1107 751
1108 1109 1110
416 1111 275
1112 1113 1106
1111 1114 275
1114 1090 275
1090 1114 1099
1115 1113 1112
1096 1095 1099
1116 1111 1117
1116 1114 1111
1116 1096 1114
1096 1116 1118
1109 1117 1111
1117 1109 1108
1117 1108 1119
1116 1117 1119
813 1120 814
1121 504 506
1122 1123 1124
1123 794 1124
794 1123 793
1125 795 797
1123 1126 1127
1122 1126 1123
1120 1121 1128
1129 796 795
1129 929 1130
1131 1132 1133
1134 1135 818
1136 1120 813
1136 813 856
1137 1138 1126
1133 1137 1131
1134 929 1129
1137 1133 1139
1134 818 929
1126 1122 1140
1131 1137 1140
1141 1125 797
848 1142 849
1127 1143 793
1144 1145 1146
852 1144 1146
1147 828 827
487 1148 1149
487 1149 1150
820 1147 827
1151 593 1149
1150 1149 593
1150 593 462
1148 487 488
1148 492 793
1152 1153 1145
1148 1154 1149
1154 1155 1151
1152 1145 1144
1156 866 871
1157 1158 1159
1157 1159 1160
283 1156 284
1156 283 866
1161 1160 1162
1163 1157 1160
1163 1160 1164
1156 1165 1161
1165 871 861
1166 1160 1161
1167 1168 1169
1167 1169 1170
1169 1171 1172
1169 1172 1170
1173 1174 1175
1174 1176 811
1175 1170 1177
1174 811 227
1170 1175 1178
1179 1175 1174
1180 1178 1181
1168 1167 1180
1168 1180 1182
1182 1180 1183
1182 1183 1184
1158 1185 1186
1158 1186 1159
1187 1188 1189
284 1190 282
1162 1190 284
1161 284 1156
1191 1162 1159
1192 1180 1181
1193 1194 820
819 1193 820
1195 1196 823
1194 1193 1197
1195 1198 1199
593 1194 1200
1194 1151 1147
1089 1078 1080
1089 1080 1201
527 1202 528
1202 1023 530
1203 1204 1201
1205 1018 1017
1206 1207 1208
1201 1209 1089
1206 1201 1080
1207 1206 1210
1211 1201 1206
1211 1203 1201
1015 1212 1016
1213 1214 1015
1215 1214 1213
1208 1216 1217
1218 1206 1208
1211 1215 1203
1219 1220 114
1221 1222 129
1223 1208 1217
1212 1015 1214
1222 1224 1223
1218 1225 1212
1220 1221 115
1220 1225 1221
1225 1220 1212
1220 1016 1212
1224 1218 1208
1221 1225 1224
1226 1179 481
1189 1226 481
1226 1181 1179
1226 1189 1188
1181 1226 1188
1227 482 230
232 121 132
1189 481 485
999 1228 1000
651 224 535
1228 999 1002
1229 1228 1002
1230 578 572
1228 1229 581
1229 480 576
581 1229 576
955 957 951
1231 953 952
1021 1017 1019
1009 1015 1010
681 1232 656
400 395 396
395 385 384
385 1044 386
176 174 167
173 721 169
275 1090 264
1233 335 336
524 543 549
1234 524 549
543 521 538
543 541 542
542 536 537
544 549 542
568 544 537
567 568 155
155 152 154
155 537 156
224 533 535
533 539 534
541 532 1235
1004 1235 532
1025 1004 1003
240 244 241
243 244 490
491 489 243
242 241 245
436 435 297
298 293 292
433 432 436
666 597 596
597 297 292
476 328 330
782 674 476
476 660 478
479 474 473
474 1236 475
473 475 329
477 1046 782
682 719 683
682 441 439
440 437 439
446 662 437
1219 114 117
1220 1219 1016
1222 1221 1224
1221 129 115
128 113 115
136 118 113
118 127 116
114 1220 115
233 231 135
134 138 135
235 234 233
236 235 879
480 227 229
576 229 562
1179 227 481
1181 1178 1179
1180 1167 1178
1181 1188 1192
1192 1183 1180
1165 1156 871
860 861 871
865 871 866
288 866 283
1190 286 282
285 287 282
1162 1191 1190
1165 1166 1161
1166 1164 1160
282 287 283
972 288 287
873 865 288
290 287 285
1137 1126 1140
830 819 821
829 836 830
832 1237 836
1147 1155 828
1155 1147 1151
529 525 526
531 1003 532
532 529 530
1024 1026 1003
1022 1024 531
1023 531 530
1202 530 528
1201 1204 1209
1089 1209 1074
615 627 588
642 631 627
642 633 631
590 587 71
86 83 88
608 589 591
615 589 608
642 615 616
643 644 642
628 1087 588
627 630 628
1238 630 631
632 1238 631
602 598 600
613 614 620
655 654 620
877 882 654
895 882 893
915 895 912
882 894 883
916 894 895
915 917 916
620 652 621
654 883 652
1206 1080 1210
1207 1216 1208
1079 1210 1080
1223 1224 1208
529 541 538
538 162 98
162 161 160
521 523 522
484 481 480
1229 1002 480
415 277 278
417 278 486
488 487 486
1148 488 492
1143 1148 793
1127 793 1123
1126 1138 1127
1137 1139 1138
593 1200 461
1194 1197 1200
923 432 279
430 280 279
1239 923 281
280 1240 281
594 947 933
947 1241 948
434 431 429
432 434 429
434 466 431
466 434 433
675 669 673
675 773 433
435 963 298
962 298 964
293 970 294
966 969 293
973 972 290
962 966 293
922 983 982
950 986 921
513 214 244
214 196 195
192 195 193
490 214 213
1242 213 195
212 1242 195
516 238 237
517 514 518
514 215 518
582 559 570
560 809 561
563 853 809
228 810 853
558 561 547
247 241 243
112 83 110
723 112 111
177 726 173
177 168 93
167 94 168
96 167 175
178 176 177
191 184 182
256 190 191
255 254 256
246 245 255
489 267 247
264 266 276
265 264 209
491 488 489
489 486 267
278 276 267
277 275 276
1091 261 263
273 262 261
260 259 270
269 272 270
1091 274 273
273 271 269
1091 1090 1099
1116 1119 1118
1096 1099 1114
604 591 590
590 69 592
56 65 69
49 77 76
77 22 21
20 19 22
18 20 33
33 20 35
22 52 20
22 77 51
1101 49 81
49 51 77
171 169 170
165 170 166
158 164 166
161 163 158
183 172 171
165 185 171
165 164 186
186 163 522
491 507 492
508 793 492
500 511 501
1243 500 502
511 509 510
1121 506 1128
1120 1128 814
1244 1136 856
1132 1245 1133
812 1246 856
1135 815 818
1129 1130 796
318 315 321
321 315 316
316 310 314
310 312 313
315 311 310
318 317 315
319 318 322
322 375 323
375 374 376
375 380 379
387 380 322
378 374 373
1095 1097 1094
1096 1118 1097
374 379 372
368 373 372
370 377 373
368 353 370
353 367 324
325 344 326
340 346 341
347 348 341
733 354 732
357 355 354
201 200 203
199 201 181
203 211 202
200 204 203
199 207 200
259 262 273
170 169 110
166 170 109
158 166 159
161 158 157
416 275 277
274 357 354
733 272 271
1092 357 274
1092 1098 1093
260 210 205
204 259 205
207 262 204
209 261 207
49 1105 50
1105 1101 7
5 7 15
6 5 8
11 9 8
726 93 730
731 93 95
95 94 97
10 8 16
14 8 5
728 14 15
85 584 86
583 626 584
723 84 112
83 112 84
727 722 14
1102 727 728
1100 1104 1102
16 722 17
344 345 737
736 735 344
342 341 339
341 349 337
348 363 350
365 359 363
399 359 365
403 399 383
677 451 676
680 689 677
692 691 689
404 408 406
450 451 408
1042 1041 386
61 70 66
66 67 63
67 66 56
58 62 59
0 59 3
3 90 4
91 89 90
91 336 92
1039 607 606
603 605 606
686 603 607
1039 1043 607
1109 1247 1110
394 383 392
383 398 381
367 368 369
325 367 366
347 362 348
362 364 363
398 365 364
382 392 383
391 382 389
393 391 404
392 391 394
1051 1054 1052
1054 1055 702
1058 1053 1062
1061 1053 1052
1070 1062 1061
1069 1070 404
1069 388 1071
1057 1051 1053
1056 1057 1059
1057 1045 1055
1045 477 330
744 742 411
410 412 411
454 414 410
453 456 414
455 759 456
409 457 410
411 743 409
1248 454 457
1248 469 454
469 776 453
768 761 759
761 762 456
762 412 414
412 1048 1047
1047 1060 413
1066 757 744
742 756 743
755 742 744
1067 1059 1058
1113 1107 1106
1107 1249 751
750 751 1249
747 750 748
1063 331 1064
1063 739 1065
1065 739 741
746 1065 741
754 1063 1065
324 734 1250
352 324 1250
353 352 371
451 678 452
677 688 678
690 688 689
694 690 691
685 676 679
685 700 680
700 695 692
679 450 407
658 662 671
670 671 1251
44 75 79
623 610 609
629 645 623
650 645 646
619 612 600
681 656 614
717 1232 681
710 681 599
656 668 655
668 881 877
881 903 893
910 912 903
904 881 667
909 903 904
294 880 292
1218 1211 1206
1224 1225 1218
1218 1212 1214
1020 1252 1017
572 569 573
885 296 289
520 495 503
223 519 221
222 219 223
547 512 548
238 252 239
253 251 252
253 187 189
190 254 1253
254 245 247
1196 1195 1199
1195 823 825
868 822 867
1254 868 869
873 956 872
956 955 938
995 996 997
995 955 873
958 997 987
939 946 941
955 951 939
875 874 862
860 874 858
855 845 847
851 855 847
852 1146 851
862 876 863
863 848 850
548 512 497
121 1227 230
120 124 121
133 232 132
121 124 132
232 1227 121
565 566 560
566 562 563
229 228 563
227 811 228
1179 1174 227
1179 1178 1175
1167 1170 1178
1191 1159 1186
1161 1162 284
1160 1159 1162
1176 810 811
1174 1173 1176
1173 1175 1177
1170 1172 1177
466 468 471
47 58 0
350 359 361
0 2 48
349 350 343
337 349 343
1151 1194 593
1154 1151 1149
820 1194 1147
820 827 821
153 143 142
153 142 154
142 151 567
142 567 154
150 147 573
150 573 571
149 574 573
149 573 147
146 226 577
146 577 144
1020 1029 1028
1020 1028 1252
1022 1036 1035
1022 1035 1024
1024 1035 1037
1024 1037 1026
1026 1037 1038
1026 1038 1025
1030 1033 1032
1030 1032 1031
1029 1020 1031
1029 1031 1032
122 1255 123
125 1256 126
140 1256 125
1255 139 130
1255 130 123
1157 1257 1158
1163 1257 1157
1169 1258 1171
1258 1169 1168
1182 1258 1168
1184 1258 1182
1158 1257 1185
662 444 443
662 443 671
443 657 1251
443 1251 671
472 479 661
472 661 659
472 447 474
472 474 479
447 449 1236
447 1236 474
445 444 662
445 662 446
1132 800 799
1132 799 1245
1135 803 802
1135 802 815
802 804 816
802 816 815
808 805 856
808 856 1246
807 1244 856
807 856 805
831 835 834
831 834 832
832 834 837
832 837 1237
838 840 1254
838 1254 869
844 841 845
844 845 870
843 846 845
843 845 841
967 1259 965
1259 967 968
984 1260 981
991 1261 992
989 1261 991
1261 989 976
1261 976 975
1259 980 965
23 1262 24
27 1263 28
40 1264 37
1265 36 32
31 1265 32
760 1266 758
777 1266 760
779 1266 777
1267 771 770
781 1267 770
1267 781 792
1266 767 758
281 927 926
281 926 1239
924 961 960
924 960 950
949 1268 1231
949 1231 952
952 954 944
952 944 949
932 948 1241
932 1241 930
1240 928 927
1240 927 281
741 301 300
741 300 745
302 304 749
302 749 748
309 306 313
309 313 312
306 308 314
306 314 313
305 301 741
305 741 740
199 208 206
265 206 208
265 208 197
197 266 265
190 1253 1269
1269 184 190
197 198 266
1270 1271 1272
1270 1272 1273
1274 1275 1276
1274 1276 1277
1278 1279 1270
1280 1281 1279
1280 1279 1282
1283 1282 1279
1283 1279 1278
1284 1283 1285
1284 1285 1286
1287 1280 1282
1287 1282 1288
198 184 1269
1283 1278 1289
1283 1289 1285
1290 1291 1292
1253 254 1293
1279 1281 1271
1279 1271 1270
1273 1294 1295
1273 1295 1270
268 276 266
268 267 276
1284 1288 1282
1284 1282 1283
250 1284 1286
250 1286 1296
1297 1287 1288
1297 1288 249
1298 1274 1277
1298 1277 1299
1295 1289 1278
247 1293 254
1278 1270 1295
1300 1301 1275
1300 1275 1274
1302 1300 1274
1302 1274 1298
1290 1292 1303
247 258 1293
250 249 1288
250 1288 1284
1291 1302 1298
1291 1298 1292
250 1296 248
1297 249 248
1303 1292 1298
1303 1298 1299
106 584 626
106 626 107
584 106 86
159 1304 157
1305 1306 1307
1305 1307 1308
107 626 625
107 625 1309
160 157 1304
160 1304 1310
108 1304 159
108 159 105
1311 1312 1313
1311 1313 1314
1315 1316 104
1315 104 103
1317 1318 1319
1317 1319 1320
1321 104 1316
1321 1316 1322
1323 1324 1325
1323 1325 1326
1316 1315 1327
1328 1329 1330
1331 1332 1327
1333 1334 1335
108 107 1309
108 1309 1336
1304 108 1336
1304 1336 1310
1337 1338 1339
1337 1339 1340
1332 1331 1305
1332 1305 1308
1327 1322 1316
104 1321 1341
104 1341 101
1321 1308 1307
1321 1307 1341
1322 1332 1308
1322 1308 1321
1322 1327 1332
109 105 159
105 86 106
458 1150 462
1342 417 487
1342 487 1150
415 417 1342
415 1342 1343
1343 416 415
421 422 1344
421 1344 418
420 419 1109
1247 1345 1346
1347 1346 1345
1347 1345 1348
1247 419 1345
418 1348 1345
418 1345 419
1344 458 1348
1344 1348 418
1150 458 1349
423 1343 1342
423 1342 424
1343 423 416
1350 1351 1352
1350 1352 426
1353 1354 425
1353 425 1355
1355 425 428
1355 428 1356
1356 428 1357
1356 1357 1358
458 460 1347
458 1347 1348
416 423 421
416 421 420
420 1109 1111
1109 419 1247
420 1111 416
427 1359 1360
427 1360 1361
1362 1363 1364
1362 1364 1365
1366 1367 1368
1366 1368 1369
1350 1354 1370
1350 1370 1371
426 1352 1359
426 1359 427
426 425 1354
426 1354 1350
1361 1357 428
1361 428 427
1368 1367 1363
1368 1363 1362
1371 1372 1351
1371 1351 1350
1373 1374 1353
1365 1375 1376
1365 1376 1362
1377 1369 1378
1362 1376 1379
1362 1379 1368
1150 1349 1342
1353 1355 1373
1355 1356 1373
1356 1358 1373
1366 1369 1377
1353 1374 1370
1353 1370 1354
1378 1369 1368
1378 1368 1379
1215 1211 1218
1215 1218 1214
99 1380 100
98 160 99
