byte offset: 0
first index: 0
index count: 18468
topology: trianglelist
format: DXGI_FORMAT_R16_UINT

0 1 2
0 2 3
0 3 4
0 4 5
6 7 3
6 3 2
8 9 10
8 10 11
12 13 9
12 9 14
9 13 15
9 15 10
16 17 18
16 18 19
20 21 19
20 19 18
22 23 24
22 24 25
26 20 18
26 18 27
28 29 30
28 30 31
32 33 29
32 29 28
23 34 35
23 35 24
36 37 25
36 25 24
24 35 38
24 38 36
16 39 40
16 40 17
41 42 37
41 37 36
17 43 27
17 27 18
33 44 45
33 45 29
30 29 45
30 45 46
47 48 38
47 38 35
49 50 48
49 48 47
47 35 34
47 34 51
52 49 47
52 47 51
50 49 53
50 53 54
46 55 56
46 56 30
54 53 57
54 57 58
57 56 55
57 55 58
49 52 59
49 59 53
60 31 30
60 30 56
53 59 61
53 61 57
56 57 61
56 61 60
31 62 63
31 63 28
64 32 28
64 28 63
65 66 21
65 21 20
67 68 23
67 23 22
68 69 34
68 34 23
69 70 51
69 51 34
70 71 52
70 52 51
59 52 71
59 71 72
72 73 61
72 61 59
73 74 60
73 60 61
74 62 31
74 31 60
75 76 77
26 78 65
26 65 20
76 79 80
81 76 82
76 83 82
76 84 79
85 76 75
76 86 84
76 81 86
76 87 83
76 85 87
55 46 88
55 88 89
89 88 90
89 90 91
92 93 45
92 45 44
46 45 93
46 93 88
88 93 94
88 94 90
40 95 43
40 43 17
94 93 92
94 92 96
97 98 99
97 99 100
98 97 95
98 95 40
39 101 98
39 98 40
102 38 48
102 48 103
104 102 103
104 103 105
36 38 102
36 102 41
106 107 42
106 42 41
108 109 110
108 110 111
102 104 106
102 106 41
50 109 103
50 103 48
109 108 105
109 105 103
109 50 54
109 54 110
91 112 113
91 113 89
54 58 113
54 113 110
110 113 112
110 112 111
89 113 58
89 58 55
14 9 8
14 8 114
115 116 117
115 117 118
119 120 115
119 115 118
3 7 121
3 121 4
122 123 115
122 115 120
124 125 126
124 126 127
116 115 123
116 123 128
129 130 131
129 131 132
7 126 125
7 125 121
133 130 123
133 123 122
130 133 134
130 134 131
128 123 130
128 130 129
135 136 137
135 137 138
139 140 141
139 141 142
143 144 136
143 136 135
145 126 7
145 7 6
136 141 140
136 140 137
126 145 146
126 146 127
141 136 144
141 144 147
142 141 147
142 147 148
149 150 143
149 143 135
151 149 135
151 135 138
152 153 132
152 132 131
154 152 131
154 131 134
148 153 152
148 152 142
155 156 157
155 157 158
142 152 154
142 154 139
11 159 155
11 155 8
156 155 159
156 159 160
8 155 158
8 158 114
161 162 153
161 153 148
163 132 153
163 153 162
164 129 132
164 132 163
165 161 148
165 148 147
166 165 147
166 147 144
167 166 144
167 144 143
168 169 170
168 170 171
172 173 150
172 150 149
174 175 169
174 169 168
173 172 175
173 175 174
169 176 177
169 177 170
149 151 178
149 178 172
175 179 176
175 176 169
172 178 179
172 179 175
160 180 181
160 181 156
0 182 183
0 183 1
180 184 185
180 185 181
182 185 184
182 184 183
181 186 157
181 157 156
5 187 182
5 182 0
185 188 186
185 186 181
185 182 187
185 187 188
189 190 191
189 191 192
190 189 193
190 193 194
118 195 196
118 196 119
194 197 198
194 198 190
195 198 197
195 197 196
117 199 195
117 195 118
190 198 200
190 200 191
199 200 198
199 198 195
201 202 203
201 203 204
205 206 207
205 207 208
209 210 205
209 205 208
206 211 212
206 212 207
213 214 210
213 210 209
215 216 214
215 214 213
211 217 218
211 218 212
192 191 219
192 219 204
204 219 220
204 220 201
191 200 221
191 221 219
222 220 219
222 219 221
223 221 200
223 200 199
224 225 226
224 226 227
228 168 171
228 171 227
226 229 228
226 228 227
174 230 231
174 231 173
230 174 168
230 168 228
228 229 232
228 232 230
233 234 164
233 164 163
207 212 235
207 235 236
236 235 234
236 234 233
237 235 212
237 212 218
218 217 238
218 238 237
233 239 240
233 240 236
239 233 163
239 163 162
208 240 241
208 241 209
240 239 242
240 242 241
236 240 208
236 208 207
161 242 239
161 239 162
243 213 209
243 209 241
244 243 241
244 241 242
165 244 242
165 242 161
245 246 247
245 247 248
166 246 244
166 244 165
249 250 251
249 251 252
245 215 213
245 213 243
246 245 243
246 243 244
215 245 248
215 248 216
167 247 246
167 246 166
251 250 237
251 237 238
249 128 129
249 129 164
234 250 249
234 249 164
128 249 252
128 252 116
250 234 235
250 235 237
253 254 255
253 255 256
143 150 257
143 257 167
173 231 257
173 257 150
257 258 247
257 247 167
230 232 259
230 259 231
216 248 255
216 255 254
258 255 248
258 248 247
255 258 259
255 259 256
231 259 258
231 258 257
260 117 116
260 116 252
261 260 252
261 252 251
199 117 260
199 260 223
262 263 238
262 238 217
263 261 251
263 251 238
264 261 263
264 263 265
263 262 266
263 266 265
221 223 264
221 264 222
261 264 223
261 223 260
111 112 267
111 267 268
269 270 271
269 271 272
273 108 111
273 111 268
274 275 276
274 276 277
276 278 279
276 279 277
280 105 108
280 108 273
281 282 278
281 278 276
283 104 105
283 105 280
282 281 284
282 284 285
286 106 104
286 104 283
285 284 287
285 287 288
289 287 284
289 284 290
291 107 106
291 106 286
101 292 99
101 99 98
293 294 289
293 289 295
296 297 225
296 225 224
293 297 294
288 287 298
288 298 299
298 296 299
300 301 302
300 302 303
13 301 300
13 300 15
296 298 297
294 298 287
294 287 289
297 298 294
276 275 304
276 304 281
281 304 290
281 290 284
96 305 306
96 306 94
306 307 90
306 90 94
308 309 310
308 310 311
312 313 311
312 311 310
313 312 314
313 314 315
307 316 91
307 91 90
316 267 112
316 112 91
317 270 269
317 269 318
319 269 272
319 272 320
312 319 320
312 320 314
12 321 301
12 301 13
302 301 321
302 321 322
323 324 325
324 313 315
324 315 326
325 324 326
313 324 327
313 327 311
202 323 325
202 325 203
323 328 327
324 323 327
328 323 329
328 308 311
328 311 327
318 330 331
318 331 332
330 310 309
330 309 331
310 330 319
310 319 312
269 319 330
269 330 318
317 318 332
317 332 333
333 332 334
333 334 335
336 337 206
336 206 205
210 338 336
210 336 205
337 339 211
337 211 206
340 341 337
340 337 336
339 342 217
339 217 211
214 343 338
214 338 210
216 344 343
216 343 214
334 345 346
334 346 335
347 293 348
293 347 297
349 225 297
349 297 347
225 349 350
225 350 226
226 350 351
226 351 229
232 352 256
232 256 259
352 232 229
352 229 351
353 253 256
353 256 352
354 254 253
354 253 353
254 354 344
254 344 216
355 356 357
355 357 358
308 328 359
308 359 360
328 329 359
323 202 361
323 361 329
329 362 363
329 363 359
202 201 364
202 364 361
361 365 362
361 362 329
342 366 262
342 262 217
366 367 266
366 266 262
368 364 201
368 201 220
265 369 222
265 222 264
367 369 265
367 265 266
220 222 369
220 369 368
364 370 365
364 365 361
364 368 371
364 371 370
368 369 372
368 372 371
373 372 369
373 369 367
367 366 374
367 374 373
375 374 366
375 366 342
341 376 339
341 339 337
376 375 342
376 342 339
338 377 340
338 340 336
378 379 347
378 347 348
379 380 349
379 349 347
380 381 350
380 350 349
352 351 382
352 382 383
381 382 351
381 351 350
354 384 385
354 385 344
343 386 377
343 377 338
386 343 344
386 344 385
353 387 384
353 384 354
387 353 352
387 352 383
388 389 390
388 390 391
392 393 389
392 389 388
389 394 395
389 395 390
394 396 397
394 397 395
396 398 399
396 399 397
400 401 402
400 402 403
401 404 405
401 405 402
406 407 408
406 408 409
404 410 411
404 411 405
407 412 413
407 413 408
414 415 412
414 412 407
410 415 414
410 414 411
412 416 417
412 417 413
415 418 416
415 416 412
410 404 419
410 419 420
410 420 418
410 418 415
421 422 420
421 420 419
404 401 423
404 423 419
424 421 419
424 419 423
423 425 426
423 426 424
401 400 425
401 425 423
427 428 429
427 429 430
403 431 432
403 432 400
433 434 430
433 430 429
400 432 435
400 435 425
432 436 437
432 437 435
428 437 436
428 436 429
438 433 429
438 429 436
431 438 436
431 436 432
439 440 434
439 434 433
441 439 433
441 433 438
442 443 444
442 444 445
443 446 447
443 447 444
448 449 450
448 450 451
452 448 451
452 451 453
446 452 453
446 453 447
454 455 456
454 456 457
456 458 446
456 446 443
398 455 459
398 459 399
458 456 455
458 455 398
460 459 455
460 455 454
457 456 443
457 443 442
461 393 449
461 449 448
462 461 448
462 448 452
393 461 394
393 394 389
461 462 396
461 396 394
462 458 398
462 398 396
458 462 452
458 452 446
463 464 428
463 428 427
295 465 348
295 348 293
348 465 466
348 466 378
465 467 466
468 469 464
468 464 463
469 468 470
469 470 471
472 473 474
472 388 391
472 391 473
475 476 477
475 477 478
479 478 477
479 477 480
477 481 482
477 482 480
480 483 450
480 450 479
422 421 484
422 484 485
485 484 486
485 486 482
482 486 483
482 483 480
483 487 451
483 451 450
421 424 488
421 488 484
489 486 484
489 484 488
486 489 487
486 487 483
487 490 453
487 453 451
488 491 492
488 492 489
424 426 491
424 491 488
489 492 490
489 490 487
490 493 447
490 447 453
493 494 444
493 444 447
445 444 494
445 494 495
492 496 493
492 493 490
497 426 425
497 425 435
498 497 435
498 435 437
464 498 437
464 437 428
496 499 494
496 494 493
426 497 500
426 500 491
491 500 496
491 496 492
476 501 481
476 481 477
332 331 502
332 502 334
331 309 503
331 503 502
360 503 309
360 309 308
500 504 499
500 499 496
505 506 406
505 406 409
440 439 507
440 507 508
441 509 507
441 507 439
510 511 506
510 506 505
512 513 508
512 508 507
509 514 512
509 512 507
515 513 512
515 512 514
516 517 518
406 519 414
406 414 407
520 521 517
520 517 522
518 517 511
518 511 510
522 517 516
522 516 523
519 524 411
519 411 414
506 521 519
506 519 406
511 517 521
511 521 506
525 526 527
528 525 527
528 527 529
526 525 522
526 522 523
530 531 525
530 525 528
524 519 521
524 521 520
532 524 520
532 520 531
405 411 524
405 524 532
531 520 522
531 522 525
533 534 535
535 534 528
535 528 529
532 536 402
532 402 405
531 530 536
531 536 532
528 534 537
528 537 530
514 538 539
514 539 515
540 441 438
540 438 431
538 541 539
541 538 534
541 534 533
542 538 514
542 514 509
536 543 403
536 403 402
530 537 543
530 543 536
431 403 543
431 543 540
543 537 542
543 542 540
540 542 509
540 509 441
538 542 537
538 537 534
544 275 274
544 274 545
546 544 545
546 545 547
548 544 546
549 550 551
549 551 552
552 551 356
552 356 355
454 550 549
454 549 460
550 553 554
550 554 551
457 553 550
457 550 454
442 555 553
442 553 457
556 557 445
556 445 495
445 557 555
445 555 442
558 559 560
558 560 561
559 558 562
559 562 563
334 502 564
334 564 345
565 566 546
565 546 547
567 568 560
567 560 559
566 569 548
566 548 546
561 570 571
561 571 558
572 573 574
572 574 575
573 572 568
573 568 567
574 576 577
574 577 578
579 567 559
579 559 563
580 579 563
580 563 581
582 580 581
582 581 583
584 573 567
584 567 579
573 584 576
573 576 574
576 585 556
576 556 577
584 586 585
584 585 576
586 584 579
586 579 580
580 582 587
580 587 586
585 588 557
585 557 556
586 587 588
586 588 585
588 589 555
588 555 557
553 555 589
553 589 554
590 582 583
590 583 591
356 592 593
356 593 357
551 554 592
551 592 356
582 590 594
582 594 587
587 594 589
587 589 588
554 589 594
554 594 592
592 594 590
592 590 593
449 595 479
449 479 450
393 392 595
393 595 449
596 597 598
596 598 599
600 601 476
600 476 475
501 476 601
501 601 602
603 562 558
603 558 571
591 604 593
591 593 590
358 357 605
358 605 606
604 605 357
604 357 593
606 605 607
606 607 608
596 609 610
596 610 597
599 611 612
599 612 596
612 611 608
612 608 607
467 613 614
290 615 295
290 295 289
616 304 275
616 275 544
548 616 544
304 616 615
304 615 290
617 615 616
465 295 615
465 615 613
613 615 617
613 467 465
548 618 616
618 617 616
618 548 569
618 569 619
617 618 619
617 619 620
613 617 620
613 620 614
621 578 471
621 471 470
578 621 575
578 575 574
595 622 478
595 478 479
562 623 581
562 581 563
624 625 603
624 603 626
627 628 591
627 591 583
628 629 604
628 604 591
630 631 632
630 632 633
629 607 605
629 605 604
634 635 629
634 629 628
631 609 635
631 635 634
612 635 609
612 609 596
635 612 607
635 607 629
623 627 583
623 583 581
562 603 625
562 625 623
625 636 623
636 625 632
632 625 624
632 624 633
634 636 632
634 632 631
623 636 627
636 634 628
636 628 627
637 638 639
637 472 474
637 474 638
388 472 640
388 640 392
392 640 622
392 622 595
472 637 641
472 641 640
642 641 637
642 637 639
643 644 645
643 645 641
645 622 640
645 640 641
478 622 645
478 645 475
475 645 644
475 644 600
643 641 642
630 646 609
630 609 631
646 610 609
647 499 504
647 504 471
578 577 647
578 647 471
499 647 495
499 495 494
495 647 577
495 577 556
469 504 498
469 498 464
471 504 469
498 504 500
498 500 497
359 363 648
359 648 360
360 648 649
360 649 503
649 650 503
503 650 502
650 564 502
571 651 626
571 626 603
651 571 570
651 570 652
416 653 654
416 654 417
654 653 655
654 655 656
422 657 418
422 418 420
501 658 659
501 659 481
602 660 658
602 658 501
655 658 660
656 655 660
656 660 661
416 418 657
416 657 653
653 662 655
422 485 659
422 659 657
659 662 657
481 659 485
481 485 482
662 659 658
655 662 658
657 662 653
663 355 358
663 358 664
665 391 390
665 390 666
666 390 395
666 395 667
667 395 397
667 397 668
668 397 399
668 399 669
669 399 459
669 459 670
670 459 460
670 460 671
672 474 473
672 473 673
673 473 391
673 391 665
674 549 552
674 552 675
675 552 355
675 355 663
671 460 549
671 549 674
676 598 597
676 597 677
678 599 598
678 598 676
664 358 606
664 606 679
679 606 608
679 608 680
677 597 610
677 610 681
682 611 599
682 599 678
680 608 611
680 611 682
683 639 638
683 638 684
684 638 474
684 474 672
685 642 639
685 639 683
686 643 642
686 642 685
681 610 646
681 646 687
688 689 690
691 689 692
693 689 691
694 689 693
695 689 694
696 689 695
697 689 696
698 689 699
692 689 698
700 689 701
690 689 700
701 689 697
702 689 703
703 689 704
705 689 688
706 689 705
707 689 702
704 689 708
708 689 706
709 689 710
699 689 709
710 689 711
711 689 712
712 689 707
713 714 715
713 715 716
713 717 718
713 718 714
719 715 714
719 714 720
721 722 723
721 723 724
725 726 724
725 724 727
724 723 728
724 728 727
729 730 731
729 731 732
733 731 730
733 730 734
735 736 737
735 737 738
739 740 731
739 731 733
741 742 743
741 743 744
745 741 744
745 744 746
738 737 747
738 747 748
749 737 736
749 736 750
737 749 751
737 751 747
729 732 752
729 752 753
754 749 750
754 750 755
732 731 740
732 740 756
746 744 757
746 757 758
743 759 757
743 757 744
760 747 751
760 751 761
762 760 761
762 761 763
760 764 748
760 748 747
765 764 760
765 760 762
763 766 767
763 767 762
759 743 768
759 768 769
766 770 771
766 771 767
771 770 769
771 769 768
762 767 772
762 772 765
773 768 743
773 743 742
767 771 774
767 774 772
768 773 774
768 774 771
742 741 775
742 775 776
777 775 741
777 741 745
778 733 734
778 734 779
780 735 738
780 738 781
781 738 748
781 748 782
782 748 764
782 764 783
783 764 765
783 765 784
772 785 784
772 784 765
785 772 774
785 774 786
786 774 773
786 773 787
787 773 742
787 742 776
788 789 790
739 733 778
739 778 791
790 792 793
794 795 790
790 795 796
790 793 797
798 788 790
790 797 799
790 799 794
790 796 800
790 800 798
769 801 802
769 802 759
801 803 804
801 804 802
805 758 757
805 757 806
759 802 806
759 806 757
802 804 807
802 807 806
752 732 756
752 756 808
807 809 805
807 805 806
810 811 812
810 812 813
813 752 808
813 808 810
753 752 813
753 813 814
815 816 761
815 761 751
817 818 816
817 816 815
749 754 815
749 815 751
819 754 755
819 755 820
821 822 823
821 823 824
815 754 819
815 819 817
763 761 816
763 816 824
824 816 818
824 818 821
824 823 766
824 766 763
803 801 825
803 825 826
766 823 825
766 825 770
823 822 826
823 826 825
801 769 770
801 770 825
726 827 721
726 721 724
828 829 830
828 830 831
832 829 828
832 828 833
714 718 834
714 834 720
835 833 828
835 828 836
837 838 839
837 839 840
831 841 836
831 836 828
842 843 844
842 844 845
720 834 840
720 840 839
846 835 836
846 836 845
845 844 847
845 847 846
841 842 845
841 845 836
848 849 850
848 850 851
852 853 854
852 854 855
856 848 851
856 851 857
858 719 720
858 720 839
851 850 855
851 855 854
839 838 859
839 859 858
854 860 857
854 857 851
853 861 860
853 860 854
862 848 856
862 856 863
864 849 848
864 848 862
865 844 843
865 843 866
867 847 844
867 844 865
861 853 865
861 865 866
868 869 870
868 870 871
853 852 867
853 867 865
722 721 868
722 868 872
871 873 872
871 872 868
721 827 869
721 869 868
874 861 866
874 866 875
876 875 866
876 866 843
877 876 843
877 843 842
878 860 861
878 861 874
879 857 860
879 860 878
880 856 857
880 857 879
881 882 883
881 883 884
885 862 863
885 863 886
887 881 884
887 884 888
886 887 888
886 888 885
884 883 889
884 889 890
862 885 891
862 891 864
888 884 890
888 890 892
885 888 892
885 892 891
873 871 893
873 893 894
713 716 895
713 895 896
894 893 897
894 897 898
896 895 898
896 898 897
893 871 870
893 870 899
717 713 896
717 896 900
897 893 899
897 899 901
897 901 900
897 900 896
902 903 904
902 904 905
905 906 907
905 907 902
829 832 908
829 908 909
906 905 910
906 910 911
909 908 911
909 911 910
830 829 909
830 909 912
905 904 913
905 913 910
912 909 910
912 910 913
914 915 916
914 916 917
918 919 920
918 920 921
922 919 918
922 918 923
921 920 924
921 924 925
926 922 923
926 923 927
928 926 927
928 927 929
925 924 930
925 930 931
903 915 932
903 932 904
915 914 933
915 933 932
904 932 934
904 934 913
935 934 932
935 932 933
936 912 913
936 913 934
937 938 939
937 939 940
941 938 882
941 882 881
939 938 941
939 941 942
887 886 943
887 943 944
944 941 881
944 881 887
941 944 945
941 945 942
946 876 877
946 877 947
920 948 949
920 949 924
948 946 947
948 947 949
950 930 924
950 924 949
930 950 951
930 951 931
946 948 952
946 952 953
953 875 876
953 876 946
919 922 954
919 954 952
952 954 955
952 955 953
948 920 919
948 919 952
874 875 953
874 953 955
956 954 922
956 922 926
957 955 954
957 954 956
878 874 955
878 955 957
958 959 960
958 960 961
879 878 957
879 957 961
962 963 964
962 964 965
958 956 926
958 926 928
961 957 956
961 956 958
928 929 959
928 959 958
880 879 961
880 961 960
964 951 950
964 950 965
962 877 842
962 842 841
947 877 962
947 962 965
841 831 963
841 963 962
965 950 949
965 949 947
966 967 968
966 968 969
856 880 970
856 970 863
886 863 970
886 970 943
970 880 960
970 960 971
944 943 972
944 972 945
929 969 968
929 968 959
971 960 959
971 959 968
968 967 972
968 972 971
943 970 971
943 971 972
973 963 831
973 831 830
974 964 963
974 963 973
912 936 973
912 973 830
975 931 951
975 951 976
976 951 964
976 964 974
977 978 976
977 976 974
976 978 979
976 979 975
934 935 977
934 977 936
974 973 936
974 936 977
822 980 981
822 981 826
982 983 984
982 984 985
986 980 822
986 822 821
987 988 989
987 989 990
989 988 991
989 991 992
993 986 821
993 821 818
994 989 992
994 992 995
996 993 818
996 818 817
995 997 998
995 998 994
999 996 817
999 817 819
997 1000 1001
997 1001 998
1002 1003 998
1002 998 1001
1004 999 819
1004 819 820
814 813 812
814 812 1005
1006 1007 1002
1006 1002 1008
1009 937 940
1009 940 1010
1006 1008 1010
1000 1011 1012
1000 1012 1001
1012 1011 1009
1013 1014 1015
1013 1015 1016
727 728 1013
727 1013 1016
1009 1010 1012
1008 1002 1001
1008 1001 1012
1010 1008 1012
989 994 1017
989 1017 990
994 998 1003
994 1003 1017
809 807 1018
809 1018 1019
1018 807 804
1018 804 1020
1021 1022 1023
1021 1023 1024
1025 1023 1022
1025 1022 1026
1026 1027 1028
1026 1028 1025
1020 804 803
1020 803 1029
1029 803 826
1029 826 981
1030 1031 982
1030 982 985
1032 1033 983
1032 983 982
1025 1028 1033
1025 1033 1032
725 727 1016
725 1016 1034
1015 1035 1034
1015 1034 1016
1036 1037 1038
1038 1039 1027
1038 1027 1026
1037 1039 1038
1026 1022 1040
1026 1040 1038
917 916 1037
917 1037 1036
1036 1040 1041
1038 1040 1036
1041 1042 1036
1041 1040 1022
1041 1022 1021
1031 1043 1044
1031 1044 1045
1045 1044 1024
1045 1024 1023
1023 1025 1032
1023 1032 1045
982 1031 1045
982 1045 1032
1030 1046 1043
1030 1043 1031
1046 1047 1048
1046 1048 1043
1049 918 921
1049 921 1050
923 918 1049
923 1049 1051
1050 921 925
1050 925 1052
1053 1049 1050
1053 1050 1054
1052 925 931
1052 931 1055
927 923 1051
927 1051 1056
929 927 1056
929 1056 1057
1048 1047 1058
1048 1058 1059
1060 1061 1006
1006 1010 1060
1062 1060 1010
1062 1010 940
940 939 1063
940 1063 1062
939 942 1064
939 1064 1063
945 972 967
945 967 1065
1065 1064 942
1065 942 945
1066 1065 967
1066 967 966
1067 1066 966
1067 966 969
969 929 1057
969 1057 1067
1068 1069 1070
1068 1070 1071
1021 1072 1073
1021 1073 1041
1041 1073 1042
1036 1042 1074
1036 1074 917
1042 1073 1075
1042 1075 1076
917 1074 1077
917 1077 914
1074 1042 1076
1074 1076 1078
1055 931 975
1055 975 1079
1079 975 979
1079 979 1080
1081 933 914
1081 914 1077
978 977 935
978 935 1082
1080 979 978
1080 978 1082
933 1081 1082
933 1082 935
1077 1074 1078
1077 1078 1083
1077 1083 1084
1077 1084 1081
1081 1084 1085
1081 1085 1082
1086 1080 1082
1086 1082 1085
1080 1086 1087
1080 1087 1079
1088 1055 1079
1088 1079 1087
1054 1050 1052
1054 1052 1089
1089 1052 1055
1089 1055 1088
1051 1049 1053
1051 1053 1090
1091 1061 1060
1091 1060 1092
1092 1060 1062
1092 1062 1093
1093 1062 1063
1093 1063 1094
1065 1095 1096
1065 1096 1064
1094 1063 1064
1094 1064 1096
1067 1057 1097
1067 1097 1098
1056 1051 1090
1056 1090 1099
1099 1097 1057
1099 1057 1056
1066 1067 1098
1066 1098 1100
1100 1095 1065
1100 1065 1066
1101 1102 1103
1101 1103 1104
1105 1101 1104
1105 1104 1106
1104 1103 1107
1104 1107 1108
1108 1107 1109
1108 1109 1110
1110 1109 1111
1110 1111 1112
1113 1114 1115
1113 1115 1116
1116 1115 1117
1116 1117 1118
1119 1120 1121
1119 1121 1122
1118 1117 1123
1118 1123 1124
1122 1121 1125
1122 1125 1126
1127 1122 1126
1127 1126 1128
1124 1123 1127
1124 1127 1128
1126 1125 1129
1126 1129 1130
1128 1126 1130
1128 1130 1131
1124 1132 1133
1124 1133 1118
1124 1128 1131
1124 1131 1132
1134 1133 1132
1134 1132 1135
1118 1133 1136
1118 1136 1116
1137 1136 1133
1137 1133 1134
1136 1137 1138
1136 1138 1139
1116 1136 1139
1116 1139 1113
1140 1141 1142
1140 1142 1143
1114 1113 1144
1114 1144 1145
1146 1142 1141
1146 1141 1147
1113 1139 1148
1113 1148 1144
1144 1148 1149
1144 1149 1150
1143 1142 1150
1143 1150 1149
1151 1150 1142
1151 1142 1146
1145 1144 1150
1145 1150 1151
1152 1146 1147
1152 1147 1153
1154 1151 1146
1154 1146 1152
1155 1156 1157
1155 1157 1158
1158 1157 1159
1158 1159 1160
1161 1162 1163
1161 1163 1164
1165 1166 1162
1165 1162 1161
1160 1159 1166
1160 1166 1165
1167 1168 1169
1167 1169 1170
1169 1158 1160
1169 1160 1171
1112 1111 1172
1112 1172 1170
1171 1112 1170
1171 1170 1169
1173 1167 1170
1173 1170 1172
1168 1155 1158
1168 1158 1169
1174 1161 1164
1174 1164 1106
1175 1165 1161
1175 1161 1174
1106 1104 1108
1106 1108 1174
1174 1108 1110
1174 1110 1175
1175 1110 1112
1175 1112 1171
1171 1160 1165
1171 1165 1175
1176 1140 1143
1176 1143 1177
1007 1006 1061
1007 1061 1178
1061 1091 1179
1061 1179 1178
1178 1179 1180
1181 1176 1177
1181 1177 1182
1182 1183 1184
1182 1184 1181
1185 1186 1187
1185 1187 1102
1185 1102 1101
1188 1189 1190
1188 1190 1191
1192 1193 1190
1192 1190 1189
1190 1193 1194
1190 1194 1195
1193 1192 1163
1193 1163 1196
1135 1197 1198
1135 1198 1134
1197 1194 1199
1197 1199 1198
1194 1193 1196
1194 1196 1199
1196 1163 1162
1196 1162 1200
1134 1198 1201
1134 1201 1137
1202 1201 1198
1202 1198 1199
1199 1196 1200
1199 1200 1202
1200 1162 1166
1200 1166 1203
1201 1202 1204
1201 1204 1205
1137 1201 1205
1137 1205 1138
1202 1200 1203
1202 1203 1204
1203 1166 1159
1203 1159 1206
1206 1159 1157
1206 1157 1207
1156 1208 1207
1156 1207 1157
1204 1203 1206
1204 1206 1209
1210 1148 1139
1210 1139 1138
1211 1149 1148
1211 1148 1210
1177 1143 1149
1177 1149 1211
1209 1206 1207
1209 1207 1212
1138 1205 1213
1138 1213 1210
1205 1204 1209
1205 1209 1213
1191 1190 1195
1191 1195 1214
1043 1048 1215
1043 1215 1044
1044 1215 1216
1044 1216 1024
1072 1021 1024
1072 1024 1216
1213 1209 1212
1213 1212 1217
1218 1120 1119
1218 1119 1219
1153 1220 1221
1153 1221 1152
1154 1152 1221
1154 1221 1222
1223 1218 1219
1223 1219 1224
1225 1221 1220
1225 1220 1226
1222 1221 1225
1222 1225 1227
1228 1227 1225
1228 1225 1226
1229 1230 1231
1119 1122 1127
1119 1127 1232
1233 1234 1231
1233 1231 1235
1230 1223 1224
1230 1224 1231
1234 1236 1229
1234 1229 1231
1232 1127 1123
1232 1123 1237
1219 1119 1232
1219 1232 1235
1224 1219 1235
1224 1235 1231
1238 1239 1240
1241 1242 1239
1241 1239 1238
1240 1236 1234
1240 1234 1238
1243 1241 1238
1243 1238 1244
1237 1233 1235
1237 1235 1232
1245 1244 1233
1245 1233 1237
1117 1245 1237
1117 1237 1123
1244 1238 1234
1244 1234 1233
1246 1247 1248
1247 1242 1241
1247 1241 1248
1245 1117 1115
1245 1115 1249
1244 1245 1249
1244 1249 1243
1241 1243 1250
1241 1250 1248
1227 1228 1251
1227 1251 1252
1253 1145 1151
1253 1151 1154
1252 1251 1254
1254 1246 1248
1254 1248 1252
1255 1222 1227
1255 1227 1252
1249 1115 1114
1249 1114 1256
1243 1249 1256
1243 1256 1250
1145 1253 1256
1145 1256 1114
1256 1253 1255
1256 1255 1250
1253 1154 1222
1253 1222 1255
1252 1248 1250
1252 1250 1255
1257 1258 987
1257 987 990
1259 1260 1258
1259 1258 1257
1261 1259 1257
1262 1263 1264
1262 1264 1265
1263 1068 1071
1263 1071 1264
1167 1173 1262
1167 1262 1265
1265 1264 1266
1265 1266 1267
1168 1167 1265
1168 1265 1267
1155 1168 1267
1155 1267 1268
1269 1208 1156
1269 1156 1270
1156 1155 1268
1156 1268 1270
1271 1272 1273
1271 1273 1274
1274 1275 1276
1274 1276 1271
1048 1059 1277
1048 1277 1215
1278 1260 1259
1278 1259 1279
1280 1274 1273
1280 1273 1281
1279 1259 1261
1279 1261 1282
1272 1271 1283
1272 1283 1284
1285 1286 1287
1285 1287 1288
1288 1280 1281
1288 1281 1285
1287 1289 1290
1287 1290 1291
1292 1275 1274
1292 1274 1280
1293 1294 1275
1293 1275 1292
1295 1296 1294
1295 1294 1293
1297 1292 1280
1297 1280 1288
1288 1287 1291
1288 1291 1297
1291 1290 1269
1291 1269 1298
1297 1291 1298
1297 1298 1299
1299 1293 1292
1299 1292 1297
1293 1299 1300
1293 1300 1295
1298 1269 1270
1298 1270 1301
1299 1298 1301
1299 1301 1300
1301 1270 1268
1301 1268 1302
1267 1266 1302
1267 1302 1268
1303 1304 1296
1303 1296 1295
1071 1070 1305
1071 1305 1306
1264 1071 1306
1264 1306 1266
1295 1300 1307
1295 1307 1303
1300 1301 1302
1300 1302 1307
1266 1306 1307
1266 1307 1302
1306 1305 1303
1306 1303 1307
1164 1163 1192
1164 1192 1308
1106 1164 1308
1106 1308 1105
1309 1310 1311
1309 1312 1310
1313 1188 1191
1313 1191 1314
1214 1315 1314
1214 1314 1191
1316 1283 1271
1316 1271 1276
1304 1303 1305
1304 1305 1317
1069 1318 1319
1069 1319 1070
1317 1305 1070
1317 1070 1319
1318 1320 1321
1318 1321 1319
1309 1311 1322
1309 1322 1323
1312 1309 1324
1312 1324 1325
1324 1321 1320
1324 1320 1325
1180 1326 1327
1003 1002 1007
1003 1007 1328
1329 1257 990
1329 990 1017
1261 1257 1329
1017 1003 1328
1017 1328 1329
1330 1329 1328
1178 1327 1328
1178 1328 1007
1327 1330 1328
1327 1178 1180
1261 1329 1331
1331 1329 1330
1331 1332 1282
1331 1282 1261
1330 1333 1332
1330 1332 1331
1327 1326 1333
1327 1333 1330
1334 1184 1183
1334 1183 1289
1289 1287 1286
1289 1286 1334
1308 1192 1189
1308 1189 1335
1276 1275 1294
1276 1294 1336
1337 1338 1316
1337 1316 1339
1340 1296 1304
1340 1304 1341
1341 1304 1317
1341 1317 1342
1343 1344 1345
1343 1345 1346
1342 1317 1319
1342 1319 1321
1347 1341 1342
1347 1342 1348
1346 1347 1348
1346 1348 1323
1324 1309 1323
1324 1323 1348
1348 1342 1321
1348 1321 1324
1336 1294 1296
1336 1296 1340
1276 1336 1339
1276 1339 1316
1339 1336 1349
1349 1345 1339
1345 1344 1337
1345 1337 1339
1347 1346 1345
1347 1345 1349
1336 1340 1349
1349 1340 1341
1349 1341 1347
1350 1351 1352
1350 1352 1186
1350 1186 1185
1101 1105 1353
1101 1353 1185
1105 1308 1335
1105 1335 1353
1185 1353 1354
1185 1354 1350
1355 1351 1350
1355 1350 1354
1356 1354 1357
1356 1357 1358
1357 1354 1353
1357 1353 1335
1189 1188 1357
1189 1357 1335
1188 1313 1358
1188 1358 1357
1356 1355 1354
1343 1346 1323
1343 1323 1359
1359 1323 1322
1360 1183 1217
1360 1217 1212
1289 1183 1360
1289 1360 1290
1212 1207 1208
1212 1208 1360
1208 1269 1290
1208 1290 1360
1182 1177 1211
1182 1211 1217
1183 1182 1217
1211 1210 1213
1211 1213 1217
1073 1072 1361
1073 1361 1075
1072 1216 1362
1072 1362 1361
1362 1216 1363
1216 1215 1363
1363 1215 1277
1283 1316 1338
1283 1338 1364
1364 1365 1284
1364 1284 1283
1130 1129 1366
1130 1366 1367
1366 1368 1369
1366 1369 1367
1135 1132 1131
1135 1131 1370
1214 1195 1371
1214 1371 1372
1315 1214 1372
1315 1372 1373
1369 1373 1372
1368 1374 1373
1368 1373 1369
1130 1367 1370
1130 1370 1131
1367 1369 1375
1135 1370 1371
1135 1371 1197
1371 1370 1375
1195 1194 1197
1195 1197 1371
1375 1372 1371
1369 1372 1375
1370 1367 1375
1376 1377 1069
1376 1069 1068
1378 1379 1103
1378 1103 1102
1379 1380 1107
1379 1107 1103
1380 1381 1109
1380 1109 1107
1381 1382 1111
1381 1111 1109
1382 1383 1172
1382 1172 1111
1383 1384 1173
1383 1173 1172
1385 1386 1187
1385 1187 1186
1386 1378 1102
1386 1102 1187
1387 1388 1263
1387 1263 1262
1388 1376 1068
1388 1068 1263
1384 1387 1262
1384 1262 1173
1389 1390 1311
1389 1311 1310
1391 1389 1310
1391 1310 1312
1377 1392 1318
1377 1318 1069
1392 1393 1320
1392 1320 1318
1390 1394 1322
1390 1322 1311
1395 1391 1312
1395 1312 1325
1393 1395 1325
1393 1325 1320
1396 1397 1352
1396 1352 1351
1397 1385 1186
1397 1186 1352
1398 1396 1351
1398 1351 1355
1399 1398 1355
1399 1355 1356
1394 1400 1359
1394 1359 1322
1401 1402 1403
1404 1405 1403
1406 1404 1403
1407 1406 1403
1408 1407 1403
1409 1408 1403
1410 1409 1403
1411 1412 1403
1405 1411 1403
1413 1414 1403
1402 1413 1403
1414 1410 1403
1415 1416 1403
1416 1417 1403
1418 1401 1403
1419 1418 1403
1420 1415 1403
1417 1421 1403
1421 1419 1403
1422 1423 1403
1412 1422 1403
1423 1424 1403
1424 1425 1403
1425 1420 1403
1426 1427 1428
1426 1428 1429
1429 1428 1430
1429 1430 1431
1432 1427 1426
1432 1426 1433
1433 1426 1434
1433 1434 1435
1434 1426 1429
1434 1429 1436
1431 1437 1436
1431 1436 1429
1438 1439 1440
1438 1440 1441
1442 1439 1438
1442 1438 1443
1444 1445 1446
1444 1446 1447
1445 1448 1449
1445 1449 1446
1450 1451 1447
1450 1447 1446
1450 1452 1441
1450 1441 1440
1446 1449 1452
1446 1452 1450
1453 1443 1438
1453 1438 1454
1455 1443 1453
1455 1453 1456
1432 1457 1458
1432 1458 1459
1459 1458 1460
1459 1460 1461
1459 1462 1427
1459 1427 1432
1462 1459 1461
1462 1461 1463
1462 1464 1428
1462 1428 1427
1463 1465 1464
1463 1464 1462
1466 1430 1428
1466 1428 1464
1466 1464 1465
1466 1465 1467
1454 1438 1441
1454 1441 1468
1469 1470 1471
1469 1471 1456
1471 1472 1455
1471 1455 1456
1471 1470 1460
1471 1460 1458
1452 1473 1468
1452 1468 1441
1466 1474 1475
1466 1475 1430
1467 1476 1474
1467 1474 1466
1477 1449 1448
1477 1448 1478
1473 1452 1449
1473 1449 1477
1478 1479 1480
1478 1480 1477
1481 1473 1477
1481 1477 1480
1471 1458 1457
1471 1457 1472
1443 1455 1482
1443 1482 1442
1482 1455 1472
1482 1472 1483
1483 1484 1485
1483 1485 1482
1457 1432 1433
1457 1433 1486
1486 1433 1435
1486 1435 1487
1472 1457 1486
1472 1486 1483
1486 1488 1483
1488 1486 1487
1483 1488 1484
1451 1450 1440
1451 1440 1489
1442 1482 1485
1442 1485 1490
1489 1440 1439
1489 1439 1491
1439 1442 1490
1439 1490 1491
1492 1493 1437
1492 1437 1431
1475 1492 1431
1475 1431 1430
1494 1495 1496
1494 1496 1497
1498 1499 1495
1498 1495 1494
1500 1501 1499
1500 1499 1498
1499 1501 1470
1499 1470 1469
1502 1503 1501
1502 1501 1500
1501 1503 1460
1501 1460 1470
1504 1503 1502
1504 1502 1505
1503 1504 1461
1503 1461 1460
1506 1504 1505
1506 1505 1507
1504 1506 1463
1504 1463 1461
1508 1506 1507
1508 1507 1509
1506 1508 1465
1506 1465 1463
1497 1496 1510
1497 1510 1511
1511 1510 1512
1511 1512 1513
1512 1481 1480
1512 1480 1514
1515 1508 1509
1515 1509 1516
1508 1515 1467
1508 1467 1465
1517 1515 1516
1517 1516 1518
1514 1519 1520
1514 1520 1521
1515 1517 1476
1515 1476 1467
1479 1519 1514
1479 1514 1480
1512 1514 1521
1512 1521 1513
1454 1522 1523
1454 1523 1453
1499 1469 1523
1499 1523 1495
1453 1523 1469
1453 1469 1456
1495 1523 1522
1495 1522 1496
1496 1522 1524
1496 1524 1510
1468 1524 1522
1468 1522 1454
1473 1481 1524
1473 1524 1468
1510 1524 1481
1510 1481 1512
1525 1526 1527
1525 1527 1528
1526 1529 1530
1526 1530 1527
1531 1532 1525
1531 1525 1528
1532 1533 1534
1532 1534 1525
1534 1535 1526
1534 1526 1525
1529 1526 1535
1529 1535 1536
1537 1538 1539
1537 1539 1540
1541 1542 1537
1541 1537 1540
1543 1544 1545
1543 1545 1546
1546 1545 1547
1546 1547 1548
1549 1545 1544
1549 1544 1550
1549 1539 1538
1549 1538 1551
1545 1549 1551
1545 1551 1547
1552 1553 1537
1552 1537 1542
1554 1555 1552
1554 1552 1542
1531 1556 1557
1531 1557 1558
1556 1559 1560
1556 1560 1557
1556 1531 1528
1556 1528 1561
1561 1562 1559
1561 1559 1556
1561 1528 1527
1561 1527 1563
1562 1561 1563
1562 1563 1564
1565 1563 1527
1565 1527 1530
1565 1566 1564
1565 1564 1563
1553 1567 1538
1553 1538 1537
1568 1555 1569
1568 1569 1570
1569 1555 1554
1569 1554 1571
1569 1557 1560
1569 1560 1570
1551 1538 1567
1551 1567 1572
1565 1530 1573
1565 1573 1574
1566 1565 1574
1566 1574 1575
1576 1577 1548
1576 1548 1547
1572 1576 1547
1572 1547 1551
1577 1576 1578
1577 1578 1579
1580 1578 1576
1580 1576 1572
1569 1571 1558
1569 1558 1557
1542 1541 1581
1542 1581 1554
1581 1582 1571
1581 1571 1554
1582 1581 1583
1582 1583 1584
1558 1585 1532
1558 1532 1531
1585 1586 1533
1585 1533 1532
1571 1582 1585
1571 1585 1558
1585 1582 1587
1587 1586 1585
1582 1584 1587
1550 1588 1539
1550 1539 1549
1541 1589 1583
1541 1583 1581
1588 1590 1540
1588 1540 1539
1540 1590 1589
1540 1589 1541
1591 1529 1536
1591 1536 1592
1573 1530 1529
1573 1529 1591
1593 1594 1595
1593 1595 1596
1597 1593 1596
1597 1596 1598
1599 1597 1598
1599 1598 1600
1598 1568 1570
1598 1570 1600
1601 1599 1600
1601 1600 1602
1600 1570 1560
1600 1560 1602
1603 1604 1601
1603 1601 1602
1602 1560 1559
1602 1559 1603
1605 1606 1604
1605 1604 1603
1603 1559 1562
1603 1562 1605
1607 1608 1606
1607 1606 1605
1605 1562 1564
1605 1564 1607
1594 1609 1610
1594 1610 1595
1609 1611 1612
1609 1612 1610
1612 1613 1578
1612 1578 1580
1614 1615 1608
1614 1608 1607
1607 1564 1566
1607 1566 1614
1616 1617 1615
1616 1615 1614
1613 1618 1619
1613 1619 1620
1614 1566 1575
1614 1575 1616
1579 1578 1613
1579 1613 1620
1612 1611 1618
1612 1618 1613
1553 1552 1621
1553 1621 1622
1598 1596 1621
1598 1621 1568
1552 1555 1568
1552 1568 1621
1596 1595 1622
1596 1622 1621
1595 1610 1623
1595 1623 1622
1567 1553 1622
1567 1622 1623
1572 1567 1623
1572 1623 1580
1610 1612 1580
1610 1580 1623
1624 1625 1626
1624 1626 1627
1627 1626 1628
1627 1628 1629
1629 1628 1630
1629 1630 1631
1632 1633 1634
1632 1634 1635
1635 1634 1636
1635 1636 1637
1637 1636 1638
1637 1638 1639
1639 1638 1640
1639 1640 1641
1641 1640 1642
1641 1642 1643
1643 1642 1644
1643 1644 1645
1645 1644 1646
1645 1646 1647
1647 1646 1648
1647 1648 1649
1649 1648 1625
1649 1625 1624
1650 1651 1626
1650 1626 1625
1651 1652 1628
1651 1628 1626
1652 1653 1630
1652 1630 1628
1654 1655 1634
1654 1634 1633
1655 1656 1636
1655 1636 1634
1656 1657 1638
1656 1638 1636
1657 1658 1640
1657 1640 1638
1658 1659 1642
1658 1642 1640
1659 1660 1644
1659 1644 1642
1660 1661 1646
1660 1646 1644
1661 1662 1648
1661 1648 1646
1662 1650 1625
1662 1625 1648
1663 1664 1651
1663 1651 1650
1664 1665 1652
1664 1652 1651
1665 1666 1653
1665 1653 1652
1667 1668 1655
1667 1655 1654
1668 1669 1656
1668 1656 1655
1669 1670 1657
1669 1657 1656
1670 1671 1658
1670 1658 1657
1671 1672 1659
1671 1659 1658
1672 1673 1660
1672 1660 1659
1673 1674 1661
1673 1661 1660
1674 1675 1662
1674 1662 1661
1675 1663 1650
1675 1650 1662
1676 1677 1664
1676 1664 1663
1677 1678 1665
1677 1665 1664
1678 1679 1666
1678 1666 1665
1680 1681 1668
1680 1668 1667
1681 1682 1669
1681 1669 1668
1682 1683 1670
1682 1670 1669
1683 1684 1671
1683 1671 1670
1684 1685 1672
1684 1672 1671
1685 1686 1673
1685 1673 1672
1686 1687 1674
1686 1674 1673
1687 1688 1675
1687 1675 1674
1688 1676 1663
1688 1663 1675
1689 1690 1691
1692 1693 1694
1695 1693 1696
1697 1693 1698
1699 1700 1701
1701 1700 1702
1703 1700 1704
1705 1693 1706
1707 1693 1708
1709 1690 1710
1711 1712 1713
1713 1712 1714
1715 1712 1716
1716 1712 1717
1717 1712 1718
1718 1712 1719
1719 1712 1720
1720 1712 1721
1721 1712 1722
1722 1712 1711
1723 1724 1725
1723 1726 1724
1723 1727 1726
1723 1728 1727
1723 1729 1728
1723 1730 1729
1731 1732 1733
1731 1734 1732
1731 1735 1734
1731 1736 1735
1731 1737 1736
1731 1738 1737
1739 1740 1725
1739 1725 1724
1741 1739 1724
1741 1724 1726
1742 1741 1726
1742 1726 1727
1743 1742 1727
1743 1727 1728
1744 1743 1728
1744 1728 1729
1745 1744 1729
1745 1729 1730
1746 1747 1733
1746 1733 1732
1748 1746 1732
1748 1732 1734
1749 1748 1734
1749 1734 1735
1750 1749 1735
1750 1735 1736
1751 1750 1736
1751 1736 1737
1752 1751 1737
1752 1737 1738
1753 1754 1740
1753 1740 1739
1755 1753 1739
1755 1739 1741
1756 1755 1741
1756 1741 1742
1757 1756 1742
1757 1742 1743
1758 1757 1743
1758 1743 1744
1759 1758 1744
1759 1744 1745
1760 1761 1747
1760 1747 1746
1762 1760 1746
1762 1746 1748
1763 1762 1748
1763 1748 1749
1764 1763 1749
1764 1749 1750
1765 1764 1750
1765 1750 1751
1766 1765 1751
1766 1751 1752
1767 1768 1754
1767 1754 1753
1769 1767 1753
1769 1753 1755
1770 1769 1755
1770 1755 1756
1771 1770 1756
1771 1756 1757
1772 1771 1757
1772 1757 1758
1773 1772 1758
1773 1758 1759
1774 1775 1761
1774 1761 1760
1776 1774 1760
1776 1760 1762
1777 1776 1762
1777 1762 1763
1778 1777 1763
1778 1763 1764
1779 1778 1764
1779 1764 1765
1780 1779 1765
1780 1765 1766
1781 1782 1768
1781 1768 1767
1783 1781 1767
1783 1767 1769
1784 1783 1769
1784 1769 1770
1785 1784 1770
1785 1770 1771
1786 1785 1771
1786 1771 1772
1787 1786 1772
1787 1772 1773
1788 1789 1775
1788 1775 1774
1790 1788 1774
1790 1774 1776
1791 1790 1776
1791 1776 1777
1792 1791 1777
1792 1777 1778
1793 1792 1778
1793 1778 1779
1794 1793 1779
1794 1779 1780
1795 1782 1781
1795 1781 1783
1795 1783 1784
1795 1784 1785
1795 1785 1786
1795 1786 1787
1796 1789 1788
1796 1788 1790
1796 1790 1791
1796 1791 1792
1796 1792 1793
1796 1793 1794
1797 1798 1799
1797 1799 1800
1801 1797 1800
1801 1800 1802
1803 1801 1802
1803 1802 1804
1805 1803 1804
1805 1804 1806
1807 1805 1806
1807 1806 1808
1809 1807 1808
1809 1808 1810
1811 1809 1810
1811 1810 1812
1813 1811 1812
1813 1812 1814
1815 1813 1814
1815 1814 1816
1817 1815 1816
1817 1816 1818
1819 1817 1818
1819 1818 1820
1821 1819 1820
1821 1820 1822
1823 1821 1822
1823 1822 1824
1825 1823 1824
1825 1824 1826
1827 1828 1829
1827 1829 1830
1831 1827 1830
1831 1830 1832
1833 1831 1832
1833 1832 1834
1798 1833 1834
1798 1834 1799
1835 1798 1797
1835 1797 1836
1837 1836 1797
1837 1797 1801
1838 1837 1801
1838 1801 1803
1839 1838 1803
1839 1803 1805
1840 1839 1805
1840 1805 1807
1841 1840 1807
1841 1807 1809
1842 1841 1809
1842 1809 1811
1843 1842 1811
1843 1811 1813
1844 1843 1813
1844 1813 1815
1845 1844 1815
1845 1815 1817
1846 1845 1817
1846 1817 1819
1847 1846 1819
1847 1819 1821
1848 1847 1821
1848 1821 1823
1849 1848 1823
1849 1823 1825
1850 1851 1828
1850 1828 1827
1852 1850 1827
1852 1827 1831
1853 1852 1831
1853 1831 1833
1835 1853 1833
1835 1833 1798
1854 1800 1799
1854 1799 1855
1856 1802 1800
1856 1800 1854
1857 1804 1802
1857 1802 1856
1858 1806 1804
1858 1804 1857
1859 1808 1806
1859 1806 1858
1860 1810 1808
1860 1808 1859
1861 1812 1810
1861 1810 1860
1862 1814 1812
1862 1812 1861
1863 1816 1814
1863 1814 1862
1864 1818 1816
1864 1816 1863
1865 1820 1818
1865 1818 1864
1866 1822 1820
1866 1820 1865
1867 1824 1822
1867 1822 1866
1868 1826 1824
1868 1824 1867
1869 1830 1829
1869 1829 1870
1871 1832 1830
1871 1830 1869
1872 1834 1832
1872 1832 1871
1872 1855 1799
1872 1799 1834
1873 1874 1875
1876 1874 1873
1877 1874 1876
1878 1874 1877
1879 1874 1878
1880 1874 1879
1881 1874 1880
1882 1874 1881
1883 1874 1882
1884 1874 1883
1885 1874 1884
1886 1874 1885
1887 1874 1886
1888 1874 1889
1890 1874 1888
1875 1874 1890
1891 1892 1893
1893 1892 1894
1894 1892 1895
1895 1892 1896
1896 1892 1897
1897 1892 1898
1898 1892 1899
1899 1892 1900
1900 1892 1901
1901 1892 1902
1902 1892 1903
1903 1892 1904
1904 1892 1905
1906 1892 1907
1907 1892 1908
1908 1892 1891
1909 1910 1911
1909 1911 1912
1912 1913 1914
1912 1914 1909
1915 1916 1917
1915 1917 1918
1918 1919 1920
1918 1920 1915
1921 1920 1919
1921 1919 1922
1922 1923 1924
1922 1924 1921
1925 1924 1923
1925 1923 1926
1926 1911 1910
1926 1910 1925
1927 1928 1929
1927 1929 1930
1929 1928 1931
1929 1931 1932
1933 1934 1930
1933 1930 1929
1933 1929 1932
1933 1932 1935
1936 1937 1938
1936 1938 1939
1938 1937 1940
1938 1940 1941
1942 1943 1939
1942 1939 1938
1942 1938 1941
1942 1941 1944
1943 1942 1945
1943 1945 1946
1945 1942 1944
1945 1944 1947
1948 1949 1946
1948 1946 1945
1948 1945 1947
1948 1947 1950
1949 1948 1951
1949 1951 1952
1951 1948 1950
1951 1950 1953
1928 1927 1952
1928 1952 1951
1928 1951 1953
1928 1953 1931
1911 1927 1930
1911 1930 1912
1934 1913 1912
1934 1912 1930
1917 1936 1939
1917 1939 1918
1943 1919 1918
1943 1918 1939
1919 1943 1946
1919 1946 1922
1949 1923 1922
1949 1922 1946
1923 1949 1952
1923 1952 1926
1927 1911 1926
1927 1926 1952
1932 1931 1954
1932 1954 1955
1935 1932 1955
1935 1955 1956
1941 1940 1957
1941 1957 1958
1944 1941 1958
1944 1958 1959
1947 1944 1959
1947 1959 1960
1950 1947 1960
1950 1960 1961
1953 1950 1961
1953 1961 1962
1931 1953 1962
1931 1962 1954
1963 1964 1965
1963 1965 1966
1967 1968 1969
1967 1969 1970
1971 1972 1968
1971 1968 1967
1966 1965 1972
1966 1972 1971
1973 1974 1975
1975 1974 1976
1977 1978 1979
1980 1978 1981
1982 1978 1980
1983 1978 1982
1984 1978 1983
1979 1978 1984
1985 1986 1987
1988 1989 1986
1990 1986 1989
1991 1986 1990
1991 1992 1986
1992 1987 1986
1993 1994 1995
1993 1995 1996
1997 1995 1994
1997 1994 1998
1999 2000 2001
1999 2001 2002
2000 2003 2004
2000 2004 2001
2003 2005 2006
2003 2006 2004
2007 2006 2005
2007 2005 2008
2008 2009 2010
2008 2010 2007
2009 1993 1996
2009 1996 2010
2011 2012 2013
2011 2013 2014
2015 2016 2011
2015 2011 2014
2014 2013 2017
2014 2017 2018
2019 2015 2014
2019 2014 2018
2018 2017 2020
2018 2020 2021
2022 2019 2018
2022 2018 2021
2021 2020 2023
2021 2023 2024
2025 2022 2021
2025 2021 2024
2026 2027 2028
2026 2028 2029
2030 2031 2026
2030 2026 2029
2029 2028 2012
2029 2012 2011
2030 2029 2011
2030 2011 2016
2032 2016 2015
2032 2015 2033
2034 2035 2032
2034 2032 2033
2033 2015 2019
2033 2019 2036
2037 2034 2033
2037 2033 2036
2019 2022 2038
2019 2038 2036
2039 2037 2036
2039 2036 2038
2038 2022 2025
2038 2025 2040
2041 2039 2038
2041 2038 2040
2042 2031 2030
2042 2030 2043
2044 2042 2043
2044 2043 2045
2043 2030 2016
2043 2016 2032
2045 2043 2032
2045 2032 2035
2046 2035 2034
2046 2034 2047
2048 2049 2046
2048 2046 2047
2034 2037 2050
2034 2050 2047
2051 2048 2047
2051 2047 2050
2037 2039 2052
2037 2052 2050
2053 2051 2050
2053 2050 2052
2052 2039 2041
2052 2041 2054
2055 2053 2052
2055 2052 2054
2056 2044 2045
2056 2045 2057
2058 2056 2057
2058 2057 2059
2057 2045 2035
2057 2035 2046
2059 2057 2046
2059 2046 2049
2049 2048 2060
2049 2060 2061
2062 2063 2061
2062 2061 2060
2048 2051 2064
2048 2064 2060
2065 2062 2060
2065 2060 2064
2051 2053 2066
2051 2066 2064
2067 2065 2064
2067 2064 2066
2066 2053 2055
2066 2055 2068
2067 2066 2068
2067 2068 2069
2070 2058 2059
2070 2059 2071
2072 2070 2071
2072 2071 2073
2071 2059 2049
2071 2049 2061
2073 2071 2061
2073 2061 2063
2074 2063 2062
2074 2062 2075
2076 2074 2075
2076 2075 2077
2075 2062 2065
2075 2065 2078
2077 2075 2078
2077 2078 2079
2078 2065 2067
2078 2067 2080
2079 2078 2080
2079 2080 2081
2067 2069 2082
2067 2082 2080
2083 2081 2080
2083 2080 2082
2072 2073 2084
2072 2084 2085
2086 2087 2085
2086 2085 2084
2073 2063 2074
2073 2074 2084
2076 2086 2084
2076 2084 2074
2088 2076 2077
2088 2077 2089
2090 2091 2088
2090 2088 2089
2089 2077 2079
2089 2079 2092
2090 2089 2092
2090 2092 2093
2092 2079 2081
2092 2081 2094
2093 2092 2094
2093 2094 2095
2094 2081 2083
2094 2083 2096
2097 2095 2094
2097 2094 2096
2087 2086 2098
2087 2098 2099
2100 2101 2099
2100 2099 2098
2086 2076 2088
2086 2088 2098
2091 2100 2098
2091 2098 2088
2102 2091 2090
2102 2090 2103
2104 2105 2102
2104 2102 2103
2103 2090 2093
2103 2093 2106
2104 2103 2106
2104 2106 2107
2106 2093 2095
2106 2095 2108
2107 2106 2108
2107 2108 2109
2108 2095 2097
2108 2097 2110
2111 2109 2108
2111 2108 2110
2101 2100 2112
2101 2112 2113
2114 2115 2113
2114 2113 2112
2100 2091 2102
2100 2102 2112
2105 2114 2112
2105 2112 2102
2116 2105 2104
2116 2104 2117
2118 2119 2116
2118 2116 2117
2117 2104 2107
2117 2107 2120
2121 2118 2117
2121 2117 2120
2120 2107 2109
2120 2109 2122
2123 2121 2120
2123 2120 2122
2122 2109 2111
2122 2111 2124
2125 2123 2122
2125 2122 2124
2126 2115 2114
2126 2114 2127
2128 2129 2126
2128 2126 2127
2114 2105 2116
2114 2116 2127
2119 2128 2127
2119 2127 2116
2130 2119 2118
2130 2118 2131
2132 2133 2130
2132 2130 2131
2131 2118 2121
2131 2121 2134
2135 2132 2131
2135 2131 2134
2134 2121 2123
2134 2123 2136
2137 2135 2134
2137 2134 2136
2136 2123 2125
2136 2125 2138
2139 2137 2136
2139 2136 2138
2140 2129 2128
2140 2128 2141
2142 2143 2140
2142 2140 2141
2141 2128 2119
2141 2119 2130
2133 2142 2141
2133 2141 2130
2144 2145 2146
2144 2146 2147
2148 2147 2146
2148 2146 2149
2150 2148 2149
2150 2149 2151
2152 2150 2151
2152 2151 2153
2154 2155 2156
2154 2156 2157
2144 2154 2157
2144 2157 2145
2158 2144 2147
2158 2147 2159
2013 2012 2158
2013 2158 2159
2159 2147 2148
2159 2148 2160
2017 2013 2159
2017 2159 2160
2160 2148 2150
2160 2150 2161
2020 2017 2160
2020 2160 2161
2161 2150 2152
2161 2152 2162
2023 2020 2161
2023 2161 2162
2163 2155 2154
2163 2154 2164
2028 2027 2163
2028 2163 2164
2164 2154 2144
2164 2144 2158
2012 2028 2164
2012 2164 2158
2165 2133 2132
2165 2132 2166
2167 2166 2132
2167 2132 2135
2168 2167 2135
2168 2135 2137
2169 2168 2137
2169 2137 2139
2170 2171 2143
2170 2143 2142
2165 2170 2142
2165 2142 2133
2172 2173 2174
2172 2174 2175
2173 2176 2177
2173 2177 2174
2176 2178 2179
2176 2179 2177
2180 2181 2182
2180 2182 2183
2181 2184 2185
2181 2185 2182
2184 2186 2187
2184 2187 2185
2186 2188 2189
2186 2189 2187
2188 2190 2191
2188 2191 2189
2190 2192 2193
2190 2193 2191
2192 2194 2195
2192 2195 2193
2194 2196 2197
2194 2197 2195
2196 2172 2175
2196 2175 2197
2198 2175 2174
2198 2174 2199
2199 2174 2177
2199 2177 2200
2200 2177 2179
2200 2179 2201
2202 2183 2182
2202 2182 2203
2203 2182 2185
2203 2185 2204
2204 2185 2187
2204 2187 2205
2205 2187 2189
2205 2189 2206
2206 2189 2191
2206 2191 2207
2207 2191 2193
2207 2193 2208
2208 2193 2195
2208 2195 2209
2209 2195 2197
2209 2197 2210
2210 2197 2175
2210 2175 2198
2211 2198 2199
2211 2199 2212
2212 2199 2200
2212 2200 2213
2213 2200 2201
2213 2201 2214
2215 2202 2203
2215 2203 2216
2216 2203 2204
2216 2204 2217
2217 2204 2205
2217 2205 2218
2218 2205 2206
2218 2206 2219
2219 2206 2207
2219 2207 2220
2220 2207 2208
2220 2208 2221
2221 2208 2209
2221 2209 2222
2222 2209 2210
2222 2210 2223
2223 2210 2198
2223 2198 2211
2224 2211 2212
2224 2212 2225
2225 2212 2213
2225 2213 2226
2226 2213 2214
2226 2214 2227
2228 2215 2216
2228 2216 2229
2229 2216 2217
2229 2217 2230
2230 2217 2218
2230 2218 2231
2231 2218 2219
2231 2219 2232
2232 2219 2220
2232 2220 2233
2233 2220 2221
2233 2221 2234
2234 2221 2222
2234 2222 2235
2235 2222 2223
2235 2223 2236
2236 2223 2211
2236 2211 2224
2237 2238 2239
2240 2241 2242
2243 2244 2242
2245 2246 2242
2247 2248 2249
2248 2250 2249
2251 2252 2249
2253 2254 2242
2255 2256 2242
2257 2258 2239
2259 2260 2261
2260 2262 2261
2263 2264 2261
2264 2265 2261
2265 2266 2261
2266 2267 2261
2267 2268 2261
2268 2269 2261
2269 2270 2261
2270 2259 2261
2271 2272 2273
2271 2273 2274
2271 2274 2275
2271 2275 2276
2271 2276 2277
2271 2277 2278
2279 2280 2281
2279 2281 2282
2279 2282 2283
2279 2283 2284
2279 2284 2285
2279 2285 2286
2287 2273 2272
2287 2272 2288
2289 2274 2273
2289 2273 2287
2290 2275 2274
2290 2274 2289
2291 2276 2275
2291 2275 2290
2292 2277 2276
2292 2276 2291
2293 2278 2277
2293 2277 2292
2294 2281 2280
2294 2280 2295
2296 2282 2281
2296 2281 2294
2297 2283 2282
2297 2282 2296
2298 2284 2283
2298 2283 2297
2299 2285 2284
2299 2284 2298
2300 2286 2285
2300 2285 2299
2301 2287 2288
2301 2288 2302
2303 2289 2287
2303 2287 2301
2304 2290 2289
2304 2289 2303
2305 2291 2290
2305 2290 2304
2306 2292 2291
2306 2291 2305
2307 2293 2292
2307 2292 2306
2308 2294 2295
2308 2295 2309
2310 2296 2294
2310 2294 2308
2311 2297 2296
2311 2296 2310
2312 2298 2297
2312 2297 2311
2313 2299 2298
2313 2298 2312
2314 2300 2299
2314 2299 2313
2315 2301 2302
2315 2302 2316
2317 2303 2301
2317 2301 2315
2318 2304 2303
2318 2303 2317
2319 2305 2304
2319 2304 2318
2320 2306 2305
2320 2305 2319
2321 2307 2306
2321 2306 2320
2322 2308 2309
2322 2309 2323
2324 2310 2308
2324 2308 2322
2325 2311 2310
2325 2310 2324
2326 2312 2311
2326 2311 2325
2327 2313 2312
2327 2312 2326
2328 2314 2313
2328 2313 2327
2329 2315 2316
2329 2316 2330
2331 2317 2315
2331 2315 2329
2332 2318 2317
2332 2317 2331
2333 2319 2318
2333 2318 2332
2334 2320 2319
2334 2319 2333
2335 2321 2320
2335 2320 2334
2336 2322 2323
2336 2323 2337
2338 2324 2322
2338 2322 2336
2339 2325 2324
2339 2324 2338
2340 2326 2325
2340 2325 2339
2341 2327 2326
2341 2326 2340
2342 2328 2327
2342 2327 2341
2343 2329 2330
2343 2331 2329
2343 2332 2331
2343 2333 2332
2343 2334 2333
2343 2335 2334
2344 2336 2337
2344 2338 2336
2344 2339 2338
2344 2340 2339
2344 2341 2340
2344 2342 2341
2345 2346 2347
2345 2347 2348
2349 2350 2346
2349 2346 2345
2351 2352 2350
2351 2350 2349
2353 2354 2352
2353 2352 2351
2355 2356 2354
2355 2354 2353
2357 2358 2356
2357 2356 2355
2359 2360 2358
2359 2358 2357
2361 2362 2360
2361 2360 2359
2363 2364 2362
2363 2362 2361
2365 2366 2364
2365 2364 2363
2367 2368 2366
2367 2366 2365
2369 2370 2368
2369 2368 2367
2371 2372 2370
2371 2370 2369
2373 2374 2372
2373 2372 2371
2375 2376 2377
2375 2377 2378
2379 2380 2376
2379 2376 2375
2381 2382 2380
2381 2380 2379
2348 2347 2382
2348 2382 2381
2383 2384 2345
2383 2345 2348
2385 2349 2345
2385 2345 2384
2386 2351 2349
2386 2349 2385
2387 2353 2351
2387 2351 2386
2388 2355 2353
2388 2353 2387
2389 2357 2355
2389 2355 2388
2390 2359 2357
2390 2357 2389
2391 2361 2359
2391 2359 2390
2392 2363 2361
2392 2361 2391
2393 2365 2363
2393 2363 2392
2394 2367 2365
2394 2365 2393
2395 2369 2367
2395 2367 2394
2396 2371 2369
2396 2369 2395
2397 2373 2371
2397 2371 2396
2398 2375 2378
2398 2378 2399
2400 2379 2375
2400 2375 2398
2401 2381 2379
2401 2379 2400
2383 2348 2381
2383 2381 2401
2402 2403 2347
2402 2347 2346
2404 2402 2346
2404 2346 2350
2405 2404 2350
2405 2350 2352
2406 2405 2352
2406 2352 2354
2407 2406 2354
2407 2354 2356
2408 2407 2356
2408 2356 2358
2409 2408 2358
2409 2358 2360
2410 2409 2360
2410 2360 2362
2411 2410 2362
2411 2362 2364
2412 2411 2364
2412 2364 2366
2413 2412 2366
2413 2366 2368
2414 2413 2368
2414 2368 2370
2415 2414 2370
2415 2370 2372
2416 2415 2372
2416 2372 2374
2417 2418 2377
2417 2377 2376
2419 2417 2376
2419 2376 2380
2420 2419 2380
2420 2380 2382
2420 2382 2347
2420 2347 2403
2421 2422 2423
2424 2421 2423
2425 2424 2423
2426 2425 2423
2427 2426 2423
2428 2427 2423
2429 2428 2423
2430 2429 2423
2431 2430 2423
2432 2431 2423
2433 2432 2423
2434 2433 2423
2435 2434 2423
2436 2437 2423
2438 2436 2423
2422 2438 2423
2439 2440 2441
2440 2442 2441
2442 2443 2441
2443 2444 2441
2444 2445 2441
2445 2446 2441
2446 2447 2441
2447 2448 2441
2448 2449 2441
2449 2450 2441
2450 2451 2441
2451 2452 2441
2452 2453 2441
2454 2455 2441
2455 2456 2441
2456 2439 2441
2457 2458 2459
2457 2459 2460
2458 2457 2461
2458 2461 2462
2463 2464 2465
2463 2465 2466
2464 2463 2467
2464 2467 2468
2469 2470 2468
2469 2468 2467
2470 2469 2471
2470 2471 2472
2473 2474 2472
2473 2472 2471
2474 2473 2460
2474 2460 2459
2475 2476 2477
2475 2477 2478
2477 2479 2480
2477 2480 2478
2481 2477 2476
2481 2476 2482
2481 2483 2479
2481 2479 2477
2484 2485 2486
2484 2486 2487
2486 2488 2489
2486 2489 2487
2490 2486 2485
2490 2485 2491
2490 2492 2488
2490 2488 2486
2491 2493 2494
2491 2494 2490
2494 2495 2492
2494 2492 2490
2496 2494 2493
2496 2493 2497
2496 2498 2495
2496 2495 2494
2497 2499 2500
2497 2500 2496
2500 2501 2498
2500 2498 2496
2478 2500 2499
2478 2499 2475
2478 2480 2501
2478 2501 2500
2459 2458 2476
2459 2476 2475
2482 2476 2458
2482 2458 2462
2465 2464 2485
2465 2485 2484
2491 2485 2464
2491 2464 2468
2468 2470 2493
2468 2493 2491
2497 2493 2470
2497 2470 2472
2472 2474 2499
2472 2499 2497
2475 2499 2474
2475 2474 2459
2479 2502 2503
2479 2503 2480
2483 2504 2502
2483 2502 2479
2488 2505 2506
2488 2506 2489
2492 2507 2505
2492 2505 2488
2495 2508 2507
2495 2507 2492
2498 2509 2508
2498 2508 2495
2501 2510 2509
2501 2509 2498
2480 2503 2510
2480 2510 2501
2511 2512 2513
2511 2513 2514
2515 2516 2517
2515 2517 2518
2519 2515 2518
2519 2518 2520
2512 2519 2520
2512 2520 2513
2521 2522 2523
2522 2524 2523
2525 2526 2527
2528 2529 2527
2530 2528 2527
2531 2530 2527
2532 2531 2527
2526 2532 2527
2533 2534 2535
2536 2535 2537
2538 2537 2535
2539 2538 2535
2539 2535 2540
2540 2535 2534
2541 2542 2543
2541 2543 2544
2545 2546 2544
2545 2544 2543
2547 2548 2549
2547 2549 2550
2550 2549 2551
2550 2551 2552
2552 2551 2553
2552 2553 2554
2555 2556 2554
2555 2554 2553
2556 2555 2557
2556 2557 2558
2558 2557 2542
2558 2542 2541
2559 2560 2561
2559 2561 2562
2563 2560 2559
2563 2559 2564
2560 2565 2566
2560 2566 2561
2567 2565 2560
2567 2560 2563
2565 2568 2569
2565 2569 2566
2570 2568 2565
2570 2565 2567
2568 2571 2572
2568 2572 2569
2573 2571 2568
2573 2568 2570
2574 2575 2576
2574 2576 2577
2578 2575 2574
2578 2574 2579
2575 2559 2562
2575 2562 2576
2578 2564 2559
2578 2559 2575
2580 2581 2563
2580 2563 2564
2582 2581 2580
2582 2580 2583
2581 2584 2567
2581 2567 2563
2585 2584 2581
2585 2581 2582
2567 2584 2586
2567 2586 2570
2587 2586 2584
2587 2584 2585
2586 2588 2573
2586 2573 2570
2589 2588 2586
2589 2586 2587
2590 2591 2578
2590 2578 2579
2592 2593 2591
2592 2591 2590
2591 2580 2564
2591 2564 2578
2593 2583 2580
2593 2580 2591
2594 2595 2582
2594 2582 2583
2596 2595 2594
2596 2594 2597
2582 2595 2598
2582 2598 2585
2599 2598 2595
2599 2595 2596
2585 2598 2600
2585 2600 2587
2601 2600 2598
2601 2598 2599
2600 2602 2589
2600 2589 2587
2603 2602 2600
2603 2600 2601
2604 2605 2593
2604 2593 2592
2606 2607 2605
2606 2605 2604
2605 2594 2583
2605 2583 2593
2607 2597 2594
2607 2594 2605
2597 2608 2609
2597 2609 2596
2610 2609 2608
2610 2608 2611
2596 2609 2612
2596 2612 2599
2613 2612 2609
2613 2609 2610
2599 2612 2614
2599 2614 2601
2615 2614 2612
2615 2612 2613
2614 2616 2603
2614 2603 2601
2615 2617 2616
2615 2616 2614
2618 2619 2607
2618 2607 2606
2620 2621 2619
2620 2619 2618
2619 2608 2597
2619 2597 2607
2621 2611 2608
2621 2608 2619
2622 2623 2610
2622 2610 2611
2624 2625 2623
2624 2623 2622
2623 2626 2613
2623 2613 2610
2625 2627 2626
2625 2626 2623
2626 2628 2615
2626 2615 2613
2627 2629 2628
2627 2628 2626
2615 2628 2630
2615 2630 2617
2631 2630 2628
2631 2628 2629
2620 2632 2633
2620 2633 2621
2634 2633 2632
2634 2632 2635
2621 2633 2622
2621 2622 2611
2624 2622 2633
2624 2633 2634
2636 2637 2625
2636 2625 2624
2638 2637 2636
2638 2636 2639
2637 2640 2627
2637 2627 2625
2638 2641 2640
2638 2640 2637
2640 2642 2629
2640 2629 2627
2641 2643 2642
2641 2642 2640
2642 2644 2631
2642 2631 2629
2645 2644 2642
2645 2642 2643
2635 2646 2647
2635 2647 2634
2648 2647 2646
2648 2646 2649
2634 2647 2636
2634 2636 2624
2639 2636 2647
2639 2647 2648
2650 2651 2638
2650 2638 2639
2652 2651 2650
2652 2650 2653
2651 2654 2641
2651 2641 2638
2652 2655 2654
2652 2654 2651
2654 2656 2643
2654 2643 2641
2655 2657 2656
2655 2656 2654
2656 2658 2645
2656 2645 2643
2659 2658 2656
2659 2656 2657
2649 2660 2661
2649 2661 2648
2662 2661 2660
2662 2660 2663
2648 2661 2650
2648 2650 2639
2653 2650 2661
2653 2661 2662
2664 2665 2652
2664 2652 2653
2666 2665 2664
2666 2664 2667
2665 2668 2655
2665 2655 2652
2669 2668 2665
2669 2665 2666
2668 2670 2657
2668 2657 2655
2671 2670 2668
2671 2668 2669
2670 2672 2659
2670 2659 2657
2673 2672 2670
2673 2670 2671
2674 2675 2662
2674 2662 2663
2676 2675 2674
2676 2674 2677
2662 2675 2664
2662 2664 2653
2667 2664 2675
2667 2675 2676
2678 2679 2666
2678 2666 2667
2680 2679 2678
2680 2678 2681
2679 2682 2669
2679 2669 2666
2683 2682 2679
2683 2679 2680
2682 2684 2671
2682 2671 2669
2685 2684 2682
2685 2682 2683
2684 2686 2673
2684 2673 2671
2687 2686 2684
2687 2684 2685
2688 2689 2676
2688 2676 2677
2690 2689 2688
2690 2688 2691
2689 2678 2667
2689 2667 2676
2681 2678 2689
2681 2689 2690
2692 2693 2694
2692 2694 2695
2696 2697 2694
2696 2694 2693
2698 2699 2697
2698 2697 2696
2700 2701 2699
2700 2699 2698
2702 2703 2704
2702 2704 2705
2692 2695 2703
2692 2703 2702
2706 2707 2693
2706 2693 2692
2561 2707 2706
2561 2706 2562
2707 2708 2696
2707 2696 2693
2566 2708 2707
2566 2707 2561
2708 2709 2698
2708 2698 2696
2569 2709 2708
2569 2708 2566
2709 2710 2700
2709 2700 2698
2572 2710 2709
2572 2709 2569
2711 2712 2702
2711 2702 2705
2576 2712 2711
2576 2711 2577
2712 2706 2692
2712 2692 2702
2562 2706 2712
2562 2712 2576
2713 2714 2680
2713 2680 2681
2715 2683 2680
2715 2680 2714
2716 2685 2683
2716 2683 2715
2717 2687 2685
2717 2685 2716
2718 2690 2691
2718 2691 2719
2713 2681 2690
2713 2690 2718
2720 2721 2722
2720 2722 2723
2721 2724 2725
2721 2725 2722
2720 2723 2726
2720 2726 2727
2728 2729 2727
2728 2727 2726
2728 2730 2729
2731 2732 2733
2732 2731 2734
2732 2734 2735
2736 2737 2738
2736 2738 2739
2740 2731 2733
2738 2741 2742
2738 2742 2739
2741 2738 2723
2741 2723 2722
2743 2741 2722
2743 2722 2725
2742 2741 2743
2742 2743 2734
2735 2734 2743
2735 2743 2744
2739 2742 2734
2739 2734 2731
2739 2731 2745
2739 2745 2736
2745 2746 2737
2745 2737 2736
2746 2745 2747
2746 2747 2748
2745 2731 2740
2745 2740 2747
2723 2738 2737
2723 2737 2726
2726 2737 2746
2726 2746 2728
2749 2750 2751
2749 2751 2752
2753 2754 2755
2753 2755 2750
2756 2757 2751
2756 2751 2758
2757 2759 2752
2757 2752 2751
2759 2760 2761
2759 2761 2752
2760 2762 2763
2760 2763 2761
2764 2765 2766
2764 2766 2767
2768 2769 2770
2768 2770 2771
2772 2773 2774
2772 2774 2775
2776 2777 2764
2776 2764 2767
2778 2768 2771
2778 2771 2779
2779 2780 2781
2779 2781 2778
2769 2782 2783
2769 2783 2770
2784 2785 2775
2784 2775 2774
2786 2787 2777
2786 2777 2776
2787 2786 2773
2787 2773 2772
2765 2788 2789
2765 2789 2766
2790 2791 2792
2790 2792 2793
2768 2778 2794
2768 2794 2795
2796 2797 2791
2796 2791 2790
2781 2798 2799
2781 2799 2800
2800 2794 2778
2800 2778 2781
2780 2801 2798
2780 2798 2781
2797 2799 2798
2797 2798 2791
2791 2798 2801
2791 2801 2792
2782 2785 2784
2782 2784 2783
2802 2803 2793
2802 2793 2792
2766 2789 2804
2766 2804 2805
2776 2767 2806
2776 2806 2807
2776 2807 2808
2776 2808 2786
2809 2773 2786
2809 2786 2808
2773 2809 2810
2773 2810 2774
2774 2810 2811
2774 2811 2784
2770 2783 2812
2770 2812 2813
2813 2814 2771
2813 2771 2770
2814 2815 2779
2814 2779 2771
2815 2816 2780
2815 2780 2779
2816 2817 2801
2816 2801 2780
2792 2801 2817
2792 2817 2802
2783 2784 2811
2783 2811 2812
2818 2819 2820
2818 2820 2821
2822 2818 2821
2822 2821 2823
2824 2825 2826
2824 2826 2827
2828 2829 2830
2828 2830 2831
2832 2833 2834
2832 2834 2835
2836 2837 2833
2836 2833 2832
2838 2822 2823
2838 2823 2839
2840 2841 2838
2840 2838 2839
2813 2812 2840
2813 2840 2839
2814 2813 2839
2814 2839 2823
2810 2833 2837
2810 2837 2811
2815 2814 2823
2815 2823 2821
2833 2810 2809
2833 2809 2834
2816 2815 2821
2816 2821 2820
2829 2828 2807
2829 2807 2806
2806 2805 2824
2806 2824 2829
2831 2842 2843
2831 2843 2828
2807 2828 2843
2807 2843 2808
2808 2843 2834
2808 2834 2809
2835 2834 2843
2835 2843 2842
2805 2804 2825
2805 2825 2824
2829 2824 2827
2829 2827 2830
2820 2844 2817
2820 2817 2816
2844 2820 2819
2844 2819 2845
2802 2817 2844
2802 2844 2846
2845 2847 2846
2845 2846 2844
2846 2848 2803
2846 2803 2802
2847 2849 2848
2847 2848 2846
2841 2840 2837
2841 2837 2836
2812 2811 2837
2812 2837 2840
2758 2751 2750
2758 2750 2755
2795 2794 2757
2795 2757 2756
2794 2800 2759
2794 2759 2757
2800 2799 2760
2800 2760 2759
2799 2797 2762
2799 2762 2760
2850 2851 2788
2850 2788 2765
2805 2806 2767
2805 2767 2766
2852 2853 2854
2852 2854 2855
2856 2857 2852
2856 2852 2858
2857 2859 2853
2857 2853 2852
2859 2860 2861
2859 2861 2853
2862 2863 2864
2862 2864 2865
2866 2867 2868
2866 2868 2869
2870 2871 2872
2870 2872 2863
2873 2874 2871
2873 2871 2875
2875 2871 2870
2875 2870 2876
2862 2877 2870
2862 2870 2863
2754 2875 2876
2754 2876 2755
2876 2870 2877
2876 2877 2878
2878 2758 2755
2878 2755 2876
2769 2768 2795
2769 2795 2879
2782 2769 2879
2782 2879 2880
2785 2782 2880
2785 2880 2881
2882 2775 2785
2882 2785 2881
2775 2882 2883
2775 2883 2772
2772 2883 2884
2772 2884 2787
2787 2884 2885
2787 2885 2777
2886 2803 2848
2886 2848 2887
2804 2888 2889
2804 2889 2825
2851 2890 2891
2851 2891 2788
2892 2790 2793
2892 2793 2893
2893 2793 2803
2893 2803 2886
2888 2804 2789
2888 2789 2894
2788 2891 2894
2788 2894 2789
2887 2848 2849
2887 2849 2895
2825 2889 2896
2825 2896 2826
2777 2885 2897
2777 2897 2764
2897 2850 2765
2897 2765 2764
2790 2892 2898
2790 2898 2796
2796 2898 2899
2796 2899 2900
2797 2796 2900
2797 2900 2762
2883 2901 2902
2883 2902 2884
2902 2866 2869
2902 2869 2903
2884 2902 2903
2884 2903 2885
2758 2878 2904
2758 2904 2756
2878 2877 2905
2878 2905 2904
2879 2795 2756
2879 2756 2904
2880 2879 2904
2880 2904 2905
2865 2906 2907
2865 2907 2862
2906 2882 2881
2906 2881 2907
2907 2905 2877
2907 2877 2862
2881 2880 2905
2881 2905 2907
2901 2883 2882
2901 2882 2906
2819 2818 2908
2819 2908 2909
2908 2818 2822
2908 2822 2910
2910 2822 2838
2910 2838 2911
2909 2912 2845
2909 2845 2819
2841 2913 2911
2841 2911 2838
2832 2914 2915
2832 2915 2836
2835 2916 2914
2835 2914 2832
2912 2917 2847
2912 2847 2845
2849 2847 2917
2849 2917 2918
2913 2841 2836
2913 2836 2915
2895 2849 2918
2895 2918 2919
2920 2921 2922
2920 2922 2923
2924 2925 2926
2924 2926 2927
2921 2928 2929
2921 2929 2922
2930 2931 2932
2930 2932 2933
2934 2935 2936
2934 2936 2937
2927 2926 2938
2927 2938 2939
2940 2941 2942
2940 2942 2943
2944 2945 2946
2944 2946 2947
2948 2949 2950
2948 2950 2941
2951 2952 2909
2951 2909 2908
2951 2908 2910
2951 2910 2953
2954 2955 2917
2954 2917 2912
2913 2956 2957
2913 2957 2911
2958 2959 2919
2958 2919 2918
2960 2915 2914
2960 2914 2961
2962 2963 2964
2962 2964 2965
2964 2966 2827
2964 2827 2826
2967 2916 2968
2967 2968 2969
2966 2964 2963
2966 2963 2970
2971 2972 2831
2971 2831 2830
2972 2971 2973
2972 2973 2974
2941 2940 2975
2941 2975 2948
2953 2976 2950
2953 2950 2951
2977 2978 2979
2977 2979 2980
2981 2938 2926
2981 2926 2982
2983 2984 2985
2983 2985 2986
2982 2987 2988
2982 2988 2989
2987 2990 2991
2987 2991 2988
2992 2993 2994
2992 2994 2995
2996 2997 2922
2996 2922 2929
2998 2999 3000
2998 3000 3001
3002 3003 3004
3002 3004 3005
3006 3007 3008
3006 3008 3009
3010 3006 3009
3010 3009 3011
3012 3013 3014
3012 3014 3015
3016 3010 3011
3016 3011 3017
3018 3019 3020
3018 3020 3021
3022 3023 3024
3022 3024 3025
3020 3024 3023
3020 3023 3021
2986 2985 3026
2986 3026 3027
3003 3002 3015
3003 3015 3014
3028 3020 3019
3028 3019 3029
3030 3029 3019
3030 3019 3012
3024 3020 3028
3024 3028 3031
3025 3024 3031
3025 3031 3032
3005 3033 3034
3005 3034 3002
3010 3016 3035
3010 3035 3036
3001 3000 3037
3001 3037 3038
3039 3040 2992
3039 2992 3041
3007 3006 3042
3007 3042 3043
3002 3034 3044
3002 3044 3015
2959 2958 2980
2959 2980 2979
3045 2942 2976
3045 2976 3046
2970 2963 2921
2970 2921 2920
2983 3047 3048
2983 3048 3049
3050 3051 3045
3050 3045 3046
2984 3030 3044
2984 3044 2985
3052 3027 3026
3052 3026 3053
3054 3055 2978
3054 2978 2977
2933 2934 2937
2933 2937 2930
2994 3056 2930
2994 2930 2937
2972 2968 2842
2972 2842 2831
2974 2969 2968
2974 2968 2972
3016 3025 3032
3016 3032 3035
3025 3016 3017
3025 3017 3022
2916 2835 2842
2916 2842 2968
2916 2967 2961
2916 2961 2914
2967 2932 2924
2967 2924 2961
2924 2932 2931
2924 2931 2925
3019 3018 3013
3019 3013 3012
2826 2896 2965
2826 2965 2964
2950 2949 2952
2950 2952 2951
2976 2942 2941
2976 2941 2950
2947 2946 2955
2947 2955 2954
2957 3046 2976
2957 2976 2953
2961 2924 2927
2961 2927 2960
2928 2921 2963
2928 2963 2962
2967 2969 2933
2967 2933 2932
2974 2973 2935
2974 2935 2934
2956 2939 3046
2956 3046 2957
2969 2974 2934
2969 2934 2933
2943 3057 3058
2943 3058 2940
3058 3059 3060
3058 3060 3061
2830 2827 2966
2830 2966 2971
2970 2973 2971
2970 2971 2966
2920 2935 2973
2920 2973 2970
2923 2936 2935
2923 2935 2920
3056 2990 2931
3056 2931 2930
3049 3062 2984
3049 2984 2983
3052 3053 3063
3052 3063 3064
3047 2983 2986
3047 2986 3059
3027 3060 3059
3027 3059 2986
3052 3065 3060
3052 3060 3027
3066 3050 2938
3066 2938 2981
3050 3046 2939
3050 2939 2938
3065 3067 3061
3065 3061 3060
3068 3069 2944
3068 2944 2947
2949 2948 3068
2949 3068 2947
2949 2947 2954
2949 2954 2952
2952 2954 2912
2952 2912 2909
2953 2910 2911
2953 2911 2957
2980 2946 2945
2980 2945 2977
2955 2958 2918
2955 2918 2917
2998 3001 3005
2998 3005 3004
3038 3070 3053
3038 3053 3033
2946 2980 2958
2946 2958 2955
3070 3054 3063
3070 3063 3053
2960 2927 2939
2960 2939 2956
2956 2913 2915
2956 2915 2960
3068 2948 2975
3068 2975 3069
3045 3051 2943
3045 2943 2942
3057 2943 3051
3057 3051 3071
3064 3067 3065
3064 3065 3052
3050 3066 3071
3050 3071 3051
3029 3062 2989
3029 2989 3028
2984 3062 3029
2984 3029 3030
3028 2989 2988
3028 2988 3031
3072 3073 2991
3072 2991 3074
3033 3053 3026
3033 3026 3034
2993 2992 3040
2993 3040 3075
3038 3037 3076
3038 3076 3070
3006 3010 3036
3006 3036 3042
3077 3078 3043
3077 3043 3042
2985 3044 3034
2985 3034 3026
3030 3012 3015
3030 3015 3044
3074 2993 3075
3074 3075 3072
3001 3038 3033
3001 3033 3005
3079 2995 2936
3079 2936 2923
2937 2936 2995
2937 2995 2994
2993 3074 3056
2993 3056 2994
3074 2991 2990
3074 2990 3056
2922 2997 3079
2922 3079 2923
3079 3041 2992
3079 2992 2995
2989 3062 2981
2989 2981 2982
2982 2926 2925
2982 2925 2987
3078 3077 2997
3078 2997 2996
3070 3076 3055
3070 3055 3054
3059 3058 3057
3059 3057 3047
2940 3058 3061
2940 3061 2975
2945 2944 3064
2945 3064 3063
3049 3066 2981
3049 2981 3062
2975 3061 3067
2975 3067 3069
2977 2945 3063
2977 3063 3054
3048 3047 3057
3048 3057 3071
3069 3067 3064
3069 3064 2944
3048 3071 3066
3048 3066 3049
2925 2931 2990
2925 2990 2987
3041 3079 2997
3041 2997 3077
3036 3040 3039
3036 3039 3042
3036 3035 3075
3036 3075 3040
3077 3042 3039
3077 3039 3041
3035 3032 3072
3035 3072 3075
3032 3031 3073
3032 3073 3072
2988 2991 3073
2988 3073 3031
1509 1507 3017
1509 3017 3011
1505 1502 3023
1505 3023 3022
1516 1509 3011
1516 3011 3009
1500 3021 3023
1500 3023 1502
3021 1500 1498
3021 1498 3018
1497 3014 3013
1497 3013 1494
1513 3004 3003
1513 3003 1511
1511 3003 3014
1511 3014 1497
3022 3017 1507
3022 1507 1505
3018 1498 1494
3018 1494 3013
2998 3004 1513
2998 1513 1521
2999 2998 1521
2999 1521 1520
3009 3008 1518
3009 1518 1516
3080 2868 2867
3080 2867 3081
3080 3082 2868
3082 3083 2869
3082 2869 2868
3083 3084 2903
3083 2903 2869
3084 3085 2850
3084 2850 2897
2885 2903 3084
2885 3084 2897
3083 3086 3085
3083 3085 3084
3085 3087 2851
3085 2851 2850
3087 3088 2890
3087 2890 2851
3089 3090 3087
3089 3087 3085
3090 3091 3088
3090 3088 3087
2761 2763 3092
2761 3092 3093
3094 3092 2763
2762 2900 3094
2762 3094 2763
3095 3094 2900
3095 2900 2899
3093 3096 2749
2752 2761 3093
2752 3093 2749
3097 3098 3093
3097 3093 3092
3099 3100 3101
3099 3101 3102
3103 3097 3092
3094 3103 3092
3094 3095 3104
3094 3104 3103
3105 3106 3107
3105 3107 3108
3109 3110 3090
3109 3090 3089
3110 3111 3091
3110 3091 3090
3112 3113 3114
3112 3114 3115
3086 3109 3089
3112 3115 3116
3112 3116 3117
3118 3119 3114
3118 3114 3120
3082 3121 3083
3121 3086 3083
3121 3109 3086
3115 3122 3123
3115 3123 3116
3081 3124 3125
3080 3081 3125
3124 3126 3127
3125 3124 3127
3126 3128 3127
3126 3124 2864
2863 2872 3126
2863 3126 2864
3129 3126 2872
2874 3129 2872
2874 2872 2871
3126 3129 3128
3129 3130 3128
3129 3131 3130
3131 3129 2874
3131 3132 3130
3133 3131 2874
3133 2874 2873
3124 3134 2865
3124 2865 2864
3081 3134 3124
3135 3134 3081
3134 2901 2906
3134 2906 2865
3134 3135 2901
2867 2866 3135
2867 3135 3081
2902 2901 3135
2902 3135 2866
3136 3133 2873
3137 3133 3138
3131 3133 3137
3131 3137 3132
3096 2753 2750
3096 2750 2749
3096 3139 2753
3096 3093 3098
3140 3096 3098
3139 3096 3140
3105 3099 3102
3105 3102 3106
3141 3142 3143
3141 3143 3144
3105 3145 3142
3105 3142 3141
3146 3141 3144
3147 3148 3149
3147 3149 3150
3146 3147 3100
3147 3151 3100
3147 3146 3148
3141 3146 3099
3139 3136 2754
3139 2754 2753
3136 2873 2875
3136 2875 2754
3133 3136 3138
3136 3152 3138
3152 3136 3139
3140 3152 3139
3153 3154 2857
3153 2857 2856
3155 3154 3156
3155 3156 3157
3154 3153 3158
3154 3158 3156
3154 3155 2859
3154 2859 2857
3159 3160 3161
3159 3161 2860
3155 3159 2860
3155 2860 2859
3157 3162 3163
3160 3159 3163
3160 3163 3164
3165 3160 3164
3165 3164 3166
3167 3168 3169
3167 3169 3170
3171 3172 2855
3171 2855 2854
3171 3173 3172
3169 3174 3170
3170 3174 3175
3170 3175 3176
3175 3177 3176
3176 3177 3178
3176 3178 3179
2853 2861 3180
2853 3180 2854
3180 3171 2854
3181 3180 2861
3178 3182 3179
3179 3182 3183
2860 3161 3181
2860 3181 2861
3183 3184 3185
3182 3184 3183
3186 3181 3161
3160 3165 3186
3160 3186 3161
3184 3187 3185
3188 3186 3165
3188 3165 3166
3188 3166 3189
3122 3188 3189
3122 3189 3123
3118 3185 3187
3118 3187 3119
3108 3190 3145
3108 3145 3105
3191 3148 3146
3191 3146 3144
3191 3192 3193
3144 3143 3192
3144 3192 3191
3194 3148 3191
3193 3195 3196
3193 3196 3197
3148 3194 3149
3194 3191 3193
3198 3199 3167
3199 3168 3167
3200 3173 3199
2855 3201 2858
2855 2858 2852
3197 3202 3194
3197 3194 3193
3202 3203 3149
3202 3149 3194
3203 3204 3150
3203 3150 3149
3205 3206 3203
3205 3203 3202
3206 3207 3204
3206 3204 3203
3207 3208 3209
3207 3209 3204
3210 2725 2724
3210 2724 3211
3212 3210 3211
3212 3211 3208
2725 3210 2744
2725 2744 2743
3208 3207 3213
3208 3213 3212
3172 3214 3201
3172 3201 2855
3173 3200 3214
3173 3214 3172
3200 3215 3216
3200 3216 3214
2856 3217 3218
2856 3218 3153
3219 3220 3221
3219 3221 3222
3223 3224 3220
3223 3220 3219
2858 3225 3217
2858 3217 2856
3217 3226 3222
3217 3222 3218
3226 3227 3219
3226 3219 3222
3227 3228 3223
3227 3223 3219
3201 3229 3225
3201 3225 2858
3214 3216 3229
3214 3229 3201
3230 3216 3215
3230 3215 3231
3225 3232 3226
3225 3226 3217
3233 3229 3216
3233 3216 3230
3229 3233 3232
3229 3232 3225
2730 2728 3234
2730 3234 3235
3235 3230 3231
3235 3231 2730
3232 3236 3227
3232 3227 3226
3237 3233 3230
3237 3230 3235
3233 3237 3236
3233 3236 3232
2748 3234 2728
2748 2728 2746
3235 3234 3238
3235 3238 3237
3236 3239 3228
3236 3228 3227
3237 3238 3239
3237 3239 3236
3222 3221 3240
3222 3240 3218
3218 3240 3158
3218 3158 3153
3241 3242 3243
3241 3243 3244
3245 3246 3242
3245 3242 3241
3150 3247 3147
3248 3249 3250
3248 3250 3151
3244 3243 2724
3244 2724 2721
3251 3243 3242
3251 3242 3248
3248 3242 3249
3151 3247 3248
3248 3247 3209
3248 3209 3251
3247 3151 3147
3204 3209 3247
3204 3247 3150
3243 3251 3211
3243 3211 2724
3208 3211 3251
3208 3251 3209
3252 3244 2721
3252 2721 2720
2729 3253 3254
2729 3254 2727
3255 3199 3198
2730 3231 3253
2730 3253 2729
3199 3256 3215
3199 3215 3200
3252 2720 2727
3252 2727 3254
3256 3199 3255
3256 3255 3257
3255 3198 3258
3255 3258 3259
3231 3215 3256
3231 3256 3253
3259 3241 3244
3259 3244 3252
3257 3259 3252
3241 3259 3258
3241 3258 3245
3259 3257 3255
3257 3254 3253
3257 3253 3256
3257 3252 3254
3086 3089 3085
3260 3261 3262
3260 3262 3263
3263 3262 3264
3263 3264 3265
3260 3266 3267
3260 3267 3261
3268 3267 3266
3268 3266 3269
3268 3269 3270
3271 3272 3273
3273 3274 3275
3273 3275 3271
3276 3277 3278
3276 3278 3279
3280 3272 3271
3278 3277 3281
3278 3281 3282
3282 3262 3261
3282 3261 3278
3283 3264 3262
3283 3262 3282
3281 3275 3283
3281 3283 3282
3274 3284 3283
3274 3283 3275
3277 3271 3275
3277 3275 3281
3277 3276 3285
3277 3285 3271
3285 3276 3279
3285 3279 3286
3286 3287 3288
3286 3288 3285
3285 3288 3280
3285 3280 3271
3261 3267 3279
3261 3279 3278
3267 3268 3286
3267 3286 3279
3289 3290 3291
3289 3291 3292
3293 3294 3295
3293 3295 3296
3297 3296 3298
3297 3298 3299
3300 3301 3295
3300 3295 3302
3302 3295 3294
3302 3294 3303
3303 3294 3304
3303 3304 3305
3305 3304 3306
3305 3306 3307
3308 3309 3310
3308 3310 3311
3312 3313 3314
3312 3314 3315
3316 3317 3318
3316 3318 3319
3320 3309 3308
3320 3308 3321
3322 3323 3313
3322 3313 3312
3323 3322 3324
3323 3324 3325
3315 3314 3326
3315 3326 3327
3328 3318 3317
3328 3317 3329
3330 3320 3321
3330 3321 3331
3331 3316 3319
3331 3319 3330
3311 3310 3332
3311 3332 3333
3334 3335 3336
3334 3336 3337
3312 3338 3339
3312 3339 3322
3340 3334 3337
3340 3337 3341
3324 3342 3343
3324 3343 3344
3342 3324 3322
3342 3322 3339
3325 3324 3344
3325 3344 3345
3341 3337 3344
3341 3344 3343
3337 3336 3345
3337 3345 3344
3327 3326 3328
3327 3328 3329
3346 3336 3335
3346 3335 3347
3310 3348 3349
3310 3349 3332
3320 3350 3351
3320 3351 3309
3320 3330 3352
3320 3352 3350
3353 3352 3330
3353 3330 3319
3319 3318 3354
3319 3354 3353
3318 3328 3355
3318 3355 3354
3314 3356 3357
3314 3357 3326
3356 3314 3313
3356 3313 3358
3358 3313 3323
3358 3323 3359
3359 3323 3325
3359 3325 3360
3360 3325 3345
3360 3345 3361
3336 3346 3361
3336 3361 3345
3326 3357 3355
3326 3355 3328
3362 3363 3364
3362 3364 3365
3366 3367 3363
3366 3363 3362
3368 3369 3370
3368 3370 3371
3372 3373 3374
3372 3374 3375
3376 3377 3378
3376 3378 3379
3380 3376 3379
3380 3379 3381
3382 3383 3367
3382 3367 3366
3384 3383 3382
3384 3382 3385
3356 3383 3384
3356 3384 3357
3358 3367 3383
3358 3383 3356
3354 3355 3381
3354 3381 3379
3359 3363 3367
3359 3367 3358
3379 3378 3353
3379 3353 3354
3360 3364 3363
3360 3363 3359
3375 3351 3350
3375 3350 3372
3351 3375 3368
3351 3368 3348
3373 3372 3386
3373 3386 3387
3350 3352 3386
3350 3386 3372
3352 3353 3378
3352 3378 3386
3377 3387 3386
3377 3386 3378
3348 3368 3371
3348 3371 3349
3375 3374 3369
3375 3369 3368
3364 3360 3361
3364 3361 3388
3388 3389 3365
3388 3365 3364
3346 3390 3388
3346 3388 3361
3389 3388 3390
3389 3390 3391
3390 3346 3347
3390 3347 3392
3391 3390 3392
3391 3392 3393
3385 3380 3381
3385 3381 3384
3357 3384 3381
3357 3381 3355
3301 3298 3296
3301 3296 3295
3338 3300 3302
3338 3302 3339
3339 3302 3303
3339 3303 3342
3342 3303 3305
3342 3305 3343
3343 3305 3307
3343 3307 3341
3394 3311 3333
3394 3333 3395
3348 3310 3309
3348 3309 3351
3396 3397 3398
3396 3398 3399
3400 3401 3396
3400 3396 3402
3402 3396 3399
3402 3399 3403
3403 3399 3404
3403 3404 3405
3406 3407 3408
3406 3408 3409
3410 3411 3412
3410 3412 3413
3414 3409 3415
3414 3415 3416
3417 3418 3416
3417 3416 3419
3418 3420 3414
3418 3414 3416
3406 3409 3414
3406 3414 3421
3299 3298 3420
3299 3420 3418
3420 3422 3421
3420 3421 3414
3422 3420 3298
3422 3298 3301
3315 3423 3338
3315 3338 3312
3327 3424 3423
3327 3423 3315
3329 3425 3424
3329 3424 3327
3426 3425 3329
3426 3329 3317
3317 3316 3427
3317 3427 3426
3316 3331 3428
3316 3428 3427
3331 3321 3429
3331 3429 3428
3430 3431 3392
3430 3392 3347
3349 3371 3432
3349 3432 3433
3395 3333 3434
3395 3434 3435
3436 3437 3335
3436 3335 3334
3437 3430 3347
3437 3347 3335
3433 3438 3332
3433 3332 3349
3333 3332 3438
3333 3438 3434
3431 3439 3393
3431 3393 3392
3371 3370 3440
3371 3440 3432
3321 3308 3441
3321 3441 3429
3441 3308 3311
3441 3311 3394
3334 3340 3442
3334 3442 3436
3340 3443 3444
3340 3444 3442
3341 3307 3443
3341 3443 3340
3427 3428 3445
3427 3445 3446
3445 3447 3411
3445 3411 3410
3428 3429 3447
3428 3447 3445
3301 3300 3448
3301 3448 3422
3422 3448 3449
3422 3449 3421
3423 3448 3300
3423 3300 3338
3424 3449 3448
3424 3448 3423
3407 3406 3450
3407 3450 3451
3451 3450 3425
3451 3425 3426
3450 3406 3421
3450 3421 3449
3425 3450 3449
3425 3449 3424
3446 3451 3426
3446 3426 3427
3365 3452 3453
3365 3453 3362
3453 3454 3366
3453 3366 3362
3454 3455 3382
3454 3382 3366
3452 3365 3389
3452 3389 3456
3385 3382 3455
3385 3455 3457
3376 3380 3458
3376 3458 3459
3377 3376 3459
3377 3459 3460
3456 3389 3391
3456 3391 3461
3393 3462 3461
3393 3461 3391
3457 3458 3380
3457 3380 3385
3439 3463 3462
3439 3462 3393
3464 3465 3466
3464 3466 3467
3468 3469 3470
3468 3470 3471
3467 3466 3472
3467 3472 3473
3474 3475 3476
3474 3476 3477
3478 3479 3480
3478 3480 3481
3469 3482 3483
3469 3483 3470
3484 3485 3486
3484 3486 3487
3488 3489 3490
3488 3490 3491
3492 3487 3493
3492 3493 3494
3495 3453 3452
3495 3452 3496
3495 3497 3454
3495 3454 3453
3498 3456 3461
3498 3461 3499
3457 3455 3500
3457 3500 3501
3502 3462 3463
3502 3463 3503
3504 3505 3459
3504 3459 3458
3506 3507 3508
3506 3508 3509
3508 3370 3369
3508 3369 3510
3511 3512 3513
3511 3513 3460
3510 3514 3509
3510 3509 3508
3515 3374 3373
3515 3373 3516
3516 3517 3518
3516 3518 3515
3487 3492 3519
3487 3519 3484
3497 3495 3493
3497 3493 3520
3521 3522 3523
3521 3523 3524
3525 3526 3470
3525 3470 3483
3527 3528 3529
3527 3529 3530
3526 3531 3532
3526 3532 3533
3533 3532 3534
3533 3534 3535
3536 3537 3538
3536 3538 3539
3540 3472 3466
3540 3466 3541
3542 3543 3544
3542 3544 3545
3546 3547 3548
3546 3548 3549
3550 3551 3552
3550 3552 3553
3554 3555 3551
3554 3551 3550
3556 3557 3558
3556 3558 3559
3560 3561 3555
3560 3555 3554
3562 3563 3564
3562 3564 3565
3566 3567 3568
3566 3568 3569
3564 3563 3569
3564 3569 3568
3528 3570 3571
3528 3571 3529
3549 3558 3557
3549 3557 3546
3572 3573 3565
3572 3565 3564
3574 3556 3565
3574 3565 3573
3568 3575 3572
3568 3572 3564
3567 3576 3575
3567 3575 3568
3547 3546 3577
3547 3577 3578
3554 3579 3580
3554 3580 3560
3543 3581 3582
3543 3582 3544
3583 3584 3536
3583 3536 3585
3553 3586 3587
3553 3587 3550
3546 3557 3588
3546 3588 3577
3503 3523 3522
3503 3522 3502
3589 3590 3520
3589 3520 3486
3514 3464 3467
3514 3467 3509
3527 3591 3592
3527 3592 3593
3594 3590 3589
3594 3589 3595
3530 3529 3588
3530 3588 3574
3596 3597 3571
3596 3571 3570
3598 3521 3524
3598 3524 3599
3475 3474 3479
3475 3479 3478
3538 3479 3474
3538 3474 3600
3516 3373 3387
3516 3387 3513
3517 3516 3513
3517 3513 3512
3560 3580 3576
3560 3576 3567
3567 3566 3561
3567 3561 3560
3460 3513 3387
3460 3387 3377
3460 3459 3505
3460 3505 3511
3511 3505 3468
3511 3468 3476
3468 3471 3477
3468 3477 3476
3565 3556 3559
3565 3559 3562
3370 3508 3507
3370 3507 3440
3493 3495 3496
3493 3496 3494
3520 3493 3487
3520 3487 3486
3489 3498 3499
3489 3499 3490
3500 3497 3520
3500 3520 3590
3505 3504 3469
3505 3469 3468
3473 3506 3509
3473 3509 3467
3511 3476 3475
3511 3475 3512
3517 3478 3481
3517 3481 3518
3501 3500 3590
3501 3590 3482
3512 3475 3478
3512 3478 3517
3485 3484 3601
3485 3601 3602
3601 3603 3604
3601 3604 3605
3374 3515 3510
3374 3510 3369
3514 3510 3515
3514 3515 3518
3464 3514 3518
3464 3518 3481
3465 3464 3481
3465 3481 3480
3600 3474 3477
3600 3477 3535
3591 3527 3530
3591 3530 3606
3596 3607 3608
3596 3608 3597
3593 3605 3528
3593 3528 3527
3570 3528 3605
3570 3605 3604
3596 3570 3604
3596 3604 3609
3610 3525 3483
3610 3483 3594
3594 3483 3482
3594 3482 3590
3609 3604 3603
3609 3603 3611
3612 3489 3488
3612 3488 3613
3494 3489 3612
3494 3612 3492
3494 3496 3498
3494 3498 3489
3496 3452 3456
3496 3456 3498
3497 3500 3455
3497 3455 3454
3522 3521 3491
3522 3491 3490
3499 3461 3462
3499 3462 3502
3542 3548 3547
3542 3547 3543
3581 3578 3597
3581 3597 3614
3490 3499 3502
3490 3502 3522
3614 3597 3608
3614 3608 3598
3504 3501 3482
3504 3482 3469
3501 3504 3458
3501 3458 3457
3612 3613 3519
3612 3519 3492
3589 3486 3485
3589 3485 3595
3602 3615 3595
3602 3595 3485
3607 3596 3609
3607 3609 3611
3594 3595 3615
3594 3615 3610
3573 3572 3531
3573 3531 3606
3530 3574 3573
3530 3573 3606
3572 3575 3532
3572 3532 3531
3616 3617 3534
3616 3534 3618
3578 3577 3571
3578 3571 3597
3539 3619 3585
3539 3585 3536
3581 3614 3620
3581 3620 3582
3550 3587 3579
3550 3579 3554
3621 3587 3586
3621 3586 3622
3529 3571 3577
3529 3577 3588
3574 3588 3557
3574 3557 3556
3617 3616 3619
3617 3619 3539
3543 3547 3578
3543 3578 3581
3623 3465 3480
3623 3480 3537
3479 3538 3537
3479 3537 3480
3539 3538 3600
3539 3600 3617
3617 3600 3535
3617 3535 3534
3466 3465 3623
3466 3623 3541
3623 3537 3536
3623 3536 3584
3531 3526 3525
3531 3525 3606
3526 3533 3471
3526 3471 3470
3622 3540 3541
3622 3541 3621
3614 3598 3599
3614 3599 3620
3605 3593 3602
3605 3602 3601
3484 3519 3603
3484 3603 3601
3491 3608 3607
3491 3607 3488
3591 3606 3525
3591 3525 3610
3519 3613 3611
3519 3611 3603
3521 3598 3608
3521 3608 3491
3592 3615 3602
3592 3602 3593
3613 3488 3607
3613 3607 3611
3592 3591 3610
3592 3610 3615
3471 3533 3535
3471 3535 3477
3584 3621 3541
3584 3541 3623
3579 3587 3583
3579 3583 3585
3579 3585 3619
3579 3619 3580
3621 3584 3583
3621 3583 3587
3580 3619 3616
3580 3616 3576
3576 3616 3618
3576 3618 3575
3532 3575 3618
3532 3618 3534
1608 3555 3561
1608 3561 1606
1604 3566 3569
1604 3569 1601
1615 3551 3555
1615 3555 1608
1599 1601 3569
1599 3569 3563
3563 3562 1597
3563 1597 1599
1594 1593 3559
1594 3559 3558
1611 1609 3549
1611 3549 3548
1609 1594 3558
1609 3558 3549
3566 1604 1606
3566 1606 3561
3562 3559 1593
3562 1593 1597
3542 1618 1611
3542 1611 3548
3545 1619 1618
3545 1618 3542
3551 1615 1617
3551 1617 3552
3624 3625 3413
3624 3413 3412
3624 3412 3626
3626 3412 3411
3626 3411 3627
3627 3411 3447
3627 3447 3628
3628 3441 3394
3628 3394 3629
3429 3441 3628
3429 3628 3447
3627 3628 3629
3627 3629 3630
3629 3394 3395
3629 3395 3631
3631 3395 3435
3631 3435 3632
3633 3629 3631
3633 3631 3634
3634 3631 3632
3634 3632 3635
3304 3636 3637
3304 3637 3306
3638 3306 3637
3307 3306 3638
3307 3638 3443
3639 3444 3443
3639 3443 3638
3636 3293 3640
3294 3293 3636
3294 3636 3304
3641 3637 3636
3641 3636 3642
3643 3644 3645
3643 3645 3646
3647 3637 3641
3638 3637 3647
3638 3647 3648
3638 3648 3639
3649 3650 3651
3649 3651 3652
3653 3633 3634
3653 3634 3654
3654 3634 3635
3654 3635 3655
3656 3657 3658
3656 3658 3659
3660 3646 3645
3630 3633 3653
3661 3662 3663
3661 3663 3664
3659 3658 3665
3659 3665 3666
3666 3665 3667
3626 3627 3668
3668 3627 3630
3668 3630 3653
3664 3663 3669
3664 3669 3670
3625 3671 3672
3624 3671 3625
3672 3673 3674
3671 3673 3672
3674 3673 3675
3674 3408 3672
3409 3408 3674
3409 3674 3415
3676 3415 3674
3419 3416 3415
3419 3415 3676
3674 3675 3676
3676 3675 3677
3676 3677 3678
3678 3419 3676
3678 3677 3679
3680 3417 3419
3680 3419 3678
3672 3408 3407
3672 3407 3681
3625 3672 3681
3682 3625 3681
3681 3407 3451
3681 3451 3446
3681 3446 3682
3413 3625 3682
3413 3682 3410
3445 3410 3682
3445 3682 3446
3683 3417 3680
3684 3685 3680
3678 3679 3684
3678 3684 3680
3640 3293 3296
3640 3296 3297
3640 3297 3686
3640 3642 3636
3687 3642 3640
3686 3687 3640
3650 3644 3643
3650 3643 3651
3688 3689 3690
3688 3690 3691
3689 3692 3693
3689 3693 3690
3694 3691 3690
3695 3696 3697
3695 3697 3698
3694 3699 3695
3700 3646 3660
3695 3698 3694
3690 3701 3694
3686 3297 3299
3686 3299 3683
3683 3299 3418
3683 3418 3417
3680 3685 3683
3683 3685 3702
3702 3686 3683
3687 3686 3702
3703 3700 3660
3704 3400 3402
3704 3402 3705
3706 3707 3708
3706 3708 3705
3705 3708 3709
3705 3709 3704
3705 3402 3403
3705 3403 3706
3710 3405 3711
3710 3711 3712
3706 3403 3405
3706 3405 3710
3707 3706 3713
3712 3714 3713
3712 3713 3710
3715 3716 3714
3715 3714 3712
3717 3718 3719
3720 3398 3397
3720 3397 3721
3720 3721 3719
3719 3718 3722
3719 3722 3720
3720 3722 3723
3720 3723 3724
3720 3724 3725
3725 3724 3726
3399 3398 3725
3399 3725 3404
3725 3398 3720
3727 3404 3725
3725 3726 3728
3725 3728 3727
3727 3728 3729
3405 3404 3727
3405 3727 3711
3730 3731 3732
3727 3729 3731
3727 3731 3730
3730 3711 3727
3712 3711 3730
3712 3730 3715
3730 3732 3733
3730 3733 3734
3734 3715 3730
3734 3735 3716
3734 3716 3715
3670 3669 3735
3670 3735 3734
3666 3667 3733
3666 3733 3736
3737 3693 3692
3737 3692 3738
3739 3691 3694
3739 3694 3698
3739 3740 3741
3741 3688 3691
3741 3691 3739
3742 3739 3698
3740 3289 3292
3740 3292 3743
3698 3697 3742
3742 3740 3739
3744 3745 3746
3746 3745 3717
3747 3746 3719
3397 3396 3401
3397 3401 3748
3289 3740 3742
3289 3742 3749
3749 3742 3697
3749 3697 3750
3290 3289 3749
3749 3751 3290
3751 3752 3290
3750 3697 3696
3750 3696 3753
3751 3749 3750
3751 3750 3754
3755 3752 3751
3755 3751 3754
3755 3754 3756
3754 3750 3753
3754 3753 3757
3757 3753 3758
3757 3758 3759
3760 3761 3265
3760 3265 3264
3762 3759 3761
3762 3761 3760
3264 3283 3284
3264 3284 3760
3763 3764 3757
3759 3762 3763
3759 3763 3757
3721 3397 3748
3721 3748 3765
3719 3721 3765
3719 3765 3747
3747 3765 3766
3747 3766 3767
3400 3704 3768
3400 3768 3769
3770 3771 3772
3770 3772 3773
3774 3770 3773
3774 3773 3775
3401 3400 3769
3401 3769 3776
3769 3768 3771
3769 3771 3777
3777 3771 3770
3777 3770 3778
3778 3770 3774
3778 3774 3779
3748 3401 3776
3748 3776 3780
3765 3748 3780
3765 3780 3766
3781 3782 3767
3781 3767 3766
3776 3769 3777
3776 3777 3783
3784 3781 3766
3784 3766 3780
3780 3776 3783
3780 3783 3784
3270 3785 3786
3270 3786 3268
3785 3270 3782
3785 3782 3781
3783 3777 3778
3783 3778 3787
3788 3785 3781
3788 3781 3784
3784 3783 3787
3784 3787 3788
3287 3286 3268
3287 3268 3786
3785 3788 3789
3785 3789 3786
3787 3778 3779
3787 3779 3790
3788 3787 3790
3788 3790 3789
3771 3768 3791
3771 3791 3772
3768 3704 3709
3768 3709 3791
3792 3793 3794
3792 3794 3795
3796 3792 3795
3796 3795 3797
3696 3695 3798
3703 3797 3799
3799 3700 3703
3793 3263 3265
3793 3265 3794
3800 3801 3795
3800 3795 3794
3801 3799 3795
3802 3801 3798
3801 3800 3758
3801 3758 3798
3798 3695 3802
3753 3696 3798
3753 3798 3758
3794 3265 3761
3794 3761 3800
3759 3758 3800
3759 3800 3761
3803 3260 3263
3803 3263 3793
3269 3266 3804
3269 3804 3805
3806 3744 3746
3270 3269 3805
3270 3805 3782
3746 3747 3767
3746 3767 3807
3803 3804 3266
3803 3266 3260
3807 3808 3806
3807 3806 3746
3806 3809 3810
3806 3810 3744
3782 3805 3807
3782 3807 3767
3809 3803 3793
3809 3793 3792
3808 3803 3809
3792 3796 3810
3792 3810 3809
3809 3806 3808
3808 3807 3805
3808 3805 3804
3808 3804 3803
3630 3629 3633
3811 3812 3197
3811 3197 3196
3202 3197 3812
3812 3205 3202
3812 3813 3205
3813 3814 3205
3814 3815 3206
3814 3206 3205
3815 3816 3207
3815 3207 3206
3757 3764 3756
3757 3756 3754
3207 3816 3213
3212 3817 3818
3212 3818 3210
3213 3819 3817
3213 3817 3212
3760 3820 3821
3760 3821 3762
3763 3822 3823
3763 3823 3764
3762 3821 3822
3762 3822 3763
3816 3824 3819
3816 3819 3213
3115 3114 3119
3115 3119 3122
3119 3187 3188
3119 3188 3122
3187 3184 3186
3187 3186 3188
3184 3182 3181
3184 3181 3186
3182 3178 3180
3182 3180 3181
3178 3177 3180
3177 3175 3171
3177 3171 3180
3175 3174 3171
3174 3169 3173
3174 3173 3171
3169 3168 3173
3168 3199 3173
3114 3113 3825
3114 3825 3120
3826 3107 3106
3826 3106 3827
3827 3106 3102
3827 3102 3828
3828 3102 3101
3828 3101 3829
3101 3830 3829
3101 3250 3830
3250 3831 3830
3250 3249 3831
3249 3246 3831
3249 3242 3246
3101 3100 3151
3101 3151 3250
3100 3099 3146
3099 3105 3141
3733 3732 3736
3732 3731 3832
3732 3832 3736
3731 3729 3832
3729 3728 3833
3729 3833 3832
3728 3726 3833
3726 3724 3834
3726 3834 3833
3724 3723 3834
3723 3722 3835
3723 3835 3834
3722 3718 3835
3718 3717 3745
3718 3745 3835
3746 3717 3719
3734 3733 3667
3734 3667 3670
3667 3665 3664
3667 3664 3670
3665 3658 3664
3664 3658 3657
3664 3657 3661
3652 3651 3693
3652 3693 3737
3693 3651 3643
3693 3643 3701
3643 3646 3699
3643 3699 3701
3699 3646 3700
3699 3700 3802
3700 3799 3801
3700 3801 3802
3795 3799 3797
3701 3699 3694
3699 3802 3695
3693 3701 3690
3195 3193 3192
3195 3192 3836
3836 3192 3143
3836 3143 3837
3837 3143 3142
3837 3142 3838
3838 3142 3145
3838 3145 3839
3145 3190 3840
3145 3840 3839
3117 3116 3841
3117 3841 3842
3116 3123 3843
3116 3843 3841
3123 3189 3844
3123 3844 3843
3189 3166 3845
3189 3845 3844
3166 3164 3846
3166 3846 3845
3164 3163 3162
3164 3162 3846
3157 3163 3155
3155 3163 3159
3847 3713 3714
3847 3714 3848
3848 3714 3716
3848 3716 3849
3849 3716 3735
3849 3735 3850
3850 3735 3669
3850 3669 3851
3851 3669 3663
3851 3663 3852
3852 3663 3662
3852 3662 3853
3854 3738 3692
3854 3692 3855
3692 3689 3856
3692 3856 3855
3689 3688 3857
3689 3857 3856
3688 3741 3858
3688 3858 3857
3741 3740 3743
3741 3743 3858
3707 3713 3847
3713 3706 3710
