byte offset: 0
first index: 0
index count: 5850
topology: trianglelist
format: DXGI_FORMAT_R16_UINT

0 1 2
3 4 5
6 7 8
9 10 11
12 13 14
12 14 15
16 17 18
16 18 19
20 21 22
20 22 23
24 25 26
24 26 27
28 29 30
28 30 31
32 33 34
32 34 35
36 37 38
36 39 37
40 39 36
37 39 41
40 42 39
43 42 40
39 44 41
39 42 44
43 45 42
42 45 44
45 46 44
47 45 43
41 44 48
48 44 46
41 48 49
48 46 50
46 51 50
47 52 45
45 52 46
53 52 47
53 54 52
52 54 46
55 54 53
46 56 51
54 56 46
55 57 54
54 57 56
58 57 55
58 59 57
57 59 56
60 59 58
60 61 59
59 61 62
59 62 56
51 56 62
51 62 63
64 65 66
64 67 65
68 67 64
67 69 65
68 70 67
71 70 68
67 72 69
70 72 67
70 71 73
73 71 74
75 69 72
76 69 75
70 77 72
77 70 73
77 78 72
75 72 78
75 79 76
79 80 76
74 81 73
74 82 81
83 81 82
77 73 84
77 84 78
75 78 85
85 79 75
83 86 81
83 87 86
87 88 86
87 89 88
86 88 90
81 86 90
73 81 91
81 90 91
73 91 84
84 91 92
91 90 93
91 93 92
92 93 94
84 92 95
95 78 84
85 78 95
95 96 85
95 92 96
92 94 97
97 94 98
96 99 85
85 99 79
92 100 96
92 97 100
96 100 99
99 101 79
79 101 80
99 100 102
100 97 102
99 102 101
97 98 103
98 104 103
97 105 102
97 103 105
102 105 101
103 106 105
101 105 106
101 106 80
80 106 107
108 109 110
111 108 110
112 113 114
112 114 115
116 112 115
116 117 112
118 117 116
118 119 117
120 119 118
120 121 119
122 123 124
124 123 125
125 123 126
124 125 127
124 127 128
128 127 129
125 130 127
128 129 131
128 131 132
130 125 133
132 131 134
132 134 135
131 136 134
132 135 137
134 136 138
137 135 139
125 126 140
125 141 133
125 140 141
142 140 126
142 141 140
142 126 143
144 141 142
133 141 145
144 145 141
133 145 146
146 145 138
144 147 145
138 145 147
148 147 144
138 147 134
149 147 148
134 147 149
150 149 148
134 149 135
151 149 150
135 149 151
152 151 150
135 151 152
152 150 153
135 152 154
139 135 154
155 152 153
154 152 155
156 155 153
139 154 157
139 157 158
154 159 157
158 157 160
159 154 161
154 155 161
158 160 162
158 162 163
161 155 164
156 164 155
161 164 165
165 164 166
156 167 164
166 164 167
168 167 156
168 169 167
169 166 167
170 169 168
170 171 169
172 169 171
163 172 173
163 162 174
163 174 172
172 174 169
174 166 169
162 175 174
174 175 166
176 177 178
176 178 179
180 176 179
178 181 179
178 182 181
180 179 183
184 180 183
182 185 181
182 186 185
179 181 187
179 187 183
184 183 188
189 184 188
186 190 185
186 191 190
181 185 192
181 192 187
183 187 193
183 193 188
189 188 194
195 189 194
191 196 190
191 197 196
185 190 198
185 198 192
197 199 196
197 200 199
196 199 201
190 196 202
196 201 202
190 202 198
202 201 203
192 198 204
204 198 202
202 203 205
204 202 205
205 203 206
205 206 207
204 205 207
207 206 208
192 204 209
187 192 209
204 207 210
209 204 210
207 208 211
210 207 211
211 208 212
187 209 213
209 210 213
187 213 193
213 210 214
210 211 214
211 212 215
215 212 216
193 213 217
213 214 217
218 214 211
218 211 215
217 214 218
215 216 219
218 215 219
219 216 220
193 217 221
188 193 221
188 221 194
217 218 222
221 217 222
218 219 223
222 218 223
219 220 224
223 219 224
224 220 225
221 222 226
222 223 226
194 221 227
221 226 227
226 223 228
223 224 228
224 225 229
229 225 230
226 228 231
227 226 231
232 228 224
232 224 229
231 228 232
229 230 233
232 229 233
233 230 234
194 227 235
195 194 235
236 195 235
227 231 237
235 227 237
236 235 238
235 237 238
239 236 238
231 232 240
237 231 240
232 233 241
240 232 241
233 234 242
241 233 242
242 234 243
242 243 244
245 242 244
239 238 246
247 239 246
247 246 248
246 249 248
238 250 246
246 250 249
238 237 250
241 242 251
245 251 242
250 252 249
252 251 245
249 252 253
252 245 253
237 254 250
250 254 252
254 251 252
254 241 251
237 240 254
240 241 254
255 256 257
255 258 256
259 258 255
258 260 256
259 261 258
259 262 261
258 263 260
261 263 258
263 264 260
261 262 265
266 265 262
261 267 263
261 265 267
263 268 264
267 268 263
268 269 264
266 270 265
271 270 266
271 272 270
267 265 273
270 273 265
272 274 270
270 274 273
272 275 274
267 276 268
267 273 276
268 277 269
276 277 268
277 278 269
275 279 274
275 280 279
274 281 273
276 273 281
274 279 281
276 282 277
276 281 282
277 283 278
282 283 277
283 284 278
280 285 279
280 286 285
279 287 281
282 281 287
279 285 287
282 288 283
282 287 288
283 289 284
288 289 283
289 290 284
286 291 285
286 292 291
285 293 287
288 287 293
285 291 293
288 294 289
288 293 294
289 295 290
294 295 289
295 296 290
295 297 296
298 297 295
294 298 295
298 299 297
294 293 300
291 300 293
294 300 298
292 301 291
291 301 300
292 302 301
298 303 299
298 300 303
301 303 300
299 303 304
302 305 301
301 305 303
305 304 303
302 306 305
305 307 304
306 307 305
306 308 307
309 310 311
309 311 312
312 311 313
314 309 312
315 309 314
316 315 314
316 314 317
312 313 318
314 312 318
318 313 319
317 314 320
314 318 320
317 320 321
321 320 322
320 318 322
321 322 323
318 319 324
322 318 324
324 319 325
324 325 326
326 322 324
326 325 327
323 322 328
322 326 328
323 328 329
329 328 330
328 326 330
329 330 331
326 327 332
330 326 332
332 327 333
332 333 334
330 332 334
334 333 335
331 330 336
330 334 336
331 336 337
337 336 338
336 334 338
337 338 339
334 335 340
338 334 340
340 335 341
340 341 342
338 340 342
338 342 343
339 338 343
339 343 344
345 346 347
347 348 345
345 348 349
347 350 348
351 350 347
352 348 350
351 353 350
354 353 351
352 350 355
356 352 355
356 355 357
358 359 360
358 361 359
358 362 361
362 363 361
362 364 363
365 363 364
365 366 363
367 366 365
367 365 368
367 368 369
370 371 372
372 371 373
374 373 371
374 371 375
376 374 375
376 377 374
377 378 374
377 379 378
373 374 380
378 380 374
381 373 380
373 381 382
372 373 382
372 382 383
372 383 384
385 380 378
384 383 386
387 385 378
384 386 388
379 389 378
387 378 389
390 389 379
388 386 391
387 389 391
388 391 392
386 393 391
391 393 387
388 392 394
394 392 395
390 396 389
391 389 396
392 391 396
397 396 390
397 398 396
392 396 398
397 399 398
399 392 398
397 400 399
399 401 392
395 392 401
400 402 399
402 401 399
403 402 400
403 404 402
405 404 403
405 406 404
407 406 405
407 408 406
409 406 408
410 402 404
410 411 402
411 401 402
412 401 411
401 412 413
395 401 413
395 413 414
395 414 415
416 410 404
416 404 406
415 414 417
415 417 418
418 409 419
420 416 406
409 420 406
418 420 409
418 417 420
420 421 416
417 421 420
422 423 424
422 425 423
425 426 423
427 423 426
423 427 428
427 426 429
429 430 427
429 431 430
425 432 426
429 426 432
433 431 429
433 434 431
429 432 435
429 435 433
425 436 432
436 435 432
437 434 433
437 438 434
437 439 438
425 440 436
425 441 440
436 442 435
436 440 442
433 435 443
433 443 437
442 443 435
444 439 437
444 437 443
444 445 439
446 445 444
447 446 444
444 443 447
448 446 447
441 449 440
449 441 450
442 451 443
451 447 443
442 440 452
440 449 452
442 452 451
449 450 453
448 453 450
453 452 449
451 454 447
448 447 454
452 454 451
455 453 448
453 455 452
454 455 448
452 455 454
456 457 458
456 458 459
459 460 456
461 460 459
461 462 460
463 462 461
462 463 464
464 463 465
466 461 459
463 461 466
459 458 467
459 467 466
467 458 468
466 467 468
465 463 469
465 469 470
470 469 471
463 466 472
466 468 472
468 458 473
458 474 473
475 469 463
475 463 472
472 468 476
468 473 476
472 476 475
471 469 477
477 469 475
471 477 478
471 478 479
479 478 480
480 478 481
482 481 478
482 483 474
474 483 473
476 473 484
475 476 484
484 473 483
477 475 485
478 477 485
475 484 485
486 483 482
478 486 482
484 483 486
478 485 486
485 484 486
487 488 489
487 490 488
490 491 488
491 492 488
490 493 491
490 494 493
494 495 493
496 493 495
495 494 497
495 497 498
497 499 498
497 500 499
500 501 499
501 502 499
501 500 503
501 503 504
503 505 504
506 504 505
505 503 507
505 507 508
507 509 508
507 510 509
510 511 509
511 512 509
510 513 511
510 514 513
514 515 513
516 513 515
515 514 517
515 517 518
517 519 518
517 520 519
520 521 519
521 522 519
521 520 523
521 523 524
523 525 524
526 524 525
525 523 527
525 527 528
529 530 531
529 532 530
529 533 532
532 533 534
532 534 535
536 535 534
536 534 537
538 536 537
538 537 539
538 539 540
541 542 543
541 543 544
543 545 544
544 545 546
544 546 547
546 548 547
548 549 547
548 550 549
549 550 551
549 551 552
551 553 552
552 553 554
552 554 555
554 556 555
556 557 555
556 558 557
557 558 559
557 559 560
559 561 560
560 561 562
560 562 563
562 564 563
564 565 563
564 566 565
565 566 567
565 567 568
567 569 568
568 569 570
568 570 571
570 572 571
572 573 571
572 574 573
575 576 577
575 578 576
575 579 578
579 580 578
579 581 580
581 582 580
581 583 582
582 583 584
582 584 585
585 584 586
587 588 589
589 588 590
589 590 591
591 590 592
591 592 593
593 592 594
595 596 597
598 596 595
598 599 596
600 599 598
600 601 599
602 601 600
603 604 605
605 604 606
605 606 607
607 606 608
607 608 609
609 608 610
611 612 613
613 612 614
613 614 615
615 614 616
615 616 617
617 616 618
619 620 621
619 621 622
623 624 625
623 625 626
627 628 629
627 629 630
631 632 633
631 633 634
635 636 637
635 637 638
639 640 641
639 641 642
643 644 645
643 645 646
647 648 649
647 649 650
651 652 653
651 653 654
655 656 657
655 657 658
659 660 661
659 661 662
663 664 665
663 665 666
667 668 669
667 670 668
670 671 668
670 672 671
672 673 671
672 674 673
674 675 673
674 676 675
676 677 675
676 678 677
678 679 677
678 680 679
680 681 679
680 682 681
682 683 681
682 684 683
685 686 687
685 688 686
686 688 689
690 686 689
691 690 689
691 692 690
693 692 691
693 691 694
695 693 694
695 694 696
697 695 696
697 696 698
699 697 698
699 698 700
701 702 703
701 704 702
704 705 702
704 706 705
706 704 701
706 701 707
708 709 710
708 711 709
711 712 709
711 713 712
713 714 712
713 715 714
715 716 714
715 717 716
718 719 720
721 720 719
722 723 724
722 724 725
726 725 724
727 725 726
722 725 727
722 727 728
729 730 731
729 731 732
733 729 732
733 734 729
735 733 732
731 736 732
736 735 732
731 737 736
735 736 738
737 738 736
739 735 738
740 738 737
741 742 743
741 743 744
744 743 745
744 745 746
746 745 747
745 748 747
748 749 747
749 750 747
749 751 750
752 753 754
752 755 753
753 755 756
753 756 757
756 758 757
756 759 758
760 761 762
760 762 763
762 764 763
763 764 765
764 766 765
764 767 766
768 766 767
768 767 769
770 768 769
771 770 769
772 770 771
773 774 775
773 776 774
776 777 774
776 778 777
778 779 777
778 780 779
781 782 783
781 783 784
783 785 784
783 786 785
787 784 785
781 784 788
788 784 787
781 788 789
787 790 788
789 788 790
791 790 787
792 789 790
793 794 795
793 796 794
796 797 794
796 798 797
798 799 797
797 799 800
800 799 801
801 799 802
801 802 803
804 805 806
804 806 807
806 808 807
806 809 808
808 809 810
808 810 811
812 813 814
812 815 813
813 815 816
815 817 816
816 817 818
816 818 819
820 819 818
820 821 819
822 821 820
823 821 822
822 824 823
825 826 827
825 827 828
828 827 829
828 829 830
830 829 831
830 831 832
833 834 835
833 836 834
837 836 833
834 836 838
834 838 839
840 839 838
837 841 836
842 841 837
840 838 843
843 844 840
836 845 838
836 841 845
842 846 841
847 846 842
843 838 848
848 838 845
841 849 845
841 846 849
848 845 849
843 850 844
848 850 843
847 851 846
852 851 847
844 850 853
844 853 854
850 855 853
850 856 855
848 856 850
856 857 855
858 856 848
848 849 858
856 859 857
858 859 856
859 860 857
846 861 849
846 851 861
858 849 862
862 859 858
862 849 861
859 863 860
862 863 859
863 864 860
851 865 861
862 861 865
866 863 862
862 865 866
863 867 864
866 867 863
867 868 864
869 867 866
866 865 869
867 870 868
869 870 867
870 871 868
851 872 865
852 872 851
873 872 852
870 874 871
874 875 871
874 876 875
877 876 874
878 874 870
877 874 878
878 870 869
878 879 877
869 879 878
877 879 880
869 865 881
872 881 865
869 881 879
873 882 872
872 882 881
882 879 881
883 882 873
884 880 879
882 884 879
883 884 882
884 885 880
886 884 883
886 885 884
887 888 889
887 889 890
890 889 891
892 887 890
893 887 892
894 893 892
894 892 895
890 891 896
892 890 896
896 891 897
895 892 898
892 896 898
895 898 899
899 898 900
898 896 900
899 900 901
896 897 902
900 896 902
902 897 903
902 903 904
900 902 904
904 903 905
901 900 906
900 904 906
901 906 907
907 906 908
906 904 908
907 908 909
904 905 910
908 904 910
910 905 911
910 911 912
908 910 912
912 911 913
909 908 914
908 912 914
909 914 915
915 914 916
914 912 916
915 916 917
912 913 918
916 912 918
918 913 919
918 919 920
916 918 920
916 920 921
917 916 921
917 921 922
923 924 925
925 926 923
926 927 923
928 926 925
925 929 928
930 929 925
926 931 927
927 931 932
927 932 933
932 934 933
932 935 934
926 936 931
932 931 936
935 932 937
932 936 937
935 937 938
939 938 937
939 937 940
941 939 940
937 942 940
937 936 942
926 943 936
943 926 928
944 936 943
928 944 943
944 942 936
941 940 945
942 945 940
946 941 945
946 947 941
948 947 946
948 946 949
942 950 945
950 946 945
949 946 951
950 951 946
949 951 952
951 953 952
954 950 942
954 951 950
954 942 944
951 955 953
954 955 951
930 953 955
944 956 954
955 954 956
930 955 957
957 929 930
957 955 958
955 956 958
957 958 929
944 959 956
958 956 959
958 959 929
928 959 944
928 929 959
960 961 962
960 963 961
964 961 963
964 963 965
966 964 965
966 965 967
965 963 968
963 960 968
969 967 965
965 968 969
969 970 967
971 967 970
970 972 971
970 973 972
969 973 970
973 974 972
975 969 968
969 975 973
973 976 974
976 973 975
976 977 974
975 968 978
968 960 978
976 975 979
977 976 979
978 979 975
960 980 978
978 980 979
977 979 981
981 979 980
982 977 981
982 981 983
980 960 984
981 980 984
984 983 981
984 960 985
984 986 983
984 985 986
987 988 989
987 990 988
990 991 988
992 990 987
992 987 993
990 994 991
994 995 991
996 990 992
996 994 990
993 997 992
992 997 996
993 998 997
999 997 998
994 1000 995
1000 1001 995
1002 994 996
1002 1000 994
1000 1003 1001
1003 1004 1001
1005 1000 1002
1005 1003 1000
996 1006 1002
1002 1006 1005
996 997 1007
996 1007 1006
999 1008 997
1008 1007 997
1003 1009 1004
1009 1010 1004
1011 1008 999
1011 999 1012
1013 1008 1011
1008 1014 1007
1013 1014 1008
1014 1006 1007
1015 1014 1013
1015 1016 1014
1014 1016 1006
1017 1016 1015
1016 1018 1006
1005 1006 1018
1017 1019 1016
1016 1019 1018
1020 1019 1017
1005 1018 1021
1019 1021 1018
1020 1022 1019
1019 1022 1021
1023 1022 1020
1023 1024 1022
1025 1024 1023
1005 1021 1026
1026 1003 1005
1026 1009 1003
1022 1027 1021
1022 1024 1027
1026 1021 1028
1028 1009 1026
1028 1021 1027
1025 1029 1024
1030 1029 1025
1030 1031 1029
1029 1031 1032
1024 1033 1027
1024 1029 1033
1029 1032 1033
1028 1027 1033
1034 1033 1032
1028 1035 1009
1009 1035 1010
1035 1036 1010
1028 1033 1037
1037 1033 1034
1037 1035 1028
1035 1038 1036
1037 1038 1035
1034 1038 1037
1038 1039 1036
1034 1040 1038
1038 1040 1039
1041 1042 1043
1041 1043 1044
1044 1043 1045
1046 1041 1044
1047 1041 1046
1048 1047 1046
1048 1046 1049
1044 1045 1050
1046 1044 1050
1050 1045 1051
1049 1046 1052
1046 1050 1052
1049 1052 1053
1053 1052 1054
1052 1050 1054
1053 1054 1055
1050 1051 1056
1054 1050 1056
1056 1051 1057
1056 1057 1058
1054 1056 1058
1058 1057 1059
1055 1054 1060
1054 1058 1060
1055 1060 1061
1061 1060 1062
1060 1058 1062
1061 1062 1063
1058 1059 1064
1062 1058 1064
1064 1059 1065
1064 1065 1066
1062 1064 1066
1066 1065 1067
1063 1062 1068
1062 1066 1068
1063 1068 1069
1069 1068 1070
1068 1066 1070
1069 1070 1071
1066 1067 1072
1070 1066 1072
1072 1067 1073
1072 1073 1074
1070 1072 1074
1070 1074 1075
1071 1070 1075
1071 1075 1076
1077 1078 1079
1079 1078 1080
1080 1078 1081
1080 1081 1082
1080 1082 1083
1080 1083 1084
1085 1084 1083
1080 1084 1086
1079 1080 1086
1085 1087 1084
1079 1086 1088
1079 1088 1089
1089 1088 1090
1091 1087 1085
1089 1090 1092
1091 1093 1087
1092 1090 1093
1093 1091 1094
1092 1093 1094
1094 1091 1095
1092 1094 1095
1095 1091 1096
1092 1095 1097
1097 1095 1096
1092 1097 1098
1097 1096 1099
1098 1097 1100
1101 1097 1099
1100 1097 1101
1101 1099 1102
1102 1103 1101
1101 1103 1100
1104 1103 1102
1105 1100 1103
1106 1100 1105
1105 1103 1107
1107 1103 1104
1106 1105 1108
1109 1107 1104
1109 1104 1110
1106 1108 1111
1112 1109 1110
1106 1111 1113
1112 1114 1109
1115 1111 1114
1115 1113 1111
1112 1115 1114
1113 1115 1116
1116 1115 1112
1113 1116 1117
1116 1112 1118
1119 1120 1121
1119 1121 1122
1123 1124 1125
1123 1125 1126
1127 1128 1129
1127 1129 1130
1131 1132 1133
1131 1133 1134
1135 1136 1137
1135 1137 1138
1139 1140 1141
1139 1141 1142
1143 1144 1145
1143 1145 1146
1146 1145 1147
1148 1143 1146
1146 1147 1149
1148 1146 1150
1150 1146 1149
1151 1148 1150
1152 1150 1149
1151 1150 1153
1153 1150 1152
1154 1151 1153
1155 1153 1152
1154 1153 1155
1155 1152 1156
1157 1154 1155
1158 1155 1156
1157 1155 1158
1159 1157 1158
1160 1158 1156
1159 1158 1161
1161 1158 1160
1162 1159 1161
1163 1161 1160
1162 1161 1163
1163 1160 1164
1165 1162 1163
1166 1163 1164
1165 1163 1166
1167 1165 1166
1168 1166 1164
1167 1166 1169
1169 1166 1168
1170 1167 1169
1171 1169 1168
1170 1169 1171
1171 1168 1172
1173 1170 1171
1174 1171 1172
1173 1171 1174
1175 1174 1172
1176 1173 1174
1177 1174 1175
1176 1174 1177
1178 1179 1180
1178 1181 1179
1182 1179 1181
1182 1181 1183
1178 1184 1181
1183 1181 1184
1178 1185 1184
1183 1184 1186
1187 1184 1185
1186 1184 1188
1187 1188 1184
1186 1188 1189
1187 1190 1188
1189 1188 1190
1187 1191 1190
1189 1190 1192
1193 1190 1191
1192 1190 1194
1193 1194 1190
1192 1194 1195
1193 1196 1194
1195 1194 1196
1193 1197 1196
1195 1196 1198
1199 1196 1197
1198 1196 1200
1199 1200 1196
1198 1200 1201
1199 1202 1200
1201 1200 1202
1199 1203 1202
1201 1202 1204
1205 1206 1207
1205 1207 1208
1209 1205 1208
1210 1208 1207
1210 1207 1211
1212 1208 1210
1209 1208 1213
1212 1213 1208
1214 1209 1213
1215 1213 1212
1214 1213 1216
1215 1216 1213
1217 1214 1216
1218 1216 1215
1217 1216 1219
1218 1219 1216
1220 1217 1219
1221 1219 1218
1220 1219 1222
1221 1222 1219
1223 1220 1222
1224 1222 1221
1223 1222 1225
1224 1225 1222
1226 1223 1225
1227 1225 1224
1226 1225 1228
1227 1228 1225
1229 1226 1228
1230 1228 1227
1229 1228 1231
1230 1231 1228
1232 1233 1234
1232 1235 1233
1232 1236 1235
1235 1236 1237
1235 1237 1238
1239 1238 1237
1239 1237 1240
1241 1239 1240
1241 1240 1242
1241 1242 1243
1244 1245 1246
1247 1245 1244
1247 1244 1248
1249 1247 1248
1249 1248 1250
1249 1250 1251
1252 1253 1254
1252 1254 1255
1255 1256 1252
1254 1257 1255
1255 1258 1256
1258 1255 1257
1259 1260 1261
1259 1262 1260
1263 1260 1262
1264 1263 1262
1259 1264 1262
1259 1265 1264
1266 1267 1268
1269 1268 1267
1270 1271 1272
1270 1272 1273
1274 1270 1273
1274 1273 1275
1275 1276 1274
1275 1277 1276
1278 1276 1277
1278 1279 1276
1280 1281 1282
1281 1283 1282
1281 1284 1283
1285 1283 1284
1285 1284 1286
1285 1286 1287
1288 1285 1287
1289 1288 1287
1289 1290 1288
1291 1289 1287
1292 1291 1287
1293 1289 1291
1294 1295 1296
1294 1296 1297
1298 1294 1297
1298 1299 1294
1300 1299 1298
1300 1301 1299
1302 1301 1300
1302 1303 1301
1304 1303 1302
1304 1305 1303
1304 1306 1305
1304 1307 1306
1308 1306 1307
1308 1307 1309
1310 1308 1309
1310 1309 1311
1312 1310 1311
1312 1313 1310
1314 1313 1312
1314 1315 1313
1316 1317 1318
1319 1318 1317
1319 1317 1320
1321 1319 1320
1321 1320 1322
1322 1323 1321
1324 1323 1322
1325 1321 1323
1324 1326 1323
1326 1325 1323
1327 1326 1324
1326 1328 1325
1329 1330 1331
1329 1331 1332
1329 1332 1333
1329 1333 1334
1335 1334 1333
1335 1336 1334
1337 1336 1335
1337 1335 1338
1339 1337 1338
1339 1340 1337
1341 1340 1339
1341 1339 1342
1343 1341 1342
1343 1342 1344
1343 1344 1345
1343 1345 1346
1345 1347 1346
1345 1348 1347
1348 1349 1347
1348 1350 1349
1351 1352 1353
1351 1353 1354
1355 1356 1357
1355 1357 1358
1359 1360 1361
1359 1362 1360
1363 1364 1365
1363 1366 1364
1367 1368 1369
1367 1370 1368
1371 1372 1373
1371 1374 1372
1375 1376 1377
1375 1377 1378
1379 1380 1381
1379 1381 1382
1383 1384 1385
1383 1386 1384
1384 1386 1387
1388 1389 1390
1389 1391 1390
1389 1392 1391
1391 1393 1390
1391 1394 1393
1395 1396 1397
1395 1398 1396
1399 1396 1398
1400 1399 1398
1399 1401 1396
1402 1403 1404
1402 1405 1403
1403 1405 1406
1407 1408 1409
1407 1410 1408
1410 1411 1408
1410 1412 1411
1411 1413 1408
1414 1415 1416
1414 1416 1417
1416 1418 1417
1419 1414 1417
1419 1417 1420
1421 1422 1423
1423 1422 1424
1423 1424 1425
1426 1427 1428
1428 1427 1429
1428 1429 1430
1431 1432 1433
1431 1434 1432
1435 1434 1431
1435 1431 1436
1437 1435 1436
1437 1436 1438
1439 1440 1441
1439 1441 1442
1442 1441 1443
1444 1439 1442
1442 1443 1445
1445 1443 1446
1447 1444 1442
1445 1447 1442
1445 1446 1448
1448 1446 1449
1450 1445 1448
1450 1447 1445
1448 1449 1451
1451 1450 1448
1452 1451 1449
1452 1449 1453
1454 1444 1447
1454 1455 1444
1456 1455 1454
1456 1454 1457
1457 1454 1458
1458 1454 1447
1457 1458 1459
1460 1458 1447
1459 1458 1460
1460 1447 1450
1459 1460 1461
1461 1460 1462
1462 1460 1450
1461 1462 1463
1462 1450 1464
1464 1450 1451
1464 1451 1452
1463 1462 1465
1465 1462 1464
1463 1465 1466
1467 1464 1452
1465 1464 1467
1466 1465 1468
1468 1465 1467
1466 1468 1469
1469 1468 1470
1470 1468 1467
1469 1470 1471
1472 1467 1452
1472 1452 1453
1472 1453 1473
1472 1473 1474
1471 1470 1475
1471 1475 1476
1470 1467 1477
1475 1470 1477
1477 1467 1472
1475 1477 1478
1478 1477 1479
1472 1474 1480
1477 1472 1480
1479 1477 1480
1480 1474 1481
1480 1481 1479
1482 1483 1484
1482 1484 1485
1485 1484 1486
1487 1482 1485
1488 1482 1487
1489 1488 1487
1485 1486 1490
1487 1485 1490
1490 1486 1491
1490 1491 1492
1492 1491 1493
1492 1493 1494
1494 1493 1495
1496 1490 1492
1496 1492 1494
1487 1490 1497
1497 1490 1496
1489 1487 1498
1498 1487 1497
1489 1498 1499
1489 1499 1500
1498 1501 1499
1498 1497 1502
1498 1502 1501
1502 1497 1496
1502 1503 1501
1502 1504 1503
1502 1496 1504
1504 1505 1503
1504 1496 1506
1496 1494 1506
1504 1507 1505
1504 1506 1507
1507 1508 1505
1506 1494 1509
1507 1506 1509
1507 1510 1508
1507 1509 1510
1510 1511 1508
1510 1512 1511
1512 1513 1511
1509 1494 1514
1494 1495 1514
1514 1495 1515
1514 1515 1516
1509 1514 1516
1516 1515 1517
1510 1509 1518
1510 1518 1512
1509 1516 1518
1512 1519 1513
1519 1520 1513
1519 1521 1520
1519 1522 1521
1512 1518 1523
1512 1523 1519
1519 1523 1522
1518 1516 1523
1523 1524 1522
1516 1517 1525
1523 1516 1525
1523 1525 1524
1525 1517 1526
1525 1526 1524
1527 1528 1529
1527 1529 1530
1531 1530 1529
1531 1529 1532
1533 1530 1531
1534 1527 1530
1533 1534 1530
1535 1527 1534
1536 1534 1533
1537 1535 1534
1536 1538 1534
1537 1534 1538
1539 1538 1536
1540 1537 1538
1539 1540 1538
1541 1537 1540
1542 1540 1539
1543 1541 1540
1542 1544 1540
1543 1540 1544
1545 1544 1542
1546 1543 1544
1545 1546 1544
1547 1543 1546
1548 1546 1545
1549 1547 1546
1548 1550 1546
1549 1546 1550
1551 1550 1548
1551 1552 1550
1552 1549 1550
1553 1549 1552
1554 1555 1556
1554 1557 1555
1554 1558 1557
1558 1559 1557
1558 1560 1559
1559 1560 1561
1562 1563 1564
1563 1562 1565
1563 1565 1566
1567 1566 1565
1567 1565 1568
1567 1568 1569
1570 1571 1572
1571 1573 1572
1573 1574 1572
1572 1574 1575
1574 1576 1575
1570 1572 1577
1577 1572 1575
1575 1576 1578
1577 1575 1578
1570 1577 1579
1570 1579 1580
1580 1579 1581
1582 1577 1578
1579 1577 1582
1583 1581 1579
1583 1579 1582
1584 1581 1583
1585 1584 1583
1582 1585 1583
1586 1578 1576
1582 1578 1586
1587 1585 1582
1587 1582 1586
1585 1587 1588
1589 1588 1587
1589 1587 1590
1586 1576 1591
1587 1586 1591
1591 1576 1590
1590 1587 1591
1592 1593 1594
1595 1592 1594
1592 1596 1593
1592 1595 1597
1592 1598 1596
1592 1597 1598
1599 1596 1598
1597 1599 1598
1599 1600 1596
1597 1601 1599
1599 1602 1600
1599 1601 1603
1599 1604 1602
1599 1603 1604
1605 1606 1607
1605 1607 1608
1609 1605 1608
1605 1609 1610
1605 1611 1606
1605 1610 1611
1612 1606 1611
1610 1612 1611
1612 1613 1606
1610 1614 1612
1612 1615 1613
1612 1614 1616
1612 1617 1615
1612 1616 1617
1618 1619 1620
1621 1619 1618
1620 1619 1622
1623 1620 1622
1623 1622 1624
1624 1622 1625
1625 1622 1626
1626 1622 1619
1626 1619 1627
1627 1619 1628
1629 1619 1621
1628 1619 1629
1630 1629 1621
1631 1628 1629
1632 1629 1630
1631 1629 1632
1633 1634 1635
1633 1636 1634
1635 1634 1637
1635 1637 1638
1634 1636 1639
1639 1636 1640
1639 1640 1641
1634 1639 1642
1637 1634 1642
1639 1641 1643
1642 1639 1643
1643 1641 1644
1645 1643 1644
1642 1643 1646
1637 1642 1646
1646 1643 1645
1638 1637 1647
1637 1646 1647
1647 1646 1645
1638 1647 1648
1649 1647 1645
1648 1647 1649
1650 1651 1652
1650 1653 1651
1652 1651 1654
1652 1654 1655
1651 1653 1656
1656 1653 1657
1656 1657 1658
1651 1656 1659
1654 1651 1659
1656 1658 1660
1659 1656 1660
1660 1658 1661
1655 1654 1662
1655 1662 1663
1663 1662 1664
1654 1659 1665
1659 1660 1665
1654 1665 1662
1666 1660 1661
1665 1660 1666
1662 1665 1666
1664 1662 1666
1667 1666 1661
1667 1664 1666
1668 1669 1670
1671 1669 1668
1670 1669 1672
1673 1669 1671
1672 1669 1674
1675 1669 1673
1674 1669 1676
1677 1669 1675
1676 1669 1678
1679 1669 1677
1678 1669 1680
1680 1669 1679
1681 1682 1683
1681 1684 1682
1683 1682 1685
1683 1685 1686
1682 1684 1687
1687 1684 1688
1687 1688 1689
1682 1687 1690
1685 1682 1690
1687 1689 1691
1690 1687 1691
1691 1689 1692
1693 1691 1692
1690 1691 1694
1685 1690 1694
1694 1691 1693
1686 1685 1695
1685 1694 1695
1695 1694 1693
1686 1695 1696
1697 1695 1693
1696 1695 1697
1698 1699 1700
1698 1701 1699
1700 1699 1702
1700 1702 1703
1699 1701 1704
1704 1701 1705
1704 1705 1706
1699 1704 1707
1702 1699 1707
1704 1706 1708
1707 1704 1708
1708 1706 1709
1703 1702 1710
1703 1710 1711
1711 1710 1712
1702 1707 1713
1707 1708 1713
1702 1713 1710
1714 1708 1709
1713 1708 1714
1710 1713 1714
1712 1710 1714
1715 1714 1709
1715 1712 1714
1716 1717 1718
1716 1718 1719
1720 1716 1719
1717 1721 1718
1717 1722 1721
1722 1720 1723
1720 1719 1723
1722 1723 1721
1724 1719 1718
1724 1723 1719
1724 1721 1723
1724 1718 1721
