byte offset: 0
first index: 0
index count: 2532
topology: trianglelist
format: DXGI_FORMAT_R16_UINT

0 1 2
0 2 3
4 5 6
4 6 7
8 9 10
8 10 11
5 0 3
5 3 6
12 13 14
12 14 15
16 17 8
8 17 9
17 18 9
19 20 21
19 21 22
23 24 25
23 25 26
27 12 15
27 15 28
24 21 25
21 20 25
25 20 29
16 27 28
16 28 17
13 23 26
13 26 14
30 4 7
30 7 31
32 33 34
32 34 35
36 37 38
36 38 39
39 38 33
39 33 32
40 15 14
40 14 41
42 26 25
42 25 29
43 28 15
43 15 40
18 17 28
18 28 43
41 14 26
41 26 42
44 45 37
44 37 36
46 47 48
49 50 51
49 51 52
53 54 55
53 55 46
56 57 58
57 59 60
57 60 58
61 62 49
63 64 65
63 65 66
66 67 63
67 62 61
46 48 53
49 52 61
62 67 66
55 68 69
70 60 59
71 72 73
65 64 74
74 71 73
55 54 68
72 71 75
73 65 74
76 77 78
76 78 79
80 81 82
80 82 83
84 85 86
84 86 87
88 89 90
88 90 91
92 93 94
92 94 95
96 97 98
96 98 99
100 101 102
100 102 103
104 105 106
104 106 107
108 109 110
108 110 111
112 113 114
112 114 115
109 116 117
109 117 110
118 119 120
118 120 121
122 123 124
122 124 125
126 127 128
126 128 129
130 131 132
130 132 133
134 135 136
134 136 137
138 139 140
138 140 141
142 143 144
142 144 145
146 147 148
146 148 149
150 151 152
150 152 153
154 155 156
154 156 157
158 159 160
158 160 161
162 163 164
162 164 165
166 167 168
166 168 169
170 171 172
170 172 173
124 123 174
124 174 175
176 170 173
176 173 177
178 179 180
178 180 181
182 183 184
182 184 185
186 187 188
186 188 189
190 191 192
190 192 193
194 195 196
194 196 197
198 199 200
198 200 201
202 203 204
202 204 205
206 207 208
206 208 209
210 211 212
210 212 213
214 215 216
214 216 217
218 219 118
218 118 121
220 221 222
220 222 223
224 225 226
224 226 227
228 229 230
228 230 231
232 233 234
232 234 235
236 237 238
236 238 239
240 241 242
240 242 243
244 245 246
244 246 247
248 249 250
248 250 251
252 253 254
252 254 255
256 257 258
256 258 259
260 261 262
260 262 263
264 265 266
264 266 267
268 269 270
268 270 271
272 273 274
272 274 275
276 277 278
276 278 279
280 281 265
280 265 264
282 283 284
282 284 285
286 287 288
286 288 289
290 291 292
290 292 293
294 295 296
294 296 297
298 299 300
298 300 301
302 303 304
302 304 305
306 307 308
306 308 309
310 311 312
310 312 313
314 315 316
314 316 317
318 319 320
318 320 321
322 323 324
322 324 325
326 327 328
326 328 329
330 331 332
330 332 333
334 335 336
334 336 337
338 339 340
338 340 341
342 343 344
342 344 345
346 347 348
346 348 349
350 351 352
350 352 353
354 355 356
354 356 357
358 359 360
358 360 361
362 363 364
362 364 365
366 367 368
366 368 369
370 371 372
370 372 373
374 375 376
374 376 377
378 379 380
378 380 381
382 383 384
382 384 385
386 387 388
386 388 389
390 391 392
390 392 393
394 395 396
394 396 397
398 399 400
398 400 401
402 403 404
402 404 405
406 407 408
406 408 409
410 411 412
410 412 413
414 415 416
414 416 417
418 419 420
418 420 421
422 423 424
422 424 425
426 427 428
426 428 429
430 431 432
430 432 433
434 435 436
434 436 437
438 439 440
438 440 441
442 443 444
442 444 445
446 447 448
446 448 449
450 451 452
450 452 453
454 455 456
454 456 457
458 459 460
458 460 461
462 463 464
462 464 465
466 467 468
466 468 469
470 471 472
470 472 473
474 475 476
474 476 477
478 479 480
478 480 481
482 483 484
482 484 485
486 487 488
486 488 489
490 491 492
490 492 493
494 495 496
494 496 497
498 499 500
498 500 501
502 503 504
502 504 505
506 507 508
506 508 509
510 511 512
510 512 513
514 515 516
514 516 517
518 519 520
518 520 521
522 523 524
522 524 525
526 527 528
526 528 529
100 103 530
531 355 354
531 354 532
533 534 535
533 535 536
537 538 539
537 539 540
540 539 541
540 541 542
542 541 543
542 543 544
544 543 545
544 545 546
546 545 547
546 547 548
548 547 534
548 534 533
549 550 551
552 553 554
550 555 556
557 558 559
557 559 560
550 561 562
552 563 553
550 556 551
564 565 550
550 566 567
550 567 564
568 552 569
570 563 552
552 571 569
552 572 573
555 550 562
552 568 572
552 574 571
552 554 574
550 565 561
535 575 576
535 576 536
577 538 537
577 537 578
579 580 581
579 581 582
583 579 582
583 582 584
585 583 584
585 584 586
587 585 586
587 586 588
589 587 588
589 588 590
591 592 593
591 593 594
595 591 594
595 594 596
595 596 581
595 581 580
597 598 599
600 598 597
601 598 600
602 598 601
603 598 602
604 598 603
605 606 607
606 608 607
607 608 609
610 611 612
613 614 615
613 616 614
614 616 617
618 612 611
609 608 610
608 611 610
619 560 559
619 559 620
620 621 622
620 622 619
623 622 621
623 621 624
615 606 605
614 606 615
549 566 550
552 573 570
581 596 625
581 625 626
596 594 627
596 627 625
628 629 630
628 630 631
594 593 632
594 632 627
629 633 634
629 634 630
590 588 635
590 635 636
633 637 638
633 638 634
588 586 639
588 639 635
640 641 642
640 642 643
586 584 644
586 644 639
641 645 646
641 646 642
584 582 647
584 647 644
645 648 649
645 649 646
582 581 626
582 626 647
648 650 651
648 651 649
628 631 651
628 651 650
652 653 654
652 654 655
656 657 658
656 658 659
657 660 661
657 661 658
660 662 663
660 663 661
662 664 665
662 665 663
664 666 667
664 667 665
666 652 655
666 655 667
668 669 670
671 672 673
670 674 675
676 677 678
676 678 679
670 680 681
671 673 682
670 669 674
683 670 684
670 685 686
670 683 685
687 688 671
689 671 682
671 688 690
671 691 692
675 680 670
671 692 687
671 690 693
671 693 672
670 681 684
654 653 694
654 694 695
696 697 656
696 656 659
698 699 700
698 700 701
702 703 699
702 699 698
704 705 703
704 703 702
706 707 705
706 705 704
708 709 707
708 707 706
710 711 712
710 712 713
714 715 711
714 711 710
701 700 715
701 715 714
716 717 718
719 716 718
720 719 718
721 720 718
722 721 718
723 722 718
724 725 726
726 725 727
725 728 727
729 730 731
732 733 734
732 734 735
734 736 735
737 731 730
728 729 727
727 729 731
738 739 678
738 678 677
739 738 740
739 740 741
742 743 741
742 741 740
733 724 726
734 733 726
668 670 686
671 689 691
744 724 733
744 733 745
745 733 732
745 732 746
747 748 749
747 749 750
746 732 735
746 735 751
750 749 752
750 752 753
754 737 730
754 730 755
753 752 756
753 756 757
755 730 729
755 729 758
759 760 761
759 761 762
758 729 728
758 728 763
762 761 764
762 764 765
763 728 725
763 725 766
765 764 767
765 767 768
766 725 724
766 724 744
768 767 769
768 769 770
770 769 748
770 748 747
626 625 615
626 615 605
627 613 615
627 615 625
632 616 613
632 613 627
635 612 618
635 618 636
639 610 612
639 612 635
644 609 610
644 610 639
647 607 609
647 609 644
626 605 607
626 607 647
651 631 580
651 580 579
649 651 579
649 579 583
646 649 583
646 583 585
642 646 585
642 585 587
643 642 587
643 587 589
634 638 592
634 592 591
630 634 591
630 591 595
631 630 595
631 595 580
771 772 650
771 650 648
773 771 648
773 648 645
774 773 645
774 645 641
775 774 641
775 641 640
776 777 637
776 637 633
778 776 633
778 633 629
779 778 629
779 629 628
772 779 628
772 628 650
700 744 745
700 745 715
715 745 746
715 746 711
711 746 751
711 751 712
709 754 755
709 755 707
707 755 758
707 758 705
705 758 763
705 763 703
703 763 766
703 766 699
699 766 744
699 744 700
780 702 698
780 698 781
781 698 701
781 701 782
782 701 714
782 714 783
783 714 710
783 710 784
784 710 713
784 713 785
786 708 706
786 706 787
787 706 704
787 704 788
788 704 702
788 702 780
767 780 781
767 781 769
764 788 780
764 780 767
761 787 788
761 788 764
760 786 787
760 787 761
752 784 785
752 785 756
749 783 784
749 784 752
748 782 783
748 783 749
769 781 782
769 782 748
105 104 329
105 329 328
112 115 320
112 320 319
789 790 334
789 334 337
117 116 318
117 318 321
147 146 332
147 332 331
791 792 314
791 314 317
176 177 316
176 316 315
219 218 313
219 313 312
793 794 327
793 327 326
221 220 311
221 311 310
254 253 340
254 340 339
795 796 338
795 338 341
262 261 324
262 324 323
267 266 322
267 322 325
330 333 797
330 797 798
336 335 799
336 799 800
789 114 113
789 113 790
791 149 148
791 148 792
223 222 794
223 794 793
795 260 263
795 263 796
107 106 520
107 520 519
801 252 255
801 255 802
797 525 524
797 524 798
799 526 529
799 529 800
522 175 174
522 174 523
518 521 216
803 530 528
803 528 527
802 531 532
802 532 801
518 216 804
216 521 217
100 803 805
100 530 803
79 78 195
79 195 194
77 76 509
77 509 508
80 83 492
80 492 491
82 81 226
82 226 225
84 87 476
84 476 475
86 85 490
86 490 493
88 91 460
88 460 459
90 89 474
90 474 477
92 95 98
92 98 97
94 93 406
94 406 409
96 99 392
96 392 391
102 101 358
102 358 361
122 125 372
122 372 371
126 129 420
126 420 419
128 127 138
128 138 141
134 137 488
134 488 487
136 135 158
136 158 161
140 139 394
140 394 397
142 145 472
142 472 471
144 143 486
144 486 489
150 153 192
150 192 191
152 151 410
152 410 413
154 157 456
154 456 455
156 155 470
156 470 473
160 159 502
160 502 505
165 164 362
165 362 365
169 168 494
169 494 497
167 166 185
167 185 184
181 180 462
181 462 465
179 178 480
179 480 479
183 182 513
183 513 512
189 188 478
189 478 481
187 186 496
187 496 495
190 193 404
190 404 403
197 196 498
197 498 501
201 200 482
201 482 485
199 198 500
199 500 499
205 204 466
205 466 469
203 202 484
203 484 483
209 208 211
209 211 210
207 206 417
207 417 416
213 212 398
213 398 401
215 214 369
215 369 368
224 227 516
224 516 515
228 231 440
228 440 439
232 235 424
232 424 423
234 233 438
234 438 441
236 239 380
236 380 379
238 237 422
238 422 425
240 243 344
240 344 343
242 241 378
242 378 381
244 247 384
244 384 383
246 245 346
246 346 349
248 251 444
248 444 443
250 249 426
250 426 429
256 259 428
256 428 427
258 257 382
258 382 385
268 271 436
268 436 435
270 269 450
270 450 453
272 275 452
272 452 451
276 279 357
276 357 356
278 277 374
278 374 377
285 284 442
285 442 445
286 289 376
286 376 375
288 287 434
288 434 437
293 292 446
293 446 449
297 296 430
297 430 433
295 294 448
295 448 447
301 300 386
301 386 389
299 298 432
299 432 431
305 304 350
305 350 353
303 302 388
303 388 387
360 359 390
360 390 393
364 363 402
364 402 405
367 366 400
367 400 399
370 373 396
370 396 395
408 407 458
408 458 461
412 411 454
412 454 457
415 414 468
415 468 467
418 421 464
418 464 463
