byte offset: 0
first index: 10446
index count: 4881
topology: trianglelist
format: DXGI_FORMAT_R16_UINT

2424 2425 2426
2424 2426 2427
2428 2429 2430
2428 2430 2431
2432 2430 2429
2432 2429 2433
2434 2435 2436
2437 2438 2439
2427 2438 2440
2441 2442 2443
2441 2443 2444
2442 2445 2446
2442 2446 2447
2448 2449 2450
2448 2450 2451
2452 2441 2444
2452 2444 2453
2432 2443 2454
2430 2454 2455
2444 2432 2433
2444 2433 2453
2437 2439 2434
2456 2457 2458
2456 2458 2426
2431 2455 2457
2425 2459 2456
2425 2456 2426
2455 2460 2461
2455 2461 2457
2445 2442 2451
2443 2447 2462
2460 2455 2454
2460 2454 2463
2450 2464 2445
2465 2466 2467
2445 2467 2468
2445 2468 2446
2467 2469 2470
2467 2470 2468
2442 2447 2443
2440 2438 2437
2459 2428 2431
2459 2431 2456
2430 2455 2431
2457 2456 2431
2471 2424 2427
2471 2427 2440
2426 2458 2427
2458 2438 2427
2450 2449 2472
2450 2472 2464
2465 2473 2474
2465 2474 2466
2463 2454 2443
2463 2443 2462
2444 2443 2432
2432 2454 2430
2475 2476 2438
2475 2438 2458
2476 2477 2439
2476 2439 2438
2439 2477 2435
2457 2475 2458
2461 2475 2457
2478 2479 2480
2481 2482 2480
2481 2480 2483
2484 2485 2486
2484 2486 2487
2488 2489 2485
2488 2485 2484
2490 2491 2489
2490 2489 2488
2487 2486 2492
2487 2492 2493
2494 2493 2492
2494 2492 2495
2479 2496 2480
2492 2497 2495
2492 2498 2497
2485 2498 2486
2483 2496 2499
2485 2499 2498
2491 2499 2489
2481 2483 2491
2481 2491 2490
2497 2500 2501
2489 2499 2485
2480 2496 2483
2483 2499 2491
2486 2498 2492
2500 2497 2502
2482 2478 2480
2439 2435 2434
2452 2448 2451
2452 2451 2441
2451 2442 2441
2445 2451 2450
2464 2472 2503
2464 2503 2504
2445 2464 2504
2469 2467 2466
2469 2466 2505
2466 2474 2506
2466 2506 2505
2502 2497 2507
2504 2503 2473
2504 2473 2465
2467 2504 2465
2445 2504 2467
2497 2501 2508
2497 2508 2495
2509 2510 2511
2512 2513 2514
2512 2514 2515
2516 2517 2518
2519 2520 2521
2522 2523 2524
2522 2524 2525
2526 2527 2528
2529 2530 2531
2529 2531 2532
2533 2534 2535
2536 2533 2529
2536 2529 2532
2537 2538 2539
2537 2539 2540
2541 2542 2543
2544 2545 2546
2544 2546 2547
2548 2549 2550
2548 2550 2551
2552 2553 2554
2555 2556 2552
2521 2557 2558
2559 2560 2561
2559 2561 2562
2563 2559 2562
2563 2562 2564
2565 2566 2567
2568 2569 2570
2568 2570 2571
2572 2573 2574
2575 2576 2577
2575 2577 2578
2579 2541 2543
2580 2581 2582
2580 2582 2583
2584 2579 2543
2585 2586 2587
2585 2587 2588
2589 2590 2591
2589 2591 2592
2593 2594 2580
2593 2580 2583
2595 2596 2597
2595 2597 2598
2599 2600 2601
2599 2601 2602
2513 2512 2603
2513 2603 2604
2512 2605 2606
2512 2606 2603
2607 2608 2609
2610 2611 2612
2610 2612 2599
2613 2614 2615
2613 2615 2616
2617 2618 2619
2523 2522 2620
2621 2622 2623
2621 2623 2624
2625 2575 2578
2625 2578 2626
2610 2599 2602
2610 2602 2627
2628 2585 2588
2629 2535 2630
2618 2525 2530
2631 2513 2604
2631 2604 2632
2633 2634 2573
2633 2573 2572
2635 2636 2565
2538 2537 2636
2538 2636 2635
2637 2633 2545
2637 2545 2544
2586 2585 2638
2586 2638 2639
2640 2514 2513
2640 2513 2631
2641 2514 2640
2641 2640 2642
2643 2544 2547
2643 2547 2644
2599 2612 2645
2599 2645 2600
2534 2538 2635
2534 2635 2630
2565 2630 2635
2629 2565 2567
2596 2646 2647
2596 2647 2597
2569 2648 2649
2569 2649 2570
2538 2534 2650
2538 2650 2539
2651 2611 2610
2651 2610 2605
2643 2586 2639
2643 2639 2652
2581 2625 2626
2581 2626 2582
2584 2548 2551
2584 2551 2579
2627 2606 2605
2627 2605 2610
2653 2654 2655
2653 2655 2656
2586 2643 2644
2586 2644 2587
2544 2643 2652
2544 2652 2637
2609 2657 2658
2609 2658 2607
2515 2651 2605
2515 2605 2512
2607 2659 2608
2660 2661 2662
2660 2662 2663
2549 2660 2663
2549 2663 2550
2511 2510 2664
2517 2665 2666
2667 2668 2665
2669 2517 2666
2529 2528 2527
2670 2671 2672
2670 2672 2673
2674 2675 2676
2674 2676 2677
2598 2597 2676
2598 2676 2675
2629 2630 2565
2678 2679 2680
2646 2621 2624
2646 2624 2647
2648 2563 2564
2648 2564 2649
2650 2534 2533
2650 2533 2536
2529 2533 2679
2530 2525 2531
2510 2681 2664
2682 2589 2592
2682 2592 2683
2511 2684 2685
2511 2685 2686
2659 2687 2688
2659 2688 2608
2654 2689 2655
2690 2585 2628
2638 2585 2690
2691 2623 2622
2692 2693 2671
2692 2671 2670
2694 2695 2696
2697 2698 2699
2676 2700 2677
2597 2647 2676
2647 2700 2676
2624 2701 2700
2624 2700 2647
2623 2702 2701
2623 2701 2624
2703 2704 2705
2704 2703 2706
2509 2601 2600
2509 2600 2510
2600 2645 2681
2600 2681 2510
2593 2653 2656
2593 2656 2594
2628 2658 2657
2628 2657 2690
2662 2661 2682
2662 2682 2683
2591 2590 2707
2686 2685 2708
2688 2687 2709
2710 2702 2623
2710 2623 2691
2530 2527 2619
2527 2526 2711
2529 2679 2528
2679 2678 2712
2533 2535 2680
2535 2629 2713
2525 2618 2522
2618 2617 2620
2535 2534 2630
2535 2678 2680
2679 2526 2528
2679 2533 2680
2529 2527 2530
2527 2617 2619
2618 2530 2619
2618 2620 2522
2527 2711 2617
2679 2712 2526
2535 2713 2678
2697 2699 2694
2694 2699 2695
2703 2705 2697
2697 2705 2698
2694 2696 2692
2692 2696 2693
2665 2668 2666
2554 2714 2552
2557 2553 2558
2558 2553 2552
2520 2557 2521
2715 2520 2519
2669 2716 2717
2669 2717 2518
2717 2524 2523
2717 2523 2518
2668 2667 2718
2668 2718 2719
2668 2719 2666
2666 2719 2716
2666 2716 2669
2517 2669 2518
2555 2552 2714
2516 2518 2523
2537 2540 2546
2537 2546 2545
2720 2566 2572
2720 2572 2574
2568 2571 2577
2568 2577 2576
2595 2598 2631
2595 2631 2632
2613 2616 2673
2613 2673 2672
2633 2572 2566
2636 2537 2545
2636 2545 2633
2640 2631 2598
2640 2598 2675
2642 2640 2675
2642 2675 2674
2523 2620 2516
2614 2721 2722
2614 2722 2615
2573 2723 2724
2573 2724 2725
2726 2727 2728
2729 2515 2514
2729 2514 2641
2730 2727 2726
2731 2732 2733
2734 2735 2736
2734 2736 2515
2737 2738 2739
2740 2741 2739
2740 2739 2742
2743 2744 2745
2743 2745 2746
2634 2737 2723
2747 2731 2733
2747 2733 2748
2749 2730 2726
2749 2726 2750
2750 2726 2728
2750 2728 2751
2752 2753 2754
2752 2754 2755
2756 2753 2752
2757 2758 2736
2757 2736 2735
2742 2738 2759
2742 2759 2760
2740 2742 2760
2740 2760 2761
2745 2744 2762
2745 2762 2763
2758 2757 2755
2758 2755 2754
2747 2748 2763
2747 2763 2762
2750 2751 2761
2750 2761 2760
2749 2750 2760
2749 2760 2759
2723 2737 2739
2729 2734 2515
2722 2721 2743
2722 2743 2746
2724 2723 2739
2724 2739 2741
2739 2738 2742
2634 2723 2573
2764 2765 2766
2767 2768 2769
2767 2769 2770
2771 2772 2773
2771 2773 2774
2775 2776 2777
2775 2777 2778
2779 2780 2781
2782 2783 2784
2765 2775 2779
2785 2786 2787
2788 2785 2787
2789 2790 2791
2789 2791 2792
2793 2794 2795
2793 2795 2796
2797 2798 2799
2797 2799 2800
2801 2796 2795
2801 2795 2802
2803 2804 2805
2803 2805 2806
2807 2808 2809
2807 2809 2810
2811 2812 2813
2811 2813 2814
2815 2816 2817
2818 2819 2820
2821 2822 2823
2824 2825 2826
2824 2826 2827
2828 2829 2830
2831 2832 2833
2834 2835 2836
2834 2836 2837
2838 2839 2835
2838 2835 2834
2840 2841 2842
2840 2842 2843
2844 2845 2846
2844 2846 2847
2848 2849 2850
2848 2850 2851
2852 2853 2854
2852 2854 2855
2856 2857 2858
2856 2858 2859
2860 2861 2862
2860 2862 2863
2864 2865 2866
2864 2866 2867
2868 2869 2870
2868 2870 2871
2872 2873 2874
2872 2874 2875
2876 2877 2878
2876 2878 2879
2880 2881 2882
2880 2882 2883
2884 2885 2886
2887 2888 2889
2890 2891 2892
2893 2894 2895
2893 2895 2896
2836 2897 2898
2836 2898 2837
2843 2847 2899
2900 2901 2902
2903 2904 2905
2903 2905 2879
2904 2880 2883
2904 2883 2905
2906 2861 2860
2906 2860 2907
2789 2792 2908
2789 2908 2909
2910 2911 2912
2913 2831 2914
2915 2916 2917
2915 2917 2918
2919 2920 2921
2919 2921 2922
2923 2816 2815
2810 2809 2924
2810 2924 2925
2926 2927 2928
2926 2928 2929
2930 2931 2932
2930 2932 2933
2934 2935 2936
2934 2936 2937
2938 2908 2792
2938 2792 2939
2940 2941 2942
2943 2850 2849
2943 2849 2944
2879 2905 2945
2879 2945 2876
2843 2899 2834
2843 2834 2837
2918 2917 2946
2918 2946 2947
2929 2928 2948
2929 2948 2949
2944 2849 2950
2944 2950 2951
2942 2941 2952
2939 2792 2791
2939 2791 2953
2954 2955 2956
2954 2956 2957
2922 2921 2958
2922 2958 2959
2960 2933 2932
2960 2932 2784
2883 2882 2961
2883 2961 2962
2871 2870 2963
2871 2963 2964
2905 2883 2962
2905 2962 2945
2965 2966 2967
2968 2969 2970
2968 2970 2971
2794 2972 2973
2794 2973 2795
2766 2765 2779
2766 2779 2974
2936 2935 2779
2936 2779 2781
2975 2976 2977
2932 2782 2784
2978 2979 2980
2978 2980 2981
2982 2983 2980
2982 2980 2979
2911 2984 2912
2985 2829 2828
2986 2987 2988
2989 2990 2991
2992 2993 2994
2992 2994 2989
2995 2774 2996
2995 2996 2997
2996 2774 2773
2996 2773 2998
2776 2999 3000
3001 3002 2910
3001 2910 2826
3003 3004 3005
3003 3005 2985
3006 2848 3007
3006 3007 3008
3009 3010 3011
3009 3011 3012
3005 3012 3011
3005 3011 3013
3014 3005 3004
3014 3004 3015
3016 3017 3018
3016 3018 3019
2804 3020 3021
2804 3021 2805
2999 3021 3020
2999 3020 3000
2764 2999 2765
3022 3021 2764
3022 2764 2793
2775 2999 2776
2890 3023 2891
2827 2826 2910
2827 2910 2912
2775 2780 2779
3024 2903 2879
3024 2879 2878
3025 3026 2839
3025 2839 2838
2830 2829 3027
3028 3029 3030
3028 3030 2895
2991 2990 3031
2991 3031 3032
2988 3033 3034
2988 3034 3035
2842 2847 2843
2828 2845 3033
2828 3033 3036
2842 3037 3034
3034 2844 2842
3038 3039 3040
3038 3040 3041
3042 3038 3041
3042 3041 3043
2829 3013 3044
2829 3044 3027
3011 2970 3044
3011 3044 3013
2968 3045 3046
2968 3046 3047
3048 2969 3039
3048 3039 3038
3049 3048 3038
3049 3038 3042
3050 3049 3042
3050 3042 3025
2899 3051 2838
2899 2838 2834
2840 2843 2837
2840 2837 2898
3052 3053 3054
2954 2957 3055
2954 3055 3056
3057 2842 2841
3035 3034 3037
2842 3057 3037
3027 3049 3050
3027 3050 2830
2971 3010 2867
2971 2867 2866
2865 3058 3045
2865 3045 2866
3044 3048 3049
3044 3049 3027
2970 2969 3048
2970 3048 3044
2830 3050 3051
2830 3051 2846
3051 3050 3025
3051 3025 2838
2985 2828 3003
2845 2828 2830
2845 2830 2846
3042 3043 3026
3042 3026 3025
2901 3024 2878
2901 2878 2902
3032 3031 2987
3032 2987 2986
2937 3059 3060
2937 3060 2934
2869 2930 2933
2869 2933 2870
3061 3062 3063
3061 3063 3064
3065 2882 2881
3065 2881 3066
2870 2933 2960
2870 2960 2963
2882 3065 3067
2882 3067 2961
3039 3061 3064
3039 3064 3040
3060 3059 3068
3060 3068 3069
3062 3070 3071
3062 3071 3063
3072 3073 3074
3066 3075 3076
3066 3076 3065
3072 3077 3073
3065 3076 3078
3065 3078 3067
3079 3080 3081
3082 3083 3084
3082 3084 3085
3086 3087 3088
3089 3090 3083
3089 3083 3082
3091 2906 2907
3091 2907 3092
3045 3058 3093
3045 3093 3046
3094 3095 2797
3094 2797 2800
2795 2973 3096
2795 3096 2802
3079 3087 3086
3079 3086 3080
3097 3098 3099
3100 3101 3102
3100 3103 3101
3104 3105 3106
3104 3106 2867
3107 2796 3108
3107 3108 3109
2970 3011 3010
2970 3010 2971
2969 2968 3047
2969 3047 3039
3107 3022 2793
3107 2793 2796
3104 2867 3010
3104 3010 3009
3085 2982 2979
3085 2979 3082
3089 3082 2979
3089 2979 2978
2766 2974 2972
2766 2972 2794
3045 2968 2971
3045 2971 2866
3023 2789 2909
3023 2909 2891
2764 2766 2794
2764 2794 2793
3023 3110 2790
3023 2790 2789
2847 2842 2844
2846 3051 2899
2846 2899 2847
3021 2999 2764
3111 3112 3113
3114 3016 3019
3114 3019 3015
2950 2849 2848
2950 2848 3006
3115 3001 2826
3115 2826 2825
3007 2848 2851
3007 2851 3116
2825 2942 2952
2825 2952 3115
3117 2944 2951
3117 2943 2944
2824 2940 2942
2824 2942 2825
3018 2889 3118
2803 2806 2822
2803 2822 2821
2772 3119 2773
3120 2929 2949
3120 2949 3121
3122 2918 2947
3122 2947 3123
3124 2926 2929
3124 2929 3120
3125 2915 2918
3125 2918 3122
2856 3126 3127
2856 3127 2854
2853 2857 2856
2853 2856 2854
3128 3129 2812
3128 2812 2811
2771 2995 3130
2872 3131 2873
2814 2813 2995
2814 2995 2997
2859 3132 3126
2859 3126 2856
2946 2917 2914
2946 2914 3133
3120 2810 2925
3120 2925 3124
2916 2913 2914
2916 2914 2917
2831 2913 2832
3121 2807 2810
3121 2810 3120
2771 2774 2995
3003 3036 3134
2828 3036 3003
2985 3005 3013
2985 3013 2829
3135 3054 3053
3135 3053 3136
2994 3137 2990
2990 3137 3134
2990 3134 3031
2994 2990 2989
3018 2887 2889
3004 3138 3114
3004 3114 3015
3019 3139 3014
3019 3014 3015
3018 3118 3139
3018 3139 3019
3017 2887 3018
2896 3030 2986
2894 3140 3028
2894 3028 2895
3141 3142 3028
3141 3028 3140
3143 3144 3142
3143 3142 3141
2770 2769 3145
3130 2995 2813
3130 2813 3146
3147 2812 3129
3147 3129 3148
3146 2813 2812
3146 2812 3147
2780 2775 3149
3143 3150 3151
3143 3151 3144
2767 3152 3153
2767 3153 2768
3150 3154 3155
3150 3155 3151
3154 3156 3157
3154 3157 3155
3158 3159 3160
3158 3160 3161
3159 3162 3163
3159 3163 3160
3162 3164 3163
3165 3153 3152
3165 3152 3166
3167 3168 3165
3167 3165 3166
3169 3170 3168
3169 3168 3167
3171 3172 3170
3171 3170 3169
3156 3158 3161
3156 3161 3157
3173 3174 3175
3176 3177 3178
3176 3178 3179
3180 3181 3179
3180 3179 3178
3182 3183 3181
3182 3181 3180
3184 3185 3183
3184 3183 3182
3185 3184 3186
3187 3188 3189
3190 3191 3187
3190 3187 3189
3192 3193 3191
3192 3191 3190
3194 3195 3193
3194 3193 3192
3196 3197 3177
3196 3177 3176
3198 3199 3197
3198 3197 3196
3200 3201 3199
3200 3199 3198
3202 3203 3201
3202 3201 3200
3204 2989 2991
3204 2991 3029
2852 2855 3204
3029 2991 3032
3029 3032 3030
3030 3032 2986
3030 2896 2895
2775 2778 3149
2778 3205 3149
2855 2992 2989
2855 2989 3204
3127 3206 2993
3127 2993 2992
3132 3207 3208
3132 3208 3126
3126 3208 3206
3126 3206 3127
2854 3127 2992
2854 2992 2855
3209 3204 3029
3209 3029 3028
2852 3204 3209
3210 3211 3195
3210 3195 3194
3212 3213 3211
3212 3211 3210
3212 3214 3215
3212 3215 3213
3216 3217 3203
3216 3203 3202
2914 3218 3219
2914 3219 3133
3214 3220 3221
3214 3221 3215
2772 3221 3220
2772 3220 3222
3219 3218 3223
3222 3224 3119
3222 3119 2772
2765 2999 2775
2776 2773 3119
2777 2776 3119
2777 3119 3225
3036 2987 3031
3036 3031 3134
3033 2988 2987
3138 3004 3003
3138 3003 3134
2998 2773 2776
3226 3227 3228
3226 3228 3229
2809 2808 3230
2809 3230 3231
2924 2809 3231
2924 3231 3232
3007 3116 3233
3007 3233 3229
3234 3235 3231
3234 3231 3230
3008 3007 3229
3008 3229 3228
3236 3226 3229
3236 3229 3233
3237 3232 3231
3237 3231 3235
2874 3238 2875
2875 3238 3112
2875 3112 3111
3239 3240 3241
3242 3243 3244
3239 3241 3245
3239 3245 3246
3245 3247 3246
3246 3247 3243
3246 3243 3242
3248 2902 2878
3248 2878 2877
3033 2845 2844
3033 2844 3034
3033 2987 3036
3173 3175 3172
3173 3172 3171
3080 3086 2954
2798 2797 2802
2798 2802 3096
2801 2802 2797
2801 2797 3095
2860 2863 3093
2860 3093 3058
2865 2864 3092
2865 3092 2907
2907 2860 3058
2907 3058 2865
2919 2922 3083
2919 3083 3090
2955 2954 3086
2955 3086 3088
2922 2959 3084
2922 3084 3083
2954 3056 3081
2954 3081 3080
3053 3098 3136
2819 2818 3109
2819 3109 3108
2884 2886 3106
2884 3106 3105
2938 2939 3101
2938 3101 3103
2939 2953 3102
2939 3102 3101
3053 3052 3099
3053 3099 3098
2815 2817 3249
2815 3249 3250
3251 3252 3073
3251 3073 3077
2923 2815 3250
2923 3250 3253
3252 3254 3074
3252 3074 3073
2965 2967 3255
2965 3255 3256
2976 2975 3257
2976 3257 3258
2868 2871 3252
2868 3252 3251
2871 2964 3254
2871 3254 3252
3250 3249 3078
3250 3078 3076
3253 3250 3076
3253 3076 3075
3256 3255 3071
3256 3071 3070
3258 3257 3069
3258 3069 3068
3259 3260 3261
3259 3261 3262
3263 3264 3265
3266 3267 3268
3266 3268 3269
3270 3271 3272
3270 3272 3273
3274 3275 3276
3277 3278 3279
3277 3279 3280
3281 3282 3283
3284 3285 3286
3284 3286 3287
3288 3289 3286
3288 3286 3290
3291 3292 3293
3291 3293 3290
3289 3294 3295
3288 3296 3294
3297 3298 3299
3297 3299 3300
3284 3301 3302
3284 3302 3285
3285 3302 3303
3285 3303 3291
3291 3303 3304
3291 3304 3292
3305 3306 3307
3308 3309 3310
3308 3310 3311
3312 3313 3310
3314 3315 3316
3314 3316 3312
3317 3318 3319
3317 3319 3320
3321 3322 3323
3321 3317 3320
3321 3320 3322
3324 3325 3326
3327 3328 3329
3330 3331 3332
3326 3333 3334
3326 3334 3335
3336 3337 3338
3339 3334 3333
3339 3333 3340
3341 3342 3343
3341 3343 3344
3345 3346 3347
3345 3347 3348
3349 3350 3351
3349 3351 3352
3293 3292 3353
3293 3353 3354
3292 3304 3355
3292 3355 3353
3356 3357 3358
3356 3358 3359
3360 3361 3362
3360 3362 3363
3364 3365 3366
3364 3366 3367
3324 3326 3335
3324 3335 3368
3369 3370 3371
3369 3371 3372
3335 3334 3373
3335 3373 3374
3375 3376 3377
3375 3377 3378
3379 3380 3381
3379 3381 3382
3383 3262 3266
3384 3385 3386
3384 3386 3387
3388 3389 3390
3388 3390 3391
3392 3276 3331
3351 3350 3393
3351 3393 3394
3395 3396 3397
3398 3399 3400
3401 3402 3403
3404 3405 3406
3404 3406 3407
3408 3409 3410
3411 3412 3413
3411 3413 3414
3415 3416 3417
3418 3419 3420
3418 3421 3419
3422 3423 3424
3422 3424 3425
3426 3427 3428
3426 3428 3429
3430 3431 3432
3430 3432 3433
3434 3435 3436
3397 3437 3438
3266 3262 3261
3439 3340 3440
3439 3440 3441
3442 3443 3444
3442 3444 3445
3446 3447 3448
3449 3450 3451
3449 3451 3452
3453 3454 3455
3454 3456 3376
3260 3457 3375
3276 3332 3331
3337 3380 3338
3458 3343 3459
3458 3459 3460
3461 3462 3463
3386 3464 3264
3386 3264 3387
3465 3466 3467
3465 3467 3468
3415 3469 3416
3470 3471 3311
3470 3311 3472
3470 3472 3473
3470 3473 3474
3475 3476 3308
3475 3308 3477
3477 3308 3311
3477 3311 3471
3478 3479 3480
3478 3480 3481
3327 3482 3483
3366 3484 3485
3366 3485 3367
3410 3486 3487
3410 3487 3408
3445 3444 3488
3267 3489 3270
3267 3270 3268
3342 3490 3459
3342 3459 3343
3491 3344 3343
3491 3343 3458
3492 3339 3493
3492 3493 3494
3495 3496 3443
3495 3443 3442
3495 3442 3497
3498 3499 3500
3498 3500 3501
3288 3499 3296
3407 3487 3486
3407 3486 3404
3502 3485 3484
3502 3484 3368
3368 3484 3444
3368 3444 3324
3368 3335 3374
3368 3374 3502
3443 3400 3324
3443 3324 3444
3386 3503 3504
3386 3504 3464
3347 3346 3505
3347 3505 3506
3507 3464 3504
3507 3504 3508
3390 3509 3510
3385 3511 3503
3385 3503 3386
3389 3512 3509
3389 3509 3390
3513 3514 3466
3513 3466 3465
3463 3515 3461
3516 3341 3517
3516 3517 3518
3516 3519 3342
3516 3342 3341
3382 3381 3515
3382 3515 3463
3494 3493 3344
3494 3344 3491
3520 3521 3489
3520 3489 3267
3437 3396 3522
3437 3522 3523
3524 3383 3266
3524 3266 3269
3517 3341 3344
3517 3344 3493
3261 3520 3267
3261 3267 3266
3525 3432 3431
3526 3280 3279
3526 3279 3527
3528 3397 3438
3528 3438 3529
3530 3426 3429
3530 3429 3531
3532 3395 3397
3532 3397 3528
3349 3352 3533
3349 3533 3534
3535 3536 3278
3535 3278 3277
3537 3451 3450
3538 3539 3540
3541 3423 3422
3541 3422 3542
3543 3544 3276
3543 3276 3392
3545 3274 3276
3545 3276 3544
3373 3334 3339
3373 3339 3492
3261 3260 3375
3261 3375 3520
3518 3517 3340
3518 3340 3439
3338 3380 3379
3520 3375 3378
3520 3378 3521
3493 3339 3340
3493 3340 3517
3259 3457 3260
3407 3456 3546
3406 3456 3407
3546 3547 3487
3546 3487 3407
3377 3548 3549
3377 3549 3378
3461 3550 3551
3461 3551 3462
3318 3317 3552
3553 3309 3308
3553 3308 3476
3405 3548 3377
3405 3377 3406
3396 3437 3397
3554 3366 3365
3554 3365 3555
3556 3361 3360
3556 3360 3557
3556 3558 3559
3556 3559 3555
3559 3488 3560
3558 3561 3316
3558 3316 3321
3310 3313 3356
3558 3556 3557
3558 3557 3561
3313 3312 3561
3562 3563 3296
3356 3313 3357
3564 3411 3414
3564 3414 3565
3357 3360 3363
3357 3363 3358
3315 3314 3566
3315 3566 3552
3557 3313 3561
3561 3312 3316
3315 3317 3321
3315 3321 3316
3360 3357 3313
3360 3313 3557
3310 3356 3472
3310 3472 3311
3566 3314 3309
3566 3309 3553
3472 3356 3359
3472 3359 3473
3567 3562 3498
3302 3477 3471
3302 3471 3303
3301 3475 3477
3301 3477 3302
3304 3470 3474
3304 3474 3355
3304 3303 3471
3304 3471 3470
3306 3568 3307
3286 3289 3295
3286 3295 3287
3286 3285 3291
3286 3291 3290
3293 3499 3288
3293 3288 3290
3501 3569 3567
3501 3567 3498
3570 3567 3569
3570 3569 3571
3499 3293 3354
3499 3354 3500
3572 3421 3573
3573 3421 3418
3420 3469 3418
3418 3469 3415
3300 3299 3572
3300 3572 3573
3294 3296 3563
3499 3498 3296
3498 3562 3296
3570 3562 3567
3574 3575 3576
3576 3575 3577
3568 3574 3576
3578 3579 3580
3314 3312 3310
3314 3310 3309
3579 3575 3580
3577 3575 3579
3547 3581 3408
3547 3408 3487
3489 3582 3271
3489 3271 3270
3468 3467 3273
3521 3583 3582
3521 3582 3489
3378 3549 3583
3378 3583 3521
3584 3408 3581
3584 3581 3585
3406 3377 3586
3546 3456 3587
3554 3484 3366
3554 3488 3444
3554 3444 3484
3265 3264 3464
3265 3464 3507
3345 3348 3588
3384 3387 3263
3388 3391 3589
3387 3264 3263
3468 3504 3503
3468 3503 3465
3590 3506 3505
3590 3505 3591
3508 3504 3468
3508 3468 3592
3510 3509 3593
3510 3593 3594
3465 3503 3511
3465 3511 3513
3593 3509 3512
3593 3512 3595
3273 3272 3592
3273 3592 3468
3595 3460 3459
3595 3459 3593
3467 3466 3268
3459 3490 3593
3269 3466 3514
3269 3514 3524
3591 3551 3550
3591 3550 3590
3273 3467 3268
3273 3268 3270
3268 3466 3269
3593 3490 3594
3596 3490 3342
3596 3342 3519
3594 3490 3596
3531 3430 3433
3531 3433 3530
3523 3522 3434
3523 3434 3436
3281 3526 3527
3281 3527 3282
3534 3533 3403
3534 3403 3402
3288 3294 3289
3415 3417 3565
3565 3417 3564
3478 3371 3370
3478 3370 3479
3446 3448 3540
3540 3448 3538
3372 3425 3424
3372 3424 3369
3597 3539 3598
3540 3539 3597
3599 3597 3598
3599 3598 3600
3451 3537 3454
3454 3537 3455
3457 3453 3456
3456 3453 3601
3400 3496 3398
3443 3496 3400
3555 3365 3361
3555 3361 3556
3555 3559 3560
3555 3560 3554
3365 3364 3362
3365 3362 3361
3409 3408 3584
3409 3584 3602
3323 3559 3321
3321 3559 3558
3603 3604 3605
3603 3605 3606
3307 3568 3576
3320 3319 3497
3320 3497 3442
3322 3320 3442
3322 3442 3445
3559 3323 3488
3323 3322 3445
3323 3445 3488
3298 3297 3607
3406 3586 3456
3456 3586 3376
3608 3604 3603
3552 3317 3315
3609 3610 3611
3608 3612 3609
3603 3612 3608
3483 3611 3327
3609 3611 3483
3305 3606 3605
3305 3307 3606
3327 3329 3482
3329 3328 3613
3481 3480 3613
3481 3613 3328
3446 3399 3447
3400 3399 3446
3587 3456 3601
3609 3612 3610
3276 3275 3332
3337 3614 3380
3394 3393 3599
3394 3599 3600
3428 3427 3541
3428 3541 3542
3449 3452 3536
3449 3536 3535
3528 3529 3545
3528 3545 3544
3532 3528 3544
3532 3544 3543
3325 3324 3400
3325 3440 3333
3325 3333 3326
3440 3340 3333
3325 3400 3446
3375 3454 3376
3615 3616 3617
3618 3619 3620
3618 3620 3621
3622 3623 3619
3622 3619 3618
3624 3625 3623
3624 3623 3622
3626 3627 3625
3626 3625 3624
3626 3628 3629
3626 3629 3627
3630 3631 3632
3630 3632 3633
3634 3635 3631
3634 3631 3630
3635 3636 3637
3635 3638 3639
3635 3639 3631
3634 3640 3635
3631 3639 3641
3631 3641 3632
3632 3641 3642
3632 3642 3629
3625 3643 3644
3625 3644 3623
3627 3645 3643
3627 3643 3625
3623 3644 3646
3623 3646 3619
3647 3621 3620
3647 3620 3616
3619 3646 3648
3619 3648 3620
3635 3637 3638
3617 3616 3620
3617 3620 3648
3647 3616 3615
3649 3650 3651
3649 3651 3652
3653 3649 3652
3653 3652 3654
3655 3656 3657
3658 3659 3660
3661 3662 3663
3661 3663 3664
3662 3665 3666
3662 3666 3663
3667 3668 3669
3667 3669 3670
3671 3666 3665
3671 3665 3672
3672 3667 3670
3672 3670 3671
3660 3673 3658
3655 3674 3656
3675 3649 3653
3675 3653 3676
3675 3677 3650
3675 3650 3649
3678 3662 3661
3678 3661 3679
3680 3665 3662
3680 3662 3678
3681 3672 3665
3681 3665 3680
3682 3667 3672
3682 3672 3681
3668 3667 3682
3668 3682 3683
3669 3668 3684
3668 3683 3684
3657 3656 3659
3656 3673 3660
3656 3685 3673
3659 3656 3660
3659 3658 3654
3658 3676 3653
3658 3673 3676
3654 3658 3653
3629 3628 3633
3629 3633 3632
3629 3642 3645
3629 3645 3627
3651 3650 3661
3651 3661 3664
3650 3677 3679
3650 3679 3661
3686 3687 3688
3689 3690 3691
3689 3691 3692
3693 3694 3690
3693 3690 3689
3695 3696 3694
3695 3694 3693
3697 3698 3696
3697 3696 3695
3699 3700 3698
3699 3698 3697
3699 3701 3702
3699 3702 3700
3702 3703 3704
3702 3704 3700
3698 3705 3706
3698 3706 3696
3700 3704 3705
3700 3705 3698
3694 3707 3708
3694 3708 3690
3696 3706 3707
3696 3707 3694
3709 3692 3691
3709 3691 3687
3690 3708 3710
3690 3710 3691
3688 3687 3691
3688 3691 3710
3709 3687 3686
3711 3712 3713
3711 3713 3714
3715 3713 3712
3715 3712 3716
3717 3718 3719
3717 3719 3720
3718 3721 3722
3718 3722 3719
3723 3724 3725
3723 3725 3726
3721 3723 3726
3721 3726 3722
3727 3728 3729
3727 3729 3730
3731 3732 3729
3731 3729 3728
3733 3734 3735
3733 3735 3736
3737 3738 3734
3737 3734 3733
3739 3740 3738
3739 3738 3737
3741 3740 3739
3741 3739 3742
3725 3724 3743
3741 3742 3744
3717 3720 3715
3717 3715 3716
3736 3735 3732
3736 3732 3731
3745 3746 3747
3745 3747 3748
3745 3748 3749
3745 3749 3750
3751 3752 3753
3754 3755 3756
3754 3756 3757
3758 3759 3760
3758 3760 3761
3762 3763 3749
3764 3765 3753
3764 3753 3766
3765 3767 3751
3765 3751 3753
3768 3769 3761
3768 3761 3770
3771 3772 3773
3771 3773 3758
3774 3775 3765
3774 3765 3764
3748 3776 3777
3748 3777 3749
3778 3776 3748
3778 3748 3747
3755 3768 3770
3755 3770 3756
3775 3747 3746
3775 3746 3779
3762 3749 3777
3775 3774 3778
3775 3778 3747
3752 3766 3753
3754 3757 3780
3779 3767 3765
3779 3765 3775
3757 3756 3781
3757 3781 3782
3758 3761 3769
3758 3769 3771
3783 3770 3761
3783 3761 3760
3759 3758 3773
3759 3773 3784
3756 3770 3783
3756 3783 3781
3780 3757 3782
3749 3763 3750
2565 2636 2566
2633 2566 2636
2574 2573 2725
2567 2566 2720
