byte offset: 0
first index: 23127
index count: 90
topology: trianglelist
format: DXGI_FORMAT_R16_UINT

6854 6855 6856
6854 6856 6857
6858 6859 6860
6858 6860 6861
6862 6863 6864
6862 6864 6865
6866 6867 6863
6866 6863 6862
6868 6869 6867
6868 6867 6866
6868 6870 6869
6868 6871 6870
6872 6871 6868
6873 6874 6875
6873 6875 6876
6874 6877 6878
6874 6878 6875
6877 6879 6880
6877 6880 6878
6881 6880 6879
6882 6880 6881
6882 6883 6880
6884 6860 6883
6884 6883 6882
6861 6884 6885
6861 6860 6884
6854 6857 6886
6886 6857 6887
6872 6854 6886
6872 6886 6871
