byte offset: 0
first index: 0
index count: 10722
topology: trianglelist
format: DXGI_FORMAT_R16_UINT

0 1 2
3 1 4
5 1 6
7 1 5
7 8 1
8 9 1
10 1 9
10 9 11
8 12 9
13 9 12
14 8 7
14 15 8
8 15 12
14 7 16
14 16 15
7 5 17
16 7 17
18 17 5
19 17 18
15 16 20
16 17 21
16 21 20
22 21 17
23 20 21
23 21 24
15 25 12
15 20 25
26 25 20
27 12 25
28 12 27
29 17 30
31 21 32
33 12 34
35 20 36
37 20 38
39 25 40
41 25 42
43 5 44
45 5 46
47 9 48
49 50 51
52 53 51
54 55 51
56 54 51
56 51 57
57 51 58
59 58 51
59 60 58
57 58 61
62 61 58
63 56 57
63 57 64
57 61 64
63 65 56
63 64 65
56 66 54
65 66 56
67 54 66
68 67 66
64 69 65
65 70 66
65 69 70
71 66 70
72 70 69
72 73 70
64 61 74
64 74 69
75 69 74
76 74 61
77 76 61
78 79 66
80 81 70
82 83 61
84 85 69
86 87 69
88 89 74
90 91 74
92 93 54
94 95 54
96 97 58
98 99 100
101 102 100
101 100 103
104 103 100
104 100 105
105 100 106
107 105 106
108 106 100
109 106 108
110 109 108
110 108 111
108 100 112
112 111 108
113 112 100
112 114 111
115 113 100
116 113 115
117 111 114
117 118 111
112 119 114
119 120 114
119 121 120
119 112 122
122 123 119
122 124 123
112 125 122
125 126 122
112 113 127
113 128 127
113 129 128
130 112 127
127 131 130
127 132 131
112 130 133
133 125 112
134 133 130
134 135 133
133 136 125
137 136 133
138 125 136
139 138 136
138 140 125
138 141 142
143 138 144
145 146 125
147 138 148
147 148 149
150 151 125
151 152 125
153 154 126
155 156 157
157 158 159
160 161 122
162 163 107
164 165 113
166 167 168
169 167 170
171 172 167
173 167 172
173 174 167
174 175 167
176 175 174
167 175 177
178 177 175
179 177 178
179 180 177
167 177 181
181 177 180
182 167 181
181 180 183
184 167 182
185 184 182
186 183 180
186 180 187
181 183 188
189 188 183
189 190 188
188 191 181
191 188 192
191 192 193
181 191 194
194 191 195
181 196 182
197 182 196
197 198 182
199 196 181
196 199 200
196 200 201
181 202 199
194 202 181
203 199 202
203 202 204
194 205 202
206 202 205
194 207 205
208 205 207
194 209 207
210 182 211
212 194 213
214 194 215
216 194 217
207 218 219
220 221 207
222 223 207
222 224 223
225 195 226
227 228 229
228 230 231
232 191 233
234 176 235
236 237 238
239 236 240
241 239 240
236 242 240
243 241 240
243 240 242
236 244 242
243 242 245
244 245 242
243 245 246
241 243 247
243 246 247
236 248 244
245 244 249
244 248 249
236 250 248
236 251 250
250 251 252
250 253 248
253 249 248
250 252 253
241 247 254
255 241 254
256 254 247
246 256 247
256 257 254
257 258 254
257 256 259
260 256 246
260 259 256
257 259 261
261 262 257
252 263 253
263 264 253
249 253 264
265 259 260
266 261 259
265 266 259
266 265 267
266 268 261
268 266 267
261 268 269
268 267 270
271 268 270
272 270 267
273 270 272
274 270 273
272 267 275
267 276 275
265 277 267
267 277 276
265 260 278
265 278 277
279 276 277
279 280 276
277 278 281
277 281 279
282 280 279
282 283 280
284 283 282
284 285 283
286 284 282
287 282 279
286 282 287
287 279 281
286 287 288
286 288 289
290 287 281
290 288 287
278 291 281
290 281 291
278 292 291
292 278 260
291 293 290
290 293 288
293 291 292
289 288 294
289 294 295
292 260 296
246 296 260
293 292 297
296 297 292
298 288 293
298 294 288
295 294 299
295 299 300
301 293 297
301 298 293
294 298 302
294 302 299
303 300 299
303 304 300
303 305 304
305 306 304
298 301 307
298 307 302
308 299 302
308 303 299
305 309 306
309 310 306
309 311 310
309 312 311
309 313 312
305 313 309
305 314 313
315 314 305
316 314 315
303 317 305
315 305 317
318 317 303
318 303 308
318 315 317
319 308 302
319 302 307
316 315 320
321 316 320
322 318 308
322 308 319
318 323 315
323 320 315
322 323 318
321 320 324
325 321 324
323 326 320
324 320 326
322 327 323
327 326 323
319 328 322
327 322 328
329 319 307
319 329 328
329 330 328
325 324 331
332 325 331
324 326 333
333 331 324
327 334 326
333 326 334
327 328 335
335 328 330
335 334 327
329 307 336
301 336 307
329 337 330
336 337 329
301 338 336
297 338 301
336 339 337
338 339 336
297 340 338
296 340 297
341 338 340
338 341 339
296 342 340
341 340 342
330 337 343
339 343 337
344 339 341
342 344 341
296 345 342
246 345 296
345 346 342
342 346 344
246 347 345
345 347 346
246 245 347
348 346 347
348 344 346
245 349 347
348 347 349
245 249 349
344 350 339
339 350 343
349 351 348
349 352 351
249 352 349
249 264 352
353 350 344
348 353 344
348 354 353
348 355 354
353 356 350
356 343 350
353 357 356
353 358 357
264 359 352
359 360 352
359 361 360
356 362 343
356 363 362
356 364 363
365 343 362
330 343 365
264 366 359
366 264 367
263 367 264
365 362 368
362 369 368
362 370 369
371 365 368
372 371 368
372 373 371
330 365 374
371 374 365
330 374 375
335 330 375
376 335 375
335 376 334
377 374 371
378 377 371
378 379 377
380 375 374
376 375 380
381 334 376
333 334 381
377 382 374
380 374 382
383 382 377
384 383 377
384 385 383
383 386 382
380 382 386
387 376 380
381 376 387
381 388 333
333 388 331
389 386 383
390 389 383
390 391 389
380 386 392
387 380 392
393 381 387
381 393 388
392 394 387
393 387 394
395 392 386
392 395 394
393 394 396
396 394 395
395 386 397
389 397 386
398 395 397
396 395 398
399 396 398
398 397 400
389 400 397
399 398 400
393 396 401
401 388 393
389 402 400
403 402 389
403 404 402
405 400 402
399 400 405
399 406 396
401 396 406
404 407 402
405 402 407
401 408 388
401 406 409
409 408 401
410 388 408
331 388 410
408 411 410
409 411 408
412 331 410
411 412 410
332 331 412
413 332 412
413 414 332
412 411 415
412 415 413
416 414 413
416 417 414
413 418 416
413 415 418
415 419 418
420 415 411
420 411 409
415 420 419
419 420 421
422 419 421
423 422 421
424 420 409
421 420 424
424 409 406
423 421 425
423 425 426
426 425 427
421 428 425
425 428 429
421 424 430
421 430 428
424 406 431
424 431 430
432 428 430
432 430 431
433 428 432
434 431 406
399 434 406
431 435 432
431 434 435
435 436 432
434 437 435
437 438 435
439 434 399
434 439 437
439 399 440
399 405 440
439 441 437
439 440 441
437 441 442
405 443 440
440 444 441
440 443 444
444 445 441
444 446 445
443 446 444
443 405 447
443 447 446
407 447 405
448 446 447
407 448 447
448 449 446
449 450 446
451 450 449
452 449 448
448 407 452
452 451 449
453 452 407
404 453 407
451 452 454
452 453 454
453 404 455
456 455 404
456 457 455
451 454 458
459 451 458
459 458 460
461 458 454
461 460 458
454 453 462
454 462 461
453 455 463
462 453 463
461 462 464
461 464 465
460 461 465
464 462 466
466 462 463
460 465 467
468 460 467
469 460 468
470 466 463
470 463 471
471 463 455
471 472 470
471 455 473
473 455 474
473 474 475
473 475 476
471 477 472
473 477 471
473 476 477
477 478 472
477 479 478
479 477 476
479 480 478
481 479 476
476 482 481
483 482 476
479 484 480
480 484 485
486 479 481
486 484 479
487 486 481
481 488 487
481 489 488
484 486 490
487 490 486
484 490 491
492 484 491
492 491 493
490 487 494
487 495 494
487 496 495
490 497 491
498 491 497
498 499 491
490 494 500
490 500 497
501 497 500
502 497 501
503 497 502
503 502 504
502 501 505
506 505 501
507 500 494
508 507 494
508 494 509
501 500 510
507 510 500
501 510 511
507 511 510
506 501 512
501 511 512
513 506 512
513 514 506
507 515 511
516 515 507
516 517 515
512 511 518
518 511 515
519 512 518
519 520 512
519 521 520
518 515 522
522 515 523
522 523 524
525 519 518
526 519 525
526 527 519
528 518 522
525 518 528
528 522 529
529 522 530
529 530 531
529 532 528
532 525 528
533 532 529
529 534 533
533 534 535
532 536 525
537 525 536
532 538 536
539 538 532
533 539 532
539 540 538
541 539 533
533 542 541
543 541 542
543 359 541
544 540 539
541 544 539
544 541 359
544 545 540
544 359 366
366 545 544
366 546 545
366 367 546
546 367 547
547 367 548
547 548 549
263 548 367
550 549 548
550 551 549
551 550 552
552 550 553
554 548 263
554 550 548
550 554 555
252 554 263
554 252 555
556 557 252
536 558 559
525 560 561
562 563 564
563 565 566
563 566 567
568 567 566
569 567 568
563 567 570
570 567 569
568 566 571
566 572 571
563 570 573
570 569 574
570 574 573
563 573 575
576 563 575
577 576 575
578 575 573
573 574 578
578 577 575
569 568 579
580 568 571
579 568 580
580 571 581
571 582 581
583 580 581
579 580 583
583 581 584
585 584 581
586 583 584
579 583 587
587 583 586
586 584 588
589 588 584
586 588 590
591 590 588
586 590 592
586 592 587
593 587 592
593 592 594
594 595 593
594 596 595
596 597 595
596 598 597
597 598 599
597 599 600
601 593 595
597 601 595
600 602 597
597 602 601
600 603 602
604 587 593
601 604 593
603 605 602
603 606 605
607 601 602
604 601 607
607 602 605
604 608 587
608 579 587
609 605 606
609 606 610
604 607 611
611 608 604
607 612 611
605 613 607
605 609 613
607 613 612
608 614 579
614 569 579
611 615 608
615 611 612
615 614 608
616 612 613
616 617 612
612 617 618
612 618 619
615 612 619
615 620 614
619 620 615
614 621 569
620 621 614
569 621 622
569 622 574
620 623 621
622 621 623
619 624 620
624 623 620
619 625 624
626 624 625
625 619 627
625 627 628
624 629 623
626 629 624
622 623 630
630 623 629
574 622 631
630 631 622
626 625 632
633 632 625
633 634 632
574 631 635
574 635 578
635 636 578
636 577 578
630 629 637
626 638 629
637 629 638
630 639 631
637 639 630
631 640 635
636 635 641
640 641 635
639 642 631
631 642 640
636 643 577
643 644 577
643 645 644
643 636 646
636 641 646
643 646 645
647 646 641
645 646 647
647 641 648
645 647 649
649 650 645
645 650 651
641 652 648
640 652 641
652 640 653
642 653 640
652 653 654
655 654 653
655 656 654
657 656 655
657 658 656
659 658 657
659 660 658
661 660 659
661 662 660
661 663 662
659 664 661
664 665 661
664 666 665
653 667 655
668 657 655
668 655 667
669 659 657
668 669 657
653 670 667
642 670 653
669 671 659
659 671 664
672 671 669
668 672 669
668 667 673
670 673 667
674 670 642
639 674 642
664 671 675
672 675 671
676 672 668
668 673 676
674 677 670
670 677 673
678 674 639
637 678 639
679 677 674
678 679 674
680 673 677
679 680 677
681 678 637
637 638 681
679 678 682
681 682 678
683 672 676
672 683 675
676 673 684
680 684 673
680 679 685
679 682 685
683 676 686
676 684 686
687 683 686
687 686 684
684 680 688
680 685 688
689 675 683
687 689 683
684 688 690
687 684 690
691 690 688
687 690 691
692 688 685
691 688 692
693 685 682
692 685 693
693 682 694
694 682 681
694 681 695
695 681 638
695 638 696
626 696 638
693 697 692
694 698 693
693 698 697
699 694 695
694 699 698
692 697 700
692 700 691
698 701 697
701 700 697
702 695 696
699 695 702
699 703 698
698 703 701
704 699 702
699 704 703
626 705 696
702 696 706
705 706 696
704 702 707
707 702 706
626 708 705
626 632 708
709 708 632
709 632 710
703 711 701
704 712 703
703 712 711
711 713 701
701 713 700
705 714 706
705 708 715
715 714 705
716 715 708
716 708 717
714 718 706
707 706 718
707 718 719
714 720 718
720 719 718
715 721 714
721 720 714
722 721 715
722 715 723
722 723 724
722 724 725
722 725 726
707 719 727
727 704 707
727 728 704
704 728 712
721 729 720
722 730 721
730 729 721
731 730 722
731 722 726
720 732 719
729 732 720
730 733 729
733 730 731
729 734 732
733 734 729
728 735 712
735 736 712
736 711 712
737 736 735
736 738 711
735 739 737
740 711 738
740 738 741
711 740 713
742 740 741
742 741 743
744 713 740
744 740 742
744 700 713
742 743 745
743 746 745
744 747 700
691 700 747
742 748 744
742 745 748
748 749 744
744 749 747
691 747 750
687 691 750
751 750 747
751 687 750
751 747 749
751 689 687
748 752 749
745 752 748
753 751 749
753 689 751
753 749 752
745 746 754
754 746 755
754 755 756
745 757 752
745 754 757
753 752 757
758 757 754
758 759 757
753 760 689
689 760 675
753 757 761
761 760 753
762 761 757
762 763 761
764 675 760
664 675 764
765 664 764
765 764 766
761 767 760
764 760 767
761 768 767
769 768 761
769 770 768
767 768 771
771 772 767
767 772 764
773 764 772
773 772 774
571 775 776
777 241 778
779 588 780
261 781 782
783 577 784
785 786 446
787 788 480
789 790 484
791 792 793
794 795 792
796 794 792
797 794 796
797 798 794
798 799 794
796 792 800
797 796 719
719 796 800
732 797 719
727 719 800
801 800 792
801 727 800
802 797 732
802 798 797
801 792 803
803 792 804
803 804 805
806 727 801
806 801 803
806 803 805
806 728 727
806 807 728
807 806 805
735 728 807
732 808 802
732 734 808
802 809 798
809 802 808
809 810 798
735 807 811
735 811 739
807 805 812
811 807 812
805 813 812
813 814 812
811 812 814
739 811 814
739 814 815
814 816 815
817 816 814
809 808 818
809 818 819
820 818 808
820 808 734
820 821 818
818 821 822
820 823 821
821 823 824
820 825 823
734 825 820
826 825 734
826 827 825
733 826 734
827 826 828
827 828 829
830 826 733
830 828 826
733 731 830
829 828 831
830 831 828
829 831 832
831 833 832
831 834 833
830 835 831
834 831 835
731 835 830
834 835 836
731 837 835
836 835 837
836 837 838
837 731 726
839 838 837
837 726 839
839 840 838
841 839 726
841 726 842
841 842 843
840 839 844
840 844 845
846 845 844
841 847 839
844 839 847
846 844 848
849 844 847
849 848 844
850 847 841
850 849 847
851 850 841
851 841 852
846 848 853
854 846 853
854 853 855
856 855 853
856 853 857
857 853 848
857 848 858
849 858 848
858 859 857
858 610 859
858 609 610
849 860 858
860 609 858
850 860 849
861 609 860
850 861 860
861 613 609
862 861 850
862 863 861
864 613 861
864 861 865
866 867 798
868 441 869
870 821 871
872 873 432
451 874 875
876 805 877
878 879 880
878 881 879
881 882 879
881 883 882
883 884 882
883 885 884
885 886 884
885 887 886
887 888 886
887 889 888
889 890 888
889 891 890
891 892 890
891 893 892
893 894 892
893 895 894
895 896 894
895 897 896
897 898 896
897 899 898
899 900 898
899 901 900
901 902 900
901 903 902
903 904 902
903 905 904
905 906 904
905 907 906
907 908 906
907 909 908
909 910 908
909 911 910
912 913 914
912 914 915
915 914 916
915 916 917
917 916 918
917 918 919
919 918 920
919 920 921
921 920 922
921 922 923
923 922 924
923 924 925
925 924 926
925 926 927
927 926 928
927 928 929
929 928 930
929 930 931
931 930 932
931 932 933
933 932 934
933 934 935
935 934 936
935 936 937
937 936 938
937 938 939
939 938 940
939 940 941
941 940 942
941 942 943
943 942 944
943 944 945
946 947 948
946 948 949
950 951 949
950 952 951
953 952 954
953 954 955
956 957 958
956 959 957
960 961 959
960 959 962
963 964 965
963 965 966
967 968 969
967 969 970
971 972 970
971 973 972
974 973 975
974 975 976
977 978 976
977 979 978
980 979 981
980 981 982
983 984 985
983 986 984
987 986 988
987 988 989
990 991 989
990 992 991
993 992 994
993 994 995
996 997 998
996 998 999
1000 1001 1002
1000 1002 1003
1004 1005 1006
1004 1006 1007
1008 1009 1010
1008 1010 1011
1012 1013 1011
1012 1014 1013
1015 1016 1017
1015 1017 1018
1019 1020 1018
1019 1021 1020
1022 1023 1024
1022 1024 1025
1026 1027 1022
1026 1028 1027
1029 1030 1031
1029 1031 1032
1033 1034 1035
1033 1035 1036
1037 1038 1039
1037 1039 1040
1041 1042 1043
1041 1043 1044
1045 1044 1043
1045 1043 1046
1043 1047 1046
1043 1048 1047
1045 1049 1044
1050 1049 1045
1045 1046 1051
1050 1045 1051
1049 1052 1044
1053 1044 1052
1053 1054 1044
1051 1046 1055
1046 1056 1055
1046 1057 1056
1050 1058 1049
1049 1059 1052
1058 1059 1049
1051 1055 1060
1050 1051 1061
1061 1051 1060
1059 1062 1052
1063 1052 1062
1063 1064 1052
1058 1065 1059
1059 1066 1062
1065 1066 1059
1067 1062 1066
1065 1068 1066
1068 1067 1066
1067 1069 1062
1069 1070 1062
1069 1071 1070
1058 1072 1065
1065 1073 1068
1065 1072 1073
1068 1074 1067
1073 1074 1068
1075 1069 1067
1074 1075 1067
1076 1073 1072
1076 1072 1077
1058 1078 1072
1079 1072 1078
1079 1078 1080
1050 1078 1058
1073 1081 1074
1081 1073 1082
1081 1082 1083
1050 1084 1078
1085 1078 1084
1085 1084 1086
1081 1087 1074
1074 1087 1075
1050 1088 1084
1050 1061 1088
1084 1088 1089
1084 1089 1090
1081 1091 1087
1091 1081 1092
1091 1092 1093
1091 1094 1087
1091 1095 1094
1095 1091 1096
1095 1096 1097
1087 1094 1098
1087 1098 1075
1098 1099 1075
1075 1099 1069
1099 1100 1069
1099 1101 1100
1098 1102 1099
1102 1103 1099
1102 1104 1103
1055 1105 1106
1055 1106 1107
1060 1055 1107
1060 1107 1108
1109 1060 1108
1061 1060 1109
1061 1109 1110
1061 1110 1088
1088 1110 1111
1088 1111 1112
1107 1113 1108
1109 1108 1114
1114 1108 1113
1109 1115 1110
1109 1114 1115
1110 1115 1116
1110 1116 1117
1118 1115 1114
1114 1113 1118
1107 1119 1113
1120 1119 1107
1120 1121 1119
1119 1122 1113
1118 1113 1122
1118 1123 1115
1124 1115 1123
1124 1123 1125
1126 1123 1118
1118 1122 1126
1119 1127 1122
1128 1127 1119
1128 1129 1127
1127 1130 1122
1126 1122 1130
1127 1131 1130
1132 1131 1127
1132 1133 1131
1126 1130 1134
1126 1135 1123
1134 1135 1126
1136 1123 1135
1136 1135 1137
1134 1138 1135
1139 1135 1138
1139 1138 1140
1141 1142 1143
1141 1143 1144
1145 1144 1143
1146 1144 1145
1146 1147 1144
1145 1143 1148
1148 1143 1149
1143 1150 1149
1149 1150 1151
1145 1148 1152
1145 1152 1153
1154 1145 1153
1154 1153 1155
1156 1153 1152
1157 1153 1156
1157 1156 1158
1152 1148 1159
1156 1152 1159
1148 1160 1159
1156 1159 1160
1148 1149 1160
1156 1160 1161
1161 1160 1149
1162 1156 1161
1162 1161 1163
1161 1149 1164
1165 1161 1164
1165 1164 1166
1167 1164 1149
1168 1164 1167
1168 1167 1169
1170 1169 1167
1167 1149 1151
1170 1167 1171
1171 1167 1151
1171 1151 1172
1151 1173 1172
1171 1172 1174
1172 1175 1174
1171 1174 1176
1177 1171 1176
1177 1178 1171
1179 1176 1174
1180 1176 1179
1180 1181 1176
1179 1174 1182
1174 1183 1182
1184 1179 1182
1185 1179 1184
1185 1186 1179
1184 1182 1187
1182 1188 1187
1189 1184 1187
1190 1184 1189
1190 1191 1184
1189 1187 1192
1187 1193 1192
1194 1189 1192
1195 1189 1194
1195 1196 1189
1194 1192 1197
1192 1198 1197
1194 1197 1199
1197 1200 1199
1197 1201 1200
1202 1199 1200
1194 1199 1203
1204 1194 1203
1204 1205 1194
1206 1203 1199
1206 1199 1202
1207 1203 1206
1207 1208 1203
1206 1202 1209
1210 1206 1209
1210 1211 1206
1209 1202 1212
1212 1202 1213
1209 1212 1214
1215 1209 1214
1215 1214 1216
1217 1218 1219
1217 1219 1144
1220 1221 1222
1220 1222 1223
1224 1220 1223
1225 1224 1223
1225 1223 1226
1224 1227 1220
1228 1220 1227
1228 1229 1220
1230 1229 1228
1231 1229 1230
1232 1231 1230
1233 1230 1228
1232 1230 1233
1234 1231 1232
1234 1235 1231
1236 1232 1233
1236 1233 1237
1233 1238 1237
1233 1239 1238
1233 1228 1239
1228 1240 1239
1239 1240 1241
1239 1241 1242
1228 1243 1240
1228 1227 1243
1243 1244 1240
1240 1244 1245
1240 1245 1246
1243 1227 1247
1243 1247 1244
1247 1227 1248
1244 1247 1248
1248 1227 1224
1248 1224 1249
1244 1248 1249
1249 1224 1250
1249 1250 1251
1244 1249 1252
1244 1252 1253
1254 1255 1256
1254 1257 1255
1258 1257 1254
1258 1259 1257
1260 1259 1258
1257 1259 1261
1262 1257 1261
1262 1261 1263
1261 1259 1264
1265 1264 1259
1261 1264 1266
1267 1261 1266
1267 1266 1268
1265 1269 1264
1265 1270 1269
1264 1271 1266
1264 1269 1271
1272 1266 1271
1272 1271 1273
1271 1269 1274
1269 1275 1274
1271 1274 1276
1277 1271 1276
1277 1276 1278
1276 1274 1279
1274 1280 1279
1276 1279 1281
1282 1276 1281
1282 1281 1283
1281 1279 1284
1279 1285 1284
1281 1284 1286
1287 1281 1286
1287 1286 1288
1286 1284 1234
1284 1289 1234
1286 1234 1290
1291 1286 1290
1291 1290 1292
1234 1232 1290
1293 1290 1232
1293 1232 1294
1295 1296 1297
1295 1223 1296
1298 1299 1300
1298 1300 1301
1302 1301 1300
1303 1301 1302
1303 1304 1301
1302 1300 1305
1305 1300 1306
1300 1307 1306
1306 1307 1308
1308 1307 1309
1310 1308 1309
1311 1306 1308
1310 1311 1308
1310 1309 1312
1309 1313 1312
1314 1311 1310
1314 1315 1311
1316 1311 1315
1316 1317 1311
1311 1317 1306
1318 1306 1317
1319 1318 1317
1319 1317 1320
1318 1321 1306
1305 1306 1321
1322 1321 1318
1323 1322 1318
1323 1318 1324
1305 1321 1325
1322 1325 1321
1326 1305 1325
1322 1326 1325
1302 1305 1326
1302 1326 1327
1322 1327 1326
1328 1302 1327
1328 1327 1329
1330 1327 1322
1330 1322 1331
1332 1333 1334
1332 1335 1333
1335 1336 1333
1335 1337 1336
1336 1337 1338
1339 1337 1335
1340 1339 1335
1340 1341 1339
1339 1342 1337
1337 1342 1343
1339 1344 1342
1345 1344 1339
1345 1346 1344
1347 1343 1342
1347 1348 1343
1349 1342 1344
1349 1347 1342
1350 1349 1344
1350 1351 1349
1349 1352 1347
1352 1353 1347
1349 1354 1352
1355 1354 1349
1355 1356 1354
1354 1357 1352
1357 1358 1352
1354 1359 1357
1360 1359 1354
1360 1361 1359
1359 1362 1357
1362 1363 1357
1359 1364 1362
1365 1364 1359
1365 1366 1364
1364 1312 1362
1312 1367 1362
1364 1368 1312
1369 1368 1364
1369 1370 1368
1310 1312 1368
1371 1310 1368
1371 1372 1310
1373 1374 1375
1373 1375 1301
1376 1377 1378
1376 1378 1379
1380 1376 1379
1381 1380 1379
1381 1379 1382
1380 1383 1376
1384 1376 1383
1384 1385 1376
1386 1385 1384
1387 1385 1386
1388 1387 1386
1389 1386 1384
1388 1386 1389
1390 1387 1388
1390 1391 1387
1392 1388 1389
1392 1389 1393
1389 1394 1393
1389 1395 1394
1389 1384 1395
1384 1396 1395
1395 1396 1397
1395 1397 1398
1384 1399 1396
1384 1383 1399
1399 1400 1396
1396 1400 1401
1396 1401 1402
1399 1383 1403
1399 1403 1400
1403 1383 1404
1400 1403 1404
1404 1383 1380
1404 1380 1405
1400 1404 1405
1405 1380 1406
1405 1406 1407
1400 1405 1408
1400 1408 1409
1410 1411 1412
1410 1413 1411
1414 1413 1410
1414 1415 1413
1416 1415 1414
1413 1415 1417
1418 1413 1417
1418 1417 1419
1417 1415 1420
1421 1420 1415
1417 1420 1422
1423 1417 1422
1423 1422 1424
1421 1425 1420
1421 1426 1425
1420 1427 1422
1420 1425 1427
1428 1422 1427
1428 1427 1429
1427 1425 1430
1425 1431 1430
1427 1430 1432
1433 1427 1432
1433 1432 1434
1432 1430 1435
1430 1436 1435
1432 1435 1437
1438 1432 1437
1438 1437 1439
1437 1435 1440
1435 1441 1440
1437 1440 1442
1443 1437 1442
1443 1442 1444
1442 1440 1390
1440 1445 1390
1442 1390 1446
1447 1442 1446
1447 1446 1448
1390 1388 1446
1449 1446 1388
1449 1388 1450
1451 1452 1453
1451 1379 1452
1454 1455 1456
1454 1456 1457
1458 1457 1456
1459 1457 1458
1459 1460 1457
1458 1456 1461
1461 1456 1462
1456 1463 1462
1462 1463 1464
1464 1463 1465
1466 1464 1465
1467 1462 1464
1466 1467 1464
1466 1465 1468
1465 1469 1468
1470 1467 1466
1470 1471 1467
1472 1467 1471
1472 1473 1467
1467 1473 1462
1474 1462 1473
1475 1474 1473
1475 1473 1476
1474 1477 1462
1461 1462 1477
1478 1477 1474
1479 1478 1474
1479 1474 1480
1461 1477 1481
1478 1481 1477
1482 1461 1481
1478 1482 1481
1458 1461 1482
1458 1482 1483
1478 1483 1482
1484 1458 1483
1484 1483 1485
1486 1483 1478
1486 1478 1487
1488 1489 1490
1488 1491 1489
1491 1492 1489
1491 1493 1492
1492 1493 1494
1495 1493 1491
1496 1495 1491
1496 1497 1495
1495 1498 1493
1493 1498 1499
1495 1500 1498
1501 1500 1495
1501 1502 1500
1503 1499 1498
1503 1504 1499
1505 1498 1500
1505 1503 1498
1506 1505 1500
1506 1507 1505
1505 1508 1503
1508 1509 1503
1505 1510 1508
1511 1510 1505
1511 1512 1510
1510 1513 1508
1513 1514 1508
1510 1515 1513
1516 1515 1510
1516 1517 1515
1515 1518 1513
1518 1519 1513
1515 1520 1518
1521 1520 1515
1521 1522 1520
1520 1468 1518
1468 1523 1518
1520 1524 1468
1525 1524 1520
1525 1526 1524
1466 1468 1524
1527 1466 1524
1527 1528 1466
1529 1530 1531
1529 1531 1457
1532 1533 1534
1532 1534 1535
1536 1532 1535
1537 1536 1535
1537 1535 1538
1536 1539 1532
1540 1532 1539
1540 1541 1532
1542 1541 1540
1543 1541 1542
1544 1543 1542
1545 1542 1540
1544 1542 1545
1546 1543 1544
1546 1547 1543
1548 1544 1545
1548 1545 1549
1545 1550 1549
1545 1551 1550
1545 1540 1551
1540 1552 1551
1551 1552 1553
1551 1553 1554
1540 1555 1552
1540 1539 1555
1555 1556 1552
1552 1556 1557
1552 1557 1558
1555 1539 1559
1555 1559 1556
1559 1539 1560
1556 1559 1560
1560 1539 1536
1560 1536 1561
1556 1560 1561
1561 1536 1562
1561 1562 1563
1556 1561 1564
1556 1564 1565
1566 1567 1568
1566 1569 1567
1570 1569 1566
1570 1571 1569
1572 1571 1570
1569 1571 1573
1574 1569 1573
1574 1573 1575
1573 1571 1576
1577 1576 1571
1573 1576 1578
1579 1573 1578
1579 1578 1580
1577 1581 1576
1577 1582 1581
1576 1583 1578
1576 1581 1583
1584 1578 1583
1584 1583 1585
1583 1581 1586
1581 1587 1586
1583 1586 1588
1589 1583 1588
1589 1588 1590
1588 1586 1591
1586 1592 1591
1588 1591 1593
1594 1588 1593
1594 1593 1595
1593 1591 1596
1591 1597 1596
1593 1596 1598
1599 1593 1598
1599 1598 1600
1598 1596 1546
1596 1601 1546
1598 1546 1602
1603 1598 1602
1603 1602 1604
1546 1544 1602
1605 1602 1544
1605 1544 1606
1607 1608 1609
1607 1535 1608
1610 1611 1612
1610 1612 1613
1614 1613 1612
1615 1613 1614
1615 1616 1613
1614 1612 1617
1617 1612 1618
1612 1619 1618
1618 1619 1620
1620 1619 1621
1622 1620 1621
1623 1618 1620
1622 1623 1620
1622 1621 1624
1621 1625 1624
1626 1623 1622
1626 1627 1623
1628 1623 1627
1628 1629 1623
1623 1629 1618
1630 1618 1629
1631 1630 1629
1631 1629 1632
1630 1633 1618
1617 1618 1633
1634 1633 1630
1635 1634 1630
1635 1630 1636
1617 1633 1637
1634 1637 1633
1638 1617 1637
1634 1638 1637
1614 1617 1638
1614 1638 1639
1634 1639 1638
1640 1614 1639
1640 1639 1641
1642 1639 1634
1642 1634 1643
1644 1645 1646
1644 1647 1645
1647 1648 1645
1647 1649 1648
1648 1649 1650
1651 1649 1647
1652 1651 1647
1652 1653 1651
1651 1654 1649
1649 1654 1655
1651 1656 1654
1657 1656 1651
1657 1658 1656
1659 1655 1654
1659 1660 1655
1661 1654 1656
1661 1659 1654
1662 1661 1656
1662 1663 1661
1661 1664 1659
1664 1665 1659
1661 1666 1664
1667 1666 1661
1667 1668 1666
1666 1669 1664
1669 1670 1664
1666 1671 1669
1672 1671 1666
1672 1673 1671
1671 1674 1669
1674 1675 1669
1671 1676 1674
1677 1676 1671
1677 1678 1676
1676 1624 1674
1624 1679 1674
1676 1680 1624
1681 1680 1676
1681 1682 1680
1622 1624 1680
1683 1622 1680
1683 1684 1622
1685 1686 1687
1685 1687 1613
1688 1689 1690
1688 1690 1691
1692 1688 1691
1693 1692 1691
1693 1691 1694
1692 1695 1688
1696 1688 1695
1696 1697 1688
1698 1697 1696
1699 1697 1698
1700 1699 1698
1701 1698 1696
1700 1698 1701
1702 1699 1700
1702 1703 1699
1704 1700 1701
1704 1701 1705
1701 1706 1705
1701 1707 1706
1701 1696 1707
1696 1708 1707
1707 1708 1709
1707 1709 1710
1696 1711 1708
1696 1695 1711
1711 1712 1708
1708 1712 1713
1708 1713 1714
1711 1695 1715
1711 1715 1712
1715 1695 1716
1712 1715 1716
1716 1695 1692
1716 1692 1717
1712 1716 1717
1717 1692 1718
1717 1718 1719
1712 1717 1720
1712 1720 1721
1722 1723 1724
1722 1725 1723
1726 1725 1722
1726 1727 1725
1728 1727 1726
1725 1727 1729
1730 1725 1729
1730 1729 1731
1729 1727 1732
1733 1732 1727
1729 1732 1734
1735 1729 1734
1735 1734 1736
1733 1737 1732
1733 1738 1737
1732 1739 1734
1732 1737 1739
1740 1734 1739
1740 1739 1741
1739 1737 1742
1737 1743 1742
1739 1742 1744
1745 1739 1744
1745 1744 1746
1744 1742 1747
1742 1748 1747
1744 1747 1749
1750 1744 1749
1750 1749 1751
1749 1747 1752
1747 1753 1752
1749 1752 1754
1755 1749 1754
1755 1754 1756
1754 1752 1702
1752 1757 1702
1754 1702 1758
1759 1754 1758
1759 1758 1760
1702 1700 1758
1761 1758 1700
1761 1700 1762
1763 1764 1765
1763 1691 1764
1766 1767 1768
1766 1769 1767
1770 1769 1766
1770 1771 1769
1772 1771 1770
1773 1771 1772
1774 1773 1772
1774 1775 1773
1776 1775 1774
1776 1777 1775
1778 1777 1776
1778 1779 1777
1778 1780 1779
1781 1774 1772
1782 1776 1774
1782 1774 1781
1783 1778 1776
1783 1776 1782
1784 1780 1778
1784 1778 1783
1785 1780 1784
1785 1786 1780
1787 1783 1782
1787 1784 1783
1781 1772 1788
1772 1770 1788
1789 1782 1781
1787 1782 1789
1790 1781 1788
1789 1781 1790
1788 1770 1791
1790 1788 1791
1791 1770 1792
1792 1770 1766
1792 1766 1793
1793 1766 1794
1793 1794 1795
1796 1784 1787
1797 1784 1796
1797 1798 1784
1799 1787 1789
1796 1787 1799
1800 1789 1790
1799 1789 1800
1801 1790 1791
1800 1790 1801
1802 1799 1800
1802 1796 1799
1801 1791 1803
1791 1792 1803
1804 1800 1801
1802 1800 1804
1805 1801 1803
1804 1801 1805
1803 1792 1806
1805 1803 1806
1806 1792 1807
1807 1792 1793
1807 1793 1808
1808 1793 1809
1808 1809 1810
1811 1796 1802
1812 1796 1811
1812 1813 1796
1814 1802 1804
1811 1802 1814
1815 1804 1805
1814 1804 1815
1816 1805 1806
1815 1805 1816
1817 1814 1815
1817 1811 1814
1816 1806 1818
1806 1807 1818
1819 1815 1816
1817 1815 1819
1820 1816 1818
1819 1816 1820
1818 1807 1821
1820 1818 1821
1821 1807 1822
1822 1807 1808
1821 1822 1823
1822 1808 1824
1824 1808 1825
1824 1825 1826
1827 1821 1823
1827 1820 1821
1828 1820 1827
1828 1819 1820
1829 1819 1828
1829 1817 1819
1830 1817 1829
1830 1811 1817
1831 1811 1830
1831 1832 1811
1833 1834 1835
1833 1836 1834
1837 1836 1833
1837 1838 1836
1839 1838 1837
1840 1838 1839
1841 1840 1839
1841 1842 1840
1843 1842 1841
1843 1844 1842
1845 1844 1843
1845 1846 1844
1845 1847 1846
1848 1841 1839
1849 1843 1841
1849 1841 1848
1850 1845 1843
1850 1843 1849
1851 1847 1845
1851 1845 1850
1852 1847 1851
1852 1853 1847
1854 1850 1849
1854 1851 1850
1848 1839 1855
1839 1837 1855
1856 1849 1848
1854 1849 1856
1857 1848 1855
1856 1848 1857
1855 1837 1858
1857 1855 1858
1858 1837 1859
1859 1837 1833
1859 1833 1860
1860 1833 1861
1860 1861 1862
1863 1851 1854
1864 1851 1863
1864 1865 1851
1866 1854 1856
1863 1854 1866
1867 1856 1857
1866 1856 1867
1868 1857 1858
1867 1857 1868
1869 1866 1867
1869 1863 1866
1868 1858 1870
1858 1859 1870
1871 1867 1868
1869 1867 1871
1872 1868 1870
1871 1868 1872
1870 1859 1873
1872 1870 1873
1873 1859 1874
1874 1859 1860
1874 1860 1875
1875 1860 1876
1875 1876 1877
1878 1863 1869
1879 1863 1878
1879 1880 1863
1881 1869 1871
1878 1869 1881
1882 1871 1872
1881 1871 1882
1883 1872 1873
1882 1872 1883
1884 1881 1882
1884 1878 1881
1883 1873 1885
1873 1874 1885
1886 1882 1883
1884 1882 1886
1887 1883 1885
1886 1883 1887
1885 1874 1888
1887 1885 1888
1888 1874 1889
1889 1874 1875
1888 1889 1890
1889 1875 1891
1891 1875 1892
1891 1892 1893
1894 1888 1890
1894 1887 1888
1895 1887 1894
1895 1886 1887
1896 1886 1895
1896 1884 1886
1897 1884 1896
1897 1878 1884
1898 1878 1897
1898 1899 1878
1900 1901 1902
1903 1901 1900
1903 1904 1901
1905 1904 1903
1905 1906 1904
1907 1906 1905
1908 1909 1910
1908 1911 1909
1912 1911 1908
1911 1913 1909
1912 1914 1911
1915 1914 1912
1911 1916 1913
1914 1916 1911
1917 1913 1916
1915 1918 1914
1919 1918 1915
1919 1920 1918
1917 1916 1921
1922 1917 1921
1914 1923 1916
1918 1923 1914
1921 1916 1923
1920 1924 1918
1918 1924 1923
1920 1925 1924
1921 1923 1926
1922 1921 1926
1926 1923 1924
1927 1924 1925
1926 1924 1927
1922 1926 1927
1927 1925 1928
1922 1927 1928
1929 1930 1931
1929 1932 1930
1933 1932 1929
1932 1934 1930
1933 1935 1932
1936 1935 1933
1932 1937 1934
1935 1937 1932
1938 1934 1937
1936 1939 1935
1940 1939 1936
1940 1941 1939
1938 1937 1942
1943 1938 1942
1935 1944 1937
1939 1944 1935
1942 1937 1944
1941 1945 1939
1939 1945 1944
1941 1946 1945
1942 1944 1947
1943 1942 1947
1947 1944 1945
1948 1945 1946
1947 1945 1948
1943 1947 1948
1948 1946 1949
1943 1948 1949
1950 1951 1952
1950 1953 1951
1954 1953 1950
1954 1955 1953
1956 1955 1954
1956 1957 1955
1958 1957 1956
1958 1959 1957
1960 1959 1958
1960 1961 1959
1962 1961 1960
1962 1963 1961
1964 1963 1962
1964 1965 1963
1966 1965 1964
1966 1967 1965
1968 1967 1966
1968 1969 1967
1970 1969 1968
1970 1971 1969
1972 1973 1974
1972 1974 1975
1976 1977 1978
1976 1978 1979
1980 1981 1982
1980 1982 1983
1984 1985 1986
1984 1986 1987
1988 1989 1990
1988 1990 1991
1992 1993 1994
1992 1994 1995
1996 1997 1998
1996 1998 1999
2000 2001 2002
2000 2002 2003
2004 2005 2006
2004 2006 2007
2008 2007 2009
2008 2009 2010
2011 2012 2013
2011 2013 2014
2015 2016 2017
2015 2017 2018
2019 2020 2021
2019 2021 2022
2023 2022 2024
2023 2024 2025
2026 2025 2027
2026 2027 2028
2029 2030 2031
2029 2031 2032
2033 2034 2035
2033 2035 2036
2037 2038 2039
2037 2039 2040
2040 2039 2041
2040 2041 2042
2042 2041 2043
2044 2041 2039
2043 2041 2044
2045 2040 2042
2046 2040 2045
2046 2045 2047
2045 2042 2048
2042 2049 2048
2042 2050 2049
2042 2043 2050
2050 2051 2049
2050 2052 2051
2043 2052 2050
2051 2052 2053
2051 2053 2054
2053 2055 2054
2043 2056 2052
2056 2053 2052
2053 2057 2055
2057 2058 2055
2056 2059 2053
2057 2053 2059
2057 2060 2058
2060 2061 2058
2060 2057 2062
2057 2059 2062
2060 2063 2061
2060 2062 2063
2063 2064 2061
2063 2065 2064
2065 2063 2062
2065 2066 2064
2065 2062 2067
2067 2062 2059
2065 2067 2066
2067 2059 2068
2066 2067 2068
2068 2059 2056
2066 2068 2069
2068 2070 2069
2068 2056 2071
2068 2071 2070
2071 2056 2043
2070 2071 2072
2071 2043 2072
2070 2072 2073
2043 2044 2072
2073 2072 2044
2073 2044 2074
2074 2044 2075
2044 2039 2075
2075 2039 2076
2075 2076 2077
2074 2075 2078
2078 2075 2079
2078 2079 2080
2081 2082 2083
2081 2083 2084
2084 2083 2085
2084 2085 2086
2086 2085 2087
2086 2087 2088
2088 2087 2089
2088 2089 2090
2090 2089 2091
2090 2091 2092
2092 2091 2093
2092 2093 2094
2094 2093 2095
2094 2095 2096
2096 2095 2097
2096 2097 2098
2099 2095 2093
2099 2097 2095
2093 2091 2100
2093 2100 2099
2091 2089 2101
2091 2101 2100
2102 2089 2087
2102 2101 2089
2098 2097 2103
2098 2103 2104
2105 2097 2099
2105 2103 2097
2104 2103 2106
2105 2106 2103
2104 2106 2107
2108 2105 2099
2108 2099 2100
2106 2105 2108
2107 2106 2109
2106 2108 2109
2107 2109 2110
2100 2111 2108
2100 2101 2111
2109 2108 2111
2110 2109 2112
2109 2111 2112
2110 2112 2113
2113 2112 2114
2114 2112 2111
2113 2114 2115
2116 2111 2101
2114 2111 2116
2116 2101 2102
2115 2114 2117
2117 2114 2116
2115 2117 2118
2117 2119 2118
2120 2116 2102
2117 2116 2120
2117 2121 2119
2121 2117 2120
2121 2122 2119
2121 2123 2122
2120 2102 2124
2124 2102 2087
2124 2087 2085
2121 2120 2125
2125 2120 2124
2126 2121 2125
2126 2125 2127
2128 2124 2085
2125 2124 2128
2129 2125 2128
2129 2128 2130
2128 2085 2083
2083 2131 2128
2083 2132 2131
2133 2134 2135
2133 2136 2134
2137 2136 2133
2137 2138 2136
2139 2138 2137
2139 2140 2138
2141 2140 2139
2141 2142 2140
2142 2141 2143
2142 2143 2144
2145 2146 2147
2145 2147 2148
2149 2145 2148
2148 2147 2150
2149 2148 2151
2152 2149 2151
2148 2150 2153
2151 2148 2153
2153 2150 2154
2153 2154 2155
2155 2154 2156
2151 2153 2157
2157 2153 2155
2155 2156 2158
2158 2156 2159
2157 2155 2160
2160 2155 2158
2151 2157 2161
2161 2157 2160
2152 2151 2162
2151 2161 2162
2163 2152 2162
2163 2164 2152
2162 2161 2165
2162 2165 2163
2161 2160 2166
2166 2165 2161
2160 2158 2167
2167 2166 2160
2158 2159 2168
2167 2158 2168
2169 2164 2163
2169 2170 2164
2159 2171 2168
2159 2172 2171
2171 2172 2173
2171 2173 2174
2167 2168 2175
2175 2168 2171
2176 2171 2174
2175 2171 2176
2176 2174 2177
2175 2178 2167
2167 2178 2166
2176 2179 2175
2175 2179 2178
2177 2180 2176
2176 2180 2179
2177 2181 2180
2178 2182 2166
2166 2182 2165
2179 2183 2178
2178 2183 2182
2181 2184 2180
2181 2185 2184
2180 2186 2179
2179 2186 2183
2180 2184 2186
2182 2183 2187
2186 2187 2183
2165 2182 2188
2182 2187 2188
2185 2189 2184
2185 2190 2189
2184 2191 2186
2186 2191 2187
2184 2189 2191
2192 2189 2190
2192 2190 2193
2194 2192 2193
2195 2187 2191
2188 2187 2195
2189 2196 2191
2189 2192 2196
2195 2191 2196
2165 2188 2197
2163 2165 2197
2163 2197 2169
2194 2198 2192
2198 2194 2199
2200 2196 2192
2200 2192 2198
2197 2188 2201
2188 2195 2201
2169 2197 2202
2197 2201 2202
2198 2199 2203
2203 2199 2204
2203 2204 2205
2206 2195 2196
2206 2196 2200
2207 2201 2195
2207 2202 2201
2207 2195 2206
2169 2202 2208
2208 2170 2169
2208 2209 2170
2210 2200 2198
2210 2198 2203
2203 2205 2211
2210 2203 2211
2211 2205 2212
2213 2206 2200
2213 2200 2210
2214 2208 2202
2207 2214 2202
2209 2208 2215
2214 2215 2208
2210 2211 2216
2213 2210 2216
2211 2212 2217
2216 2211 2217
2217 2212 2218
2219 2207 2206
2219 2206 2213
2220 2214 2207
2215 2214 2220
2220 2207 2219
2221 2209 2215
2215 2220 2221
2221 2222 2209
2213 2216 2223
2219 2213 2223
2217 2218 2224
2224 2218 2225
2216 2217 2226
2223 2216 2226
2217 2224 2226
2221 2220 2227
2227 2220 2219
2228 2222 2221
2221 2227 2228
2228 2229 2222
2224 2225 2230
2231 2230 2225
2219 2223 2232
2227 2219 2232
2223 2226 2233
2232 2223 2233
2226 2224 2234
2230 2234 2224
2233 2226 2234
2231 2235 2230
2235 2234 2230
2235 2231 2236
2235 2236 2237
2238 2235 2237
2235 2238 2234
2238 2237 2239
2227 2232 2240
2232 2233 2240
2233 2234 2241
2241 2234 2238
2240 2233 2241
2242 2238 2239
2241 2238 2242
2242 2239 2243
2227 2240 2244
2228 2227 2244
2240 2241 2245
2245 2241 2242
2244 2240 2245
2246 2242 2243
2245 2242 2246
2246 2243 2247
2248 2245 2246
2244 2245 2248
2249 2246 2247
2248 2246 2249
2249 2247 2250
2249 2250 2251
2249 2251 2252
2248 2249 2252
2253 2252 2251
2253 2254 2252
2252 2254 2255
2248 2252 2256
2252 2255 2256
2244 2248 2256
2256 2255 2257
2244 2256 2258
2256 2257 2258
2228 2244 2258
2258 2257 2229
2258 2229 2228
2259 2260 2261
2259 2261 2262
2262 2261 2263
2261 2264 2263
2261 2265 2264
2265 2261 2266
2265 2266 2267
2264 2265 2268
2269 2268 2265
2269 2265 2270
2263 2264 2271
2264 2268 2272
2271 2264 2272
2262 2263 2273
2263 2271 2274
2273 2263 2274
2272 2268 2275
2268 2276 2275
2268 2277 2276
2271 2272 2278
2274 2271 2279
2279 2271 2278
2272 2275 2280
2280 2278 2272
2281 2262 2273
2262 2281 2282
2262 2282 2283
2273 2274 2284
2274 2279 2285
2284 2274 2285
2281 2273 2286
2284 2286 2273
2279 2278 2287
2280 2288 2278
2288 2287 2278
2289 2285 2279
2287 2289 2279
2284 2285 2290
2284 2291 2286
2290 2291 2284
2289 2292 2285
2290 2285 2292
2293 2281 2286
2294 2281 2293
2294 2295 2281
2296 2286 2291
2293 2286 2296
2290 2297 2291
2290 2292 2298
2298 2297 2290
2296 2291 2299
2299 2291 2297
2300 2293 2296
2293 2300 2301
2293 2301 2302
2300 2296 2303
2303 2296 2299
2303 2299 2304
2304 2299 2305
2299 2297 2305
2304 2305 2306
2305 2297 2307
2298 2307 2297
2306 2305 2308
2305 2307 2308
2306 2308 2309
2309 2308 2310
2309 2310 2311
2308 2307 2312
2308 2312 2310
2313 2307 2298
2313 2312 2307
2311 2310 2314
2311 2314 2315
2310 2312 2316
2310 2316 2314
2315 2314 2317
2315 2317 2318
2317 2319 2318
2298 2320 2313
2298 2292 2320
2321 2312 2313
2321 2316 2312
2314 2316 2322
2314 2322 2317
2317 2323 2319
2324 2319 2323
2313 2325 2321
2313 2320 2325
2326 2316 2321
2326 2322 2316
2326 2321 2325
2292 2327 2320
2292 2289 2327
2317 2322 2328
2317 2328 2323
2324 2323 2329
2329 2323 2328
2329 2330 2324
2329 2331 2330
2329 2328 2331
2331 2332 2330
2333 2328 2322
2333 2331 2328
2333 2322 2326
2331 2334 2332
2333 2334 2331
2332 2334 2335
2336 2333 2326
2326 2325 2336
2334 2333 2337
2334 2337 2335
2336 2337 2333
2338 2337 2336
2338 2335 2337
2339 2336 2325
2338 2336 2339
2339 2325 2340
2340 2325 2320
2340 2320 2327
2341 2339 2340
2327 2342 2340
2341 2340 2342
2343 2338 2339
2343 2339 2341
2327 2344 2342
2289 2344 2327
2289 2345 2344
2287 2345 2289
2346 2345 2287
2288 2346 2287
2347 2341 2342
2348 2342 2344
2347 2342 2348
2349 2344 2345
2348 2344 2349
2350 2343 2341
2350 2341 2347
2346 2351 2345
2349 2345 2351
2346 2288 2352
2353 2351 2346
2346 2352 2353
2349 2351 2354
2353 2354 2351
2348 2349 2355
2349 2354 2355
2356 2347 2348
2348 2355 2356
2357 2350 2347
2356 2357 2347
2358 2352 2288
2358 2288 2280
2359 2358 2280
2359 2280 2275
2360 2359 2275
2360 2275 2361
2362 2355 2354
2356 2355 2363
2362 2363 2355
2364 2357 2356
2356 2363 2364
2365 2362 2354
2365 2354 2353
2353 2366 2365
2353 2352 2366
2352 2367 2366
2352 2358 2367
2368 2367 2358
2368 2358 2359
2369 2368 2359
2369 2359 2370
2363 2362 2371
2362 2365 2372
2362 2372 2371
2365 2366 2373
2365 2373 2372
2366 2367 2374
2366 2374 2373
2367 2368 2375
2367 2375 2374
2368 2376 2375
2368 2377 2376
2363 2371 2378
2364 2363 2378
2379 2371 2372
2379 2380 2371
2378 2371 2380
2372 2381 2379
2372 2373 2381
2373 2382 2381
2373 2374 2382
2374 2383 2382
2374 2375 2383
2375 2384 2383
2375 2385 2384
2378 2380 2386
2386 2387 2378
2386 2388 2387
2364 2378 2387
2389 2387 2388
2389 2388 2390
2391 2364 2387
2391 2387 2389
2364 2391 2357
2392 2389 2390
2392 2390 2393
2391 2394 2357
2357 2394 2350
2395 2391 2389
2395 2389 2392
2391 2395 2394
2396 2392 2393
2395 2392 2396
2396 2393 2397
2396 2397 2398
2399 2394 2395
2395 2396 2399
2350 2394 2400
2399 2400 2394
2399 2396 2401
2396 2398 2401
2399 2401 2400
2350 2400 2402
2343 2350 2402
2398 2403 2401
2404 2403 2398
2403 2404 2335
2405 2400 2401
2405 2402 2400
2405 2401 2403
2343 2402 2406
2405 2406 2402
2338 2343 2406
2403 2335 2407
2407 2405 2403
2338 2407 2335
2338 2406 2407
2407 2406 2405
2408 2409 2410
2408 2411 2409
2411 2408 2412
2411 2412 2413
2411 2413 2414
2411 2414 2415
2416 2412 2408
2413 2412 2417
2416 2417 2412
2416 2408 2418
2419 2416 2418
2418 2408 2420
2418 2420 2421
2413 2417 2422
2423 2413 2422
2423 2422 2424
2425 2424 2422
2425 2422 2426
2427 2422 2417
2427 2417 2428
2416 2429 2417
2429 2416 2419
2429 2430 2417
2429 2431 2430
2429 2419 2432
2433 2429 2432
2433 2432 2434
2419 2435 2432
2432 2435 2436
2432 2436 2437
2419 2438 2435
2419 2439 2438
2419 2440 2439
2419 2418 2440
2440 2418 2441
2440 2441 2442
2440 2443 2439
2440 2444 2443
2445 2435 2438
2435 2445 2446
2435 2446 2447
2438 2439 2448
2439 2449 2448
2439 2450 2449
2445 2438 2451
2438 2448 2451
2452 2451 2448
2448 2453 2452
2448 2454 2453
2452 2455 2451
2455 2445 2451
2456 2455 2452
2456 2452 2457
2455 2458 2445
2459 2458 2455
2459 2460 2458
2461 2458 2460
2461 2462 2458
2463 2445 2458
2463 2464 2445
2465 2466 2467
2465 2467 2468
2469 2470 2471
2469 2471 2472
2473 2474 2475
2473 2475 2476
2477 2478 2479
2477 2479 2480
2481 2482 2483
2481 2483 2484
2485 2486 2487
2485 2487 2488
2489 2490 2491
2489 2491 2492
2493 2494 2495
2493 2495 2496
2497 2498 2499
2497 2499 2500
2501 2502 2503
2501 2503 2504
2505 2506 2507
2505 2508 2506
2509 2508 2510
2509 2510 2511
2512 2513 2511
2512 2514 2513
2515 2516 2517
2515 2517 2518
2519 2520 2521
2519 2521 2522
2523 2524 2525
2523 2526 2524
2526 2527 2524
2526 2528 2527
2528 2529 2527
2530 2524 2527
2530 2527 2529
2531 2528 2526
2531 2526 2532
2531 2532 2533
2531 2534 2528
2535 2528 2534
2535 2536 2528
2528 2536 2529
2537 2536 2535
2537 2538 2536
2538 2529 2536
2537 2539 2538
2537 2540 2539
2541 2539 2540
2538 2542 2529
2542 2538 2539
2541 2543 2539
2544 2543 2541
2542 2539 2545
2543 2545 2539
2544 2546 2543
2547 2546 2544
2546 2548 2543
2543 2548 2545
2547 2549 2546
2546 2549 2548
2550 2549 2547
2550 2551 2549
2551 2548 2549
2552 2551 2550
2551 2553 2548
2553 2545 2548
2552 2553 2551
2553 2554 2545
2552 2554 2553
2554 2542 2545
2552 2555 2554
2556 2554 2555
2554 2557 2542
2556 2557 2554
2557 2529 2542
2556 2558 2557
2557 2558 2529
2556 2559 2558
2530 2529 2558
2559 2530 2558
2559 2560 2530
2560 2561 2530
2530 2561 2524
2561 2562 2524
2561 2563 2562
2560 2564 2561
2564 2565 2561
2564 2566 2565
2567 2568 2569
2567 2570 2568
2570 2571 2568
2570 2572 2571
2572 2573 2571
2572 2574 2573
2574 2575 2573
2574 2576 2575
2576 2577 2575
2576 2578 2577
2578 2579 2577
2578 2580 2579
2580 2581 2579
2580 2582 2581
2582 2583 2581
2582 2584 2583
2579 2581 2585
2581 2583 2585
2579 2586 2577
2579 2585 2586
2577 2587 2575
2577 2586 2587
2588 2573 2575
2588 2575 2587
2584 2589 2583
2584 2590 2589
2585 2583 2591
2583 2589 2591
2590 2592 2589
2589 2592 2591
2590 2593 2592
2585 2591 2594
2585 2594 2586
2592 2594 2591
2593 2595 2592
2592 2595 2594
2593 2596 2595
2586 2594 2597
2586 2597 2587
2595 2597 2594
2596 2598 2595
2595 2598 2597
2596 2599 2598
2599 2600 2598
2600 2597 2598
2599 2601 2600
2602 2587 2597
2600 2602 2597
2602 2588 2587
2601 2603 2600
2603 2602 2600
2601 2604 2603
2605 2603 2604
2606 2588 2602
2603 2606 2602
2605 2607 2603
2607 2606 2603
2608 2607 2605
2608 2609 2607
2606 2610 2588
2610 2573 2588
2610 2571 2573
2607 2611 2606
2611 2610 2606
2612 2611 2607
2612 2613 2611
2614 2571 2610
2611 2614 2610
2615 2614 2611
2615 2616 2614
2614 2568 2571
2568 2614 2617
2568 2617 2618
2619 2620 2621
2619 2621 2622
2623 2619 2622
2623 2622 2624
2625 2623 2624
2625 2624 2626
2627 2625 2626
2627 2626 2628
2628 2629 2627
2628 2630 2629
2631 2632 2633
2631 2633 2634
2634 2635 2631
2634 2633 2636
2634 2637 2635
2637 2638 2635
2634 2636 2639
2639 2637 2634
2639 2636 2640
2637 2641 2638
2641 2642 2638
2639 2643 2637
2643 2641 2637
2641 2644 2642
2644 2645 2642
2643 2646 2641
2646 2644 2641
2647 2643 2639
2647 2646 2643
2639 2640 2648
2647 2639 2648
2649 2648 2640
2649 2640 2650
2651 2647 2648
2651 2648 2649
2647 2652 2646
2652 2647 2651
2646 2653 2644
2653 2646 2652
2644 2654 2645
2653 2654 2644
2655 2649 2650
2655 2650 2656
2645 2654 2657
2645 2657 2658
2657 2659 2658
2657 2660 2659
2653 2661 2654
2661 2657 2654
2662 2660 2657
2661 2662 2657
2662 2663 2660
2653 2652 2664
2661 2653 2664
2662 2661 2665
2661 2664 2665
2663 2662 2666
2662 2665 2666
2663 2666 2667
2664 2652 2668
2652 2651 2668
2665 2664 2669
2664 2668 2669
2670 2667 2666
2670 2671 2667
2666 2665 2672
2665 2669 2672
2666 2672 2670
2668 2673 2669
2672 2669 2673
2651 2674 2668
2668 2674 2673
2671 2670 2675
2671 2675 2676
2670 2672 2677
2672 2673 2677
2670 2677 2675
2678 2676 2675
2678 2679 2676
2679 2678 2680
2677 2673 2681
2674 2681 2673
2675 2677 2682
2675 2682 2678
2677 2681 2682
2651 2683 2674
2683 2651 2649
2683 2649 2655
2678 2684 2680
2685 2680 2684
2686 2678 2682
2686 2684 2678
2683 2687 2674
2674 2687 2681
2655 2688 2683
2683 2688 2687
2689 2685 2684
2690 2685 2689
2689 2691 2690
2692 2682 2681
2692 2686 2682
2693 2681 2687
2693 2687 2688
2693 2692 2681
2655 2694 2688
2694 2655 2656
2694 2656 2695
2696 2689 2684
2696 2684 2686
2689 2697 2691
2696 2697 2689
2697 2698 2691
2699 2686 2692
2699 2696 2686
2700 2688 2694
2693 2688 2700
2701 2694 2695
2700 2694 2701
2696 2702 2697
2699 2702 2696
2697 2703 2698
2702 2703 2697
2703 2704 2698
2705 2699 2692
2705 2692 2693
2706 2693 2700
2701 2706 2700
2706 2705 2693
2707 2701 2695
2701 2707 2706
2707 2695 2708
2699 2709 2702
2705 2709 2699
2703 2710 2704
2710 2711 2704
2702 2712 2703
2709 2712 2702
2712 2710 2703
2707 2713 2706
2713 2705 2706
2714 2707 2708
2707 2714 2713
2714 2708 2715
2710 2716 2711
2717 2711 2716
2705 2718 2709
2713 2718 2705
2709 2719 2712
2718 2719 2709
2720 2710 2712
2710 2720 2716
2719 2720 2712
2717 2716 2721
2721 2716 2720
2721 2722 2717
2721 2723 2722
2724 2723 2721
2721 2720 2724
2724 2725 2723
2713 2726 2718
2718 2726 2719
2719 2727 2720
2727 2724 2720
2726 2727 2719
2728 2725 2724
2727 2728 2724
2728 2729 2725
2713 2730 2726
2714 2730 2713
2726 2731 2727
2731 2728 2727
2730 2731 2726
2732 2729 2728
2731 2732 2728
2732 2733 2729
2734 2732 2731
2730 2734 2731
2735 2733 2732
2734 2735 2732
2735 2736 2733
2737 2736 2735
2737 2735 2738
2738 2735 2734
2738 2739 2737
2738 2740 2739
2738 2741 2740
2738 2734 2742
2738 2742 2741
2742 2734 2730
2742 2743 2741
2742 2730 2744
2742 2744 2743
2714 2744 2730
2744 2715 2743
2744 2714 2715
2745 2746 2747
2745 2747 2748
2749 2745 2748
2750 2745 2749
2750 2751 2745
2751 2752 2745
2751 2753 2752
2754 2751 2750
2755 2751 2754
2755 2756 2751
2757 2750 2749
2754 2750 2758
2758 2750 2757
2749 2748 2759
2757 2749 2760
2760 2749 2759
2761 2754 2758
2762 2754 2761
2762 2763 2754
2758 2757 2764
2760 2765 2757
2765 2764 2757
2761 2758 2766
2766 2758 2764
2759 2748 2767
2748 2768 2767
2748 2769 2768
2760 2759 2770
2760 2771 2765
2771 2760 2770
2759 2767 2772
2772 2770 2759
2765 2773 2764
2766 2764 2774
2774 2764 2773
2771 2775 2765
2773 2765 2775
2771 2770 2776
2772 2777 2770
2777 2776 2770
2771 2778 2775
2778 2771 2776
2772 2767 2779
2767 2780 2779
2767 2781 2780
2777 2772 2782
2772 2779 2782
2777 2783 2776
2778 2776 2784
2784 2776 2783
2777 2782 2785
2783 2777 2785
2782 2779 2786
2779 2787 2786
2779 2788 2787
2782 2786 2789
2785 2782 2789
2785 2789 2790
2791 2785 2790
2783 2785 2791
2791 2790 2792
2793 2783 2791
2784 2783 2793
2794 2791 2792
2793 2791 2794
2794 2792 2795
2796 2794 2795
2796 2795 2797
2798 2793 2794
2798 2794 2796
2793 2799 2784
2793 2798 2799
2800 2796 2797
2800 2797 2801
2796 2802 2798
2796 2800 2802
2803 2800 2801
2803 2801 2804
2805 2803 2804
2784 2799 2806
2784 2806 2778
2807 2799 2798
2807 2798 2802
2808 2802 2800
2808 2800 2803
2805 2809 2803
2810 2809 2805
2811 2799 2807
2811 2806 2799
2802 2812 2807
2802 2808 2812
2812 2811 2807
2778 2806 2813
2778 2813 2775
2803 2809 2814
2803 2814 2808
2810 2815 2809
2815 2814 2809
2816 2815 2810
2816 2817 2815
2815 2817 2814
2817 2816 2818
2808 2814 2819
2819 2814 2817
2808 2819 2812
2817 2818 2820
2819 2817 2820
2821 2820 2818
2819 2822 2812
2812 2822 2811
2820 2823 2819
2820 2821 2823
2819 2823 2822
2822 2823 2824
2821 2824 2823
2811 2822 2825
2822 2824 2825
2811 2825 2826
2806 2811 2826
2806 2826 2813
2827 2826 2825
2828 2813 2826
2827 2828 2826
2825 2824 2829
2825 2829 2827
2828 2830 2813
2775 2813 2830
2775 2830 2831
2773 2775 2831
2832 2773 2831
2774 2773 2832
2828 2827 2833
2830 2828 2834
2828 2833 2834
2835 2831 2830
2830 2834 2835
2827 2829 2836
2827 2836 2833
2832 2831 2837
2835 2837 2831
2832 2838 2774
2837 2839 2832
2832 2839 2838
2835 2840 2837
2837 2840 2839
2834 2841 2835
2835 2841 2840
2833 2842 2834
2834 2842 2841
2836 2843 2833
2833 2843 2842
2774 2838 2844
2774 2844 2766
2845 2766 2844
2845 2761 2766
2846 2761 2845
2846 2847 2761
2848 2840 2841
2849 2841 2842
2848 2841 2849
2850 2842 2843
2849 2842 2850
2851 2840 2848
2851 2839 2840
2839 2851 2852
2839 2852 2838
2853 2838 2852
2853 2844 2838
2854 2844 2853
2854 2845 2844
2855 2845 2854
2855 2856 2845
2857 2848 2849
2848 2858 2851
2848 2857 2858
2851 2859 2852
2851 2858 2859
2852 2860 2853
2852 2859 2860
2853 2861 2854
2853 2860 2861
2862 2854 2861
2862 2863 2854
2857 2849 2864
2850 2864 2849
2857 2865 2858
2857 2866 2865
2864 2866 2857
2858 2865 2867
2858 2867 2859
2859 2867 2868
2859 2868 2860
2860 2868 2869
2860 2869 2861
2861 2869 2870
2861 2870 2871
2864 2872 2866
2872 2864 2873
2872 2873 2874
2850 2873 2864
2874 2873 2875
2874 2875 2876
2877 2873 2850
2877 2875 2873
2850 2843 2877
2878 2876 2875
2878 2879 2876
2877 2843 2880
2836 2880 2843
2881 2875 2877
2881 2878 2875
2877 2880 2881
2882 2879 2878
2881 2882 2878
2882 2883 2879
2882 2884 2883
2880 2885 2881
2881 2885 2882
2886 2880 2836
2880 2886 2885
2885 2887 2882
2882 2887 2884
2885 2886 2887
2886 2836 2888
2829 2888 2836
2887 2889 2884
2884 2889 2890
2821 2890 2889
2891 2887 2886
2891 2886 2888
2889 2887 2891
2829 2892 2888
2888 2892 2891
2824 2892 2829
2821 2889 2893
2891 2893 2889
2821 2893 2824
2824 2893 2892
2891 2892 2893
2894 2895 2896
2897 2895 2894
2896 2895 2898
2899 2895 2897
2898 2895 2900
2901 2895 2899
2900 2895 2902
2903 2895 2901
2902 2895 2904
2905 2895 2903
2904 2895 2906
2906 2895 2905
2907 2908 2909
2910 2907 2909
2908 2911 2909
2912 2910 2909
2911 2913 2909
2914 2912 2909
2913 2915 2909
2916 2914 2909
2915 2917 2909
2918 2916 2909
2917 2919 2909
2919 2918 2909
2920 2921 2922
2920 2922 2923
2924 2921 2920
2920 2923 2925
2926 2924 2920
2920 2925 2927
2928 2926 2920
2920 2927 2929
2930 2928 2920
2920 2929 2931
2932 2930 2920
2931 2932 2920
