byte offset: 0
first index: 0
index count: 15108
topology: trianglelist
format: DXGI_FORMAT_R16_UINT

0 1 2
3 4 2
5 2 6
2 7 6
2 8 7
6 7 9
7 8 10
7 10 9
8 11 10
8 12 11
2 13 8
14 8 13
14 15 8
16 13 2
17 16 2
9 10 18
10 19 18
10 20 19
9 18 21
22 9 21
6 9 22
22 21 23
24 6 22
24 25 6
26 22 23
24 22 26
26 23 27
28 26 27
28 27 29
30 26 28
30 24 26
24 30 31
24 32 33
32 24 34
35 36 37
38 37 39
39 37 40
39 40 41
41 40 42
39 41 43
39 43 44
41 45 43
41 46 45
41 42 47
48 47 42
48 42 49
50 41 47
50 51 41
52 47 48
52 48 53
54 48 49
54 49 55
54 55 56
54 57 48
54 58 57
48 57 59
48 59 60
61 54 62
54 63 64
57 65 66
57 66 67
57 67 68
57 68 69
67 70 71
67 72 70
72 67 73
72 73 74
75 72 76
75 76 77
78 72 75
78 75 79
75 80 81
75 81 82
75 82 83
83 84 75
83 85 84
83 82 86
86 87 83
88 83 87
88 87 89
82 90 86
90 82 91
90 91 92
93 94 95
96 95 97
97 98 96
95 99 97
95 100 99
100 101 99
100 102 101
99 101 103
99 103 104
97 99 104
104 103 105
97 104 106
97 106 107
104 105 108
106 104 108
108 105 109
108 109 110
110 109 111
110 111 112
106 108 113
113 108 110
114 106 113
115 106 114
113 110 116
114 113 116
116 110 117
116 117 118
114 116 119
120 119 116
120 116 121
122 114 119
123 114 122
123 122 124
122 119 125
126 125 119
126 119 127
128 122 125
129 122 128
129 130 122
128 125 131
132 131 125
132 133 131
134 128 131
134 131 135
136 135 131
136 137 135
134 138 128
139 128 138
139 140 128
141 134 135
138 134 142
141 142 134
143 141 135
135 144 143
135 145 144
138 142 146
147 138 146
147 148 138
147 149 148
142 150 146
141 151 142
142 151 150
146 152 147
146 150 152
147 152 153
150 153 152
141 154 151
155 150 151
154 155 151
156 154 141
143 156 141
156 157 154
154 157 155
158 157 156
158 156 143
150 159 153
155 159 150
155 157 160
158 160 157
159 155 161
155 160 161
153 159 162
159 161 162
163 161 160
163 160 158
163 158 164
165 161 163
165 162 161
166 162 165
165 163 167
165 167 168
166 165 168
166 168 169
153 162 170
166 170 162
171 153 170
171 170 166
147 153 171
172 147 171
173 147 172
173 172 174
172 171 175
175 171 166
175 166 176
176 166 177
176 177 178
39 179 180
181 114 182
183 184 185
186 183 187
186 187 188
189 183 186
190 183 189
190 191 183
183 191 192
192 191 193
189 186 194
195 190 189
196 189 194
195 189 196
197 194 186
198 196 194
198 194 197
197 186 199
199 186 200
199 200 201
202 197 199
202 199 203
203 199 204
203 204 205
206 197 202
206 198 197
206 207 198
208 207 206
207 208 209
207 209 210
198 207 211
211 207 212
211 212 213
211 196 198
211 214 196
214 211 215
214 215 216
214 195 196
214 217 195
217 214 218
217 218 219
195 217 220
220 190 195
220 217 221
221 217 222
221 222 223
220 224 190
220 221 225
225 224 220
224 226 190
190 226 191
226 227 191
224 227 226
191 227 228
191 228 229
228 227 230
224 231 227
232 227 231
225 221 233
233 221 234
233 234 235
224 236 231
225 236 224
233 237 225
237 233 238
237 238 239
225 237 240
225 240 236
240 237 241
241 237 242
241 242 243
241 244 240
244 241 245
244 245 246
236 247 231
240 248 236
236 248 247
240 244 249
240 249 248
249 250 248
231 247 251
231 251 252
248 253 247
248 250 253
247 253 254
251 253 255
253 250 255
251 255 256
249 244 257
257 244 258
257 258 259
257 260 249
249 260 250
250 261 255
255 261 262
257 263 260
263 257 264
263 264 265
263 266 260
266 263 267
266 267 268
260 269 250
260 266 269
250 270 261
250 269 270
269 266 271
271 266 272
271 272 273
271 274 269
274 271 275
274 275 276
269 274 277
269 277 270
261 270 278
279 261 278
277 274 280
280 274 281
280 281 282
270 277 283
270 283 278
280 284 277
284 280 285
284 285 286
277 284 287
277 287 283
287 284 288
288 284 289
288 289 290
288 291 287
288 292 291
292 288 293
292 293 294
287 291 295
287 295 296
283 287 296
296 295 297
296 297 298
283 296 298
298 297 299
298 299 300
283 298 301
301 298 302
301 302 303
278 283 301
278 301 304
305 278 304
304 301 306
304 306 307
279 304 307
308 309 310
311 312 310
313 314 310
315 316 310
317 318 310
319 320 310
321 322 310
323 324 310
325 326 310
327 328 310
329 330 310
331 332 310
333 334 310
335 336 310
337 338 310
338 339 310
340 341 310
341 342 310
343 344 345
345 346 347
345 347 348
347 349 348
350 345 348
351 350 348
352 345 350
351 352 350
351 348 353
354 353 348
352 355 345
355 356 345
351 353 357
358 352 351
359 351 357
359 358 351
352 360 355
358 361 352
361 360 352
357 353 362
353 363 362
353 364 363
357 362 365
359 357 366
366 357 365
365 362 367
365 367 368
362 369 367
366 365 370
370 365 368
367 371 368
372 371 367
372 373 371
368 371 374
371 375 374
368 374 376
374 377 376
378 377 374
370 368 379
368 376 380
379 368 380
366 370 381
382 370 379
370 382 381
382 383 381
382 384 383
382 379 385
385 386 382
385 387 386
385 379 388
379 380 388
388 389 385
388 390 389
380 391 388
391 392 388
391 393 392
391 380 394
394 395 391
394 396 395
380 397 394
380 376 397
397 398 394
398 399 394
398 400 399
376 401 397
376 377 401
398 397 402
402 403 398
402 404 403
397 405 402
397 401 405
405 406 402
406 407 402
406 408 407
406 405 409
406 409 410
410 411 406
410 412 411
405 413 409
405 414 413
401 414 405
414 415 413
414 416 415
401 416 414
416 417 415
416 418 417
401 419 416
419 420 416
419 421 420
377 419 401
377 422 419
423 422 377
422 424 419
422 425 424
378 425 422
355 426 427
428 429 355
428 430 429
360 428 355
360 431 428
432 431 360
361 432 360
433 428 431
434 431 432
434 433 431
433 435 428
435 436 428
435 437 436
438 435 433
438 439 435
439 440 435
439 441 440
442 438 433
442 433 434
442 434 443
444 442 443
443 445 444
443 446 445
434 447 443
447 448 443
447 449 448
447 434 432
447 432 450
450 451 447
450 452 451
450 432 361
450 361 453
453 454 450
453 455 454
361 358 453
358 456 453
456 457 453
456 458 457
358 359 456
359 459 456
459 460 456
459 461 460
459 359 462
462 463 459
462 464 463
359 366 462
366 465 462
465 466 462
465 467 466
465 366 381
381 468 465
381 469 468
470 471 472
473 474 470
473 475 474
473 470 476
476 470 477
476 477 478
479 473 476
480 476 478
481 479 476
481 476 480
482 481 480
479 481 483
482 483 481
473 479 484
479 483 484
473 484 485
484 483 486
485 484 486
473 485 487
488 473 487
487 485 489
480 478 490
482 480 491
491 480 490
483 492 486
482 493 483
483 493 492
494 492 493
495 486 492
495 492 494
495 496 486
496 497 486
495 494 498
499 486 497
499 497 500
485 486 499
501 499 500
501 500 502
485 499 503
485 503 504
505 498 494
505 506 498
507 485 508
509 510 494
509 511 510
494 512 509
494 513 512
494 493 513
493 514 513
512 513 514
493 482 514
514 482 515
512 514 516
516 514 515
482 517 515
518 515 517
482 491 517
491 518 517
491 519 518
491 490 519
520 518 519
490 520 519
512 516 521
516 515 522
521 516 522
515 523 522
515 518 523
524 512 521
509 512 524
521 522 525
523 525 522
526 524 521
526 521 525
527 523 518
523 528 525
527 528 523
520 529 518
529 527 518
526 525 530
528 530 525
509 524 531
532 509 531
532 533 509
534 524 526
531 524 534
535 529 520
535 520 536
490 536 520
537 536 490
537 490 478
538 537 478
538 478 539
540 536 537
535 536 540
540 537 541
541 537 542
541 542 543
531 534 544
531 544 545
544 546 545
534 547 544
544 547 548
534 549 547
549 550 547
551 547 550
551 550 552
549 534 553
534 526 553
553 526 554
526 530 554
530 555 554
549 553 556
554 556 553
549 557 550
557 549 556
554 558 556
555 558 554
557 556 559
558 559 556
530 560 555
528 560 530
561 560 528
527 561 528
561 562 560
562 555 560
527 563 561
563 562 561
557 564 550
564 557 559
527 565 563
565 527 529
565 529 566
535 566 529
567 563 565
567 565 566
563 568 562
562 569 555
569 562 568
567 570 563
570 568 563
571 566 535
567 566 572
571 572 566
573 567 572
573 572 571
574 571 535
574 535 540
575 570 567
573 575 567
573 571 576
574 576 571
577 574 540
577 540 541
574 578 576
578 574 577
579 577 541
579 578 577
580 579 541
580 541 581
575 573 582
575 582 583
584 573 576
584 576 578
584 585 573
586 573 585
586 585 587
584 578 588
588 578 589
579 589 578
590 588 589
591 589 579
590 589 591
592 591 579
592 579 593
594 590 591
594 595 590
596 597 598
599 597 600
601 597 602
603 597 604
605 597 606
607 597 608
609 597 610
611 597 612
613 597 614
615 597 616
617 597 618
619 597 620
621 597 622
623 597 624
625 597 626
626 597 627
628 597 629
629 597 630
631 487 632
633 531 634
635 636 637
635 638 639
635 639 640
641 635 640
642 635 641
642 643 635
643 644 635
643 645 644
646 645 643
646 643 647
643 642 648
643 648 647
642 649 648
650 642 641
642 650 649
651 649 650
650 641 652
651 650 652
641 640 653
652 641 653
648 654 647
654 648 649
651 652 655
652 653 656
655 652 656
640 657 653
653 658 656
653 657 658
640 659 657
660 659 640
660 661 659
662 657 659
663 662 659
663 664 662
662 665 657
665 658 657
666 665 662
667 666 662
667 668 666
666 669 665
665 670 658
669 670 665
671 669 666
672 671 666
672 673 671
674 658 670
674 675 658
656 658 675
656 675 676
655 656 676
676 677 655
677 651 655
675 678 676
676 678 677
674 679 675
675 679 678
669 680 670
681 674 670
681 670 680
674 682 679
681 682 674
683 680 669
671 683 669
683 684 680
684 681 680
685 683 671
685 684 683
686 685 671
687 686 671
687 688 686
685 689 684
689 690 684
684 690 681
689 691 690
690 692 681
681 692 682
691 693 690
690 693 692
691 694 693
694 695 693
694 696 695
693 697 692
693 695 697
692 698 682
692 697 698
696 699 695
696 700 699
695 701 697
695 699 701
697 701 702
697 702 698
682 698 703
682 703 679
678 679 703
700 704 699
700 705 704
699 706 701
706 702 701
698 702 707
698 707 703
705 708 704
705 709 708
704 710 699
699 710 706
708 710 704
709 711 708
709 712 711
708 713 710
706 710 713
711 713 708
706 714 702
714 707 702
712 715 711
712 716 715
716 717 715
716 718 717
719 717 718
719 718 720
721 719 720
715 722 711
717 722 715
706 713 723
714 706 723
711 724 713
722 724 711
717 725 722
719 725 717
713 726 723
713 724 726
722 727 724
725 727 722
724 728 726
724 727 728
714 723 729
723 726 730
723 730 729
731 726 728
730 726 731
727 732 728
732 731 728
725 733 727
727 733 732
719 734 725
734 733 725
735 714 729
714 735 707
736 707 735
703 707 736
703 736 737
678 703 737
738 678 737
738 677 678
739 737 736
739 738 737
719 740 734
734 741 733
740 741 734
742 733 741
742 732 733
719 743 740
721 743 719
740 744 741
744 742 741
745 743 721
746 745 721
747 740 743
747 744 740
746 748 745
746 749 748
745 750 743
748 750 745
750 747 743
748 751 750
750 751 752
750 752 747
752 753 747
747 753 744
752 754 753
753 754 755
744 753 756
753 755 756
744 756 757
744 757 742
755 758 756
756 758 757
755 759 758
758 759 760
758 761 757
758 760 761
742 757 762
761 762 757
760 763 761
761 763 762
760 764 763
763 764 765
763 765 766
766 765 767
742 762 768
732 742 768
763 769 762
763 766 769
766 767 770
770 767 771
732 768 772
732 772 731
762 773 768
773 772 768
762 769 773
766 770 774
766 774 769
770 771 775
775 774 770
775 771 776
731 772 777
773 777 772
769 778 773
769 774 778
778 777 773
775 776 779
779 776 780
731 777 781
730 731 781
775 782 774
779 782 775
774 783 778
774 782 783
778 784 777
784 781 777
783 784 778
785 730 781
784 785 781
783 786 784
785 784 786
782 787 783
787 786 783
779 788 782
782 788 787
779 780 789
788 779 789
780 790 789
780 791 790
790 791 792
793 788 789
793 789 790
788 794 787
788 793 794
794 793 795
793 790 796
790 792 796
795 793 796
792 797 796
797 795 796
792 798 797
797 798 799
797 799 800
795 797 800
799 801 800
799 802 801
801 802 803
800 801 804
795 800 804
801 803 805
801 805 804
805 806 804
803 807 805
805 807 806
803 808 807
807 808 809
795 804 810
810 804 806
807 809 811
806 807 811
809 812 811
809 813 812
812 813 814
815 811 812
815 806 811
812 814 816
816 815 812
816 814 817
795 810 818
794 795 818
806 815 819
816 820 815
819 815 820
816 817 821
820 816 821
817 822 821
817 823 822
822 823 824
825 821 822
825 820 821
822 824 826
825 822 826
827 825 826
824 828 826
828 827 826
824 829 828
828 829 830
828 830 831
831 827 828
831 830 832
820 825 833
833 825 827
831 832 834
834 832 835
820 833 836
819 820 836
831 837 827
834 837 831
834 835 838
838 835 839
834 840 837
838 840 834
827 837 841
841 837 840
833 827 842
827 841 842
843 833 842
841 843 842
833 844 836
833 843 844
845 819 836
845 836 844
838 839 846
838 847 840
847 838 846
839 848 846
839 849 848
848 849 850
851 847 846
848 851 846
848 850 852
852 850 853
854 848 852
854 851 848
852 853 855
854 852 855
856 854 855
853 857 855
857 856 855
853 858 857
857 858 859
851 854 860
860 854 856
847 851 861
851 860 861
857 859 862
856 857 862
859 863 862
859 864 863
863 864 865
863 865 866
863 866 867
862 863 868
863 867 868
856 862 868
869 868 867
856 868 869
869 867 870
871 869 870
871 870 872
871 872 873
856 869 874
860 856 874
869 875 874
869 871 875
876 860 874
876 874 875
871 873 877
873 878 877
879 877 878
880 871 877
879 880 877
881 871 880
881 875 871
879 881 880
875 881 882
875 882 876
881 879 882
860 876 883
860 883 861
884 876 882
884 883 876
885 879 878
885 878 886
879 887 882
887 884 882
888 885 886
888 886 889
879 885 890
879 890 887
885 888 891
885 891 890
892 888 889
892 889 893
888 894 891
888 892 894
895 892 893
895 893 896
892 897 894
892 895 897
898 895 896
898 896 899
895 900 897
895 898 900
901 898 899
901 899 902
903 900 898
903 898 901
904 901 902
904 902 905
901 906 903
901 904 906
907 904 905
907 905 908
904 907 909
904 909 906
910 907 908
907 910 909
910 908 911
912 910 911
912 911 913
914 900 903
903 906 915
903 915 914
914 916 900
897 900 916
906 909 917
906 917 915
915 918 914
918 916 914
897 916 919
894 897 919
917 920 915
915 920 918
894 919 921
891 894 921
891 921 922
890 891 922
890 922 923
887 890 923
887 923 924
884 887 924
884 924 925
883 884 925
883 925 926
861 883 926
924 927 925
927 926 925
923 928 924
924 928 927
922 929 923
923 929 928
921 930 922
922 930 929
861 926 931
847 861 931
840 847 931
931 926 932
927 932 926
840 931 933
931 932 933
841 840 933
934 841 933
934 933 932
841 934 843
932 927 935
932 935 934
934 936 843
934 935 936
927 937 935
927 928 937
928 929 938
928 938 937
935 937 939
935 939 936
940 936 939
941 843 936
940 941 936
941 844 843
937 942 939
937 938 942
942 940 939
844 941 943
943 941 940
844 943 845
929 944 938
929 930 944
938 945 942
938 944 945
942 946 940
945 946 942
930 947 944
944 948 945
944 947 948
930 949 947
921 949 930
919 949 921
919 950 949
916 950 919
949 951 947
949 950 951
916 952 950
918 952 916
950 952 953
950 953 951
947 951 954
947 954 948
955 952 918
955 953 952
951 953 956
951 956 954
918 957 955
918 920 957
958 953 955
958 956 953
955 957 959
955 959 958
948 954 960
954 956 961
954 961 960
962 956 958
962 961 956
958 963 962
958 959 963
964 961 962
962 963 964
948 960 965
948 965 945
960 961 966
964 966 961
965 960 967
960 966 967
965 968 945
945 968 946
968 965 969
946 968 969
965 967 970
965 970 969
946 969 971
940 946 971
940 971 972
943 940 972
971 973 972
973 943 972
969 974 971
971 974 973
973 975 943
975 845 943
970 976 969
969 976 974
977 973 974
975 973 977
976 978 974
977 974 978
976 979 978
979 976 970
975 980 845
819 845 980
819 980 981
806 819 981
810 806 981
982 981 980
982 980 975
982 810 981
982 975 983
975 977 983
810 982 984
983 984 982
810 984 818
985 977 978
979 985 978
986 983 977
985 986 977
987 818 984
987 794 818
983 988 984
986 988 983
987 984 988
794 987 989
794 989 787
787 989 786
987 988 990
990 988 986
989 991 786
785 786 991
992 989 987
992 987 990
989 992 991
990 986 993
993 992 990
992 994 991
994 785 991
992 993 994
986 995 993
986 985 995
994 996 785
785 996 730
729 730 996
993 997 994
997 996 994
993 995 997
729 996 998
997 998 996
735 729 998
999 998 997
999 735 998
995 999 997
736 735 999
995 1000 999
1000 736 999
985 1000 995
1000 739 736
985 1001 1000
1001 739 1000
979 1001 985
1001 1002 739
1001 979 1002
1002 738 739
979 970 1002
1002 1003 738
1003 1002 970
1003 677 738
1003 970 967
1003 1004 677
1004 1003 967
1004 967 966
677 1004 651
651 1004 966
651 966 964
651 964 649
963 649 964
963 654 649
959 654 963
959 1005 654
957 1005 959
1005 1006 654
654 1006 647
1006 1007 647
957 1008 1005
920 1008 957
1005 1009 1006
1008 1009 1005
1009 1010 1006
1009 1011 1010
920 1012 1008
917 1012 920
1008 1013 1009
1012 1013 1008
1013 1014 1009
1013 1015 1014
1016 1012 917
909 1016 917
1012 1017 1013
1016 1017 1012
1017 1018 1013
1017 1019 1018
1020 1017 1016
1020 1021 1017
909 1022 1016
1022 1023 1016
1022 1024 1023
910 1022 909
910 1025 1022
910 1026 1025
1027 1028 647
1029 1030 1031
1032 1033 1034
1035 1036 1037
1038 1039 1040
1041 1042 1043
1044 1045 1046
1047 1048 1049
1047 1050 1051
1047 1051 1052
1052 1053 1047
1050 1047 1054
1047 1055 1054
1054 1055 1056
1057 1055 1047
1055 1058 1056
1055 1059 1058
1059 1055 1060
1058 1059 1061
1059 1062 1061
1059 1063 1062
1058 1061 1064
1065 1058 1064
1065 1064 1066
1065 1066 1067
1068 1056 1058
1068 1058 1065
1065 1067 1069
1067 1070 1069
1067 1071 1070
1069 1070 1072
1065 1069 1073
1069 1072 1073
1065 1073 1068
1073 1072 1074
1073 1074 1075
1075 1068 1073
1075 1074 1076
1075 1076 1077
1075 1078 1068
1077 1078 1075
1078 1056 1068
1077 1079 1078
1079 1080 1078
1078 1080 1056
1079 1081 1080
1082 1080 1081
1082 1083 1080
1083 1056 1080
1084 1083 1082
1083 1085 1056
1054 1056 1085
1084 1086 1083
1085 1083 1086
1086 1084 1087
1054 1085 1088
1085 1086 1088
1086 1087 1089
1090 1089 1087
1054 1088 1091
1050 1054 1091
1086 1092 1088
1086 1089 1092
1092 1091 1088
1090 1093 1089
1094 1092 1089
1094 1089 1093
1090 1095 1093
1090 1096 1095
1097 1095 1096
1097 1096 1098
1099 1095 1097
1100 1093 1095
1099 1100 1095
1100 1094 1093
1101 1100 1099
1101 1102 1100
1102 1094 1100
1103 1102 1101
1103 1104 1102
1102 1105 1094
1104 1105 1102
1105 1092 1094
1104 1106 1105
1106 1107 1105
1106 1108 1107
1105 1109 1092
1107 1109 1105
1092 1109 1091
1110 1091 1109
1110 1109 1107
1110 1050 1091
1108 1111 1107
1108 1112 1111
1113 1111 1112
1113 1112 1114
1115 1111 1113
1115 1116 1111
1107 1111 1116
1117 1116 1115
1107 1116 1118
1110 1107 1118
1117 1119 1116
1118 1116 1119
1120 1119 1117
1120 1121 1119
1118 1119 1122
1121 1122 1119
1122 1110 1118
1121 1123 1122
1123 1124 1122
1123 1125 1124
1124 1125 1126
1122 1127 1110
1122 1124 1127
1127 1050 1110
1128 1050 1127
1124 1128 1127
1128 1129 1050
1129 1051 1050
1124 1126 1130
1131 1130 1126
1131 1126 1132
1133 1130 1131
1133 1134 1130
1124 1130 1134
1135 1134 1133
1124 1136 1128
1124 1134 1136
1135 1137 1134
1136 1134 1137
1138 1137 1135
1138 1139 1137
1137 1139 1140
1128 1136 1141
1136 1137 1141
1137 1140 1141
1140 1142 1141
1140 1143 1142
1128 1141 1129
1129 1141 1142
1142 1143 1144
1142 1145 1129
1051 1129 1145
1145 1146 1051
1052 1051 1146
1142 1144 1147
1144 1148 1147
1144 1149 1148
1147 1148 1150
1147 1150 1151
1151 1142 1147
1151 1150 1152
1142 1153 1145
1151 1153 1142
1151 1152 1154
1154 1152 1155
1154 1155 1156
1154 1156 1157
1151 1158 1153
1151 1154 1158
1154 1157 1158
1145 1153 1158
1159 1158 1157
1145 1158 1160
1159 1160 1158
1145 1160 1146
1146 1160 1159
1146 1159 1161
1162 1146 1161
1162 1161 1163
1162 1163 1164
1162 1164 1165
1052 1146 1162
1052 1162 1166
1167 1052 1168
1169 1170 1171
1169 1172 1173
1169 1174 1172
1174 1169 1175
1173 1176 1169
1169 1176 1177
1176 1178 1177
1179 1169 1177
1177 1178 1180
1177 1180 1181
1181 1182 1177
1180 1183 1181
1181 1183 1184
1181 1184 1185
1180 1186 1183
1187 1186 1180
1187 1188 1186
1187 1189 1188
1190 1180 1178
1190 1187 1180
1187 1191 1189
1189 1191 1192
1189 1192 1193
1191 1194 1192
1187 1195 1191
1191 1195 1194
1187 1190 1195
1195 1196 1194
1195 1197 1196
1197 1195 1190
1197 1198 1196
1197 1199 1198
1197 1190 1200
1199 1197 1200
1200 1190 1178
1199 1200 1201
1201 1200 1202
1200 1178 1202
1201 1202 1203
1204 1203 1202
1204 1202 1205
1205 1202 1178
1206 1204 1205
1205 1178 1207
1176 1207 1178
1206 1205 1208
1207 1208 1205
1208 1209 1206
1176 1210 1207
1207 1210 1208
1208 1211 1209
1212 1209 1211
1176 1213 1210
1173 1213 1176
1208 1210 1214
1208 1214 1211
1214 1210 1213
1212 1211 1215
1216 1211 1214
1216 1215 1211
1212 1215 1217
1212 1217 1218
1219 1218 1217
1219 1217 1220
1221 1217 1215
1220 1217 1221
1221 1215 1216
1220 1221 1222
1222 1221 1223
1223 1221 1216
1222 1223 1224
1225 1224 1223
1225 1223 1226
1223 1216 1227
1226 1223 1227
1227 1216 1214
1226 1227 1228
1228 1227 1229
1228 1229 1230
1227 1214 1231
1229 1227 1231
1214 1213 1231
1232 1231 1213
1232 1229 1231
1232 1213 1173
1230 1229 1233
1230 1233 1234
1235 1234 1233
1235 1233 1236
1236 1233 1237
1229 1237 1233
1236 1237 1238
1229 1239 1237
1232 1239 1229
1238 1237 1240
1239 1240 1237
1238 1240 1241
1242 1241 1240
1242 1240 1243
1239 1244 1240
1243 1240 1244
1244 1239 1232
1243 1244 1245
1245 1244 1246
1245 1246 1247
1246 1248 1247
1244 1232 1249
1244 1249 1246
1249 1232 1173
1250 1249 1173
1246 1249 1250
1250 1173 1251
1251 1173 1172
1246 1252 1248
1253 1248 1252
1253 1254 1248
1255 1253 1252
1255 1252 1256
1246 1256 1252
1257 1255 1256
1246 1250 1258
1246 1258 1256
1257 1256 1259
1258 1259 1256
1260 1257 1259
1260 1259 1261
1259 1262 1261
1250 1263 1258
1258 1263 1259
1259 1263 1262
1262 1263 1264
1262 1264 1265
1250 1251 1263
1251 1264 1263
1264 1266 1265
1264 1251 1267
1172 1267 1251
1267 1172 1268
1174 1268 1172
1264 1269 1266
1266 1269 1270
1266 1270 1271
1269 1272 1270
1269 1273 1272
1273 1269 1264
1273 1274 1272
1264 1267 1275
1273 1264 1275
1273 1276 1274
1276 1277 1274
1276 1278 1277
1276 1279 1278
1273 1275 1280
1273 1280 1276
1276 1280 1279
1267 1280 1275
1281 1279 1280
1267 1282 1280
1281 1280 1282
1267 1268 1282
1268 1281 1282
1268 1283 1281
1284 1283 1268
1284 1285 1283
1284 1286 1285
1284 1287 1286
1174 1284 1268
1174 1288 1284
1289 1290 1174
1291 1292 1293
1294 1295 1293
1296 1295 1294
1297 1296 1294
1298 1296 1297
1296 1299 1295
1298 1300 1296
1300 1299 1296
1301 1293 1295
1302 1295 1299
1302 1301 1295
1303 1301 1302
1304 1303 1302
1303 1305 1301
1306 1302 1299
1304 1302 1306
1300 1307 1299
1306 1299 1307
1301 1308 1293
1305 1308 1301
1293 1308 1309
1310 1307 1300
1311 1306 1307
1311 1307 1310
1312 1311 1310
1310 1300 1313
1312 1310 1313
1313 1300 1298
1314 1304 1306
1314 1306 1311
1315 1314 1311
1312 1316 1311
1315 1311 1316
1317 1304 1314
1315 1317 1314
1318 1316 1312
1319 1315 1316
1319 1316 1318
1315 1320 1317
1320 1321 1317
1320 1322 1321
1315 1323 1320
1315 1319 1323
1320 1323 1324
1320 1324 1325
1317 1326 1304
1327 1326 1317
1327 1328 1326
1329 1323 1319
1323 1329 1330
1323 1330 1331
1329 1319 1332
1318 1332 1319
1333 1329 1332
1318 1333 1332
1334 1304 1326
1335 1334 1326
1335 1326 1336
1334 1337 1304
1303 1304 1337
1338 1337 1334
1338 1334 1339
1333 1340 1329
1329 1340 1341
1329 1341 1342
1333 1318 1343
1340 1333 1343
1318 1344 1343
1318 1312 1344
1345 1344 1312
1346 1343 1344
1346 1344 1345
1345 1312 1347
1312 1313 1347
1340 1343 1348
1349 1340 1348
1349 1350 1340
1351 1348 1343
1351 1343 1346
1352 1348 1351
1352 1351 1353
1354 1347 1313
1355 1345 1347
1355 1347 1354
1354 1313 1356
1313 1298 1356
1357 1346 1345
1358 1351 1346
1358 1346 1357
1351 1358 1359
1351 1359 1360
1345 1355 1361
1345 1361 1357
1357 1362 1358
1357 1361 1362
1363 1358 1362
1363 1364 1358
1361 1355 1365
1361 1365 1362
1365 1366 1362
1365 1367 1366
1354 1365 1355
1354 1368 1365
1368 1369 1365
1368 1370 1369
1354 1371 1368
1354 1356 1371
1368 1371 1372
1368 1372 1373
1356 1374 1371
1356 1298 1374
1371 1374 1375
1371 1375 1376
1377 1374 1298
1378 1374 1377
1378 1379 1374
1377 1298 1380
1297 1380 1298
1297 1381 1380
1381 1382 1380
1383 1377 1380
1383 1380 1382
1383 1384 1377
1381 1385 1382
1386 1383 1382
1386 1382 1385
1386 1387 1383
1386 1388 1387
1389 1386 1385
1389 1390 1386
1390 1391 1386
1390 1392 1391
1385 1393 1389
1381 1393 1385
1393 1394 1389
1381 1394 1393
1394 1395 1389
1394 1396 1395
1396 1397 1395
1398 1396 1394
1381 1398 1394
1396 1399 1397
1399 1396 1398
1399 1398 1381
1399 1400 1397
1399 1381 1401
1297 1401 1381
1399 1402 1400
1402 1399 1401
1402 1403 1400
1402 1401 1404
1297 1404 1401
1402 1405 1403
1405 1402 1404
1405 1406 1403
1405 1407 1406
1407 1408 1406
1407 1409 1408
1405 1404 1410
1407 1405 1410
1297 1411 1404
1412 1410 1404
1411 1412 1404
1297 1413 1411
1411 1413 1412
1297 1294 1413
1294 1412 1413
1407 1410 1414
1412 1414 1410
1415 1407 1414
1415 1416 1407
1412 1417 1414
1294 1417 1412
1417 1418 1414
1417 1419 1418
1294 1420 1417
1421 1417 1420
1421 1420 1422
1294 1293 1420
1420 1293 1423
1424 1420 1425
1293 1426 1427
1428 1293 1429
1430 1431 1432
1433 1434 1435
1436 1437 1438
1439 1440 1441
1442 1443 1444
1445 1446 1447
1448 1449 1450
1448 1451 1452
1453 1452 1454
1455 1456 1457
1455 1458 1459
1455 1459 1460
1461 1462 1455
1461 1455 1463
1455 1464 1465
1455 1466 1464
1455 1467 1466
1466 1468 1464
1464 1468 1469
1468 1470 1469
1464 1469 1471
1472 1464 1471
1466 1473 1468
1473 1470 1468
1473 1466 1474
1473 1475 1470
1475 1473 1474
1476 1475 1474
1477 1474 1466
1478 1477 1466
1475 1479 1470
1476 1479 1475
1480 1474 1477
1481 1480 1477
1481 1477 1482
1483 1476 1474
1480 1483 1474
1484 1476 1483
1485 1483 1480
1485 1484 1483
1486 1485 1480
1487 1486 1480
1487 1480 1488
1489 1485 1486
1490 1489 1486
1490 1486 1491
1492 1484 1485
1489 1492 1485
1493 1492 1489
1494 1493 1489
1494 1489 1495
1493 1496 1492
1496 1497 1492
1492 1497 1484
1496 1498 1497
1497 1499 1484
1484 1499 1476
1498 1500 1497
1497 1500 1499
1498 1501 1500
1502 1500 1501
1502 1503 1500
1502 1504 1503
1504 1505 1503
1504 1506 1505
1500 1503 1507
1500 1507 1499
1503 1508 1507
1499 1509 1476
1499 1507 1509
1476 1509 1510
1476 1510 1479
1507 1511 1509
1507 1512 1511
1513 1512 1507
1513 1514 1512
1506 1515 1514
1506 1514 1516
1509 1511 1517
1509 1517 1510
1510 1517 1518
1510 1518 1519
1479 1510 1519
1519 1518 1520
1479 1519 1521
1479 1521 1470
1519 1520 1522
1521 1519 1522
1522 1520 1523
1470 1521 1524
1521 1522 1524
1522 1523 1525
1524 1522 1525
1525 1523 1526
1470 1524 1527
1470 1527 1469
1527 1524 1528
1524 1525 1528
1469 1527 1528
1525 1526 1529
1528 1525 1529
1529 1526 1530
1529 1530 1531
1528 1529 1532
1532 1529 1531
1533 1528 1532
1469 1528 1533
1534 1532 1531
1533 1532 1534
1534 1531 1535
1534 1535 1536
1537 1533 1534
1469 1533 1537
1538 1534 1536
1537 1534 1538
1469 1537 1539
1539 1537 1538
1540 1469 1539
1469 1540 1471
1471 1540 1541
1540 1539 1542
1542 1539 1538
1538 1536 1543
1536 1544 1543
1543 1544 1545
1546 1538 1543
1546 1543 1545
1542 1538 1546
1546 1545 1547
1540 1542 1548
1548 1542 1546
1549 1540 1548
1550 1546 1547
1548 1546 1550
1550 1547 1551
1552 1548 1550
1552 1550 1553
1554 1550 1551
1554 1551 1555
1556 1548 1557
1558 1471 1559
1560 1561 1562
1563 1564 1561
1564 1565 1561
1563 1561 1566
1563 1567 1564
1568 1564 1567
1568 1569 1564
1570 1566 1561
1571 1563 1566
1572 1563 1571
1573 1572 1571
1571 1566 1574
1575 1566 1570
1575 1574 1566
1576 1575 1570
1577 1575 1576
1576 1570 1578
1570 1561 1579
1578 1570 1579
1561 1580 1579
1573 1571 1581
1581 1571 1574
1582 1574 1575
1577 1582 1575
1581 1574 1583
1582 1583 1574
1584 1581 1583
1585 1583 1582
1585 1584 1583
1586 1584 1585
1584 1587 1581
1587 1573 1581
1586 1587 1584
1588 1582 1577
1588 1585 1582
1589 1585 1588
1586 1585 1590
1589 1590 1585
1591 1588 1577
1589 1588 1591
1592 1586 1590
1593 1590 1589
1593 1592 1590
1589 1591 1594
1594 1591 1595
1594 1595 1596
1589 1594 1597
1589 1597 1593
1594 1598 1597
1594 1599 1598
1591 1577 1600
1601 1591 1600
1601 1600 1602
1603 1593 1597
1597 1604 1603
1597 1605 1604
1603 1606 1593
1592 1593 1606
1607 1606 1603
1592 1606 1607
1608 1600 1577
1609 1600 1608
1609 1610 1600
1608 1577 1611
1576 1611 1577
1612 1608 1611
1612 1613 1608
1607 1603 1614
1603 1615 1614
1603 1616 1615
1607 1617 1592
1614 1617 1607
1592 1617 1618
1592 1618 1586
1619 1586 1618
1620 1618 1617
1620 1619 1618
1619 1621 1586
1586 1621 1587
1614 1622 1617
1623 1622 1614
1623 1614 1624
1625 1617 1622
1625 1620 1617
1626 1625 1622
1626 1627 1625
1628 1587 1621
1629 1621 1619
1629 1628 1621
1628 1630 1587
1587 1630 1573
1631 1619 1620
1632 1620 1625
1632 1631 1620
1625 1633 1632
1625 1634 1633
1619 1635 1629
1619 1631 1635
1631 1632 1636
1631 1636 1635
1637 1636 1632
1637 1632 1638
1635 1639 1629
1635 1636 1639
1639 1636 1640
1639 1640 1641
1628 1629 1639
1628 1639 1642
1642 1639 1643
1642 1643 1644
1628 1642 1645
1628 1645 1630
1642 1646 1645
1642 1647 1646
1630 1645 1648
1630 1648 1573
1645 1649 1648
1645 1650 1649
1651 1573 1648
1652 1651 1648
1652 1648 1653
1651 1654 1573
1572 1573 1654
1572 1654 1655
1655 1654 1656
1657 1654 1651
1657 1656 1654
1657 1651 1658
1655 1656 1659
1660 1656 1657
1660 1659 1656
1660 1657 1661
1660 1661 1662
1663 1659 1660
1663 1660 1664
1664 1660 1665
1664 1665 1666
1659 1663 1667
1655 1659 1667
1667 1663 1668
1655 1667 1668
1668 1663 1669
1668 1669 1670
1670 1669 1671
1672 1668 1670
1655 1668 1672
1670 1671 1673
1673 1672 1670
1673 1655 1672
1673 1671 1674
1673 1675 1655
1572 1655 1675
1673 1674 1676
1676 1675 1673
1676 1674 1677
1676 1678 1675
1572 1675 1678
1676 1677 1679
1679 1678 1676
1679 1677 1680
1679 1680 1681
1681 1680 1682
1681 1682 1683
1679 1684 1678
1681 1684 1679
1572 1678 1685
1686 1678 1684
1685 1678 1686
1572 1685 1687
1685 1686 1687
1572 1687 1563
1563 1687 1686
1563 1686 1567
1686 1684 1688
1681 1688 1684
1686 1688 1567
1689 1688 1681
1689 1681 1690
1567 1688 1691
1567 1691 1692
1693 1564 1694
1695 1696 1697
1698 1699 1700
1701 1702 1703
1579 1704 1705
1706 1579 1707
1706 1708 1579
1578 1579 1708
1578 1708 1709
1708 1710 1709
1708 1711 1710
1578 1709 1712
1713 1578 1712
1713 1714 1578
1576 1578 1714
1576 1714 1713
1576 1713 1715
1576 1715 1611
1715 1716 1611
1612 1611 1716
1709 1717 1712
1712 1718 1713
1712 1717 1718
1709 1719 1717
1720 1719 1709
1720 1721 1719
1717 1719 1722
1719 1723 1722
1719 1724 1723
1717 1722 1725
1725 1718 1717
1726 1718 1725
1726 1727 1718
1713 1718 1727
1728 1727 1726
1729 1727 1728
1729 1728 1730
1713 1727 1731
1729 1731 1727
1713 1731 1729
1713 1729 1715
1732 1729 1730
1715 1729 1732
1732 1730 1733
1715 1732 1716
1734 1732 1733
1734 1716 1732
1734 1733 1735
1734 1612 1716
1735 1736 1734
1735 1737 1736
1734 1738 1612
1734 1739 1738
1740 1612 1741
1740 1741 1742
1743 1744 1745
1746 1747 1748
1749 1750 1751
1749 1752 1753
1754 1755 1752
1756 1757 1758
1756 1759 1760
1756 1760 1761
1762 1763 1756
1762 1756 1764
1756 1765 1766
1756 1766 1767
1756 1767 1768
1767 1766 1769
1766 1770 1769
1769 1770 1771
1766 1772 1770
1773 1772 1766
1767 1769 1774
1774 1769 1771
1774 1775 1767
1774 1771 1776
1776 1775 1774
1777 1775 1776
1778 1767 1775
1779 1767 1778
1776 1771 1780
1777 1776 1780
1781 1778 1775
1782 1778 1781
1782 1783 1778
1784 1775 1777
1781 1775 1784
1785 1784 1777
1786 1781 1784
1786 1784 1785
1787 1781 1786
1788 1781 1787
1788 1789 1781
1790 1787 1786
1791 1787 1790
1791 1792 1787
1793 1786 1785
1790 1786 1793
1794 1790 1793
1795 1790 1794
1795 1796 1790
1794 1793 1797
1797 1793 1798
1793 1785 1798
1797 1798 1799
1798 1785 1800
1785 1777 1800
1799 1798 1801
1798 1800 1801
1799 1801 1802
1803 1802 1801
1803 1801 1804
1803 1804 1805
1805 1804 1806
1805 1806 1807
1801 1808 1804
1801 1800 1808
1804 1808 1809
1800 1777 1810
1800 1810 1808
1777 1811 1810
1777 1780 1811
1808 1810 1812
1808 1812 1813
1814 1808 1813
1814 1813 1815
1807 1816 1815
1807 1815 1817
1810 1818 1812
1810 1811 1818
1811 1819 1818
1811 1820 1819
1780 1820 1811
1820 1821 1819
1780 1822 1820
1780 1771 1822
1820 1823 1821
1822 1823 1820
1823 1824 1821
1771 1825 1822
1822 1825 1823
1823 1826 1824
1825 1826 1823
1826 1827 1824
1771 1828 1825
1771 1770 1828
1828 1829 1825
1825 1829 1826
1770 1829 1828
1826 1830 1827
1829 1830 1826
1830 1831 1827
1830 1832 1831
1829 1833 1830
1833 1832 1830
1834 1833 1829
1770 1834 1829
1835 1832 1833
1834 1835 1833
1835 1836 1832
1835 1837 1836
1838 1835 1834
1770 1838 1834
1839 1837 1835
1838 1839 1835
1770 1840 1838
1840 1839 1838
1841 1840 1770
1770 1772 1841
1772 1842 1841
1841 1843 1840
1843 1839 1840
1839 1844 1837
1837 1844 1845
1844 1846 1845
1847 1844 1839
1847 1846 1844
1843 1847 1839
1847 1848 1846
1841 1849 1843
1849 1847 1843
1850 1849 1841
1851 1848 1847
1849 1851 1847
1851 1852 1848
1853 1851 1849
1853 1854 1851
1855 1852 1851
1855 1856 1852
1857 1858 1849
1561 1859 1860
1861 1862 1561
1863 1864 1865
1866 1867 1868
1869 1870 1772
1308 1871 1872
1873 1874 1308
1873 1308 1875
1305 1875 1308
1305 1876 1875
1875 1876 1877
1875 1877 1878
1305 1879 1876
1880 1879 1305
1880 1305 1881
1303 1881 1305
1303 1880 1881
1303 1882 1880
1303 1337 1882
1882 1337 1883
1338 1883 1337
1876 1879 1884
1879 1880 1885
1879 1885 1884
1876 1884 1886
1887 1876 1886
1887 1886 1888
1884 1889 1886
1886 1889 1890
1886 1890 1891
1884 1892 1889
1892 1884 1885
1893 1892 1885
1893 1885 1894
1880 1894 1885
1895 1893 1894
1896 1895 1894
1896 1897 1895
1880 1898 1894
1896 1894 1898
1880 1896 1898
1880 1882 1896
1899 1897 1896
1882 1899 1896
1899 1900 1897
1882 1883 1899
1901 1900 1899
1901 1899 1883
1901 1902 1900
1901 1883 1338
1902 1901 1903
1902 1903 1904
1901 1338 1905
1901 1905 1906
1907 1908 1338
1907 1909 1908
1910 1911 1912
1913 1914 1915
1916 1917 1918
1919 1920 1921
1919 1922 1920
1923 1920 1922
1923 1922 1924
1924 1922 1925
1926 1925 1922
1926 1922 1927
1924 1925 16
16 1925 13
1928 13 1925
1928 1929 13
1930 1924 16
1930 16 1931
1923 1924 1932
1933 1932 1924
1933 1924 1934
1935 1920 1923
1932 1936 1923
1935 1923 1936
1937 1920 1935
1920 1937 1938
1920 1938 1939
1932 1940 1936
1941 1940 1932
1941 1932 1942
1941 1942 1943
1936 1940 1944
1935 1936 1945
1936 1944 1945
1940 1941 1946
1940 1946 1944
1941 1947 1946
1944 1946 1947
1935 1945 1948
1949 1945 1944
1948 1945 1949
1950 1935 1948
1937 1935 1950
1950 1948 1951
1948 1949 1951
1952 1950 1951
1952 1937 1950
1944 1947 1953
1949 1944 1953
1949 1954 1951
1952 1951 1954
1953 1955 1949
1949 1955 1954
1947 1956 1953
1953 1956 1955
1957 1954 1955
1957 1952 1954
1957 1958 1952
1959 1957 1955
1959 1955 1956
1960 1959 1956
1959 1961 1957
1959 1962 1961
1960 1962 1959
1960 1963 1962
1947 1964 1956
1960 1956 1964
1965 1964 1947
1965 1960 1964
1941 1965 1947
1966 1965 1941
1967 1966 1941
1967 1968 1966
1966 1969 1965
1969 1960 1965
1969 1970 1960
1970 1971 1960
1970 1972 1971
1973 1974 1975
1973 1975 1976
1977 1973 1976
1978 1977 1976
1977 1978 1979
1980 1979 1978
1980 1981 1979
1982 1978 1976
1983 1982 1976
1982 1984 1978
1984 1985 1978
1984 1986 1985
1982 1987 1984
1984 1988 1986
1984 1987 1988
1986 1988 1989
1989 1988 1987
1982 1990 1987
1989 1987 1991
1991 1987 1990
1986 1989 1992
1992 1989 1991
1993 1986 1992
1993 1994 1986
1995 1990 1982
1996 1995 1982
1996 1997 1995
1998 1991 1990
1995 1998 1990
1992 1991 1999
1999 1991 1998
1999 1998 1995
2000 1992 1999
1999 1995 2001
2000 1999 2002
1999 2001 2002
2002 2003 2004
2002 2004 2005
2006 2002 2005
2006 2007 2002
2005 2008 2009
2005 2009 2010
2010 2011 2005
2010 2012 2011
43 2010 2013
43 2013 2014
43 2015 2010
43 2016 2015
1937 2017 2018
1937 2019 2017
1952 2019 1937
2020 2019 1952
2020 2021 2019
2019 2022 2023
2019 2023 2024
2025 2026 2027
2025 2028 2026
2029 2028 2030
2029 2031 2028
2032 2031 2029
2032 2033 2031
2034 2035 2033
2034 2033 2036
2037 2026 2038
2037 2038 2039
2040 2038 2041
2040 2041 2042
2042 2041 2043
2042 2043 2044
2045 2043 2046
2045 2046 2047
2048 2046 2049
2048 2049 2050
2051 2052 2053
2051 2054 2052
2055 2054 2056
2055 2057 2054
2058 2059 2057
2058 2057 2060
2061 2052 2062
2061 2062 2063
2064 2062 2065
2064 2065 2066
2066 2065 2067
2066 2067 2068
2069 2067 2070
2069 2070 2071
2072 2070 2073
2072 2073 2074
2074 2073 2075
2074 2075 2076
2077 2075 2078
2077 2078 2079
2080 2078 2081
2080 2081 2082
2083 2081 2084
2083 2084 2085
2086 2084 2087
2086 2087 2088
2089 2087 2090
2089 2090 2091
2092 2090 2093
2092 2093 2094
2095 2096 2097
2095 2098 2096
2099 2098 2100
2099 2101 2098
2102 2101 2103
2102 2104 2101
2105 2104 2106
2105 2107 2104
2108 2107 2105
2108 2109 2107
2110 2109 2111
2110 2112 2109
2113 2112 2114
2113 2115 2112
2116 2115 2117
2116 2118 2115
2119 2118 2120
2119 2121 2118
2122 2121 2123
2122 2124 2121
2125 2124 2126
2125 2127 2124
2128 2127 2125
2128 2129 2127
143 2130 2131
143 2131 2132
158 143 2132
2133 158 2132
2133 2132 2134
2132 2135 2136
2132 2136 2137
2138 2139 2140
2138 2140 2141
2142 2143 2140
2142 2144 2143
2145 2146 2141
2145 2141 2147
2148 2145 2147
2148 2147 2149
2150 2151 2149
2150 2149 2152
2153 2154 2143
2153 2155 2154
2155 2156 2154
2155 2157 2156
2158 2159 2156
2158 2160 2159
2161 2162 2159
2161 2163 2162
2164 2165 2166
2164 2166 2167
2168 2169 2167
2168 2167 2170
2171 2172 2170
2171 2170 2173
2174 2175 2166
2174 2176 2175
2177 2178 2175
2177 2179 2178
2179 2180 2178
2179 2181 2180
2182 2183 2180
2182 2184 2183
2185 2186 2183
2185 2187 2186
2187 2188 2186
2187 2189 2188
2190 2191 2188
2190 2192 2191
2193 2194 2191
2193 2195 2194
2196 2197 2194
2196 2198 2197
2199 2200 2197
2199 2201 2200
2202 2203 2200
2202 2204 2203
2205 2206 2203
2205 2207 2206
2208 2209 2210
2208 2210 2211
2212 2213 2211
2212 2211 2214
2215 2216 2214
2215 2214 2217
2218 2219 2217
2218 2217 2220
2221 2218 2220
2221 2220 2222
2223 2224 2222
2223 2222 2225
2226 2227 2225
2226 2225 2228
2229 2230 2228
2229 2228 2231
2232 2233 2231
2232 2231 2234
2235 2236 2234
2235 2234 2237
2238 2239 2237
2238 2237 2240
2241 2238 2240
2241 2240 2242
2243 2244 2245
2243 2245 2246
2247 2243 2246
2246 2245 2248
2247 2246 2249
2250 2247 2249
2246 2248 2251
2251 2248 2252
2250 2249 2253
2254 2250 2253
2255 2249 2246
2255 2246 2251
2254 2253 2256
2253 2257 2256
2258 2254 2256
2259 2253 2249
2259 2249 2255
2253 2259 2257
2258 2256 2260
2256 2257 2260
2261 2258 2260
2262 2259 2255
2259 2262 2257
2263 2255 2251
2262 2255 2263
2251 2252 2264
2263 2251 2264
2261 2260 2265
2266 2261 2265
2264 2252 2267
2252 2268 2267
2263 2264 2269
2264 2267 2269
2268 2270 2267
2270 2269 2267
2268 2271 2270
2263 2272 2262
2272 2263 2269
2271 2273 2270
2271 2274 2273
2270 2275 2269
2273 2275 2270
2274 2276 2273
2274 2277 2276
2276 2278 2273
2273 2278 2275
2276 2279 2278
2280 2278 2279
2281 2269 2275
2278 2281 2275
2281 2272 2269
2280 2282 2278
2278 2282 2281
2283 2282 2280
2283 2284 2282
2284 2281 2282
2285 2284 2283
2286 2272 2281
2284 2286 2281
2285 2287 2284
2287 2286 2284
2288 2287 2285
2286 2289 2272
2289 2262 2272
2257 2262 2289
2290 2289 2286
2290 2257 2289
2287 2290 2286
2257 2290 2291
2291 2290 2287
2291 2260 2257
2291 2265 2260
2288 2292 2287
2291 2287 2292
2293 2292 2288
2291 2294 2265
2292 2294 2291
2293 2295 2292
2292 2295 2294
2295 2293 2296
2294 2297 2265
2266 2265 2297
2298 2266 2297
2295 2296 2299
2300 2299 2296
2295 2301 2294
2294 2301 2297
2295 2299 2301
2298 2297 2302
2301 2302 2297
2300 2303 2299
2304 2303 2300
2299 2305 2301
2299 2303 2305
2301 2305 2302
2304 2306 2303
2306 2305 2303
2307 2306 2304
2308 2298 2302
2308 2309 2298
2310 2302 2305
2306 2310 2305
2310 2308 2302
2307 2311 2306
2310 2306 2311
2312 2311 2307
2309 2308 2313
2309 2313 2314
2315 2314 2313
2308 2310 2316
2310 2311 2316
2308 2316 2313
2312 2317 2311
2316 2311 2317
2317 2312 2318
2315 2313 2319
2316 2319 2313
2316 2317 2319
2320 2315 2319
2317 2318 2321
2319 2317 2321
2322 2321 2318
2320 2319 2323
2319 2321 2323
2324 2320 2323
2322 2325 2321
2323 2321 2325
2326 2325 2322
2324 2323 2327
2323 2325 2327
2326 2328 2325
2327 2325 2328
2329 2324 2327
2327 2328 2329
2329 2330 2324
2329 2331 2330
2329 2332 2331
2328 2332 2329
2332 2333 2331
2332 2334 2333
2326 2335 2328
2328 2335 2332
2335 2334 2332
2326 2336 2335
2335 2337 2334
2336 2337 2335
2336 2338 2337
2339 2340 2341
2339 2342 2340
2343 2342 2339
2343 2344 2342
2345 2344 2343
2345 2346 2344
2347 2346 2345
2347 2348 2346
2349 2348 2347
2349 2350 2348
2351 2350 2349
2352 2353 2354
2352 2354 2355
2355 2354 2356
2352 2355 2357
2352 2357 2358
2355 2356 2359
2359 2357 2355
2359 2356 2360
2361 2358 2357
2362 2361 2357
2361 2363 2358
2364 2363 2361
2364 2361 2365
2365 2361 2362
2365 2366 2364
2365 2367 2366
2368 2367 2365
2365 2362 2368
2368 2369 2367
2370 2369 2368
2362 2370 2368
2370 2371 2369
2359 2372 2357
2362 2357 2372
2359 2360 2373
2373 2360 2374
2359 2375 2372
2375 2362 2372
2359 2373 2375
2373 2374 2376
2376 2375 2373
2376 2377 2375
2376 2374 2378
2375 2379 2362
2362 2379 2370
2377 2379 2375
2376 2378 2380
2376 2380 2377
2380 2378 2381
2377 2380 2381
2370 2379 2382
2377 2382 2379
2377 2381 2383
2381 2384 2383
2383 2384 2385
2370 2382 2386
2386 2371 2370
2386 2387 2371
2388 2382 2377
2386 2382 2388
2388 2377 2383
2389 2387 2386
2386 2388 2389
2389 2390 2387
2383 2385 2391
2392 2391 2385
2393 2388 2383
2389 2388 2393
2393 2383 2391
2394 2390 2389
2389 2393 2394
2394 2395 2390
2392 2396 2391
2396 2392 2397
2391 2398 2393
2394 2393 2398
2391 2396 2398
2399 2395 2394
2394 2398 2399
2399 2400 2395
2396 2397 2401
2398 2396 2401
2402 2401 2397
2399 2398 2403
2398 2401 2403
2404 2400 2399
2399 2403 2404
2404 2405 2400
2402 2406 2401
2403 2401 2406
2407 2406 2402
2404 2403 2408
2403 2406 2408
2409 2405 2404
2404 2408 2409
2409 2410 2405
2407 2411 2406
2408 2406 2411
2409 2408 2411
2412 2411 2407
2413 2410 2409
2409 2411 2413
2413 2414 2410
2412 2415 2411
2415 2413 2411
2416 2415 2412
2417 2414 2413
2415 2417 2413
2417 2418 2414
2415 2416 2419
2417 2415 2419
2416 2420 2419
2421 2418 2417
2417 2419 2421
2421 2422 2418
2421 2423 2422
2424 2421 2419
2421 2424 2423
2420 2424 2419
2424 2425 2423
2424 2426 2425
2420 2426 2424
2420 2427 2426
2428 2429 2430
2428 2430 2431
2432 2428 2431
2432 2431 2433
2432 2433 2434
2432 2434 2435
2435 2434 2436
2435 2436 2437
2438 2437 2436
2438 2439 2437
2439 2438 2440
2439 2440 2441
2441 2440 2442
2441 2442 2443
2443 2442 2444
2443 2444 2445
2445 2444 2446
2445 2446 2447
2447 2446 2448
2447 2448 2449
2449 2448 2450
2449 2450 2451
2449 2451 2452
2451 2450 2453
2452 2451 2454
2451 2453 2454
2452 2454 2455
2454 2453 2456
2455 2454 2457
2454 2456 2457
2455 2457 2458
2457 2456 2459
2460 2458 2457
2457 2459 2460
2460 2461 2458
2460 2459 2462
2460 2463 2461
2460 2462 2464
2460 2464 2463
2464 2462 2465
2466 2463 2464
2464 2465 2467
2466 2464 2468
2464 2467 2468
2469 2470 2471
2469 2472 2470
2473 2472 2469
2472 2474 2470
2473 2475 2472
2476 2475 2473
2472 2477 2474
2477 2478 2474
2476 2479 2475
2480 2479 2476
2481 2472 2475
2481 2477 2472
2480 2482 2479
2479 2482 2483
2484 2482 2480
2485 2475 2479
2485 2481 2475
2479 2483 2485
2484 2486 2482
2482 2486 2483
2487 2486 2484
2488 2481 2485
2485 2483 2488
2489 2477 2481
2488 2489 2481
2487 2490 2486
2491 2490 2487
2492 2483 2486
2492 2486 2490
2491 2493 2490
2494 2493 2491
2489 2495 2477
2477 2495 2478
2495 2496 2478
2478 2496 2497
2489 2498 2495
2495 2498 2496
2497 2496 2499
2499 2496 2498
2497 2499 2500
2500 2499 2501
2500 2501 2502
2503 2490 2493
2492 2490 2503
2504 2498 2489
2489 2488 2504
2499 2498 2505
2501 2499 2505
2502 2501 2506
2502 2506 2507
2506 2501 2508
2501 2505 2508
2506 2508 2509
2510 2509 2508
2511 2505 2498
2508 2505 2511
2511 2498 2504
2510 2508 2512
2508 2511 2512
2513 2510 2512
2513 2512 2514
2514 2512 2511
2515 2513 2514
2516 2511 2504
2514 2511 2516
2515 2514 2517
2517 2514 2516
2518 2515 2517
2516 2504 2519
2519 2504 2488
2483 2519 2488
2520 2516 2519
2520 2519 2483
2517 2516 2520
2483 2492 2520
2492 2517 2520
2518 2517 2521
2492 2521 2517
2522 2518 2521
2521 2492 2503
2522 2521 2523
2521 2503 2523
2523 2524 2522
2523 2503 2525
2503 2493 2525
2523 2526 2524
2523 2525 2526
2527 2524 2526
2525 2493 2528
2494 2528 2493
2527 2526 2529
2530 2527 2529
2526 2525 2531
2526 2531 2529
2525 2528 2531
2530 2529 2532
2532 2529 2531
2533 2530 2532
2534 2528 2494
2534 2494 2535
2536 2531 2528
2532 2531 2536
2536 2528 2534
2533 2532 2537
2536 2537 2532
2538 2533 2537
2535 2539 2534
2535 2540 2539
2541 2539 2540
2534 2542 2536
2536 2542 2537
2534 2539 2542
2538 2537 2543
2542 2543 2537
2543 2544 2538
2541 2545 2539
2542 2539 2545
2542 2545 2543
2546 2545 2541
2543 2547 2544
2545 2547 2543
2548 2544 2547
2546 2549 2545
2545 2549 2547
2550 2549 2546
2548 2547 2551
2549 2551 2547
2552 2548 2551
2550 2553 2549
2549 2553 2551
2552 2551 2554
2553 2554 2551
2555 2553 2550
2553 2555 2554
2555 2550 2556
2555 2556 2557
2555 2557 2558
2554 2555 2558
2558 2557 2559
2558 2559 2560
2552 2554 2561
2554 2558 2561
2561 2558 2560
2552 2561 2562
2561 2560 2563
2562 2561 2563
2562 2563 2564
2565 2566 2567
2565 2567 2568
2569 2565 2568
2569 2568 2570
2571 2569 2570
2571 2570 2572
2573 2571 2572
2573 2572 2574
2575 2573 2574
2575 2574 2576
2577 2575 2576
2578 2579 2580
2578 2581 2579
2581 2582 2579
2578 2583 2581
2578 2584 2583
2581 2585 2582
2585 2581 2583
2585 2586 2582
2587 2583 2584
2588 2583 2587
2587 2584 2589
2590 2587 2589
2590 2591 2587
2591 2588 2587
2591 2590 2592
2591 2592 2593
2594 2591 2593
2591 2594 2588
2594 2593 2595
2596 2594 2595
2588 2594 2596
2596 2595 2597
2585 2583 2598
2588 2598 2583
2585 2598 2599
2599 2598 2588
2588 2596 2600
2599 2588 2600
2601 2599 2600
2602 2596 2597
2602 2597 2603
2596 2604 2600
2601 2600 2604
2596 2602 2604
2585 2599 2605
2585 2605 2586
2605 2606 2586
2607 2605 2599
2605 2607 2606
2607 2599 2601
2607 2608 2606
2607 2609 2608
2607 2601 2609
2609 2610 2608
2601 2610 2609
2611 2602 2603
2611 2603 2612
2602 2613 2604
2613 2601 2604
2602 2611 2613
2601 2614 2610
2613 2614 2601
2610 2614 2615
2614 2616 2615
2617 2611 2612
2617 2612 2618
2611 2619 2613
2619 2614 2613
2611 2617 2619
2614 2620 2616
2619 2620 2614
2621 2616 2620
2622 2617 2618
2622 2618 2623
2617 2624 2619
2620 2619 2624
2617 2622 2624
2621 2620 2625
2620 2624 2625
2625 2626 2621
2625 2627 2626
2624 2627 2625
2628 2626 2627
2629 2622 2623
2629 2623 2630
2622 2631 2624
2624 2631 2627
2622 2629 2631
2628 2627 2632
2631 2632 2627
2633 2628 2632
2634 2629 2630
2634 2630 2635
2629 2636 2631
2631 2636 2632
2629 2634 2636
2633 2632 2637
2636 2637 2632
2634 2637 2636
2638 2633 2637
2639 2634 2635
2634 2639 2637
2639 2635 2640
2638 2637 2641
2641 2637 2639
2642 2638 2641
2643 2639 2640
2641 2639 2643
2643 2640 2644
2641 2645 2642
2643 2645 2641
2642 2645 2646
2647 2643 2644
2643 2647 2645
2647 2644 2648
2647 2648 2649
2650 2645 2647
2647 2649 2650
2646 2645 2650
2650 2649 2651
2650 2651 2652
2646 2650 2652
2646 2652 2653
2654 2655 2656
2654 2657 2655
2658 2657 2654
2658 2659 2657
2658 2660 2659
2658 2661 2660
2661 2662 2660
2661 2663 2662
2664 2662 2663
2664 2663 2665
2665 2666 2664
2665 2667 2666
2667 2668 2666
2667 2669 2668
2669 2670 2668
2669 2671 2670
2671 2672 2670
2671 2673 2672
2673 2674 2672
2673 2675 2674
2675 2676 2674
2675 2677 2676
2675 2678 2677
2677 2679 2676
2678 2680 2677
2677 2680 2679
2678 2681 2680
2680 2682 2679
2681 2683 2680
2680 2683 2682
2681 2684 2683
2683 2685 2682
2686 2683 2684
2683 2686 2685
2686 2684 2687
2686 2688 2685
2686 2687 2689
2686 2690 2688
2686 2689 2690
2690 2691 2688
2692 2690 2689
2690 2693 2691
2692 2694 2690
2690 2694 2693
2695 2696 2697
2695 2698 2696
2698 2699 2696
2698 2700 2699
2700 2701 2699
2700 2702 2701
2702 2703 2701
2702 2704 2703
2705 2703 2704
2705 2704 2706
2707 2708 2709
2710 2707 2709
2711 2710 2709
2712 2713 2714
2712 2714 2715
2715 2714 2716
2715 2716 2717
2717 2716 2718
2717 2718 2719
2719 2718 2720
2719 2720 2721
2722 2721 2720
2722 2723 2721
2724 2725 2726
2727 2725 2724
2728 2725 2727
2729 2730 2731
2729 2731 2732
2733 2732 2731
2733 2731 2734
2735 2732 2733
2735 2733 2736
2735 2736 2737
2738 2729 2732
2738 2732 2735
2735 2737 2739
2739 2737 2740
2741 2735 2739
2741 2738 2735
2739 2740 2742
2741 2739 2742
2742 2740 2743
2742 2743 2744
2744 2743 2745
2741 2742 2746
2747 2738 2741
2747 2741 2746
2746 2742 2748
2748 2742 2744
2749 2746 2748
2747 2746 2749
2750 2748 2744
2749 2748 2750
2744 2745 2751
2745 2752 2751
2745 2753 2752
2750 2744 2754
2754 2744 2751
2755 2749 2750
2756 2747 2749
2756 2749 2755
2757 2750 2754
2755 2750 2757
2758 2755 2757
2759 2756 2755
2759 2755 2758
2760 2757 2754
2758 2757 2760
2754 2751 2761
2751 2762 2761
2751 2763 2762
2760 2754 2764
2764 2754 2761
2765 2747 2756
2766 2756 2759
2766 2765 2756
2765 2767 2747
2747 2767 2738
2738 2767 2768
2768 2729 2738
2769 2767 2765
2768 2767 2770
2769 2770 2767
2771 2765 2766
2771 2769 2765
2772 2729 2768
2768 2770 2772
2766 2759 2773
2771 2766 2774
2766 2773 2774
2759 2775 2773
2759 2758 2775
2758 2776 2775
2758 2760 2776
2760 2777 2776
2760 2764 2777
2775 2776 2778
2776 2777 2778
2773 2775 2779
2775 2778 2779
2774 2773 2780
2773 2779 2780
2771 2774 558
555 2771 558
555 2769 2771
558 2774 559
2774 2780 559
555 569 2769
569 2770 2769
569 2781 2770
2781 569 568
2772 2770 2781
2782 2781 568
2772 2781 2782
2782 568 570
2780 2783 559
2783 564 559
2782 2784 2772
2772 2784 2729
2785 2729 2784
2785 2786 2729
2787 2782 570
575 2787 570
2788 2787 575
2788 575 2789
2782 2790 2784
2787 2790 2782
2790 2791 2784
2792 2790 2787
2790 2793 2791
2792 2793 2790
2794 2795 2796
2794 2796 2797
2798 2794 2797
2799 2794 2798
2799 2800 2794
2800 2801 2794
2800 2802 2801
2803 2799 2798
2800 2799 2804
2804 2799 2803
2800 2804 2805
2806 2800 2805
2806 2807 2800
2804 2803 2808
2808 2803 2809
2808 2809 2810
2811 2810 2809
2811 2812 2810
2803 2798 2813
2809 2803 2813
2813 2798 2814
2798 2797 2814
2809 2813 2815
2813 2814 2816
2815 2813 2816
2817 2809 2815
2817 2818 2809
2817 2819 2818
2820 2814 2797
2814 2821 2816
2814 2820 2821
2820 2797 2822
2822 2797 2823
2822 2823 2824
2821 2820 2825
2825 2820 2822
2815 2816 2826
2817 2815 2827
2827 2815 2826
2828 2817 2827
2829 2817 2828
2829 2828 2830
2828 2831 2830
2828 2832 2831
2833 2816 2821
2833 2826 2816
2821 2825 2834
2833 2821 2834
2827 2826 2835
2828 2827 2836
2836 2827 2835
2837 2826 2833
2837 2835 2826
2838 2828 2836
2836 2835 2839
2839 2838 2836
2840 2832 2828
2838 2840 2828
2841 2835 2837
2841 2839 2835
2842 2841 2837
2842 2837 2843
2843 2837 2833
2839 2841 2844
2844 2841 2842
2833 2834 2845
2843 2833 2845
2846 2842 2843
2846 2847 2842
2842 2847 2848
2842 2848 2849
2843 2845 2850
2843 2850 2851
2839 2844 2852
2844 2853 2852
2839 2852 2838
2838 2852 2853
2844 2842 2854
2854 2842 2849
2838 2853 2855
2855 2840 2838
2844 2856 2853
2856 2844 2854
2855 2857 2840
2853 2858 2855
2858 2857 2855
2859 2840 2857
2859 2832 2840
2853 2856 2860
2856 2854 2861
2860 2856 2861
2862 2854 2849
2862 2861 2854
2853 2863 2858
2853 2860 2863
2858 2863 2864
2860 2864 2863
2858 2865 2857
2857 2866 2859
2857 2865 2866
2865 2858 2867
2858 2864 2867
2866 2865 2868
2865 2867 2868
2862 2849 2869
2849 2870 2869
2849 2871 2870
2862 2869 2872
2862 2872 2873
2862 2873 2874
2861 2862 2874
2873 2875 2874
2873 2876 2875
2861 2874 2877
2860 2861 2877
2876 2878 2875
2876 2879 2878
2874 2875 2880
2874 2880 2877
2875 2878 2880
2877 2881 2860
2877 2880 2881
2860 2881 2864
2880 2882 2881
2878 2882 2880
2881 2883 2864
2881 2882 2883
2867 2864 2883
2879 2884 2878
2879 2885 2884
2885 2886 2884
2885 2887 2886
2878 2888 2882
2878 2884 2888
2884 2889 2888
2884 2890 2889
2867 2883 2891
2868 2867 2891
2882 2892 2883
2882 2888 2892
2891 2883 2892
2888 2893 2892
2888 2894 2893
2895 2868 2891
2891 2892 2896
2895 2891 2896
2892 2897 2896
2892 2898 2897
2899 2868 2895
2866 2868 2899
2900 2866 2899
2859 2866 2900
2900 2899 2901
2901 2899 2895
2859 2900 2902
2859 2902 2903
2859 2903 2832
2832 2903 2904
2832 2904 2905
2901 2895 2906
2906 2895 2907
2906 2907 2908
2907 2909 2908
2907 2910 2909
2895 2896 2907
2896 2911 2907
2896 2912 2911
550 2913 2914
550 2915 2913
564 2915 550
2916 2913 2915
2916 2917 2913
564 2918 2915
2918 2916 2915
2918 2919 2916
2918 2920 2919
2783 2918 564
2918 2921 2920
2783 2921 2918
2921 2922 2920
2921 2923 2922
2783 2923 2921
2923 2924 2922
2783 2925 2923
2780 2925 2783
2780 2779 2925
2779 2926 2925
2925 2926 2923
2779 2778 2926
2923 2927 2924
2926 2927 2923
2778 2927 2926
2927 2928 2924
2778 2777 2927
2927 2929 2928
2777 2929 2927
2929 2930 2928
2929 2931 2930
2777 2932 2929
2932 2933 2929
2932 2934 2933
2764 2932 2777
2764 2935 2932
2935 2936 2932
2935 2937 2936
2764 2761 2935
2761 2938 2935
2761 2939 2938
2822 2940 2941
2822 2941 2942
2825 2822 2942
2943 2825 2942
2944 2943 2942
2944 2942 2945
2943 2946 2825
2834 2825 2946
2834 2946 2947
2834 2947 2948
2845 2834 2948
2845 2948 2949
2950 2845 2949
2950 2949 2951
2952 2953 2954
2952 2955 2953
2955 2956 2953
2953 2956 2957
2958 2953 2957
2958 2957 2959
2957 2956 2960
2961 2957 2960
2961 2960 2962
2960 2956 2963
2964 2960 2963
2964 2963 2965
2963 2956 2966
2967 2963 2966
2967 2966 2968
2969 2956 2955
2970 2956 2969
2971 2969 2955
2971 2955 2972
2973 2970 2969
2973 2969 2974
2966 2975 2976
2977 2966 2976
2977 2976 2978
2979 2970 2980
2979 2981 2970
2981 2982 2970
2983 2982 2981
2984 2983 2981
2984 2981 2985
2986 2982 2983
2987 2982 2986
2988 2987 2986
2988 2986 2989
2990 2986 2983
2990 2983 2991
2992 2993 2994
2992 2994 2995
2996 2997 2998
2996 2998 2999
3000 3001 3002
3000 3002 3003
3004 3005 3006
3004 3006 3007
3008 3009 3010
3008 3010 3011
3012 3013 3008
3012 3014 3013
3015 3016 3017
3015 3017 3018
3018 3019 3020
3018 3020 3021
3022 3023 3024
3022 3024 3025
3026 3027 3028
3026 3028 3029
3030 3031 3032
3030 3032 3033
3034 3035 3036
3034 3036 3037
3038 3039 3040
3038 3040 3041
3042 3043 3044
3042 3044 3045
3046 3047 3048
3046 3048 3049
3050 3051 3052
3050 3052 3053
3054 3055 3056
3054 3056 3057
3058 3059 3060
3058 3060 3061
3061 3060 3062
3061 3062 3063
3063 3062 3064
3063 3064 3065
3065 3064 3066
3065 3066 3067
3067 3066 3068
3067 3068 3069
3070 3071 3072
3072 3071 3073
3072 3073 3074
3075 3076 3077
3075 3077 3078
3078 3077 3079
3078 3079 3080
3080 3079 3081
3080 3081 3082
3083 3084 3085
3084 3086 3085
3084 3087 3086
3088 3089 3090
3088 3090 3091
3092 3088 3091
3092 3091 3093
3094 3095 3093
3094 3096 3095
3097 3098 3099
3097 3099 3100
3101 3102 3103
3101 3103 3104
3105 3106 3107
3105 3107 3108
3109 3110 3111
3109 3112 3110
3112 3113 3110
3113 3114 3110
3110 3114 3115
3110 3115 3116
3112 3117 3113
3113 3118 3114
3119 3113 3117
3119 3118 3113
3119 3117 3120
3119 3121 3118
3122 3117 3112
3123 3122 3112
3123 3112 3124
3122 3125 3117
3126 3117 3125
3126 3125 3127
3118 3128 3114
3129 3114 3128
3129 3130 3114
3118 3131 3128
3131 3118 3132
3131 3132 3133
3128 3131 3134
3128 3134 3135
3136 3125 3122
3137 3136 3122
3137 3122 3138
3136 3139 3125
3140 3125 3139
3140 3139 3141
3142 3139 3136
3139 3142 3143
3139 3143 3144
3142 3136 3145
3136 3146 3145
3136 3147 3146
3148 3149 3150
3148 3151 3149
3152 3151 3148
3152 3153 3151
3154 3153 3155
3154 3155 3156
3157 3158 3159
3157 3159 3160
3161 3162 3163
3161 3163 3164
3165 3166 3167
3165 3167 3168
3169 3170 3171
3169 3171 3172
3172 3171 3173
3173 3171 3174
3171 3175 3174
3171 3176 3175
3172 3173 3177
3173 3174 3178
3179 3177 3173
3179 3173 3178
3179 3180 3177
3179 3178 3181
3182 3172 3177
3183 3172 3182
3183 3184 3172
3182 3177 3185
3186 3185 3177
3186 3187 3185
3178 3174 3188
3189 3188 3174
3189 3174 3190
3178 3188 3191
3191 3192 3178
3191 3193 3192
3188 3194 3191
3188 3195 3194
3196 3182 3185
3197 3182 3196
3197 3198 3182
3196 3185 3199
3200 3199 3185
3200 3201 3199
3202 3196 3199
3199 3203 3202
3199 3204 3203
3202 3205 3196
3196 3205 3206
3196 3206 3207
3208 3209 3210
3208 3211 3209
3212 3209 3211
3213 3209 3212
3213 3212 3214
3212 3211 3215
3214 3212 3215
3213 3216 3209
3217 3216 3213
3218 3209 3216
3218 3216 3219
3220 3216 3217
3220 3217 3221
3215 3211 3222
3223 3222 3211
3223 3211 3224
3214 3215 3225
3215 3222 3226
3225 3215 3226
3222 3227 3226
3225 3226 3228
3228 3226 3227
3225 3228 3229
3214 3225 3230
3230 3225 3229
3222 3231 3227
3231 3222 3232
3231 3232 3233
3228 3227 3234
3231 3235 3227
3235 3234 3227
3236 3228 3234
3237 3229 3228
3237 3228 3236
3235 3238 3234
3238 3236 3234
3239 3237 3236
3237 3240 3229
3237 3239 3240
3239 3241 3240
3238 3242 3236
3242 3239 3236
3240 3243 3229
3241 3243 3240
3242 3238 3244
3239 3242 3245
3242 3244 3245
3238 3235 3246
3238 3246 3244
3239 3247 3241
3239 3245 3247
3245 3244 3248
3245 3248 3249
3249 3247 3245
3244 3250 3248
3244 3246 3250
3249 3251 3247
3251 3252 3247
3246 3253 3250
3252 3254 3247
3254 3241 3247
3246 3255 3253
3246 3256 3255
3257 3255 3256
3257 3256 3258
3235 3256 3246
3235 3259 3256
3260 3256 3259
3260 3259 3261
3231 3259 3235
3262 3259 3231
3262 3231 3263
3254 3264 3241
3254 3265 3264
3264 3266 3241
3265 3267 3264
3267 3266 3264
3265 3268 3267
3265 3269 3268
3241 3266 3270
3243 3241 3270
3267 3271 3266
3268 3271 3267
3269 3272 3268
3269 3273 3272
3273 3274 3272
3274 3275 3272
3275 3268 3272
3275 3276 3268
3268 3276 3271
3266 3271 3277
3266 3277 3270
3276 3275 3278
3275 3274 3278
3271 3276 3279
3276 3278 3279
3271 3279 3277
3279 3278 3280
3278 3274 3280
3277 3279 3281
3279 3280 3281
3282 3270 3277
3277 3281 3282
3281 3280 3283
3280 3274 3283
3281 3283 3284
3282 3281 3284
3282 3285 3270
3285 3243 3270
3283 3274 3286
3284 3283 3286
3282 3284 3287
3285 3282 3287
3285 3288 3243
3229 3243 3288
3284 3286 3289
3287 3284 3289
3274 3290 3286
3290 3289 3286
3290 3274 3291
3291 3274 3292
3290 3293 3289
3293 3290 3291
3287 3289 3293
3294 3291 3292
3293 3291 3294
3294 3292 3295
3285 3287 3296
3288 3285 3296
3287 3293 3297
3297 3293 3294
3297 3296 3287
3298 3294 3295
3297 3294 3298
3298 3295 3299
3297 3300 3296
3300 3297 3298
3301 3298 3299
3300 3298 3301
3301 3299 3302
3288 3296 3303
3300 3303 3296
3304 3300 3301
3300 3304 3303
3305 3301 3302
3304 3301 3305
3305 3302 3306
3306 3307 3305
3306 3308 3307
3308 3309 3307
3288 3303 3310
3310 3303 3304
3229 3288 3310
3310 3230 3229
3311 3304 3305
3310 3304 3311
3311 3305 3307
3312 3230 3310
3311 3312 3310
3307 3312 3311
3312 3214 3230
3307 3313 3312
3313 3214 3312
3309 3314 3307
3313 3307 3314
3309 3315 3314
3315 3313 3314
3309 3316 3315
3316 3317 3315
3317 3313 3315
3316 3318 3317
3313 3319 3214
3319 3313 3317
3319 3213 3214
3318 3320 3317
3320 3319 3317
3318 3321 3320
3322 3213 3319
3322 3319 3320
3321 3322 3320
3217 3213 3322
3321 3217 3322
3321 3323 3217
3217 3323 3324
3217 3324 3325
3326 3327 3328
3326 3328 3329
3330 3329 3328
3331 3329 3330
3332 3330 3328
3330 3333 3331
3334 3330 3332
3330 3334 3333
3335 3332 3328
3334 3332 3336
3335 3336 3332
3335 3328 3337
3337 3328 3338
3337 3338 3339
3329 3331 3340
3331 3333 3341
3331 3341 3340
3329 3340 3342
3343 3340 3341
3342 3340 3343
3343 3341 3344
3342 3343 3345
3346 3342 3345
3341 3347 3344
3346 3345 3348
3329 3342 3349
3346 3349 3342
3350 3329 3349
3333 3351 3341
3341 3351 3347
3333 3352 3351
3334 3352 3333
3353 3347 3351
3352 3353 3351
3353 3354 3347
3354 3353 3355
3356 3354 3355
3356 3355 3357
3358 3355 3353
3352 3358 3353
3359 3357 3355
3358 3359 3355
3359 3360 3357
3352 3361 3358
3361 3359 3358
3362 3360 3359
3361 3362 3359
3362 3363 3360
3362 3364 3363
3362 3365 3364
3362 3361 3365
3352 3366 3361
3366 3365 3361
3366 3367 3365
3334 3366 3352
3366 3368 3367
3366 3334 3369
3366 3369 3368
3336 3369 3334
3370 3368 3369
3370 3371 3368
3336 3372 3369
3370 3369 3372
3373 3372 3336
3373 3336 3374
3335 3374 3336
3371 3370 3375
3376 3371 3375
3376 3375 3377
3370 3372 3378
3378 3375 3370
3378 3372 3373
3379 3377 3375
3378 3379 3375
3379 3380 3377
3381 3379 3378
3378 3373 3381
3382 3380 3379
3381 3382 3379
3382 3383 3380
3382 3384 3383
3382 3385 3384
3382 3381 3385
3373 3385 3381
3373 3386 3385
3373 3387 3386
3373 3388 3387
3373 3374 3388
3387 3388 3389
3387 3389 3390
3388 3374 3391
3335 3391 3374
3389 3388 3392
3388 3391 3392
3392 3391 3393
3392 3393 3394
3335 3395 3391
3393 3391 3395
3335 3337 3395
3390 3389 3396
3397 3390 3396
3397 3396 3398
3389 3392 3399
3396 3389 3399
3394 3399 3392
3398 3396 3400
3396 3399 3400
3398 3400 3401
3402 3401 3400
3399 3402 3400
3402 3403 3401
3402 3404 3403
3402 3405 3404
3399 3406 3402
3402 3406 3405
3394 3406 3399
3405 3406 3394
3405 3394 3407
3394 3408 3407
3394 3409 3408
3394 3393 3409
3408 3409 3410
3408 3410 3411
3393 3412 3409
3412 3410 3409
3413 3411 3410
3413 3414 3411
3413 3415 3414
3416 3413 3410
3412 3416 3410
3417 3416 3412
3418 3415 3413
3416 3418 3413
3418 3419 3415
3420 3418 3416
3417 3420 3416
3421 3419 3418
3420 3421 3418
3421 3422 3419
3422 3421 3423
3424 3423 3421
3424 3421 3420
3424 3420 3417
3424 3417 3425
3417 3426 3425
3417 3412 3427
3393 3427 3412
3417 3428 3426
3417 3427 3428
3393 3429 3427
3428 3427 3429
3430 3426 3428
3428 3429 3430
3430 3431 3426
3431 3430 3432
3393 3433 3429
3393 3395 3433
3337 3433 3395
3434 3430 3429
3434 3429 3433
3337 3434 3433
3434 3432 3430
3435 3434 3337
3436 3432 3434
3436 3437 3432
3438 3439 3349
3438 3349 3440
3346 3440 3349
3346 3441 3440
3442 3441 3346
3442 3346 3443
3443 3346 3348
3443 3348 3444
3443 3444 3445
3445 3444 3446
3447 3442 3443
3447 3443 3445
3448 3441 3442
3447 3448 3442
3449 3440 3441
3448 3449 3441
3449 3450 3440
3450 3451 3440
3450 3452 3451
3453 3452 3450
3454 3453 3450
3454 3450 3449
3454 3449 3448
3455 3454 3448
3455 3448 3456
3447 3456 3448
3455 3456 3457
3457 3456 3447
3455 3457 3458
3459 3447 3445
3457 3447 3459
3460 3458 3457
3460 3457 3459
3460 3461 3458
3460 3462 3461
3462 3460 3463
3460 3459 3463
3462 3463 3464
3465 3464 3463
3459 3465 3463
3465 3466 3464
3466 3465 3467
3446 3467 3465
3445 3446 3468
3459 3445 3468
3459 3468 3465
3446 3465 3468
3469 3470 3471
3469 3472 3470
3469 3473 3472
3469 3474 3473
3475 3476 3477
3475 3478 3476
3475 3479 3478
3475 3480 3479
3481 3482 3483
3482 3481 3484
3485 3482 3484
3482 3485 3486
3487 3488 3489
3487 3489 3490
3491 3487 3490
3492 3487 3491
3493 3494 3495
3493 3495 3496
3497 3496 3495
3498 3497 3495
3498 3499 3497
3497 3500 3496
3499 3500 3497
3498 3495 3501
3502 3498 3501
3503 3501 3495
3503 3504 3501
3505 3502 3501
3505 3506 3502
3500 3507 3496
3508 3496 3507
3508 3509 3496
3499 3510 3500
3500 3511 3507
3510 3511 3500
3507 3511 3512
3510 3513 3511
3513 3512 3511
3510 3514 3513
3499 3515 3510
3515 3514 3510
3507 3512 3516
3516 3517 3507
3516 3518 3517
3513 3519 3512
3516 3512 3520
3520 3512 3519
3521 3519 3513
3522 3513 3514
3522 3521 3513
3520 3519 3523
3523 3519 3521
3521 3522 3524
3514 3525 3522
3522 3525 3524
3524 3525 3526
3523 3521 3527
3527 3521 3524
3514 3528 3525
3526 3525 3528
3527 3529 3523
3524 3530 3527
3527 3530 3529
3523 3531 3520
3523 3529 3531
3524 3526 3532
3524 3532 3530
3530 3533 3529
3530 3534 3533
3534 3530 3532
3529 3533 3535
3529 3535 3531
3534 3532 3536
3536 3532 3537
3531 3535 3538
3537 3532 3539
3539 3532 3526
3531 3538 3540
3531 3540 3541
3542 3541 3540
3542 3543 3541
3520 3531 3541
3520 3541 3544
3545 3544 3541
3545 3546 3544
3516 3520 3544
3547 3516 3544
3547 3548 3516
3539 3526 3549
3539 3549 3550
3549 3526 3551
3550 3549 3552
3552 3549 3551
3550 3552 3553
3550 3553 3554
3555 3551 3526
3528 3555 3526
3552 3551 3556
3553 3552 3556
3554 3553 3557
3554 3557 3558
3558 3557 3559
3559 3557 3560
3557 3553 3561
3557 3561 3560
3553 3556 3561
3551 3562 3556
3551 3555 3562
3561 3563 3560
3560 3563 3559
3556 3564 3561
3561 3564 3563
3556 3562 3564
3564 3565 3563
3563 3565 3559
3562 3566 3564
3564 3566 3565
3567 3562 3555
3562 3567 3566
3566 3568 3565
3565 3568 3559
3566 3569 3568
3567 3569 3566
3567 3555 3570
3570 3555 3528
3571 3559 3568
3569 3571 3568
3567 3572 3569
3570 3572 3567
3570 3528 3573
3514 3573 3528
3569 3574 3571
3572 3574 3569
3571 3574 3575
3572 3575 3574
3559 3571 3576
3571 3575 3576
3576 3577 3559
3575 3577 3576
3577 3578 3559
3579 3578 3577
3575 3579 3577
3579 3580 3578
3570 3581 3572
3573 3581 3570
3572 3582 3575
3582 3579 3575
3582 3572 3581
3583 3580 3579
3582 3583 3579
3583 3584 3580
3582 3581 3585
3585 3583 3582
3586 3584 3583
3585 3586 3583
3586 3587 3584
3573 3588 3581
3585 3581 3588
3589 3586 3585
3585 3588 3589
3590 3587 3586
3589 3590 3586
3590 3591 3587
3591 3590 3592
3591 3592 3593
3593 3592 3594
3573 3595 3588
3595 3589 3588
3514 3595 3573
3595 3514 3515
3596 3590 3589
3595 3596 3589
3596 3592 3590
3597 3595 3515
3596 3595 3597
3592 3596 3597
3597 3515 3499
3592 3597 3598
3598 3597 3499
3594 3592 3599
3598 3599 3592
3594 3599 3600
3600 3599 3598
3594 3600 3601
3601 3600 3602
3602 3600 3598
3601 3602 3603
3598 3499 3604
3604 3602 3598
3604 3499 3498
3603 3602 3605
3605 3602 3604
3603 3605 3606
3607 3604 3498
3607 3605 3604
3606 3605 3607
3502 3607 3498
3606 3607 3502
3606 3502 3608
3502 3609 3608
3502 3610 3609
3611 3612 3613
3611 3614 3612
3615 3612 3614
3616 3615 3614
3617 3612 3615
3615 3616 3618
3619 3617 3615
3615 3618 3619
3620 3612 3617
3619 3621 3617
3620 3617 3621
3620 3622 3612
3622 3623 3612
3622 3624 3623
3614 3625 3616
3616 3626 3618
3616 3625 3626
3614 3627 3625
3628 3626 3625
3627 3628 3625
3628 3629 3626
3627 3630 3628
3631 3630 3627
3626 3629 3632
3631 3633 3630
3614 3634 3627
3631 3627 3634
3635 3634 3614
3618 3626 3636
3626 3632 3636
3618 3636 3637
3619 3618 3637
3638 3636 3632
3637 3636 3638
3638 3632 3639
3639 3640 3638
3641 3640 3639
3642 3640 3641
3643 3638 3640
3637 3638 3643
3644 3640 3642
3643 3640 3644
3644 3642 3645
3637 3643 3646
3646 3643 3644
3647 3644 3645
3646 3644 3647
3647 3645 3648
3647 3648 3649
3647 3649 3650
3647 3650 3646
3637 3646 3651
3651 3646 3650
3651 3650 3652
3619 3637 3651
3651 3652 3653
3651 3654 3619
3651 3653 3654
3621 3619 3654
3655 3654 3653
3655 3653 3656
3621 3654 3657
3655 3657 3654
3658 3621 3657
3658 3659 3621
3620 3621 3659
3656 3660 3655
3661 3660 3656
3662 3660 3661
3655 3663 3657
3663 3655 3660
3663 3658 3657
3664 3660 3662
3663 3660 3664
3664 3662 3665
3666 3663 3664
3663 3666 3658
3667 3664 3665
3666 3664 3667
3667 3665 3668
3667 3668 3669
3667 3669 3670
3667 3670 3666
3658 3666 3670
3658 3670 3671
3658 3671 3672
3658 3672 3673
3658 3673 3659
3672 3674 3673
3672 3675 3674
3673 3676 3659
3620 3659 3676
3675 3677 3674
3678 3677 3675
3679 3677 3678
3674 3680 3673
3673 3680 3676
3680 3681 3676
3680 3682 3681
3620 3676 3683
3681 3683 3676
3620 3683 3622
3674 3684 3680
3677 3684 3674
3682 3680 3684
3679 3685 3677
3677 3685 3684
3679 3686 3685
3687 3685 3686
3684 3685 3687
3687 3686 3688
3687 3688 3689
3687 3689 3690
3684 3687 3691
3687 3690 3691
3682 3684 3691
3690 3682 3691
3690 3692 3682
3682 3692 3693
3682 3693 3694
3682 3694 3681
3693 3695 3694
3693 3696 3695
3681 3694 3697
3697 3694 3695
3698 3695 3696
3698 3696 3699
3698 3699 3700
3701 3695 3698
3697 3695 3701
3702 3697 3701
3703 3698 3700
3701 3698 3703
3703 3700 3704
3705 3701 3703
3702 3701 3705
3706 3703 3704
3705 3703 3706
3706 3704 3707
3708 3706 3707
3709 3706 3708
3709 3705 3706
3709 3702 3705
3709 3710 3702
3702 3710 3711
3702 3712 3697
3681 3697 3712
3702 3711 3713
3702 3713 3712
3681 3712 3714
3713 3714 3712
3715 3713 3711
3713 3715 3714
3715 3711 3716
3716 3717 3715
3681 3714 3718
3681 3718 3683
3622 3683 3718
3719 3714 3715
3719 3718 3714
3622 3718 3719
3719 3715 3717
3720 3622 3719
3721 3719 3717
3721 3717 3722
3723 3634 3724
3723 3725 3634
3631 3634 3725
3631 3725 3726
3727 3631 3726
3727 3728 3631
3728 3633 3631
3728 3729 3633
3728 3730 3729
3730 3731 3729
3732 3728 3727
3732 3730 3728
3733 3727 3726
3732 3727 3733
3734 3726 3725
3733 3726 3734
3734 3725 3735
3735 3725 3736
3735 3736 3737
3738 3735 3737
3739 3735 3738
3739 3734 3735
3739 3733 3734
3740 3733 3739
3740 3741 3733
3732 3733 3741
3740 3742 3741
3742 3732 3741
3740 3743 3742
3742 3744 3732
3744 3730 3732
3745 3742 3743
3745 3744 3742
3745 3743 3746
3745 3746 3747
3747 3748 3745
3745 3748 3744
3747 3749 3748
3750 3748 3749
3744 3748 3750
3750 3749 3751
3752 3750 3751
3731 3750 3752
3730 3753 3731
3744 3753 3730
3744 3750 3753
3731 3753 3750
3754 3755 3756
3754 3757 3755
3758 3755 3757
3755 3758 3759
3760 3761 3762
3760 3763 3761
3761 3763 3764
3761 3764 3765
3766 3767 3768
3768 3769 3766
3770 3771 3772
3772 3773 3770
3774 3775 3776
3774 3777 3775
3778 3775 3777
3775 3778 3779
3780 3781 3782
3780 3782 3783
3780 3783 3784
3780 3784 3785
3786 3787 3788
3786 3788 3789
3786 3789 3790
3786 3790 3791
3792 3793 3794
3795 3794 3793
1383 3796 3797
1383 3797 3798
3799 3800 3801
3799 3801 3802
3802 3803 3804
3802 3804 3805
3806 3807 3808
3806 3808 3809
3810 3811 3812
3810 3812 3813
3814 3815 3816
3814 3816 3817
3818 3819 3820
3818 3820 3821
3822 3823 3824
3822 3824 3825
3826 3827 3828
3826 3828 3829
3830 3831 3832
3830 3832 3833
3834 3832 3835
3834 3835 3836
3837 3838 3839
3837 3839 3840
3841 3842 3843
3841 3843 3844
3845 3846 3847
3845 3847 3848
3849 3850 3851
3849 3852 3850
3853 3852 3849
3853 3854 3852
3853 3855 3854
3856 3857 3858
3856 3858 3859
3860 3861 3862
3860 3862 3863
3864 3865 3866
3864 3866 3867
3868 3869 3870
3868 3870 3871
3872 3873 3874
3872 3874 3875
1657 3876 3877
1657 3877 3878
3879 3880 3881
3879 3882 3880
3882 3883 3884
3882 3884 3885
3886 3887 3888
3886 3888 3889
3890 3891 3892
3890 3892 3893
3894 3895 3896
3894 3896 3897
3898 3899 3900
3898 3900 3901
3902 3903 3904
3902 3904 3905
3906 3907 3908
3906 3908 3909
3910 3911 3912
3910 3912 3913
3914 3915 3912
3914 3916 3915
3917 3918 3919
3917 3919 3920
3921 3922 3923
3921 3923 3924
3925 3926 3927
3925 3927 3928
3929 3930 3931
3929 3931 3932
3933 3929 3932
3933 3932 3934
3933 3934 3935
3936 3937 3938
3936 3938 3939
3940 3941 3942
3940 3942 3943
3944 3945 3946
3944 3946 3947
3948 3949 3950
3948 3950 3951
3952 3953 3954
3952 3954 3955
3956 3957 3958
3956 3959 3957
3959 3960 3961
3959 3961 3962
3963 3961 3964
3963 3964 3965
3966 3967 3968
3966 3968 3969
3970 3971 3972
3970 3973 3971
3974 3975 3973
3974 3976 3975
3977 3978 3979
3980 3977 3979
3980 3979 3981
3982 3980 3981
3982 3983 3980
3984 3985 3986
3984 3986 3987
3988 3989 3990
3988 3990 3991
3992 3993 3994
3992 3994 3995
3995 3996 3997
3995 3997 3998
3999 4000 3997
3999 4001 4000
4002 4003 4004
4002 4004 4005
4006 4007 4008
4006 4008 4009
4010 4009 4011
4010 4011 4012
4013 4014 4015
4016 4014 4013
4016 4017 4014
4018 4017 4016
4018 4016 4019
4020 4021 4022
4020 4022 4023
4024 4025 4026
4027 4024 4026
4028 4029 4030
4031 4029 4028
4032 4029 4031
4033 4029 4032
4034 4035 4036
4037 4036 4035
4038 4036 4037
4039 4036 4038
4040 4041 4042
4043 4040 4042
4044 4040 4043
4045 4040 4044
4046 4047 4048
4049 4046 4048
4050 4046 4049
4051 4046 4050
4052 4053 4054
4052 4054 4055
4052 4055 4056
4052 4056 4057
4058 4059 4060
4058 4060 4061
4058 4061 4062
4058 4062 4063
4064 4065 4066
4067 4065 4064
4068 4065 4067
4069 4065 4068
4070 4071 4072
4073 4072 4071
4074 4072 4073
4075 4072 4074
4076 4077 4078
4077 4076 4079
4079 4076 4080
4080 4076 4081
4082 4083 4084
4082 4084 4085
4086 4087 4088
4087 4089 4088
4086 4090 4087
4091 4090 4086
4091 4092 4090
4093 4092 4091
4094 4087 4090
4094 4090 4092
4093 4095 4092
4094 4092 4095
4096 4087 4094
4087 4096 4089
4094 4097 4096
4089 4096 4097
4098 4095 4093
4089 4097 4099
4098 4100 4095
4094 4095 4100
4101 4100 4098
4099 4097 4102
4094 4102 4097
4099 4102 4103
4101 4104 4100
4094 4100 4104
4105 4104 4101
4103 4102 4106
4094 4106 4102
4103 4106 4107
4105 4108 4104
4094 4104 4108
4109 4108 4105
4094 4110 4106
4107 4106 4110
4107 4110 4109
4094 4108 4110
4109 4110 4108
4111 4112 4113
4111 4114 4112
4112 4115 4113
4116 4112 4114
4116 4114 4117
4112 4118 4115
4118 4119 4115
4120 4112 4116
4120 4118 4112
4121 4116 4117
4121 4117 4122
4123 4121 4122
4123 4124 4121
4125 4116 4121
4124 4125 4121
4125 4120 4116
4124 4126 4125
4126 4127 4125
4127 4120 4125
4126 4128 4127
4129 4118 4120
4127 4129 4120
4128 4130 4127
4130 4129 4127
4128 4131 4130
4130 4131 4132
4130 4132 4133
4134 4130 4133
4130 4134 4129
4134 4133 4135
4136 4134 4135
4129 4137 4118
4134 4137 4129
4118 4137 4119
4136 4138 4134
4134 4138 4137
4137 4138 4119
4139 4138 4136
4138 4140 4119
4139 4140 4138
4141 4142 4143
4141 4143 4144
4143 4142 4145
4146 4144 4143
4146 4147 4144
4143 4145 4148
4148 4145 4149
4150 4146 4143
4150 4143 4148
4151 4147 4146
4151 4152 4147
4153 4152 4151
4153 4151 4154
4155 4151 4146
4154 4151 4155
4155 4146 4150
4154 4155 4156
4156 4155 4157
4157 4155 4150
4156 4157 4158
4159 4150 4148
4157 4150 4159
4158 4157 4160
4160 4157 4159
4158 4160 4161
4160 4162 4161
4160 4163 4162
4164 4163 4160
4160 4159 4164
4164 4165 4163
4166 4165 4164
4159 4148 4167
4164 4159 4167
4148 4149 4167
4166 4164 4168
4164 4167 4168
4167 4149 4168
4169 4166 4168
4168 4149 4170
4169 4168 4170
