byte offset: 0
first index: 0
index count: 4908
topology: trianglelist
format: DXGI_FORMAT_R16_UINT

0 1 2
0 3 1
4 3 0
4 0 5
4 5 6
1 3 7
1 7 8
7 9 8
7 10 9
3 11 7
11 10 7
3 4 11
11 12 10
13 12 11
13 11 4
13 14 12
4 6 15
13 4 15
16 14 13
15 16 13
16 17 14
16 18 17
16 19 18
19 16 20
15 20 16
6 20 15
6 21 20
22 23 24
22 24 25
25 24 26
27 22 25
27 28 22
25 26 29
29 26 30
31 25 29
31 27 25
29 30 32
32 31 29
33 32 30
33 34 32
34 35 32
32 35 31
34 36 35
35 36 37
38 28 27
38 39 28
38 40 39
38 41 40
38 42 41
43 38 27
31 43 27
38 43 42
44 31 35
31 44 43
35 37 45
44 35 45
46 45 37
47 42 43
44 47 43
47 48 42
47 49 48
50 44 45
50 47 44
51 49 47
50 51 47
51 52 49
52 51 53
50 53 51
52 53 54
55 54 53
56 55 53
56 57 55
50 45 58
46 58 45
59 53 50
59 50 58
59 58 46
53 59 56
59 46 60
56 59 60
56 60 61
56 61 62
62 63 56
56 63 57
62 64 63
63 64 65
65 57 63
66 57 65
65 67 66
68 69 70
68 70 71
71 70 72
68 71 73
68 73 74
75 74 73
71 72 76
76 72 77
71 78 73
71 76 78
75 73 79
78 79 73
75 79 80
75 80 81
78 82 79
82 80 79
81 80 83
81 83 84
85 83 80
82 85 80
85 86 83
86 85 87
82 87 85
86 87 88
87 89 88
90 82 78
82 90 87
87 91 89
90 91 87
92 89 91
90 78 93
76 93 78
90 94 91
94 90 93
76 95 93
76 77 95
95 96 93
94 93 96
97 95 77
95 97 96
97 77 98
99 94 96
97 99 96
100 97 98
97 100 99
100 98 101
91 94 102
99 102 94
103 100 101
103 101 104
103 104 105
100 106 99
100 103 106
103 105 107
107 105 108
91 102 109
102 110 109
92 91 109
92 109 110
92 110 111
110 112 111
113 102 99
113 99 106
102 113 110
103 114 106
103 107 114
107 115 114
107 116 115
107 108 116
116 108 117
116 117 118
116 118 119
116 119 115
115 119 120
114 121 106
113 106 121
122 114 115
114 122 121
115 120 123
124 123 120
124 125 123
125 124 126
125 126 127
128 115 123
128 123 125
122 115 129
128 129 115
130 122 129
121 122 130
130 129 128
113 121 131
121 130 131
113 131 132
132 131 130
113 132 110
133 125 127
133 110 132
133 127 112
110 133 112
132 130 134
134 130 128
133 132 134
128 125 135
133 135 125
134 128 135
133 134 135
136 137 138
136 138 139
136 139 140
136 140 141
138 142 139
138 143 142
144 142 143
139 145 140
139 142 145
141 140 146
147 141 146
144 148 142
149 148 144
149 150 148
142 148 151
151 148 150
142 151 145
151 150 152
140 145 153
140 153 146
145 151 154
151 152 154
145 154 153
152 155 154
155 153 154
152 156 155
147 146 157
153 157 146
158 155 156
158 156 159
158 159 160
155 161 153
153 161 157
155 158 162
155 162 161
158 160 162
162 157 161
163 147 157
162 163 157
160 163 162
163 164 147
160 164 163
165 166 167
165 167 168
168 167 169
170 165 168
171 165 170
168 169 172
172 170 168
172 169 173
174 171 170
172 174 170
174 175 171
176 175 174
172 173 177
177 174 172
178 177 173
178 179 177
176 174 180
176 180 179
177 180 174
179 180 177
181 182 183
181 183 184
185 181 184
185 186 181
187 184 183
187 183 188
185 189 186
189 190 186
191 185 184
191 184 187
192 187 188
192 188 193
192 193 194
192 194 195
196 187 192
195 196 192
196 191 187
197 196 195
198 185 191
198 189 185
199 191 196
197 199 196
199 198 191
197 200 199
200 198 199
197 201 200
189 198 202
200 202 198
201 203 200
201 204 203
205 200 203
204 205 203
205 202 200
204 206 205
189 202 207
207 202 205
189 207 190
206 208 205
207 205 208
208 190 207
206 209 208
209 190 208
210 211 212
210 212 213
214 210 213
214 215 210
216 213 212
216 212 217
214 218 215
218 219 215
213 220 214
213 216 220
221 216 217
221 217 222
221 222 223
221 223 224
216 221 225
224 225 221
216 225 220
226 225 224
214 220 227
214 227 218
218 227 228
220 225 229
220 229 227
226 229 225
228 227 229
230 229 226
228 229 230
230 226 231
232 230 231
232 228 230
232 231 233
232 233 234
232 234 235
232 235 228
235 234 236
235 236 237
237 228 235
236 219 237
218 238 219
218 228 238
237 238 228
237 219 238
239 240 241
239 242 240
243 242 239
240 242 244
240 244 245
243 246 242
247 246 243
245 244 248
248 249 245
242 250 244
242 246 250
247 251 246
251 247 252
251 252 253
246 251 254
254 251 253
246 254 250
254 253 255
244 256 248
244 250 256
250 254 257
254 255 257
250 257 256
248 258 249
258 248 256
259 257 255
259 255 260
257 261 256
257 259 261
258 256 261
262 259 260
261 259 262
262 260 263
264 262 263
261 262 265
258 261 265
264 265 262
266 249 258
258 265 266
266 265 264
266 267 249
266 264 267
268 269 270
268 271 269
272 271 268
272 268 273
274 269 271
274 275 269
274 276 275
277 274 271
274 277 276
277 271 272
278 276 277
278 277 279
272 279 277
279 280 278
281 272 273
272 281 279
279 281 280
281 273 282
281 283 280
281 282 283
284 285 286
284 287 285
284 288 287
284 289 288
285 287 290
285 290 291
290 292 291
293 288 289
293 289 294
293 294 295
293 295 296
293 296 297
287 288 298
287 298 290
290 298 299
290 300 292
290 299 300
301 292 300
288 293 302
288 302 298
293 297 302
299 298 302
301 300 303
299 303 300
304 301 303
305 302 297
299 302 305
305 297 306
304 303 307
299 307 303
307 308 304
299 305 309
306 309 305
299 309 307
307 309 308
306 308 309
310 311 312
310 312 313
310 313 314
310 314 315
316 315 314
312 317 313
312 318 317
319 317 318
316 314 320
321 316 320
313 322 314
313 317 322
322 320 314
319 323 317
324 323 319
324 325 323
323 325 326
317 323 327
317 327 322
323 326 327
328 322 327
322 328 320
326 329 327
328 327 329
326 330 329
330 331 329
331 328 329
330 332 331
331 333 328
332 333 331
333 320 328
332 334 333
333 334 321
333 335 320
321 320 335
333 321 335
336 337 338
336 338 339
340 336 339
340 341 336
340 342 341
338 343 339
338 344 343
343 344 345
343 345 346
339 343 347
347 343 346
339 347 340
347 346 348
349 347 348
349 340 347
349 348 350
340 351 342
349 351 340
352 349 350
351 349 352
352 350 353
352 353 354
352 354 355
355 356 352
351 352 356
342 351 356
342 356 357
358 359 360
358 361 359
361 362 359
363 361 358
363 358 364
361 365 362
365 366 362
367 365 361
367 361 363
365 368 366
368 365 367
369 366 368
369 368 370
370 368 371
368 367 371
370 371 372
371 373 372
374 363 364
374 364 375
374 375 376
374 376 377
374 377 378
379 363 374
367 363 379
374 378 379
380 371 367
367 379 380
371 381 373
380 381 371
382 373 381
383 379 378
380 379 383
383 378 384
383 384 385
386 381 380
386 380 383
387 383 385
386 383 387
387 385 388
388 389 387
386 387 389
388 390 389
391 389 390
392 389 391
392 391 393
386 394 381
382 381 394
395 386 389
395 394 386
395 382 394
389 392 395
395 396 382
392 396 395
392 397 396
392 398 397
398 392 399
392 393 399
399 400 398
400 399 401
393 401 399
402 401 393
401 402 403
404 405 406
404 406 407
408 404 407
409 407 406
409 406 410
410 411 409
410 412 411
411 412 413
414 407 409
414 409 411
408 407 415
414 415 407
411 413 416
417 416 413
408 415 418
408 418 419
420 415 414
420 418 415
414 411 421
421 411 416
421 420 414
422 419 418
422 423 419
422 424 423
422 425 424
426 422 418
426 425 422
426 418 420
426 427 425
428 427 426
428 426 420
428 429 427
428 430 429
421 431 420
428 420 431
428 432 430
432 428 431
432 433 430
434 431 421
421 416 434
432 435 433
435 436 433
432 431 437
434 437 431
435 432 437
438 437 434
435 437 438
416 439 434
438 434 439
435 440 436
440 435 438
441 436 440
441 442 436
440 438 443
441 440 443
444 442 441
444 445 442
416 446 439
439 446 447
417 446 416
417 447 446
417 448 447
447 448 449
450 438 439
450 443 438
439 447 450
441 443 451
444 441 451
444 451 452
453 444 452
453 445 444
453 454 445
453 452 455
452 456 455
447 449 457
457 449 458
451 443 459
450 459 443
450 447 460
457 460 447
461 452 451
451 459 461
450 462 459
450 460 462
459 462 463
459 463 461
460 463 462
452 464 456
465 456 464
461 466 452
463 466 461
467 452 466
467 464 452
463 467 466
460 468 463
457 468 460
468 467 463
465 464 469
467 469 464
469 470 465
469 458 470
457 458 469
468 471 467
457 471 468
467 471 469
457 469 471
472 473 474
472 475 473
472 476 475
472 477 476
473 475 478
473 478 479
480 479 478
477 481 476
482 481 477
475 476 483
475 483 478
480 478 484
485 480 484
485 484 486
478 487 484
487 486 484
478 483 487
487 488 486
476 481 489
476 489 483
483 490 487
487 490 488
483 489 490
488 490 491
491 490 489
488 491 492
489 481 493
482 493 481
494 492 491
494 495 492
494 496 495
491 489 497
489 493 497
491 498 494
491 497 498
494 498 496
498 497 493
499 493 482
498 493 499
496 498 499
499 482 500
496 499 500
501 502 503
501 504 502
504 505 502
506 504 501
507 506 501
504 508 505
508 504 506
508 509 505
510 506 507
508 506 510
510 507 511
512 510 511
508 513 509
513 508 510
514 509 513
514 513 515
512 516 510
513 510 516
515 513 516
512 515 516
517 518 519
517 520 518
521 520 517
521 517 522
523 518 520
523 524 518
521 522 525
525 522 526
527 520 521
527 523 520
528 524 523
528 529 524
528 530 529
528 531 530
532 528 523
531 528 532
532 523 527
533 531 532
534 527 521
534 521 525
535 532 527
533 532 535
535 527 534
533 535 536
536 535 534
533 536 537
525 538 534
536 534 538
537 536 539
537 539 540
541 539 536
540 539 541
541 536 538
540 541 542
525 543 538
543 541 538
525 526 543
542 541 544
543 544 541
544 543 526
542 544 545
545 544 526
546 547 548
546 549 547
550 549 546
550 546 551
552 547 549
552 553 547
550 551 554
554 551 555
549 550 556
549 556 552
557 553 552
557 558 553
557 559 558
557 560 559
552 561 557
560 557 561
552 556 561
562 560 561
550 563 556
550 554 563
554 564 563
556 565 561
556 563 565
562 561 565
564 565 563
566 562 565
564 566 565
566 567 562
568 567 566
568 566 564
568 569 567
568 570 569
568 571 570
568 564 571
571 572 570
571 573 572
573 571 564
572 573 555
554 555 574
554 574 564
573 564 574
573 574 555
575 576 577
575 577 578
579 575 578
577 580 578
577 581 580
579 578 582
583 579 582
581 584 580
584 581 585
578 580 586
578 586 582
583 582 587
587 588 583
587 589 588
582 590 587
590 589 587
582 586 590
590 591 589
580 584 592
580 592 586
586 593 590
590 593 591
586 592 593
584 585 594
594 592 584
595 591 593
595 596 591
593 592 597
593 597 595
594 597 592
598 596 595
597 598 595
598 599 596
600 599 598
597 601 598
594 601 597
600 598 601
602 594 585
594 602 601
602 600 601
602 585 603
602 603 600
604 605 606
604 606 607
608 604 607
608 609 604
610 607 606
610 606 611
610 611 612
613 607 610
610 612 613
613 608 607
614 613 612
614 615 613
608 613 615
615 614 616
617 609 608
608 615 617
615 616 617
617 618 609
617 616 619
617 619 618
620 621 622
620 622 623
620 623 624
620 624 625
622 626 623
622 627 626
626 627 628
623 629 624
623 626 629
626 630 629
626 628 631
626 631 630
632 631 628
632 633 631
630 631 633
634 633 632
634 635 633
630 633 635
635 634 636
635 636 637
630 635 637
638 637 636
638 639 637
630 637 639
639 638 640
630 641 629
630 639 641
639 640 641
624 629 641
642 641 640
624 641 642
642 640 643
642 625 624
642 643 644
642 645 625
642 644 645
646 647 648
646 649 647
646 650 649
646 651 650
652 650 651
647 649 653
647 653 654
655 654 653
652 656 650
657 656 652
649 650 658
649 658 653
658 650 656
655 653 659
660 655 659
660 659 661
659 662 661
653 663 659
653 658 663
659 663 662
664 663 658
658 656 664
662 663 665
664 665 663
662 665 666
666 665 667
667 665 664
666 667 668
667 664 669
668 667 669
669 664 656
668 669 670
669 657 670
669 656 671
657 671 656
669 671 657
672 673 674
672 674 675
676 675 674
676 674 677
677 678 676
677 679 678
680 678 679
680 681 678
681 680 682
681 682 683
683 682 684
685 681 683
683 684 686
686 684 687
688 686 687
683 686 688
683 688 685
685 688 689
689 688 687
685 689 690
690 689 691
689 687 691
690 691 692
687 693 691
693 692 691
693 694 692
687 694 693
695 692 694
692 695 696
695 694 697
697 694 687
687 698 697
687 699 698
700 701 702
700 703 701
704 701 703
704 705 701
705 704 706
705 706 707
708 707 706
708 706 709
709 710 708
709 711 710
711 712 710
713 711 709
711 714 712
714 715 712
716 715 714
711 716 714
711 713 716
713 717 716
717 715 716
713 718 717
718 719 717
717 719 715
718 720 719
721 715 719
721 719 720
721 720 722
722 715 721
723 722 720
720 724 723
723 725 722
725 715 722
726 715 725
715 726 727
728 729 730
728 731 729
732 729 731
733 731 728
733 728 734
735 733 734
732 731 736
737 732 736
738 731 733
738 736 731
737 736 739
739 736 738
740 737 739
735 741 733
741 738 733
735 742 741
735 743 742
741 744 738
742 744 741
739 738 745
744 745 738
740 739 746
746 739 745
743 747 742
743 748 747
749 740 746
749 750 740
750 749 751
750 751 752
753 752 751
746 745 754
749 746 754
742 755 744
755 742 747
744 756 745
754 745 756
749 754 757
751 749 757
758 756 744
758 744 755
754 756 759
759 757 754
759 756 758
753 751 760
760 761 753
760 762 761
762 763 761
762 764 763
765 764 762
766 760 751
762 760 766
751 757 767
766 751 767
765 762 768
762 766 768
769 765 768
769 770 765
771 768 766
767 771 766
771 769 768
772 767 757
759 772 757
770 769 773
770 773 774
775 774 773
772 776 767
767 776 771
759 777 772
776 772 777
769 771 778
769 778 773
775 773 779
779 773 778
775 779 780
781 771 776
776 777 781
781 778 771
782 778 781
782 781 777
759 783 777
759 758 783
779 778 784
782 784 778
785 780 779
784 785 779
786 780 785
782 777 787
783 787 777
788 783 758
755 788 758
784 789 785
789 784 782
786 785 790
791 786 790
783 792 787
788 792 783
792 793 787
782 787 794
787 793 794
782 794 795
789 782 795
796 795 794
796 794 793
789 797 785
797 790 785
789 795 798
796 798 795
789 799 797
789 798 799
797 800 790
799 800 797
801 792 788
801 793 792
793 801 802
801 788 803
802 801 803
804 790 800
791 790 804
805 791 804
805 806 791
807 806 805
808 803 788
755 808 788
755 747 808
804 800 809
809 805 804
807 805 810
811 807 810
811 810 812
813 812 810
813 810 814
805 814 810
814 815 813
809 816 805
805 816 814
800 817 809
816 809 817
814 818 815
819 815 818
814 816 820
820 816 817
814 820 818
821 818 820
821 822 818
819 818 822
819 822 823
821 823 822
819 823 824
824 823 825
824 825 826
800 827 817
799 827 800
799 828 827
817 827 828
799 798 828
820 817 829
829 821 820
817 828 829
830 828 798
830 798 796
831 829 828
829 831 821
831 828 830
830 832 831
831 832 821
833 830 796
830 833 832
833 796 834
796 793 834
835 833 834
835 834 793
835 832 833
793 802 835
835 836 832
821 832 836
836 835 802
821 836 837
821 837 823
825 823 837
837 836 838
836 802 838
825 837 839
837 838 839
802 840 838
840 839 838
839 841 825
841 826 825
841 842 826
802 843 840
802 803 843
843 803 844
808 844 803
843 844 845
845 840 843
808 846 844
846 845 844
808 747 846
840 847 839
839 847 841
848 842 841
848 849 842
845 850 840
850 847 840
851 841 847
851 848 841
850 851 847
852 849 848
852 853 849
854 848 851
854 852 848
850 854 851
855 853 852
855 852 854
855 856 853
857 850 845
846 857 845
850 858 854
857 858 850
856 855 859
856 859 860
855 861 859
855 854 862
855 862 861
862 854 858
861 862 863
862 858 863
861 863 864
863 865 864
858 857 866
858 866 863
863 866 865
866 857 846
866 867 865
866 846 868
866 868 867
868 846 747
868 748 867
868 747 748
869 870 871
869 871 872
872 873 869
872 871 874
872 875 873
875 876 873
875 877 876
877 878 876
872 879 875
879 877 875
872 874 880
872 880 879
877 881 878
881 882 878
874 883 880
874 884 883
883 884 885
880 883 886
880 886 879
883 885 887
886 883 887
887 885 888
879 889 877
889 881 877
890 879 886
890 889 879
881 891 882
892 882 891
889 893 881
890 893 889
894 881 893
894 891 881
892 891 895
896 892 895
887 888 897
897 888 898
886 887 899
899 890 886
890 900 893
900 894 893
891 894 901
891 901 895
902 895 901
902 903 895
896 895 903
896 903 904
902 904 903
896 904 905
887 906 899
887 897 906
899 907 890
906 907 899
907 900 890
901 894 908
900 908 894
909 908 900
901 908 910
910 908 909
902 901 910
911 905 904
911 912 905
907 913 900
909 900 913
913 907 914
906 914 907
913 914 915
909 913 915
916 914 906
916 915 914
902 917 904
911 904 917
912 911 918
919 918 911
912 918 920
921 920 918
921 918 922
922 918 919
922 919 923
919 924 923
916 906 925
897 925 906
897 898 925
926 925 898
926 927 925
928 927 926
929 916 925
929 925 927
929 930 916
916 930 915
931 915 930
909 915 931
932 909 931
931 930 933
931 933 932
932 934 909
910 909 934
934 935 910
902 910 935
928 936 927
927 937 929
927 936 937
929 938 930
938 929 937
930 939 933
930 938 939
928 940 936
928 941 940
940 941 942
936 940 943
936 943 937
940 942 944
943 940 944
942 945 944
942 946 945
947 944 945
947 948 944
943 944 948
949 948 947
949 950 948
950 943 948
951 950 949
937 943 952
950 952 943
951 953 950
953 952 950
937 952 954
938 937 954
955 953 951
955 951 956
957 955 956
953 958 952
958 954 952
955 958 953
959 938 954
958 959 954
959 939 938
955 960 958
959 958 960
957 961 955
961 960 955
957 962 961
957 963 962
962 963 964
962 964 965
965 964 966
965 966 967
968 965 967
969 961 962
965 969 962
961 970 960
969 970 961
959 960 971
971 960 970
968 972 965
965 972 969
959 971 973
959 973 939
970 969 974
974 969 972
975 972 968
974 972 975
975 968 976
971 970 977
977 973 971
970 974 977
976 978 975
976 979 978
980 978 979
981 977 974
977 981 973
982 973 981
939 973 983
982 983 973
939 983 933
933 983 932
975 984 974
981 974 984
975 978 984
982 981 984
980 985 978
985 984 978
980 986 985
985 987 984
982 984 987
988 985 986
987 985 988
989 988 986
982 990 983
983 990 932
991 982 987
987 988 991
989 992 988
924 992 989
982 993 990
991 993 982
994 932 990
994 990 993
991 988 995
995 988 992
924 996 992
919 996 924
991 997 993
994 993 997
991 995 998
991 998 997
995 992 999
996 999 992
998 995 999
1000 996 919
996 1000 999
1000 919 1001
919 911 1001
911 917 1001
1001 1002 1000
999 1000 1002
917 1002 1001
998 999 1003
999 1002 1003
998 1003 1004
998 1004 997
1002 1004 1003
917 1005 1002
1002 1005 1004
1005 917 902
1005 902 1006
1006 1004 1005
1006 902 935
1007 997 1004
1006 1007 1004
1007 1006 935
1007 994 997
1007 935 1008
1008 994 1007
934 1008 935
1008 1009 994
934 1009 1008
994 1009 932
934 932 1009
1010 1011 1012
1012 1011 1013
1012 1013 1014
1015 1012 1014
1010 1012 1016
1017 1010 1016
1015 1018 1012
1018 1016 1012
1017 1016 1019
1020 1017 1019
1020 1019 1021
1022 1019 1016
1018 1022 1016
1023 1021 1019
1022 1023 1019
1023 1024 1021
1025 1024 1023
1015 1026 1018
1015 1027 1026
1028 1022 1018
1023 1022 1028
1028 1018 1026
1025 1023 1029
1023 1028 1029
1030 1025 1029
1030 1029 1031
1028 1031 1029
1032 1030 1031
1028 1033 1031
1032 1031 1033
1026 1033 1028
1034 1032 1033
1035 1026 1027
1035 1027 1034
1026 1035 1033
1034 1033 1035
1036 1037 1038
1039 1038 1037
1039 1037 1040
1041 1040 1037
1041 1042 1040
1041 1043 1042
1041 1044 1043
1044 1045 1043
1044 1046 1045
1046 1047 1045
1046 1048 1047
1044 1048 1046
1048 1049 1047
1050 1044 1041
1044 1050 1048
1048 1051 1049
1050 1051 1048
1051 1052 1049
1051 1053 1052
1050 1053 1051
1054 1052 1053
1055 1041 1037
1050 1041 1055
1056 1053 1050
1054 1053 1056
1056 1050 1055
1055 1037 1057
1056 1055 1057
1036 1057 1037
1054 1056 1058
1056 1057 1058
1036 1058 1057
1054 1058 1059
1036 1060 1058
1058 1061 1059
1058 1060 1061
1062 1063 1064
1063 1065 1064
1063 1066 1065
1067 1066 1063
1062 1068 1063
1069 1068 1062
1067 1063 1070
1070 1063 1068
1069 1071 1068
1072 1071 1069
1072 1073 1071
1074 1068 1071
1070 1068 1074
1075 1071 1073
1074 1071 1075
1075 1073 1076
1077 1075 1076
1067 1070 1078
1067 1078 1079
1080 1070 1074
1075 1080 1074
1080 1078 1070
1077 1081 1075
1075 1081 1080
1082 1081 1077
1082 1083 1081
1080 1081 1083
1084 1083 1082
1080 1083 1085
1084 1085 1083
1078 1080 1085
1086 1085 1084
1087 1086 1079
1087 1079 1078
1078 1085 1087
1086 1087 1085
1088 1089 1090
1091 1090 1089
1091 1092 1090
1093 1090 1092
1093 1092 1094
1093 1094 1095
1093 1095 1096
1096 1095 1097
1096 1097 1098
1098 1097 1099
1098 1099 1100
1096 1098 1100
1100 1099 1101
1102 1093 1096
1096 1100 1102
1100 1101 1103
1102 1100 1103
1103 1101 1104
1103 1104 1105
1102 1103 1105
1106 1105 1104
1107 1090 1093
1102 1107 1093
1108 1102 1105
1106 1108 1105
1108 1107 1102
1107 1109 1090
1108 1109 1107
1088 1090 1109
1106 1110 1108
1108 1110 1109
1088 1109 1110
1106 1111 1110
1088 1110 1112
1110 1111 1113
1110 1113 1112
