byte offset: 0
first index: 24648
index count: 3162
topology: trianglelist
format: DXGI_FORMAT_R16_UINT

6790 6791 6792
6793 6794 6795
6793 6795 6796
6797 6798 6799
6797 6799 6800
6801 6802 6803
6801 6803 6804
6805 6790 6792
6805 6792 6806
6807 6808 6809
6807 6809 6810
6811 6812 6813
6811 6813 6814
6815 6816 6817
6818 6819 6820
6818 6820 6821
6822 6823 6807
6822 6807 6810
6824 6809 6825
6824 6825 6826
6827 6828 6829
6827 6829 6830
6831 6832 6833
6834 6801 6835
6834 6835 6836
6821 6820 6837
6821 6837 6838
6834 6790 6839
6834 6839 6840
6841 6842 6843
6843 6844 6841
6843 6845 6844
6846 6847 6832
6848 6849 6850
6846 6832 6851
6852 6850 6849
6851 6853 6846
6851 6832 6854
6798 6817 6855
6798 6855 6799
6856 6791 6790
6857 6858 6859
6793 6796 6837
6793 6837 6820
6842 6841 6819
6842 6819 6860
6828 6860 6829
6813 6803 6861
6813 6861 6814
6854 6832 6831
6833 6850 6862
6862 6850 6852
6833 6862 6863
6819 6841 6793
6819 6793 6820
6844 6794 6793
6844 6793 6841
6852 6849 6864
6831 6833 6863
6834 6836 6865
6834 6865 6790
6866 6791 6856
6866 6858 6791
6827 6830 6867
6827 6867 6868
6818 6816 6829
6817 6816 6855
6806 6792 6869
6806 6869 6870
6869 6792 6791
6869 6791 6871
6859 6858 6866
6800 6799 6821
6800 6821 6838
6821 6799 6855
6821 6855 6818
6855 6816 6818
6872 6873 6874
6872 6874 6875
6824 6826 6874
6824 6874 6876
6876 6874 6873
6874 6826 6877
6878 6879 6880
6881 6882 6883
6884 6885 6886
6884 6886 6887
6888 6889 6890
6888 6890 6885
6891 6892 6893
6891 6893 6894
6895 6896 6897
6895 6897 6898
6899 6885 6890
6899 6890 6900
6881 6886 6901
6881 6901 6882
6902 6903 6904
6902 6904 6905
6906 6903 6902
6907 6896 6895
6907 6895 6908
6909 6910 6893
6909 6893 6892
6884 6887 6911
6884 6911 6912
6883 6913 6881
6914 6913 6883
6915 6916 6917
6918 6919 6920
6884 6921 6888
6884 6888 6885
6922 6897 6923
6922 6923 6924
6925 6926 6927
6884 6926 6921
6898 6897 6922
6928 6929 6920
6928 6920 6919
6930 6931 6932
6930 6932 6933
6934 6920 6929
6934 6929 6935
6936 6937 6938
6936 6938 6939
6940 6941 6942
6940 6942 6943
6944 6936 6939
6944 6939 6945
6941 6940 6946
6941 6946 6947
6936 6948 6949
6936 6949 6937
6893 6948 6950
6893 6950 6894
6920 6934 6951
6918 6920 6951
6915 6952 6916
6909 6892 6890
6909 6890 6889
6890 6892 6891
6890 6891 6900
6953 6954 6907
6953 6907 6908
6929 6928 6955
6929 6955 6956
6932 6931 6957
6932 6957 6958
6935 6929 6956
6935 6956 6959
6956 6955 6945
6956 6945 6939
6958 6957 6943
6958 6943 6942
6959 6956 6939
6959 6939 6938
6927 6926 6884
6927 6884 6912
6924 6923 6960
6921 6926 6925
6947 6946 6954
6947 6954 6953
6910 6949 6948
6910 6948 6893
6944 6950 6948
6944 6948 6936
6913 6887 6886
6913 6886 6881
6899 6901 6886
6899 6886 6885
6905 6904 6898
6905 6898 6922
6914 6911 6887
6914 6887 6913
6961 6962 6963
6961 6963 6964
6965 6966 6967
6968 6969 6970
6968 6970 6971
6972 6973 6974
6972 6974 6975
6976 6977 6978
6976 6978 6979
6980 6981 6982
6980 6982 6983
6984 6985 6986
6984 6986 6987
6988 6989 6970
6988 6970 6990
6990 6991 6992
6990 6992 6988
6993 6994 6964
6995 6981 6980
6995 6980 6996
6997 6998 6999
6987 6986 7000
6987 7000 7001
7002 7003 7004
7005 7006 6962
7005 6962 6961
7007 7008 6991
7007 6991 6990
7009 7010 7011
7009 7011 7012
6994 6952 7005
6994 7005 6961
7013 7014 7015
7013 7015 7016
7017 7018 7019
7017 7019 7020
7021 7022 7023
7021 7023 7024
7025 7026 7027
7025 7027 7028
7016 7029 7030
7016 7030 7013
7031 7032 7033
7031 7033 7034
7035 7036 7037
7035 7037 7038
7039 7040 7041
7039 7041 7042
7043 7044 7045
7043 7045 7046
7047 7048 7049
7047 7049 7050
7051 7035 7038
7051 7038 7052
7053 7054 7055
7053 7055 7056
7057 7058 7059
7057 7059 7060
7061 7062 7063
7061 7063 7064
7065 7066 7067
7065 7067 7068
7069 7070 7071
7069 7071 7072
7073 7074 7075
7073 7075 7076
7077 7078 7025
7077 7025 7028
7079 7080 7081
7079 7081 7082
7083 7084 7085
7086 7087 7088
7089 7090 7091
7092 7093 7094
7083 7095 7096
6916 6994 7097
6952 6994 6916
7098 7099 6917
7088 7087 7100
7088 7100 7101
7102 7103 7104
7102 7104 7105
7106 7107 7108
7106 7109 7110
7107 7111 7112
7107 7112 7108
7084 7083 7113
7083 7096 7114
7115 7116 7117
7115 7117 7118
7118 7112 7111
7118 7111 7115
6984 6972 7119
6984 7119 6985
7009 7120 7121
7009 7121 7010
7122 7012 7011
7011 7123 7122
7011 7124 7123
7125 7001 7000
7125 7000 7126
6975 7127 7123
7123 7128 6975
7123 7124 7128
7061 7064 7129
7061 7129 7130
7097 6993 7118
7097 7118 7117
7118 6993 6964
7118 6964 7112
6963 7108 7112
6963 7112 6964
7109 7108 6963
7105 7104 7131
7098 7095 7085
6917 7132 7098
7099 6915 6917
7133 7127 6975
7133 6975 6974
7134 7135 7136
7134 7136 7137
7138 7139 7140
7138 7140 7141
7142 7143 7144
7142 7144 7145
7142 7146 7147
7142 7147 7143
7108 7109 7106
7006 7002 6962
7003 7148 7004
6963 6962 7002
6963 7002 7004
7149 7150 7151
7149 7151 6989
7022 7045 7044
7022 7044 7023
7152 7153 7154
7155 7156 7157
7158 7159 7160
7158 7160 7161
6965 7162 6979
6965 6979 6978
7009 6991 7008
7009 7008 7120
7009 7012 6992
7009 6992 6991
7017 7020 7078
7017 7078 7077
7135 7141 7140
7135 7140 7136
6992 7012 7122
6992 7122 7163
6992 7163 7164
6992 7164 6988
7165 7096 7116
7096 7132 7097
7096 7097 7117
7116 7096 7117
7004 7148 7109
7109 6963 7004
7113 7083 7114
7166 7080 7079
7166 7079 7167
7168 7133 6974
7168 6974 7169
6965 6967 7162
7170 7171 7172
7170 7172 7173
7174 7157 7156
7174 7156 7175
7176 6966 7177
7178 7179 7180
7178 7180 7181
7182 7041 7040
7182 7040 7183
7184 7067 7066
7184 7066 7185
7149 6988 7164
6965 6978 7186
6965 7186 7187
7186 6978 6977
7186 6977 7188
7189 7033 7032
7189 7032 7190
7114 7096 7165
7098 7132 7095
7096 7095 7132
7083 7085 7095
7056 7055 7191
7056 7191 7192
6966 7176 6967
7153 7152 7171
7153 7171 7170
6990 6970 6969
6990 6969 7007
6971 6970 6989
6971 6989 7151
7193 7027 7026
7193 7026 7194
7149 6989 6988
7195 7196 6982
7197 7198 7199
7197 7199 7200
7201 7202 7059
7201 7059 7058
7203 7204 6999
7203 6999 6998
7205 7206 7207
7208 7209 7210
7195 6999 7196
6997 6999 7195
7196 6999 7211
7207 7206 7212
7210 7209 7213
7110 7109 7148
7110 7148 7214
7094 7093 7215
7091 7090 7216
6982 7196 7217
6964 6994 6961
7218 7219 7220
7218 7221 7219
7222 7223 7224
7225 7224 7226
7221 7218 7227
7228 7229 7230
7231 7232 7233
7234 7235 7226
7236 7237 7238
7239 7235 7240
7241 7242 7243
7241 7243 7244
7245 7246 7247
7244 7243 7248
7244 7248 7249
7250 7251 7231
7252 7245 7253
7254 7226 7239
7254 7239 7255
7255 7239 7256
7255 7256 7257
7226 7224 7234
7248 7258 7259
7257 7256 7260
7240 7261 7256
7241 7262 7263
7241 7263 7242
7264 7265 7266
7267 7268 7236
7267 7236 7228
7236 7268 7237
7269 7270 7271
7269 7271 7272
7273 7274 7275
7276 7277 7278
7279 7275 7280
7281 7282 7283
7281 7283 7284
7272 7271 7282
7272 7282 7281
7285 7286 7287
7288 7289 7290
7291 7292 7293
7294 7292 7274
7286 7285 7291
7295 7296 7297
7284 7283 7295
7297 7298 7299
7297 7299 7300
7276 7301 7270
7276 7270 7269
7302 7287 7303
7304 7305 7306
7304 7306 7288
7276 7307 7308
7276 7308 7309
7310 7311 7312
7313 7314 7315
7314 7316 7317
7314 7317 7315
7318 7319 7320
7316 7318 7321
7316 7321 7317
7322 7310 7323
7322 7323 7324
7325 7326 7327
7325 7327 7328
7325 7328 7329
7325 7329 7330
7331 7332 7333
7331 7333 7334
7331 7335 7336
7337 7338 7336
7337 7336 7335
7339 7340 7341
7339 7341 7338
7342 7343 7344
7342 7344 7345
7346 7322 7342
7346 7342 7345
7332 7336 7347
7347 7336 7338
7289 7288 7348
7349 7327 7326
7337 7350 7339
7337 7339 7338
7310 7322 7346
7310 7346 7351
7288 7306 7352
7288 7352 7348
7340 7353 7354
7354 7355 7347
7354 7347 7341
7325 7330 7356
7275 7274 7326
7275 7326 7325
7326 7292 7349
7349 7292 7291
7349 7291 7357
7357 7291 7285
7357 7285 7358
7358 7285 7302
7358 7302 7359
7359 7302 7289
7360 7361 7362
7360 7362 7363
7364 7365 7366
7364 7366 7367
7367 7366 7368
7367 7368 7369
7369 7368 7370
7369 7370 7371
7371 7370 7372
7371 7372 7373
7374 7375 7376
7374 7376 7377
7377 7376 7362
7377 7362 7361
7378 7375 7374
7334 7364 7367
7334 7367 7331
7331 7367 7369
7331 7369 7335
7335 7369 7371
7335 7371 7337
7348 7379 7380
7359 7381 7382
7327 7377 7361
7327 7361 7328
7328 7361 7360
7328 7360 7329
7346 7383 7384
7346 7384 7351
7345 7385 7383
7345 7383 7346
7345 7344 7386
7345 7386 7385
7351 7384 7387
7351 7387 7311
7357 7378 7374
7358 7382 7378
7349 7374 7327
7373 7350 7337
7373 7337 7371
7321 7388 7389
7321 7389 7317
7317 7389 7315
7390 7391 7392
7390 7392 7393
7394 7380 7381
7348 7352 7379
7332 7331 7336
7326 7274 7292
7374 7377 7327
7310 7351 7311
7332 7347 7395
7333 7332 7395
7333 7395 7396
7275 7325 7356
7260 7280 7356
7260 7356 7397
7398 7390 7393
7398 7393 7320
7318 7320 7321
7311 7390 7398
7311 7398 7312
7391 7390 7311
7391 7311 7387
7399 7365 7364
7399 7364 7400
7401 7400 7364
7401 7364 7334
7401 7334 7333
7401 7333 7402
7397 7402 7333
7397 7333 7396
7323 7310 7312
7322 7324 7403
7322 7403 7342
7343 7342 7403
7343 7403 7404
7394 7289 7348
7394 7381 7359
7359 7382 7358
7358 7378 7357
7357 7374 7349
7288 7290 7304
7276 7309 7277
7302 7303 7289
7276 7278 7301
7289 7405 7290
7303 7405 7289
7292 7294 7293
7286 7291 7293
7302 7285 7287
7294 7274 7273
7273 7275 7279
7406 7407 7408
7218 7409 7410
7227 7218 7411
7228 7230 7267
7246 7259 7412
7410 7413 7218
7348 7380 7394
7226 7235 7239
7395 7347 7355
7347 7338 7341
7340 7354 7341
7359 7289 7394
7297 7296 7298
7414 7280 7260
7300 7299 7415
7320 7319 7266
7320 7266 7265
7330 7329 7401
7330 7401 7402
7397 7356 7330
7397 7330 7402
7400 7360 7363
7400 7363 7399
7329 7360 7400
7329 7400 7401
7393 7392 7388
7393 7388 7321
7356 7280 7275
7320 7393 7321
7262 7408 7407
7262 7407 7263
7320 7265 7398
7265 7264 7416
7265 7416 7398
7264 7238 7416
7414 7260 7261
7279 7280 7414
7256 7261 7260
7239 7240 7256
7249 7248 7259
7397 7257 7260
7218 7220 7409
7410 7409 7222
7231 7233 7250
7222 7224 7410
7412 7259 7258
7253 7245 7247
7247 7246 7412
7231 7251 7229
7234 7224 7223
7230 7229 7251
7224 7413 7410
7225 7417 7418
7413 7418 7419
7420 7419 7421
7420 7421 7422
7423 7424 7425
7422 7421 7425
7422 7425 7424
7426 7427 7428
7429 7430 7427
7427 7430 7431
7428 7427 7431
7218 7413 7411
7423 7425 7432
7432 7425 7421
7432 7421 7433
7433 7421 7419
7433 7419 7434
7434 7419 7418
7434 7418 7417
7224 7418 7413
7225 7418 7224
7413 7419 7420
7435 7436 7437
7436 7435 7430
7416 7238 7237
7429 7427 7426
7430 7435 7438
7431 7430 7438
7439 7430 7429
7295 7283 7296
7225 7226 7254
7440 7441 7442
7443 7444 7445
7446 7447 7448
7446 7448 7449
7447 7450 7451
7447 7451 7448
7452 7453 7443
7452 7443 7454
7453 7455 7456
7453 7456 7443
7455 7457 7456
7444 7456 7458
7446 7449 7459
7446 7459 7460
7461 7462 7463
7440 7442 7464
7465 7466 7467
7465 7467 7468
7469 7470 7471
7472 7473 7474
7475 7476 7470
7477 7478 7479
7477 7479 7480
7466 7477 7480
7466 7480 7467
7481 7482 7483
7484 7485 7486
7487 7488 7489
7490 7471 7489
7483 7487 7481
7491 7492 7493
7478 7491 7479
7492 7494 7495
7492 7495 7496
7472 7465 7468
7472 7468 7497
7498 7499 7482
7500 7484 7501
7500 7501 7502
7472 7503 7504
7472 7504 7505
7506 7507 7508
7509 7510 7511
7511 7510 7512
7511 7512 7513
7514 7515 7516
7513 7512 7517
7513 7517 7514
7518 7519 7520
7518 7520 7506
7521 7522 7523
7521 7523 7524
7521 7525 7526
7521 7526 7522
7527 7528 7529
7527 7529 7530
7527 7531 7532
7533 7532 7531
7533 7531 7534
7535 7534 7536
7535 7536 7537
7538 7539 7540
7538 7540 7541
7542 7539 7538
7542 7538 7518
7530 7543 7531
7543 7534 7531
7486 7544 7484
7545 7524 7523
7533 7534 7535
7533 7535 7546
7506 7547 7542
7506 7542 7518
7484 7544 7548
7484 7548 7501
7537 7549 7550
7549 7536 7543
7549 7543 7551
7521 7552 7525
7470 7521 7524
7470 7524 7471
7524 7545 7489
7545 7553 7487
7545 7487 7489
7553 7554 7481
7553 7481 7487
7554 7555 7498
7554 7498 7481
7555 7486 7498
7556 7557 7558
7556 7558 7559
7560 7561 7562
7560 7562 7563
7561 7564 7565
7561 7565 7562
7564 7566 7567
7564 7567 7565
7566 7568 7569
7566 7569 7567
7570 7571 7572
7570 7572 7573
7571 7559 7558
7571 7558 7572
7574 7570 7573
7528 7527 7561
7528 7561 7560
7527 7532 7564
7527 7564 7561
7532 7533 7566
7532 7566 7564
7544 7575 7576
7555 7577 7578
7523 7522 7559
7523 7559 7571
7522 7526 7556
7522 7556 7559
7542 7547 7579
7542 7579 7580
7539 7542 7580
7539 7580 7581
7539 7581 7582
7539 7582 7540
7547 7508 7583
7547 7583 7579
7553 7570 7574
7554 7574 7577
7545 7523 7570
7568 7566 7533
7568 7533 7546
7517 7512 7584
7517 7584 7585
7512 7510 7584
7586 7587 7588
7586 7588 7589
7590 7578 7575
7544 7576 7548
7530 7531 7527
7524 7489 7471
7570 7523 7571
7506 7508 7547
7530 7591 7543
7529 7592 7591
7529 7591 7530
7470 7552 7521
7457 7593 7552
7457 7552 7476
7594 7515 7587
7594 7587 7586
7514 7517 7515
7508 7507 7594
7508 7594 7586
7589 7583 7508
7589 7508 7586
7595 7596 7560
7595 7560 7563
7597 7528 7560
7597 7560 7596
7597 7598 7529
7597 7529 7528
7593 7592 7529
7593 7529 7598
7520 7507 7506
7518 7538 7599
7518 7599 7519
7541 7600 7599
7541 7599 7538
7590 7544 7486
7590 7555 7578
7555 7554 7577
7554 7553 7574
7553 7545 7570
7484 7500 7485
7472 7474 7503
7498 7486 7499
7472 7497 7473
7486 7485 7601
7499 7486 7601
7489 7488 7490
7483 7488 7487
7498 7482 7481
7490 7469 7471
7469 7475 7470
7602 7603 7604
7544 7590 7575
7445 7605 7606
7445 7606 7443
7591 7551 7543
7543 7536 7534
7537 7536 7549
7555 7590 7486
7492 7496 7493
7607 7457 7476
7494 7608 7495
7515 7463 7462
7515 7462 7516
7525 7598 7597
7525 7597 7526
7593 7598 7525
7593 7525 7552
7596 7595 7557
7596 7557 7556
7526 7597 7596
7526 7596 7556
7587 7517 7585
7587 7585 7588
7552 7470 7476
7515 7517 7587
7460 7459 7604
7460 7604 7603
7515 7594 7463
7463 7594 7609
7463 7609 7461
7461 7609 7441
7607 7458 7457
7475 7607 7476
7456 7457 7458
7443 7456 7444
7593 7457 7455
7609 7442 7441
7491 7493 7479
7454 7443 7606
7610 7611 7612
7613 7614 7615
7613 7615 7616
7617 7618 7619
7620 7621 7622
7612 7623 7610
7624 7614 7613
7624 7613 7625
7626 7621 7627
7626 7627 7628
7625 7613 7610
7625 7610 7623
7629 7630 7631
7632 7633 7634
7632 7634 7635
7636 7637 7638
7639 7640 7641
7642 7643 7644
7642 7644 7645
7646 7640 7639
7646 7639 7647
7648 7643 7642
7635 7649 7650
7635 7650 7632
7635 7634 7651
7635 7651 7652
7653 7654 7655
7656 7636 7657
7656 7657 7658
7649 7624 7631
7649 7631 7630
7630 7659 7660
7630 7660 7661
7659 7630 7629
7649 7630 7661
7649 7661 7650
7638 7647 7639
7638 7637 7647
7636 7656 7637
7613 7616 7611
7613 7611 7610
7628 7627 7662
7628 7662 7663
7614 7624 7652
7614 7652 7619
7615 7614 7619
7615 7619 7618
7651 7619 7652
7617 7619 7651
7652 7624 7649
7652 7649 7635
7631 7624 7664
7665 7662 7666
7627 7621 7620
7627 7620 7667
7666 7662 7627
7666 7627 7667
7622 7621 7626
7644 7655 7668
7644 7668 7645
7669 7670 7665
7665 7666 7669
7655 7654 7668
6994 6993 7097
6860 6819 6818
6860 6818 6829
7163 7671 7164
7180 7179 7164
7180 7164 7671
7075 7074 7134
7075 7134 7137
7672 7673 7674
7672 7674 7675
6973 7676 7169
6973 7169 6974
6814 6861 7677
6814 7677 7678
6811 6814 7678
6811 7678 7679
7680 6880 6811
7680 6811 7679
7681 6878 6880
7681 6880 7680
6987 7682 7683
6987 7683 6984
7001 7684 7682
7001 7682 6987
7685 7684 7001
7685 7001 7125
7144 7686 7687
7144 7687 7145
6835 6801 6804
6804 6843 6835
6804 6845 6843
6975 7128 7119
6975 7119 6972
6802 6801 6834
6802 6834 6840
7683 7688 6972
7683 6972 6984
7128 7115 7111
7128 7111 7119
7124 7116 7115
7124 7115 7128
7011 7165 7116
7011 7116 7124
7010 7114 7165
7010 7165 7011
7121 7113 7114
7121 7114 7010
7101 7100 7019
7101 7019 7018
6864 6795 6794
6864 6794 6852
6844 6862 6852
6844 6852 6794
6845 6862 6844
6863 6862 6845
6863 6845 6804
6831 6863 6804
6831 6804 6803
6813 6854 6831
6813 6831 6803
6854 6813 6812
6854 6812 6851
6853 6851 6812
6853 6812 6879
7103 7102 7130
7103 7130 7129
7000 7110 7214
7000 7214 7126
6986 7106 7110
6986 7110 7000
6985 7107 7106
6985 7106 6986
7119 7111 7107
7119 7107 6985
6812 6811 6880
6879 6812 6880
6810 7678 7677
6810 7677 6822
7689 7679 7678
7689 7678 6810
7680 7679 7690
7680 7690 6824
6876 7681 7680
6876 7680 6824
7053 7063 7062
7053 7062 7054
7195 7684 7685
7195 7685 6997
7684 7195 6982
7684 6982 7682
6981 7683 7682
6981 7682 6982
6995 7688 7683
6995 7683 6981
7675 7674 7047
7675 7047 7050
