byte offset: 0
first index: 0
index count: 11829
topology: trianglelist
format: DXGI_FORMAT_R16_UINT

0 1 2
0 2 3
4 0 3
4 3 5
6 7 8
9 7 6
9 6 10
11 12 13
11 13 14
15 16 17
18 19 20
18 20 21
22 23 24
22 24 25
26 24 23
26 23 27
28 11 14
28 14 26
12 29 30
12 30 13
31 32 33
34 35 36
34 36 37
38 34 39
38 39 40
41 42 43
34 37 39
44 45 41
44 41 43
41 38 40
41 40 42
46 47 45
46 45 44
48 49 47
48 47 46
50 51 52
51 53 54
51 54 52
55 56 57
55 57 58
59 60 61
59 61 62
63 9 10
60 64 61
64 60 65
64 65 66
67 68 69
67 69 70
66 65 71
66 71 72
73 15 74
75 76 77
78 79 80
78 80 81
82 83 84
82 84 85
86 22 25
86 25 87
80 88 89
80 89 81
86 87 90
91 79 92
91 92 93
89 88 94
92 79 78
94 88 75
94 75 77
17 95 96
97 98 99
97 99 100
101 102 83
101 83 82
27 28 26
103 104 19
103 19 18
72 71 30
72 30 29
57 105 106
57 106 58
70 69 98
70 98 97
105 107 106
53 108 109
53 109 54
35 102 101
35 101 36
33 32 110
33 110 111
112 32 113
114 23 22
27 23 114
115 11 28
108 116 117
108 117 109
110 118 111
95 4 5
95 5 96
74 17 96
74 15 17
119 120 113
73 74 120
121 122 123
113 32 124
63 10 112
124 32 31
116 68 67
116 67 117
125 126 123
127 125 128
127 129 110
128 129 127
129 130 110
127 126 125
126 121 123
130 118 110
7 131 8
132 133 134
132 134 107
134 133 135
134 135 136
136 135 137
136 137 138
105 132 107
138 137 139
138 139 140
140 139 49
140 49 48
115 12 11
141 142 143
141 143 144
145 146 147
145 147 148
149 150 151
149 151 152
153 154 155
153 155 156
157 158 159
157 159 160
158 157 161
158 161 162
163 164 162
163 162 161
165 166 167
166 168 167
168 169 167
167 170 165
171 172 173
173 172 174
174 172 175
172 171 176
177 178 164
177 164 163
179 180 181
179 181 182
183 184 185
183 185 186
182 181 185
182 185 184
187 188 189
187 189 190
191 192 193
191 193 194
195 196 197
195 197 198
195 194 193
195 193 196
199 200 201
199 201 202
203 204 198
203 198 197
192 191 205
192 205 206
207 208 209
207 209 210
211 212 213
211 213 214
208 212 211
208 211 209
200 199 215
200 215 216
217 218 219
217 219 220
221 222 223
221 223 224
225 226 227
225 227 228
229 230 231
229 231 232
233 234 235
233 235 236
236 235 237
236 237 238
238 237 239
238 239 240
240 239 241
240 241 242
242 241 243
242 243 244
244 243 245
244 245 246
247 248 249
247 249 250
250 249 234
250 234 233
251 252 253
251 253 254
255 256 257
255 257 258
259 260 261
259 261 262
263 264 265
263 265 266
112 10 32
113 120 112
73 120 119
6 8 267
2 1 268
269 270 271
272 273 274
272 274 275
276 269 277
278 279 280
278 280 281
282 283 284
282 284 285
273 285 284
273 284 276
276 277 286
276 286 273
287 286 288
277 271 288
277 288 286
289 279 278
289 278 290
291 292 282
291 282 285
272 291 285
272 285 273
288 271 280
288 280 279
293 275 274
293 274 288
273 286 287
293 288 279
293 279 289
269 271 277
276 284 294
276 294 295
284 283 296
284 296 294
281 280 297
281 297 298
271 270 299
271 299 300
273 287 274
287 288 274
269 276 270
301 300 299
302 303 304
302 304 305
301 295 306
297 307 308
297 308 298
294 296 309
294 309 310
294 310 305
294 305 295
306 295 305
306 305 311
312 313 311
306 311 313
306 313 300
314 315 308
314 308 307
309 316 317
309 317 310
302 305 310
302 310 317
313 307 297
313 297 300
304 303 318
304 318 313
305 312 311
318 314 307
318 307 313
276 295 299
276 299 270
301 306 300
280 271 300
280 300 297
305 304 312
312 304 313
295 301 299
319 320 321
319 321 322
323 324 325
323 325 326
322 321 327
322 327 328
329 330 331
329 331 332
333 334 324
333 324 323
335 336 334
335 334 333
337 331 330
337 330 338
332 339 340
332 340 329
341 342 343
341 343 344
345 346 344
345 344 343
342 341 347
342 347 348
349 350 320
349 320 319
351 352 353
351 353 354
355 356 357
355 357 358
359 360 361
359 361 362
363 364 365
363 365 366
367 368 369
367 369 370
371 372 373
371 373 374
375 376 377
375 377 378
379 380 381
379 381 382
383 384 385
383 385 370
386 387 388
386 388 389
355 358 390
355 390 391
385 367 370
392 361 360
392 360 393
359 362 394
359 394 395
396 397 398
396 398 399
400 401 402
400 402 403
404 405 406
404 406 403
398 407 408
398 408 399
404 403 402
409 410 411
409 411 412
411 413 414
411 414 412
415 416 417
415 417 418
419 420 421
419 421 422
423 424 425
423 425 426
427 428 429
427 429 430
422 425 424
422 424 419
426 431 432
426 432 423
433 421 420
433 420 434
413 435 436
413 436 414
437 438 439
437 439 440
441 442 443
441 443 444
445 446 447
445 447 448
437 440 442
437 442 441
449 450 451
449 451 452
453 454 455
453 455 456
457 458 459
457 459 460
461 462 463
461 463 464
465 464 466
465 466 467
451 468 469
451 469 452
470 471 472
470 472 473
474 475 476
474 476 477
478 479 480
478 480 481
482 483 484
482 484 485
486 487 488
486 488 489
461 464 465
458 457 490
458 490 491
492 460 459
492 459 493
494 495 496
494 496 497
498 499 500
498 500 501
502 501 503
502 503 504
494 497 505
494 505 506
500 503 501
507 508 509
510 509 511
510 511 512
512 513 514
512 514 515
513 516 517
513 517 518
507 519 520
521 522 511
523 524 512
522 523 512
524 525 513
524 513 512
526 527 519
518 517 528
518 528 529
530 531 510
527 532 520
533 534 535
531 536 509
534 537 538
536 539 507
513 525 540
513 540 516
532 541 520
539 526 519
514 542 543
514 543 515
541 533 508
544 545 546
544 546 514
543 530 515
547 548 545
547 545 544
546 542 514
529 548 547
529 547 518
538 537 521
538 521 511
515 510 512
507 520 508
509 508 535
511 535 538
509 535 511
549 550 551
552 553 554
552 554 550
553 555 556
553 556 557
549 558 559
560 554 561
561 553 562
563 553 557
563 557 564
565 559 566
567 568 569
567 569 570
571 555 552
566 558 572
573 574 575
576 552 550
575 574 577
578 550 549
579 564 557
579 557 580
572 558 581
582 549 559
583 584 556
583 556 555
581 551 573
585 586 587
585 587 556
583 555 571
586 588 589
586 589 587
585 556 584
570 569 589
570 589 588
560 590 577
560 577 554
555 553 552
549 551 558
550 574 551
554 577 574
550 554 574
513 518 547
591 592 593
594 595 596
594 596 597
598 599 600
598 600 601
602 603 604
602 604 605
606 607 608
606 608 609
595 606 609
595 609 596
599 610 611
599 611 600
591 593 612
612 593 613
613 593 614
614 593 615
615 593 616
616 593 617
617 593 592
618 619 620
619 618 621
619 621 622
619 622 623
619 623 624
619 624 625
619 625 626
619 626 620
627 628 629
627 629 630
631 632 633
631 633 634
635 636 637
635 637 638
639 640 641
639 641 642
643 644 645
643 645 646
647 648 649
647 649 650
651 652 653
651 653 654
655 656 657
655 657 658
659 660 661
659 661 662
663 664 665
663 665 666
667 668 669
667 669 670
671 672 673
674 675 676
674 676 677
678 679 680
678 680 681
682 683 684
682 684 685
686 687 688
686 688 689
675 690 691
675 691 676
692 693 694
692 694 695
673 696 671
697 696 673
673 698 697
673 699 698
673 700 699
673 701 700
673 672 701
702 703 704
705 703 702
706 703 705
707 703 706
708 703 707
709 703 708
710 703 709
704 703 710
693 711 712
693 712 694
713 714 715
713 715 716
717 718 719
717 719 720
721 722 723
721 723 724
725 726 727
725 727 728
729 730 731
729 731 732
733 734 735
733 735 736
737 738 739
737 739 740
741 742 743
741 743 744
745 746 747
745 747 748
749 750 751
749 751 752
753 754 755
753 755 756
757 758 759
757 759 760
761 762 763
761 763 764
765 766 767
765 767 768
769 770 771
769 771 772
773 774 775
773 775 776
777 778 779
777 779 780
781 782 783
781 783 784
785 786 787
785 787 788
789 790 791
789 791 792
793 794 795
793 795 796
797 798 799
797 799 800
801 802 803
801 803 804
805 806 807
805 807 808
809 810 811
809 811 812
813 814 815
813 815 816
817 818 819
817 819 820
821 822 823
821 823 824
825 826 827
825 827 828
829 830 831
829 831 832
833 834 835
833 835 836
835 834 837
838 834 839
840 834 841
842 834 843
844 834 845
846 834 847
848 834 849
849 834 850
837 834 838
839 834 840
841 834 842
843 834 844
845 834 846
847 834 848
851 852 853
851 853 854
850 833 855
847 848 856
845 846 857
843 844 858
841 842 859
839 840 860
837 838 861
849 850 862
848 849 863
846 847 864
844 845 865
842 843 866
840 841 867
838 839 868
835 837 869
850 834 833
870 871 872
870 873 871
871 874 872
875 876 872
877 878 872
879 880 872
881 882 872
883 884 872
885 886 872
886 887 872
874 875 872
876 877 872
878 879 872
880 881 872
882 883 872
884 885 872
887 888 870
884 889 885
882 890 883
880 891 881
878 892 879
876 893 877
874 894 875
886 895 887
885 896 886
883 897 884
881 898 882
879 899 880
877 900 878
875 901 876
871 902 874
887 870 872
903 904 905
903 905 906
907 908 909
907 909 910
911 912 913
911 913 908
908 913 909
914 911 908
908 907 914
915 916 907
915 907 910
917 916 918
917 918 919
918 916 915
914 916 917
916 914 907
920 921 922
920 922 923
911 921 924
911 924 912
924 921 920
914 921 911
921 914 922
922 925 926
922 926 923
917 919 927
917 927 925
925 927 926
914 917 925
925 922 914
557 569 568
557 568 580
557 589 569
557 556 587
557 587 589
513 544 514
513 547 544
539 519 507
582 559 565
519 527 520
566 559 558
536 507 509
578 549 582
531 509 510
576 550 578
530 510 515
571 552 576
520 541 508
581 558 551
508 533 535
573 551 574
534 538 535
575 577 590
511 522 512
561 554 553
562 553 563
928 929 930
931 932 933
934 935 936
934 936 937
938 939 940
938 940 941
942 943 944
942 944 945
946 939 938
947 948 949
947 949 950
939 951 952
951 939 946
939 952 953
954 939 953
955 956 957
955 957 958
959 960 961
962 939 963
939 962 964
939 964 940
965 962 959
966 962 963
967 968 969
967 969 970
936 971 937
969 972 970
973 974 975
973 975 976
977 978 979
980 981 982
948 983 943
948 943 949
944 943 983
984 985 986
987 988 974
987 974 973
988 989 974
990 991 992
993 988 987
993 987 994
995 993 994
996 994 997
996 997 998
994 996 995
999 1000 1001
1002 1003 1001
1004 1005 1006
1005 1007 1006
986 1008 984
1009 1010 1011
1012 1013 1008
1006 1007 1012
1014 1015 1016
1014 1016 1017
1012 1007 1018
1012 1018 1013
1019 1020 1015
1019 1015 1014
1021 992 991
1022 1023 1024
1022 1024 1025
1026 1027 1028
1024 1029 1030
1024 1030 1025
1030 1029 1031
1030 1031 1032
1033 1034 1035
1036 1017 1016
1037 1038 1039
1040 1041 1042
932 930 1043
932 1043 1044
1045 1046 1047
1048 1049 1050
1051 1052 1053
1052 1054 1055
1056 1057 1058
1056 1058 1059
1060 1061 1062
1060 1062 1063
1064 1065 1066
1067 1064 1068
1067 1068 1069
1061 1070 1071
1061 1071 1062
1072 1073 1074
1072 1074 1075
1076 1049 1077
1078 1049 1079
1079 1049 1080
1079 1080 1081
1077 1049 1078
1082 1083 1084
1082 1084 1085
1073 1086 1087
1073 1087 1074
1088 1049 1076
1089 1087 1086
1089 1086 1090
1091 1088 1092
1088 1091 1049
1091 1092 1093
1094 1095 1071
1094 1071 1070
1096 1097 1098
1096 1098 1099
1100 1101 1102
1103 1100 1104
1100 1103 1101
981 979 978
979 981 980
1105 1106 1107
1105 1107 1108
1109 1110 957
1109 957 956
1111 1107 1112
1107 978 977
1107 977 1112
1110 1109 976
1110 976 975
1107 1111 1108
978 1107 1113
978 1113 1114
1115 1116 1117
1115 1117 1118
1119 1120 1116
1119 1116 1106
1117 1116 1120
1106 1121 1119
1122 1123 1124
1122 1124 1125
958 1124 1123
958 1123 955
1115 1126 1106
1097 1127 1128
1097 1128 1098
1129 1128 1127
1129 1127 1130
1102 1131 1100
1131 1132 1133
1131 1134 1100
1131 1135 1136
1131 1133 1135
1131 1102 1132
1137 1138 972
1137 972 969
1139 1136 1140
1136 1141 1140
1142 1143 1059
1142 1059 1058
1144 1145 1146
1139 1147 1136
1136 1147 1137
1136 1137 1148
1136 1148 1131
1148 1134 1131
1149 960 1150
1149 1150 1148
1148 1150 1151
960 962 1152
1153 1151 1150
1154 1155 1156
1154 1156 1157
1155 1154 966
992 1157 1156
1021 1026 992
1026 1158 1159
1026 1028 1160
1035 1161 1162
1152 1154 1163
1026 1157 992
1164 1026 1021
1026 1165 1157
1165 1026 1159
1026 1160 1158
1026 1164 1027
1163 1154 1165
1163 1165 1159
1161 1034 1166
1166 1034 1167
1149 968 1168
969 968 1149
1166 1167 1169
1169 1167 1170
1130 1170 1171
1130 1171 1129
1169 1170 1130
1005 1004 1172
1036 1016 1173
962 965 964
960 1149 961
1174 935 934
1174 934 1175
1176 1177 1043
1177 1178 1043
1179 1180 1181
1179 1181 1182
1183 941 940
1183 940 1184
1185 1186 942
1185 942 945
1187 1183 1184
1188 1189 1190
1188 1190 1191
1184 1192 1193
1193 1187 1184
1184 1194 1192
1195 1194 1184
1196 1197 1198
1196 1198 1199
959 961 1200
1201 1202 1184
1184 940 964
1184 964 1201
965 959 1201
1203 1202 1201
1204 968 967
1204 967 1205
1179 1182 1206
1204 1205 1207
1208 1209 1210
1208 1210 1211
1212 1213 1114
1214 982 981
1186 1215 1191
1186 1191 1190
1186 1185 1215
1216 1217 1218
1209 1219 1220
1209 1220 1210
1219 1209 1221
1222 1223 1224
1225 1226 1220
1225 1220 1219
1227 1226 1225
1228 998 997
1228 997 1226
1226 1227 1228
1229 1230 1231
1004 1232 1233
1233 1232 1234
1217 1216 1235
1231 1236 1237
1238 1239 1217
1238 1217 1235
1232 1239 1234
1240 1241 1242
1240 1242 1243
1244 1234 1239
1244 1239 1238
1245 1240 1243
1245 1243 1246
1247 1224 1248
1249 1250 1251
1249 1251 1252
1248 1253 1254
1249 1252 1255
1249 1255 1256
1256 1255 1257
1258 1259 1260
1261 1242 1241
1262 1263 1264
1265 1266 1267
1268 1176 930
1269 1047 1046
1065 1270 1271
1272 1273 1274
1275 1266 1054
1276 1277 1278
1276 1278 1279
1280 1281 1282
1280 1282 1283
1284 1285 1286
1287 1288 1285
1287 1285 1284
1289 1290 1281
1289 1281 1280
1291 1292 1293
1291 1293 1294
1295 1296 1272
1297 1298 1272
1299 1272 1298
1299 1298 1300
1296 1297 1272
1301 1302 1303
1301 1303 1304
1305 1306 1292
1305 1292 1291
1307 1295 1272
1308 1309 1306
1308 1306 1305
1310 1311 1307
1307 1272 1310
1310 1312 1311
1313 1290 1289
1313 1289 1314
1315 1316 1317
1315 1317 1318
1319 1320 1321
1322 1323 1319
1319 1321 1322
981 1114 1213
1213 1214 981
1113 1126 1324
1113 1324 1325
1326 1199 1198
1326 1198 1327
1328 1329 1113
1113 1329 1212
1113 1212 1114
1327 1208 1211
1327 1211 1326
1113 1325 1328
1115 1118 1330
1115 1330 1331
1331 1332 1333
1331 1333 1126
1330 1332 1331
1126 1333 1334
1335 1336 1337
1335 1337 1338
1336 1335 1197
1336 1197 1196
1339 1340 1316
1339 1316 1315
1340 1339 1341
1340 1341 1342
1320 1319 1343
1343 1344 1345
1343 1319 1346
1343 1347 1348
1343 1348 1344
1343 1345 1320
1349 1350 1351
1349 1351 1204
1352 1353 1347
1347 1353 1354
1355 1276 1279
1355 1279 1356
1357 1263 1262
1352 1347 1357
1347 1349 1357
1347 1343 1350
1347 1350 1349
1350 1343 1346
1358 1200 1351
1358 1351 1350
1350 1346 1359
1350 1359 1358
1360 1361 1358
1360 1358 1359
1362 1363 1364
1362 1364 1365
1363 1203 1364
1223 1362 1365
1248 1366 1367
1248 1368 1253
1260 1369 1370
1361 1371 1364
1372 1365 1364
1248 1223 1365
1373 1247 1248
1248 1365 1372
1372 1366 1248
1248 1367 1368
1248 1254 1373
1372 1364 1371
1372 1371 1366
1370 1374 1258
1374 1375 1258
1351 1168 968
1204 1351 968
1374 1376 1375
1376 1377 1375
1342 1341 1378
1342 1378 1377
1376 1342 1377
1233 1172 1004
1261 1379 1173
1201 964 965
1200 961 1351
1181 1180 1174
1181 1174 1175
963 939 954
1184 1202 1195
1361 1360 1371
1153 1152 1163
1380 1381 1382
1380 1382 1383
1384 1385 1386
1384 1386 1387
1388 1389 1390
1388 1390 1391
1392 1393 1394
1392 1394 1395
1396 1384 1387
1396 1387 1397
1391 1390 1398
1391 1398 1399
1400 1401 1402
1400 1402 1403
1401 1400 1404
1401 1404 1405
1406 1407 1389
1406 1389 1388
1408 1409 1410
1408 1410 1411
1412 1413 1414
1412 1414 1415
1416 1417 1418
1416 1418 1419
1420 1421 1422
1420 1422 1423
1416 1419 1424
1416 1424 1425
1420 1423 1418
1420 1418 1417
1426 1425 1424
1426 1424 1409
1409 1427 1410
1426 1409 1408
1426 1408 1428
1429 1430 1414
1431 1427 1419
1423 1430 1431
1427 1409 1424
1422 1421 1415
1422 1415 1414
1429 1414 1413
1422 1414 1430
1418 1423 1431
1419 1427 1424
1423 1422 1430
1419 1418 1431
1432 1433 1434
1432 1434 1435
1436 1437 1438
1436 1438 1439
1440 1441 1442
1440 1442 1443
1444 1445 1446
1444 1446 1447
1442 1448 1449
1442 1449 1443
1444 1441 1440
1444 1440 1445
1449 1448 1450
1449 1450 1433
1433 1432 1451
1450 1452 1434
1450 1434 1433
1453 1438 1454
1455 1443 1451
1445 1455 1454
1451 1449 1433
1437 1447 1446
1437 1446 1438
1453 1439 1438
1446 1454 1438
1440 1455 1445
1443 1449 1451
1445 1454 1446
1443 1455 1440
1456 1457 1458
1459 1460 1457
1459 1457 1456
1461 1462 1463
1461 1463 1464
1465 1466 1467
1465 1467 1468
1463 1469 1470
1463 1470 1464
1465 1462 1461
1465 1461 1466
1470 1469 1471
1470 1471 1472
1471 1473 1474
1471 1474 1472
1472 1474 1475
1476 1467 1466
1477 1461 1464
1476 1461 1477
1458 1457 1476
1466 1461 1476
1460 1468 1467
1460 1467 1457
1477 1464 1470
1477 1472 1475
1470 1472 1477
1478 1479 1480
1481 1478 1480
1481 1480 1482
1483 1484 1485
1483 1485 1486
1487 1488 1489
1487 1489 1490
1483 1486 1491
1483 1491 1492
1487 1490 1485
1487 1485 1484
1493 1492 1491
1493 1491 1494
1493 1494 1495
1493 1495 1496
1494 1497 1495
1498 1490 1489
1499 1486 1485
1498 1499 1485
1479 1498 1480
1490 1498 1485
1489 1488 1482
1489 1482 1480
1499 1491 1486
1499 1497 1494
1491 1499 1494
1500 1501 1502
1500 1502 1503
1504 1505 1501
1504 1501 1500
1506 1507 1505
1506 1505 1504
1508 1509 1510
1511 1512 1513
1511 1513 1514
1515 1516 1517
1515 1517 1518
1519 1520 1521
1519 1521 1522
1510 1523 1524
1525 1526 1527
1525 1527 1528
1529 1530 1531
1529 1531 1532
1533 1534 1535
1533 1535 1536
1536 1535 1520
1536 1520 1519
1532 1531 1537
1532 1537 1538
1539 1540 1541
1539 1541 1542
1542 1541 1543
1542 1543 1544
1545 1546 1547
1545 1547 1548
1514 1513 1549
1514 1549 1550
1551 1552 1526
1551 1526 1525
1553 1554 1555
1553 1555 1556
1557 1558 1523
1557 1523 1559
1548 1547 1560
1548 1560 1561
1562 1563 1564
1562 1564 1565
1566 1567 1534
1566 1534 1533
1561 1560 1568
1561 1568 1569
1528 1527 1570
1528 1570 1571
1572 1573 1574
1565 1564 1575
1565 1575 1576
1522 1521 1540
1522 1540 1539
1503 1502 1546
1503 1546 1545
1557 1559 1577
1558 1524 1523
1574 1577 1559
1578 1553 1556
1579 1509 1580
1579 1580 1581
1554 1582 1555
1550 1549 1563
1550 1563 1562
1573 1572 1583
1571 1570 1567
1571 1567 1566
1580 1509 1508
1584 1585 1586
1585 1587 1588
1589 1590 1591
1589 1591 1592
1588 1593 1594
1588 1594 1595
1596 1595 1597
1594 1598 1595
1593 1588 1587
1597 1595 1598
1599 1600 1601
1599 1601 1592
1602 1586 1601
1602 1601 1600
1603 1604 1605
1590 1589 1606
1602 1584 1586
1518 1517 1512
1518 1512 1511
1257 1255 1607
1248 1224 1223
1206 1265 1608
1206 1182 1265
1042 971 1040
937 971 1042
1039 1147 1037
1138 1147 1039
1138 1137 1147
1137 969 1149
1137 1149 1148
960 1152 1150
1154 1157 1165
1230 1229 1000
1001 1000 1002
1230 1000 999
1609 1610 1611
1231 1230 1236
1115 1106 1116
1126 1115 1331
1106 1105 1121
1324 1126 1334
1361 1203 1201
1364 1203 1361
966 1154 1152
966 1152 962
1612 1613 1614
1357 1615 1263
1357 1349 1207
1357 1207 1615
1349 1204 1207
1200 1361 1201
1200 1358 1361
1176 1043 930
928 930 932
928 932 931
932 1044 933
1044 1043 1178
1012 1008 986
1616 930 929
930 1616 1268
1510 1509 1523
1586 1585 1588
1036 1173 1379
1261 1173 1242
1035 1034 1161
1258 1260 1370
1107 1106 1126
1107 1126 1113
978 1114 981
1201 959 1200
1351 961 1168
961 1149 1168
959 962 960
1066 1065 1271
1066 1271 1286
1052 1055 1053
1055 1054 1266
1050 1049 1091
1048 1050 1617
1272 1274 1310
1274 1273 1618
1572 1574 1559
1596 1597 1605
1578 1556 1579
1578 1579 1581
1599 1592 1591
1476 1457 1467
1480 1498 1489
1619 1620 1621
1619 1621 1622
1623 1624 1625
1623 1625 1626
1626 1625 1620
1626 1620 1619
1622 1621 1627
1622 1627 1628
1627 1621 1629
1622 1628 1630
1624 1631 1625
1623 1626 1632
1625 1633 1620
1626 1619 1634
1620 1633 1621
1619 1622 1634
1635 1636 1637
1635 1637 1638
1639 1640 1641
1639 1641 1642
1642 1641 1636
1642 1636 1635
1638 1637 1643
1638 1643 1644
1643 1637 1645
1638 1644 1646
1640 1647 1641
1639 1642 1648
1641 1649 1636
1642 1635 1650
1636 1649 1637
1635 1638 1650
1651 1652 1653
1651 1653 1654
1655 1656 1657
1655 1657 1658
1658 1657 1652
1658 1652 1651
1654 1653 1659
1654 1659 1660
1659 1653 1661
1654 1660 1662
1656 1663 1657
1655 1658 1664
1657 1665 1652
1658 1651 1666
1652 1665 1653
1651 1654 1666
1667 1668 1641
1667 1641 1647
1642 1657 1663
1642 1663 1648
1664 1658 1625
1664 1625 1631
1626 1669 1670
1626 1670 1632
1634 1671 1669
1634 1669 1626
1658 1666 1633
1658 1633 1625
1650 1665 1657
1650 1657 1642
1668 1672 1649
1668 1649 1641
1637 1673 1674
1637 1674 1645
1661 1653 1638
1661 1638 1646
1621 1654 1662
1621 1662 1629
1675 1676 1622
1675 1622 1630
1634 1622 1676
1634 1676 1671
1633 1666 1654
1633 1654 1621
1650 1638 1653
1650 1653 1665
1649 1672 1673
1649 1673 1637
1677 1678 1679
1680 1681 1682
1680 1682 1683
1680 1684 1685
1680 1685 1681
1686 1687 1688
1686 1688 1689
1690 1691 1677
1692 1690 1677
1691 1678 1677
1693 1694 1695
1696 1693 1697
1698 1693 1696
1697 1693 1695
1684 1689 1688
1684 1688 1685
1699 1700 1701
1699 1701 1702
1703 1704 1705
1703 1705 1706
1707 1708 1709
1707 1709 1710
1711 1712 1713
1711 1713 1714
1715 1716 1717
1715 1717 1718
1718 1717 1719
1718 1719 1720
1721 1722 1723
1721 1723 1724
1724 1723 1725
1724 1725 1726
1726 1725 1727
1726 1727 1728
1728 1727 1729
1728 1729 1730
1730 1729 1731
1730 1731 1732
1732 1731 1716
1732 1716 1715
1733 1734 1735
1736 1734 1737
1735 1734 1738
1737 1734 1739
1740 1734 1733
1738 1734 1736
1739 1734 1741
1741 1734 1740
1742 1743 1744
1742 1744 1745
1746 1747 1748
1746 1749 1747
1746 1750 1749
1746 1751 1750
1746 1752 1751
1746 1753 1752
1746 1754 1753
1745 1744 1755
1745 1755 1756
1755 1757 1758
1755 1758 1756
1758 1757 1759
1758 1759 1760
1760 1759 1761
1760 1761 1762
1762 1761 1763
1762 1763 1764
1764 1763 1765
1764 1765 1766
1767 1768 1743
1767 1743 1742
1769 1770 1771
1769 1772 1770
1769 1773 1774
1769 1774 1775
1769 1775 1776
1769 1776 1777
1769 1777 1772
1769 1771 1773
1754 1746 1748
1778 1779 1780
1778 1780 1781
1778 1781 1782
1778 1782 1783
1778 1783 1784
1785 1786 1787
1785 1787 1788
1785 1788 1789
1790 1791 1786
1790 1786 1785
1789 1792 1785
1790 1785 1792
1790 1792 1793
1794 1782 1781
1795 1796 1797
1795 1797 1798
1799 1796 1800
1801 1795 1798
1801 1798 1802
1800 1795 1803
1803 1795 1801
1803 1801 1804
1788 1778 1784
1787 1779 1778
1787 1778 1788
1794 1781 1796
1781 1780 1797
1781 1797 1796
1805 1806 1807
1805 1807 1808
1782 1805 1808
1782 1808 1783
1784 1783 1808
1809 1810 1811
1809 1811 1812
1813 1810 1789
1814 1809 1812
1814 1812 1815
1789 1809 1792
1792 1809 1814
1792 1814 1793
1805 1782 1794
1816 1817 1818
1816 1818 1819
1816 1819 1800
1820 1821 1817
1820 1817 1816
1800 1803 1816
1820 1816 1803
1820 1803 1804
1784 1808 1810
1808 1807 1811
1808 1811 1810
1819 1805 1794
1818 1806 1805
1818 1805 1819
1822 1823 1824
1822 1824 1825
1825 1824 1826
1825 1826 1827
1827 1826 1828
1827 1828 1829
1830 1831 1832
1830 1832 1833
1833 1832 1834
1833 1834 1835
1835 1834 1836
1835 1836 1837
1800 1796 1795
1794 1796 1799
1800 1819 1799
1819 1794 1799
1789 1788 1813
1788 1784 1813
1789 1810 1809
1784 1810 1813
1838 1839 1840
1841 1842 1843
1841 1843 1844
1842 1845 1846
1842 1846 1843
1843 1846 1847
1848 1849 1850
1848 1850 1851
1850 1840 1851
1849 1852 1853
1849 1853 1850
1854 1855 1856
1854 1856 1857
1858 1856 1855
1854 1859 1860
1854 1860 1855
1861 1844 1843
1861 1843 1862
1863 1862 1847
1842 1839 1845
1838 1840 1864
1864 1850 1853
1855 1862 1858
1855 1860 1861
1855 1861 1862
1842 1841 1840
1865 1839 1866
1867 1868 1865
1867 1865 1869
1846 1845 1865
1846 1865 1868
1846 1868 1847
1870 1871 1872
1870 1872 1873
1874 1866 1873
1853 1852 1871
1853 1871 1870
1856 1875 1876
1856 1876 1857
1875 1856 1858
1876 1875 1877
1876 1877 1878
1868 1867 1879
1868 1879 1880
1863 1847 1880
1865 1845 1839
1870 1866 1864
1870 1864 1853
1863 1880 1858
1879 1877 1875
1879 1875 1880
1874 1869 1866
1881 1882 1883
1881 1883 1884
1885 1886 1887
1885 1887 1888
1888 1887 1882
1888 1882 1881
1889 1890 1891
1889 1891 1892
1892 1891 1893
1892 1893 1894
1895 1896 1890
1895 1890 1889
1864 1840 1850
1864 1866 1838
1840 1839 1842
1866 1839 1838
1840 1841 1897
1866 1869 1865
1851 1840 1897
1873 1866 1870
1847 1862 1843
1858 1862 1863
1880 1847 1868
1858 1880 1875
1898 1899 1900
1898 1900 1901
1902 1901 1903
1901 1904 1898
1901 1905 1904
1906 1905 1901
1907 1908 1909
1901 1902 1910
1911 1912 1913
1914 1915 1916
1917 1918 1919
1903 1901 1900
1910 1906 1901
1910 1902 1920
1921 1910 1920
1922 1923 1924
1925 1921 1924
1925 1924 1926
1927 1923 1922
1921 1922 1924
1920 1922 1921
1928 1929 1930
1931 1932 1933
1915 1914 1931
1934 1917 1915
1934 1915 1931
1918 1917 1934
1935 1936 1909
1935 1909 1937
1914 1932 1931
1933 1938 1931
1938 1939 1931
1931 1939 1940
1939 1941 1940
1940 1941 1942
1941 1943 1942
1943 1944 1942
1942 1944 1911
1944 1912 1911
1918 1934 1930
1929 1945 1930
1929 1925 1926
1929 1926 1945
1936 1935 1946
1946 1928 1934
1934 1936 1946
1930 1934 1928
1908 1947 1937
1909 1908 1937
1948 1949 1950
1951 1952 1953
1954 1955 1956
1954 1956 1957
1958 1959 1960
1958 1960 1961
1961 1962 1958
1963 1964 1965
1966 1967 1968
1969 1970 1971
1972 1973 1974
1975 1976 1977
1978 1979 1980
1978 1980 1981
1982 1983 1984
1982 1984 1985
1986 1987 1988
1986 1988 1989
1990 1991 1989
1992 1993 1994
1995 1996 1992
1969 1971 1997
1972 1974 1998
1999 2000 2001
1999 2001 2002
1994 1993 2003
1994 2003 2004
1992 1996 1993
2005 2006 2007
2005 2007 2008
2009 2010 2011
2012 2013 2014
2015 1990 2012
2016 2017 2018
2019 2020 2021
2019 2021 2022
2014 2013 2023
2014 2023 2024
2012 1990 2013
2015 1991 1990
1995 1962 1996
1996 1962 1961
1951 1953 2025
2026 2027 2028
2026 2028 2029
2030 2031 2032
2033 2034 2035
2033 2035 2036
2034 2033 2037
2038 2039 2040
2041 2042 2043
2044 2045 2046
2044 2046 2047
2048 2049 2050
2048 2050 2051
2052 2053 2054
2052 2054 2055
2056 2053 2057
2058 2059 2060
2061 2058 2062
2063 2064 2065
2066 2067 2068
2041 2069 2042
2070 2071 2072
2070 2072 2073
2059 2074 2075
2059 2075 2060
2062 2058 2060
2065 2076 2077
2078 2079 2080
2078 2080 2081
2082 2083 2084
2085 2082 2056
2086 2087 2088
2016 2089 2017
2090 2091 2092
2090 2092 2093
2083 2094 2095
2083 2095 2084
2056 2082 2084
2085 2056 2057
2061 2062 2037
2062 2034 2037
2011 2096 2097
2098 2076 2099
2099 2076 2100
2101 2065 2038
2102 2103 2040
2104 2031 2105
2106 2031 2104
1997 1971 2107
2065 2077 2063
2077 2076 2098
2105 2103 2102
2105 2031 2103
1963 1965 2108
2109 1977 2110
2108 1965 2111
1977 1964 2110
1965 1964 1977
2096 1970 2097
1971 1970 2096
1966 1968 2112
1966 2112 2113
2086 2088 2114
2086 2114 2115
2066 2116 2117
2066 2068 2116
1948 1950 2118
1948 2118 2119
2057 2053 2052
1989 1991 1986
1997 2107 2120
2107 2109 2121
1975 1977 2107
1975 1971 2122
2011 2010 2096
2099 2100 2123
2124 2076 2125
2096 2126 2127
2111 2106 2128
2108 2111 2129
2032 2031 2111
2032 1965 2130
2101 2038 2103
2038 2064 2131
2065 2101 2132
2101 2103 2133
2103 2038 2040
2038 2065 2064
2111 1965 2032
2111 2031 2106
2107 1971 1975
2107 1977 2109
2096 2010 2126
2100 2076 2124
2134 2135 2136
2134 2136 2137
2138 2139 2140
2138 2141 2142
2143 2144 2145
2146 2134 2147
2144 2148 2149
2144 2149 2150
2151 2152 2138
2153 2154 2155
2153 2155 2156
2157 2156 2155
2158 2151 2138
2158 2138 2142
2158 2142 2159
2158 2159 2160
2161 2162 2163
2164 2136 2135
2164 2135 2165
2166 2167 2168
2166 2168 2143
2143 2148 2144
2169 2170 2171
2169 2171 2172
2168 2148 2143
2173 2174 2175
2176 2177 2178
2176 2178 2179
2180 2181 2182
2180 2182 2183
2184 2185 2186
2184 2186 2187
2188 2189 2190
2188 2190 2191
2176 2179 2192
2176 2192 2193
2194 2195 2196
2194 2196 2197
2198 2199 2200
2198 2200 2201
2188 2202 2203
2188 2203 2189
2191 2190 2182
2191 2182 2181
2204 2205 2206
2205 2207 2208
2205 2208 2209
2210 2211 2212
2210 2212 2213
2214 2213 2212
2214 2212 2215
2209 2208 2211
2209 2211 2210
2216 2217 2218
2216 2218 2219
2215 2218 2217
2215 2217 2214
2220 2221 2149
2220 2149 2148
2194 2197 2203
2194 2203 2202
2222 2204 2223
2222 2223 2224
2225 2226 2227
2225 2227 2228
2229 2163 2230
2163 2162 2230
2177 2231 2232
2177 2232 2178
2233 2234 2235
2233 2236 2226
2237 2238 2235
2237 2235 2234
2239 2240 2241
2239 2241 2242
2204 2207 2205
2193 2192 2199
2193 2199 2198
2153 2150 2149
2153 2149 2154
2243 2244 2232
2243 2232 2231
2245 2246 2247
2245 2247 2248
2161 2160 2159
2161 2159 2162
2230 2162 2141
2241 2240 2228
2241 2228 2227
2222 2207 2204
2249 2250 2251
2252 2253 2137
2254 2250 2255
2256 2252 2137
2250 2254 2251
2257 2258 2259
2257 2259 2260
2250 2249 2261
2262 2263 2264
2262 2264 2265
2264 2263 2266
2250 2267 2268
2250 2268 2255
2268 2269 2270
2268 2270 2255
2251 2271 2265
2272 2273 2274
2275 2276 2277
2275 2277 2278
2278 2259 2258
2275 2278 2258
2279 2280 2281
2282 2283 2284
2282 2284 2285
2286 2287 2288
2286 2288 2289
2290 2291 2292
2290 2292 2293
2284 2294 2295
2284 2295 2285
2296 2297 2298
2296 2298 2299
2300 2301 2302
2300 2302 2303
2304 2305 2290
2304 2290 2293
2291 2287 2286
2291 2286 2292
2223 2306 2307
2308 2309 2307
2308 2307 2310
2311 2312 2313
2311 2313 2314
2315 2316 2311
2315 2311 2314
2312 2308 2310
2312 2310 2313
2317 2318 2319
2317 2319 2320
2316 2315 2320
2316 2320 2319
2321 2322 2275
2298 2305 2304
2298 2304 2299
2323 2324 2325
2323 2325 2326
2327 2328 2273
2273 2328 2274
2329 2330 2283
2329 2283 2282
2331 2332 2333
2331 2333 2334
2333 2332 2325
2333 2325 2324
2334 2335 2336
2334 2336 2331
2337 2338 2339
2337 2339 2322
2223 2307 2309
2294 2300 2303
2294 2303 2295
2262 2265 2257
2262 2257 2260
2340 2330 2329
2340 2329 2341
2342 2343 2344
2342 2344 2345
2346 2164 2347
2270 2269 2272
2270 2272 2274
2328 2254 2274
2326 2338 2337
2326 2337 2323
2224 2223 2309
2233 2235 2236
2233 2226 2225
2137 2253 2134
2134 2253 2147
2140 2154 2221
2251 2265 2264
2265 2271 2257
2221 2154 2149
2220 2148 2168
2321 2258 2257
2321 2257 2271
2275 2322 2339
2242 2168 2239
2275 2339 2276
2239 2168 2167
2140 2155 2154
2251 2264 2249
2140 2139 2155
2142 2162 2159
2138 2140 2141
2274 2255 2270
2254 2255 2274
2142 2141 2162
2279 2281 2348
2281 2280 2349
2173 2175 2350
2350 2175 2351
2352 2165 2353
2352 2347 2164
2352 2164 2165
2220 2168 2242
2321 2275 2258
2354 2355 2356
2354 2356 2357
2358 2359 2360
2358 2360 2355
2355 2360 2356
2361 2358 2355
2355 2354 2361
2362 2363 2354
2362 2354 2357
2364 2363 2365
2364 2365 2366
2365 2363 2362
2361 2363 2364
2363 2361 2354
2367 2368 2369
2367 2369 2370
2358 2368 2371
2358 2371 2359
2371 2368 2367
2361 2368 2358
2368 2361 2369
2369 2372 2373
2369 2373 2370
2364 2366 2374
2364 2374 2372
2372 2374 2373
2361 2364 2372
2372 2369 2361
2375 2376 2377
2375 2377 2378
2379 2380 2381
2382 2383 2384
2385 2386 2387
2388 2389 2390
2388 2390 2391
2392 2393 2394
2392 2394 2395
2381 2396 2379
2397 2398 2399
2397 2399 2400
2401 2402 2403
2401 2403 2404
2405 2392 2395
2405 2395 2406
2407 2408 2409
2407 2409 2410
2393 2401 2404
2393 2404 2394
2411 2408 2383
2386 2405 2406
2386 2406 2412
2410 2409 2413
2414 2388 2391
2414 2391 2415
2389 2416 2417
2389 2417 2390
2418 2414 2415
2418 2415 2419
2420 2421 2422
2420 2422 2423
2383 2424 2411
2425 2426 2427
2425 2427 2428
2429 2408 2411
2425 2428 2430
2425 2430 2431
2432 2433 2434
2432 2434 2435
2436 2437 2384
2436 2384 2438
2423 2436 2438
2423 2438 2420
2408 2429 2409
2439 2387 2440
2441 2387 2439
2442 2386 2412
2442 2412 2443
2437 2424 2382
2437 2382 2384
2383 2382 2424
2444 2381 2416
2387 2386 2442
2416 2381 2445
2417 2416 2445
2417 2445 2446
2447 2448 2449
2447 2449 2450
2448 2418 2419
2448 2419 2449
2411 2424 2429
2429 2413 2409
2403 2402 2398
2403 2398 2397
2426 2434 2433
2426 2433 2427
2444 2396 2381
2385 2387 2441
2451 2452 2453
2451 2453 2454
2455 2381 2380
2456 2457 2458
2459 2387 2442
2460 2461 2462
2460 2462 2463
2464 2465 2466
2464 2466 2467
2381 2455 2468
2469 2470 2471
2469 2471 2472
2473 2471 2470
2473 2470 2474
2475 2464 2467
2475 2467 2476
2477 2478 2479
2465 2473 2474
2465 2474 2466
2480 2458 2478
2475 2476 2442
2475 2442 2443
2479 2481 2477
2482 2460 2463
2482 2463 2483
2461 2446 2445
2461 2445 2462
2484 2482 2483
2484 2483 2485
2486 2487 2488
2486 2488 2489
2458 2480 2490
2491 2492 2493
2491 2493 2494
2495 2480 2478
2496 2494 2493
2496 2493 2497
2498 2499 2432
2498 2432 2435
2457 2500 2501
2457 2501 2502
2489 2488 2502
2489 2502 2501
2478 2477 2495
2503 2440 2387
2504 2503 2387
2490 2500 2456
2500 2457 2456
2458 2490 2456
2505 2445 2381
2506 2507 2508
2506 2508 2509
2507 2484 2485
2507 2485 2508
2480 2495 2490
2481 2495 2477
2499 2498 2492
2499 2492 2491
2505 2381 2468
2459 2504 2387
1136 1135 1141
1348 1347 1354
1153 1150 1152
1148 1151 1134
2510 2511 2512
2513 2514 2515
2513 2515 2516
2517 2518 2510
2519 2520 2521
2519 2521 2522
2523 2524 2525
2523 2525 2526
2516 2517 2525
2516 2525 2524
2517 2516 2527
2517 2527 2518
2528 2529 2527
2518 2527 2529
2518 2529 2511
2530 2531 2519
2530 2519 2522
2532 2524 2523
2532 2523 2533
2513 2516 2524
2513 2524 2532
2529 2522 2521
2529 2521 2511
2534 2529 2515
2534 2515 2514
2516 2528 2527
2534 2530 2522
2534 2522 2529
2510 2518 2511
2517 2535 2536
2517 2536 2525
2525 2536 2537
2525 2537 2526
2520 2538 2539
2520 2539 2521
2511 2540 2541
2511 2541 2512
2516 2515 2528
2528 2515 2529
2510 2512 2517
2542 2541 2540
2543 2544 2545
2543 2545 2546
2542 2547 2535
2539 2538 2548
2539 2548 2549
2536 2550 2551
2536 2551 2537
2536 2535 2544
2536 2544 2550
2547 2552 2544
2547 2544 2535
2553 2552 2554
2547 2540 2554
2547 2554 2552
2555 2549 2548
2555 2548 2556
2551 2550 2557
2551 2557 2558
2543 2557 2550
2543 2550 2544
2554 2540 2539
2554 2539 2549
2545 2554 2559
2545 2559 2546
2544 2552 2553
2559 2554 2549
2559 2549 2555
2517 2512 2541
2517 2541 2535
2542 2540 2547
2521 2539 2540
2521 2540 2511
2544 2553 2545
2553 2554 2545
2535 2541 2542
1573 1583 2560
1605 2561 1596
1583 1572 2562
1596 2561 2563
2562 1572 2564
1596 2563 2565
1605 2566 2561
1573 2560 2567
1605 1604 2566
1573 2567 2568
1053 1041 1051
1042 1041 1053
1267 1266 1275
1265 1267 1608
1064 1066 1068
1284 1286 1271
2157 2155 2139
2157 2139 2569
2249 2264 2266
2249 2266 2570
2250 2261 2267
2261 2249 2570
2139 2152 2569
2138 2152 2139
2571 2572 2573
2571 2573 2574
2575 2576 2577
2575 2577 2578
2579 2580 2581
2579 2581 2582
2577 2583 2584
2577 2584 2585
2574 2586 2587
2574 2587 2571
2588 2589 2590
2576 2591 2583
2576 2583 2577
2585 2584 2586
2585 2586 2574
2592 2583 2591
2592 2591 2593
2594 2586 2584
2594 2584 2595
2595 2584 2583
2595 2583 2592
2596 2587 2586
2596 2586 2594
2596 2594 2590
2596 2590 2589
2595 2592 2597
2595 2597 2598
2594 2595 2598
2594 2598 2590
2592 2593 2599
2592 2599 2597
2600 2601 2602
2588 2603 2604
2588 2604 2605
2600 2606 2607
2600 2607 2601
2603 2602 2601
2603 2601 2604
2608 2575 2578
2572 2609 2573
2610 2579 2611
2582 2612 2611
2582 2611 2579
2575 2611 2612
2575 2612 2576
2585 2613 2578
2585 2578 2577
2614 2581 2580
2614 2580 2615
2616 2617 2612
2616 2612 2582
2618 2619 2620
2621 2622 2581
2621 2581 2614
2623 2624 2625
2576 2612 2617
2576 2617 2591
2619 2606 2620
2582 2581 2622
2582 2622 2616
2624 2618 2625
2591 2617 2626
2591 2626 2593
2616 2622 2627
2616 2627 2628
2628 2626 2617
2628 2617 2616
2629 2627 2622
2629 2622 2621
2629 2630 2625
2629 2625 2627
2628 2631 2620
2628 2620 2626
2631 2628 2627
2631 2627 2625
2599 2593 2626
2599 2626 2620
2619 2618 2632
2633 2624 2623
2633 2623 2634
2607 2606 2619
2607 2619 2632
2632 2618 2624
2632 2624 2633
2575 2608 2611
2635 2615 2580
2635 2580 2636
2573 2609 2637
2573 2637 2638
2573 2638 2613
2613 2639 2578
2613 2638 2639
2608 2578 2639
2611 2608 2640
2610 2611 2640
2610 2580 2579
2636 2580 2610
2588 2590 2603
2623 2625 2630
2603 2590 2602
2625 2618 2631
2602 2590 2598
2600 2598 2597
2602 2598 2600
2618 2620 2631
2600 2597 2606
2620 2606 2599
2606 2597 2599
2574 2573 2613
2574 2613 2585
2641 2642 2643
2641 2643 2644
2645 2641 2644
2645 2644 2646
2647 2648 2649
2647 2649 2650
2642 2651 2652
2642 2652 2643
2653 2654 2655
2656 2657 2658
2656 2658 2655
2659 2660 2661
2659 2661 2662
2663 2664 2657
2663 2657 2665
2666 2667 2668
2646 2669 2670
2646 2670 2645
2667 2652 2651
2667 2651 2668
2648 2654 2649
2659 2662 2671
2659 2671 2672
2673 2659 2672
2673 2672 2674
2665 2657 2673
2665 2673 2674
2664 2675 2657
2676 2677 2647
2676 2647 2650
2678 2679 2680
2678 2680 2681
2661 2680 2679
2661 2679 2662
2669 2682 2670
2683 2684 2685
2683 2685 2686
2677 2676 2687
2687 2688 2689
2679 2690 2671
2679 2671 2662
2679 2678 2691
2679 2691 2690
2678 2683 2686
2678 2686 2691
2683 2692 2693
2694 2695 2696
2649 2654 2653
2687 2676 2688
2657 2675 2658
2683 2693 2684
2673 2697 2660
2673 2660 2659
2657 2656 2697
2657 2697 2673
2683 2678 2681
2683 2681 2698
2692 2683 2698
2692 2698 2689
2653 2655 2658
2689 2688 2692
2694 2696 2699
2696 2695 2700
2699 2696 2701
2699 2701 2702
2700 2695 2703
2704 2705 2706
2705 2704 2707
2708 2709 2710
2709 2708 2711
2712 2713 2714
2715 2707 2716
2707 2715 2717
2716 2707 2704
2718 2719 2720
2719 2718 2721
2722 2711 2708
2711 2722 2723
2724 2723 2722
2723 2724 2725
2726 2727 2728
2727 2726 2729
2730 2731 2732
2731 2730 2733
2734 2735 2736
2735 2734 2737
2725 2738 2739
2738 2725 2724
2740 2741 2742
2741 2740 2743
2744 2745 2746
2747 2748 2749
2744 2750 2745
2750 2744 2751
2746 2745 2752
2720 2753 2754
2753 2720 2719
2754 2755 2756
2755 2754 2753
2757 2758 2759
2758 2757 2705
2760 2761 2762
2761 2760 2763
2743 2764 2741
2764 2743 2765
2742 2766 2740
2766 2742 2767
2768 2769 2770
2706 2705 2757
2771 2772 2745
2745 2773 2752
2773 2745 2772
2774 2775 2776
2761 2777 2762
2777 2761 2778
2779 2780 2781
2779 2781 2782
2783 2784 2785
2784 2783 2786
2778 2734 2777
2734 2778 2737
2787 2788 2789
2788 2787 2790
2785 2791 2792
2791 2785 2784
2712 2769 2713
2769 2712 2793
2792 2721 2718
2721 2792 2791
2731 2783 2732
2783 2731 2786
2769 2793 2794
2795 2796 2775
2796 2795 2797
2797 2798 2796
2798 2797 2799
2796 2765 2743
2765 2796 2798
2775 2743 2740
2743 2775 2796
2775 2740 2800
2801 2802 2803
2802 2801 2804
2751 2744 2798
2751 2798 2804
2802 2804 2799
2804 2798 2799
2728 2805 2726
2806 2807 2808
2727 2729 2809
2787 2810 2811
2787 2811 2790
2798 2744 2765
2751 2769 2750
2769 2751 2801
2771 2769 2768
2812 2813 2795
2775 2812 2795
2774 2812 2775
2710 2763 2760
2763 2710 2709
2804 2801 2751
2814 2776 2815
2776 2814 2816
2750 2769 2771
2815 2817 2814
2817 2815 2788
2815 2800 2766
2800 2815 2776
2766 2800 2740
2818 2819 2820
2819 2818 2821
2822 2823 2824
2823 2822 2825
2713 2826 2714
2827 2820 2828
2820 2827 2829
2829 2818 2820
2830 2831 2832
2831 2830 2833
2834 2824 2835
2824 2834 2822
2713 2803 2836
2837 2835 2838
2835 2837 2834
2808 2839 2840
2839 2808 2841
2730 2842 2733
2842 2730 2843
2844 2845 2846
2845 2844 2847
2838 2848 2837
2848 2838 2849
2850 2851 2852
2851 2850 2853
2854 2855 2856
2857 2855 2854
2855 2857 2858
2856 2859 2854
2833 2860 2831
2860 2833 2861
2861 2862 2860
2862 2861 2863
2758 2864 2759
2864 2758 2819
2865 2866 2867
2866 2865 2868
2869 2870 2871
2869 2871 2872
2852 2873 2874
2873 2852 2851
2853 2850 2875
2876 2877 2836
2821 2864 2819
2878 2854 2879
2854 2880 2879
2880 2854 2859
2881 2882 2883
2866 2884 2885
2884 2866 2868
2886 2887 2888
2887 2886 2889
2885 2844 2846
2844 2885 2884
2890 2891 2892
2891 2890 2893
2889 2894 2887
2894 2889 2895
2826 2836 2896
2836 2826 2713
2895 2832 2894
2832 2895 2830
2842 2886 2888
2886 2842 2843
2836 2897 2896
2795 2898 2797
2898 2795 2883
2797 2899 2799
2899 2797 2898
2898 2874 2899
2874 2898 2852
2883 2852 2898
2852 2883 2850
2883 2900 2850
2802 2901 2803
2901 2802 2902
2858 2899 2855
2858 2902 2899
2902 2802 2799
2902 2799 2899
2807 2841 2808
2839 2903 2840
2899 2874 2855
2858 2836 2901
2836 2858 2857
2878 2876 2836
2883 2795 2813
2881 2883 2813
2825 2867 2823
2867 2825 2865
2902 2858 2901
2882 2904 2905
2904 2882 2906
2857 2878 2836
2905 2907 2891
2907 2905 2904
2905 2900 2882
2900 2905 2908
2908 2850 2900
2789 2788 2815
2891 2893 2905
2909 2910 2911
2912 2913 2914
2913 2912 2915
2916 2917 2918
2919 2920 2921
2920 2919 2922
2923 2924 2925
2924 2923 2926
2926 2914 2924
2914 2926 2912
2927 2928 2929
2930 2931 2932
2933 2917 2934
2935 2936 2937
2936 2935 2938
2939 2940 2941
2942 2943 2944
2943 2942 2945
2941 2940 2946
2947 2948 2949
2948 2947 2950
2951 2931 2952
2931 2951 2953
2954 2955 2956
2955 2954 2957
2930 2958 2931
2915 2921 2913
2921 2915 2919
2934 2911 2933
2911 2934 2909
2941 2959 2960
2961 2962 2963
2950 2964 2948
2964 2950 2965
2963 2959 2966
2967 2968 2969
2968 2967 2970
2971 2966 2959
2972 2953 2951
2932 2973 2974
2975 2955 2957
2955 2975 2976
2973 2977 2974
2977 2973 2978
2979 2958 2930
2958 2979 2980
2978 2981 2977
2982 2983 2984
2983 2982 2985
2959 2963 2986
2986 2982 2984
2981 2987 2941
2988 2963 2989
2990 2928 2991
2941 2987 2939
2985 2982 2988
2960 2977 2941
2979 2992 2975
2992 2960 2993
2960 2992 2974
2992 2932 2974
2994 2984 2983
2984 2994 2993
2995 2993 2994
2993 2995 2992
2931 2973 2932
2975 2995 2976
2995 2975 2992
2980 2957 2954
2957 2980 2979
2979 2932 2992
2932 2979 2930
2975 2957 2979
2993 2986 2984
2946 2959 2941
2959 2946 2971
2969 2996 2967
2996 2969 2997
2938 2997 2936
2997 2938 2996
2945 2937 2943
2937 2945 2935
2944 2998 2942
2998 2944 2999
3000 2999 3001
2999 3000 2998
2965 2918 2964
2918 2965 2916
3002 2940 2939
3003 3004 3005
3006 3007 3008
3007 3006 3009
3010 3011 3012
3013 2920 2922
2920 3013 3014
3015 3016 3017
3016 3015 3018
3019 3020 3021
3020 3019 3022
3021 3009 3006
3009 3021 3020
3023 3024 3025
3017 3026 3027
3012 3028 3029
3030 3031 3032
3031 3030 3033
3034 3035 3036
3037 3038 3039
3038 3037 3040
3035 3041 3036
3042 3043 3044
3043 3042 3045
3046 3047 3048
3049 2955 3050
2955 3049 2956
3015 3017 3027
3008 3014 3013
3014 3008 3007
3005 3051 3052
3029 3004 3003
3004 3029 3028
3035 3053 3054
3055 3056 3057
3044 3058 3059
3058 3044 3043
3060 3061 3062
3061 3060 3063
3054 3056 3064
3065 3054 3064
3066 3046 3067
3026 3068 3069
3070 2955 2976
2955 3070 3050
3069 3071 3072
3071 3069 3068
3072 3071 3073
3074 2983 2985
2983 3074 3075
3054 3076 3056
3076 3075 3074
3073 3035 3077
2988 3078 3056
3078 2988 3079
3025 3080 3081
3035 3034 3077
2985 2988 3074
3053 3035 3071
3016 3070 3082
3082 3053 3068
3053 3082 3083
3026 3082 3068
2994 3075 3083
3075 2994 2983
2995 3083 3082
3083 2995 2994
3027 3026 3069
3070 2995 3082
2995 3070 2976
3050 3018 3049
3018 3050 3016
3016 3026 3017
3026 3016 3082
3070 3016 3050
3083 3076 3053
3041 3054 3065
3054 3041 3035
3063 3084 3085
3084 3063 3060
3032 3085 3084
3085 3032 3031
3039 3033 3030
3033 3039 3038
3056 3078 3057
3040 3086 3087
3086 3040 3037
3000 3087 3086
3087 3000 3001
3059 3011 3010
3011 3059 3058
3064 3056 3055
3088 3034 3036
3075 3076 3083
2960 2986 2993
2977 2981 2941
3068 3053 3071
3035 3073 3071
2977 2960 2974
2986 2963 2982
3056 3076 3074
2960 2959 2986
3054 3053 3076
2769 2803 2713
2836 2803 2901
2769 2801 2803
2897 2836 2877
2769 2794 2770
2988 2989 3079
2989 2963 2962
2963 2966 2961
2748 3089 3090
2744 2764 2765
2764 2744 2746
2873 2855 2874
2855 2873 2856
2745 2750 2771
2857 2854 2878
3091 2890 2892
3091 2892 3092
2883 2882 2900
2776 2775 2800
2748 3090 3093
2749 2748 3093
2951 2952 3094
2747 2814 2817
2904 3089 2907
2988 2982 2963
3074 2988 3056
3095 2904 2906
3090 3089 3095
2814 3096 2816
2747 2749 3096
2747 3096 2814
3095 3089 2904
2875 2850 2908
2789 2815 2766
2905 2893 2908
2766 2767 2789
2875 2908 2893
3046 3027 3067
3027 3046 3048
2931 2958 2952
3015 3027 3048
2806 2726 2805
2806 2808 2726
3097 3098 3099
3100 3101 3102
3103 3104 3105
3106 3107 3108
3109 3110 3111
3112 3113 3114
3115 3116 3117
3118 3119 3120
3121 3122 3123
3124 3125 3126
3127 3128 3129
3130 3131 3132
3133 3134 3135
3136 3137 3138
3139 3140 3141
3142 3143 3144
3145 3146 3147
3148 3149 3150
3151 3152 3153
3154 3155 3156
3157 3158 3159
3160 3161 3162
3163 3164 3165
3163 3165 3166
3167 3168 3169
3170 3171 3172
3173 3174 3175
3173 3175 3176
3177 3178 3179
3180 3181 3182
3183 3184 3185
3186 3187 3188
3189 3190 3191
3192 3193 3194
3195 3196 3197
3195 3197 3198
3199 3200 3201
3202 3203 3204
3205 3206 3207
3208 3209 3210
3211 3212 3213
3214 3215 3216
3214 3216 3217
3218 3219 3220
3221 3222 3223
3224 3225 3226
3227 3228 3229
3230 3231 3232
3233 3234 3235
3236 3237 3238
3239 3240 3241
3242 3243 3244
3245 3246 3247
3248 3249 3250
3251 3252 3253
3254 3255 3256
3257 3258 3259
3260 3261 3262
3263 3264 3265
3266 3267 3268
3269 3270 3271
3272 3273 3274
3275 3276 3277
3278 3279 3280
3281 3282 3283
3281 3283 3284
3285 3286 3287
3288 3289 3290
3288 3290 3291
3292 3293 3294
3295 3296 3297
3298 3299 3300
3301 3302 3303
3304 3305 3306
3307 3308 3309
3310 3311 3312
3313 3314 3315
3316 3317 3318
3319 3320 3321
3322 3323 3324
3325 3326 3327
3328 3329 3330
3331 3332 3333
3334 3335 3336
3012 3011 3028
2918 2917 2933
3337 2910 3338
2911 2910 3337
3339 3340 3341
3005 3004 3051
3342 3343 3344
3025 3024 3080
2929 2928 2990
3345 3346 3347
3345 3347 3348
3349 3350 3351
3352 3351 3353
3352 3353 3354
3354 3353 3355
3354 3355 3356
3356 3355 3357
3357 3358 3346
3357 3346 3345
3359 3360 3361
3359 3361 3362
3348 3347 3360
3348 3360 3359
3360 3347 3363
3360 3363 3364
3348 3359 3365
3348 3365 3366
3361 3360 3364
3361 3364 3367
3359 3362 3368
3359 3368 3365
3351 3350 3369
3351 3369 3370
3349 3352 3371
3349 3371 3372
3353 3351 3370
3353 3370 3373
3352 3354 3374
3352 3374 3371
3355 3353 3373
3355 3373 3375
3354 3356 3376
3354 3376 3374
3358 3355 3375
3358 3375 3377
3356 3357 3378
3356 3378 3376
3346 3358 3377
3346 3377 3379
3357 3345 3380
3357 3380 3378
3347 3346 3379
3347 3379 3363
3345 3348 3366
3345 3366 3380
3381 3382 3383
3384 3385 3386
3387 3388 3389
3390 3391 3392
3390 3392 3393
3394 3395 3396
3394 3396 3397
3397 3396 3398
3397 3398 3399
3399 3398 3400
3399 3400 3401
3401 3400 3402
3401 3402 3403
3404 3405 3391
3404 3391 3390
3406 3407 3395
3406 3395 3394
3393 3392 3407
3393 3407 3406
3407 3392 3408
3407 3408 3409
3393 3406 3410
3393 3410 3411
3395 3407 3409
3395 3409 3412
3406 3394 3413
3406 3413 3410
3396 3395 3412
3396 3412 3414
3394 3397 3415
3394 3415 3413
3398 3396 3414
3398 3414 3416
3397 3399 3417
3397 3417 3415
3400 3398 3416
3400 3416 3418
3399 3401 3419
3399 3419 3417
3402 3400 3418
3402 3418 3420
3401 3403 3421
3401 3421 3419
3391 3405 3422
3391 3422 3423
3404 3390 3424
3404 3424 3425
3392 3391 3423
3392 3423 3408
3390 3393 3411
3390 3411 3424
3426 3427 3428
3427 3426 3429
3430 3431 3432
3431 3430 3433
3349 3351 3352
3357 3355 3358
3434 3435 3436
3389 3435 3434
3436 3435 3437
3389 3388 3435
3436 3437 3438
3383 3439 3440
3383 3382 3439
3384 3382 3381
3384 3386 3382
3432 3431 3441
3431 3433 3442
3432 3441 3443
3442 3433 3444
3426 3428 3445
3429 3446 3447
3429 3426 3446
3445 3428 3448
3449 3450 3451
3449 3451 3452
3453 3454 3451
3453 3451 3450
3453 3455 3456
3453 3456 3454
3457 3458 3459
3457 3459 3460
3459 3461 3462
3459 3462 3460
3461 3456 3455
3461 3455 3462
3457 3463 3464
3457 3464 3458
3465 3466 3449
3465 3449 3452
3467 3468 3469
3470 3468 3467
3471 3472 3473
3471 3473 3474
3472 3475 3473
3473 3475 3476
3477 3478 3479
3477 3479 3480
3481 3482 3483
3481 3483 3484
3485 3486 3487
3488 3489 3468
3488 3468 3470
3490 3491 3492
3490 3492 3493
3494 3495 3496
3497 3498 3495
3497 3495 3494
3499 3498 3497
3500 3501 3502
3503 3504 3505
3503 3505 3506
3504 3503 3507
3508 3509 3510
3508 3510 3511
3512 3513 3514
3512 3514 3515
3516 3517 3518
3516 3518 3519
3520 3500 3502
3520 3502 3521
3522 3523 3519
3524 3522 3519
3524 3519 3518
3525 3524 3518
3482 3471 3474
3482 3474 3483
3526 3527 3489
3526 3489 3488
3506 3505 3513
3506 3513 3512
3521 3528 3529
3521 3529 3520
3481 3484 3527
3481 3527 3526
3528 3515 3514
3528 3514 3529
3530 3531 3532
3498 3487 3533
3498 3533 3495
3510 3509 3534
3517 3516 3535
3487 3536 3533
3530 3532 3537
3534 3509 3538
3517 3535 3539
3530 3537 3540
3538 3509 3541
3517 3539 3542
3487 3486 3536
3503 3476 3507
3473 3476 3503
3469 3468 3502
3469 3502 3501
3543 3544 3545
3546 3547 3548
3549 3547 3546
3550 3547 3549
3551 3547 3550
3552 3547 3551
3553 3547 3552
3554 3547 3553
3555 3544 3556
3557 3558 3559
3557 3559 3560
3556 3544 3561
3562 3544 3555
3561 3544 3543
3563 3544 3562
3564 3544 3563
3565 3566 3560
3565 3560 3559
3558 3557 3567
3558 3567 3568
3566 3565 3569
3566 3569 3570
3571 3572 3570
3571 3570 3569
3573 3574 3568
3573 3568 3567
3548 3547 3554
3545 3544 3564
3575 3576 3574
3575 3574 3573
3577 3578 3572
3577 3572 3571
3579 3580 3581
3579 3581 3582
3583 3584 3585
3583 3585 3586
3583 3586 3587
3583 3587 3588
3589 3590 3591
3589 3591 3592
3588 3587 3593
3588 3593 3594
3594 3593 3595
3594 3595 3596
3589 3596 3595
3589 3595 3590
3580 3579 3592
3580 3592 3591
3597 3598 3599
3597 3599 3600
3599 3601 3602
3599 3602 3600
3603 3604 3605
3603 3605 3606
3607 3608 3609
3606 3605 3610
3606 3610 3611
3608 3612 3613
3613 3614 3609
3609 3608 3613
3605 3604 3615
3605 3615 3616
3617 3618 3619
3617 3619 3620
3621 3622 3623
3624 3598 3597
3624 3597 3625
3626 3627 3628
3622 3624 3625
3622 3625 3623
3601 3627 3626
3601 3626 3602
3608 3629 3630
3608 3630 3612
3631 3632 3629
3631 3629 3608
3631 3605 3616
3631 3616 3632
3620 3619 3633
3620 3633 3634
3635 3636 3637
3635 3637 3638
3639 3640 3641
3639 3642 3643
3643 3642 3614
3614 3612 3643
3614 3613 3612
3644 3636 3635
3644 3635 3645
3646 3618 3617
3646 3617 3647
3643 3612 3630
3643 3630 3648
3640 3643 3648
3640 3648 3649
3645 3635 3640
3645 3640 3649
3647 3650 3651
3647 3651 3646
3652 3653 3654
3655 3638 3650
3606 3611 3634
3650 3638 3651
3606 3634 3633
3641 3635 3638
3641 3638 3655
3641 3640 3635
3607 3610 3605
3607 3605 3631
3607 3631 3608
3640 3639 3643
3652 3654 3656
3656 3657 3658
3656 3654 3657
3659 3653 3660
3654 3653 3659
3661 3662 3663
3662 3664 3663
3664 3662 3665
3666 3667 3668
3667 3661 3668
3661 3667 3662
3668 3669 3666
3669 3668 3670
3661 3670 3668
3670 3661 3671
3663 3671 3661
3671 3663 3672
3664 3672 3663
3672 3664 3673
3674 3673 3664
3675 3676 3677
3676 3675 3678
3679 3669 3670
3680 3670 3671
3680 3671 3677
3677 3673 3675
3673 3677 3672
3680 3681 3679
3681 3680 3682
3677 3682 3680
3682 3677 3676
3682 3683 3681
3683 3682 3684
3676 3684 3682
3684 3676 3685
3686 3687 3685
3686 3688 3689
3688 3686 3678
3674 3664 3665
3690 3689 3691
3689 3690 3686
3686 3692 3687
3692 3686 3690
3693 3685 3694
3685 3693 3684
3674 3675 3673
3675 3674 3678
3678 3695 3688
3695 3678 3674
3696 3697 3698
3696 3699 3700
3699 3696 3698
3667 3666 3701
3667 3697 3696
3697 3667 3701
3701 3669 3702
3669 3701 3666
3697 3702 3703
3702 3697 3701
3698 3703 3704
3703 3698 3697
3699 3704 3705
3704 3699 3698
3706 3699 3705
3707 3708 3709
3708 3707 3710
3679 3711 3702
3702 3711 3703
3711 3710 3703
3710 3705 3704
3705 3710 3707
3711 3681 3712
3681 3711 3679
3710 3712 3708
3712 3710 3711
3683 3712 3681
3712 3683 3693
3693 3708 3712
3708 3693 3694
3690 3709 3708
3713 3690 3691
3690 3713 3709
3706 3707 3709
3707 3706 3705
3714 3709 3713
3709 3714 3706
3715 3716 3717
3715 3718 3665
3718 3715 3717
3719 3720 3721
3719 3716 3715
3716 3719 3721
3721 3722 3723
3722 3721 3720
3716 3723 3724
3723 3716 3721
3717 3724 3725
3724 3717 3716
3718 3725 3726
3725 3718 3717
3695 3718 3726
3727 3728 3688
3728 3727 3729
3730 3731 3723
3723 3731 3724
3731 3729 3724
3729 3726 3725
3726 3729 3727
3731 3732 3733
3732 3731 3730
3729 3733 3728
3733 3729 3731
3734 3733 3732
3733 3734 3735
3735 3728 3733
3728 3735 3736
3689 3688 3728
3695 3674 3665
3689 3737 3691
3737 3689 3738
3735 3734 3739
3695 3727 3688
3727 3695 3726
3740 3741 3742
3741 3743 3742
3743 3741 3700
3720 3719 3744
3719 3740 3744
3740 3719 3741
3744 3722 3720
3722 3744 3745
3740 3745 3744
3745 3740 3746
3742 3746 3740
3746 3742 3747
3743 3747 3742
3747 3743 3748
3714 3748 3743
3749 3750 3751
3750 3749 3713
3730 3722 3745
3752 3745 3746
3752 3746 3751
3751 3748 3749
3748 3751 3747
3752 3732 3730
3732 3752 3753
3751 3753 3752
3753 3751 3750
3753 3734 3732
3734 3753 3739
3750 3739 3753
3739 3750 3754
3691 3737 3754
3714 3743 3700
3714 3749 3748
3749 3714 3713
3690 3694 3692
3690 3708 3694
3686 3676 3678
3686 3685 3676
3689 3736 3738
3689 3728 3736
3691 3750 3713
3691 3754 3750
3730 3723 3722
3730 3745 3752
3724 3729 3725
3751 3746 3747
3703 3710 3704
3679 3702 3669
3679 3670 3680
3677 3671 3672
3695 3665 3718
3706 3700 3699
3714 3700 3706
3692 3685 3687
3685 3692 3694
3684 3693 3683
3738 3754 3737
3754 3738 3736
3736 3739 3754
3739 3736 3735
3755 3756 3757
3755 3757 3758
3759 3757 3756
3759 3756 3760
3760 3761 3762
3760 3762 3759
3763 3764 3765
3763 3765 3766
3767 3765 3764
3767 3764 3768
3768 3769 3770
3768 3770 3767
3771 3772 3773
3773 3772 3774
3774 3775 3773
3776 3777 3778
3778 3777 3771
3771 3773 3778
3777 3776 3779
3779 3780 3777
3771 3777 3780
3780 3781 3771
3772 3771 3781
3781 3782 3772
3774 3772 3782
3782 3783 3774
3784 3774 3783
3785 3786 3787
3787 3788 3785
3789 3780 3779
3790 3781 3780
3790 3786 3781
3786 3785 3783
3783 3782 3786
3790 3789 3791
3791 3792 3790
3786 3790 3792
3792 3787 3786
3792 3791 3793
3793 3794 3792
3787 3792 3794
3794 3795 3787
3796 3795 3797
3796 3798 3799
3799 3788 3796
3784 3775 3774
3800 3801 3798
3798 3796 3800
3796 3797 3802
3802 3800 3796
3803 3804 3795
3795 3794 3803
3784 3783 3785
3785 3788 3784
3788 3799 3805
3805 3784 3788
3806 3807 3808
3806 3809 3810
3810 3807 3806
3778 3811 3776
3778 3806 3808
3808 3811 3778
3811 3812 3779
3779 3776 3811
3808 3813 3812
3812 3811 3808
3807 3814 3813
3813 3808 3807
3810 3815 3814
3814 3807 3810
3816 3815 3810
3817 3818 3819
3819 3820 3817
3789 3812 3821
3812 3813 3821
3821 3813 3820
3820 3814 3815
3815 3817 3820
3821 3822 3791
3791 3789 3821
3820 3819 3822
3822 3821 3820
3793 3791 3822
3822 3803 3793
3803 3822 3819
3819 3804 3803
3800 3819 3818
3823 3801 3800
3800 3818 3823
3816 3818 3817
3817 3815 3816
3824 3823 3818
3818 3816 3824
3825 3826 3827
3825 3775 3828
3828 3826 3825
3829 3830 3831
3829 3825 3827
3827 3830 3829
3830 3832 3833
3833 3831 3830
3827 3834 3832
3832 3830 3827
3826 3835 3834
3834 3827 3826
3828 3836 3835
3835 3826 3828
3805 3836 3828
3837 3799 3838
3838 3839 3837
3840 3832 3841
3832 3834 3841
3841 3834 3839
3839 3835 3836
3836 3837 3839
3841 3842 3843
3843 3840 3841
3839 3838 3842
3842 3841 3839
3844 3843 3842
3842 3845 3844
3845 3842 3838
3838 3846 3845
3798 3838 3799
3805 3775 3784
3798 3801 3847
3847 3848 3798
3845 3849 3844
3805 3799 3837
3837 3836 3805
3850 3851 3852
3852 3851 3853
3853 3809 3852
3831 3854 3829
3829 3854 3850
3850 3852 3829
3854 3831 3833
3833 3855 3854
3850 3854 3855
3855 3856 3850
3851 3850 3856
3856 3857 3851
3853 3851 3857
3857 3858 3853
3824 3853 3858
3859 3860 3861
3861 3823 3859
3840 3855 3833
3862 3856 3855
3862 3860 3856
3860 3859 3858
3858 3857 3860
3862 3840 3843
3843 3863 3862
3860 3862 3863
3863 3861 3860
3863 3843 3844
3844 3849 3863
3861 3863 3849
3849 3864 3861
3801 3864 3847
3824 3809 3853
3824 3858 3859
3859 3823 3824
3800 3802 3804
3800 3804 3819
3796 3788 3787
3796 3787 3795
3798 3848 3846
3798 3846 3838
3801 3823 3861
3801 3861 3864
3840 3833 3832
3840 3862 3855
3834 3835 3839
3860 3857 3856
3813 3814 3820
3789 3779 3812
3789 3790 3780
3786 3782 3781
3805 3828 3775
3816 3810 3809
3824 3816 3809
3802 3797 3795
3795 3804 3802
3794 3793 3803
3848 3847 3864
3864 3846 3848
3846 3864 3849
3849 3845 3846
3865 3866 3867
3865 3867 3868
3869 3870 3868
3869 3868 3867
3870 3869 3871
3870 3871 3872
3873 3874 3875
3873 3875 3876
3877 3878 3876
3877 3876 3875
3878 3877 3879
3878 3879 3880
3881 3882 3883
3881 3883 3884
3885 3886 3887
3885 3887 3888
3882 3881 3889
3882 3889 3890
3891 3892 3893
3891 3893 3894
3895 3896 3897
3898 3899 3900
3898 3900 3901
3902 3903 3904
3902 3904 3905
3906 3907 3903
3906 3903 3902
3908 3909 3904
3910 3885 3888
3910 3888 3911
3912 3907 3906
3912 3906 3913
3914 3915 3916
3917 3918 3919
3917 3919 3920
3921 3922 3923
3921 3923 3924
3922 3925 3926
3922 3926 3923
3924 3909 3908
3924 3908 3921
3927 3928 3920
3927 3920 3919
3929 3930 3931
3932 3933 3890
3932 3890 3889
3912 3913 3934
3929 3931 3926
3929 3926 3925
3935 3896 3936
3936 3896 3937
3938 3896 3939
3937 3896 3938
3897 3896 3940
3940 3896 3935
3892 3941 3893
3893 3941 3942
3942 3941 3943
3904 3909 3905
3942 3943 3944
3914 3941 3892
3914 3916 3941
3945 3946 3947
3948 3949 3950
3948 3950 3951
3952 3953 3954
3952 3954 3955
3956 3957 3958
3956 3958 3959
3960 3961 3962
3960 3962 3963
3964 3965 3949
3964 3949 3948
3966 3967 3968
3966 3968 3946
3969 3970 3971
3959 3958 3972
3959 3972 3973
3974 3975 3976
3974 3976 3977
3978 3979 3980
3978 3980 3981
3973 3972 3982
3973 3982 3983
3984 3985 3957
3984 3957 3956
3983 3982 3953
3983 3953 3952
3986 3987 3988
3989 3990 3975
3989 3975 3974
3991 3992 3993
3991 3993 3994
3995 3947 3996
3995 3996 3969
3981 3980 3992
3981 3992 3991
3994 3993 3997
3994 3997 3998
3999 4000 4001
3987 3986 4002
3996 3970 3969
4003 4004 3961
4003 3961 3960
4005 4006 4004
4005 4004 4003
4000 3999 3970
3970 3999 3971
3998 3997 4007
3998 4007 4008
3977 3976 3985
3977 3985 3984
4008 4007 4009
4008 4009 4010
4011 4012 4013
4014 4015 4016
4014 4016 4017
4018 4019 4020
4012 4019 4021
4012 4021 4013
4022 4023 4024
4025 4026 4027
4021 4019 4018
4024 4018 4022
4018 4020 4022
4017 4016 4011
4027 4028 4029
3951 3950 4006
3951 4006 4005
3945 3947 3995
3946 3945 3966
4011 4013 4017
4026 4015 4014
4026 4014 4027
4010 4009 3990
4010 3990 3989
4002 3986 3968
4002 3968 3967
4030 4031 3965
4030 3965 3964
3986 4032 4033
4027 4029 4034
4035 4028 4036
4033 4037 4038
4029 4028 4035
4033 4032 4037
3986 3988 4039
4027 4040 4025
4027 4034 4040
3986 4039 4032
