byte offset: 0
first index: 0
index count: 9336
topology: trianglelist
format: DXGI_FORMAT_R16_UINT

0 1 2
3 4 5
3 5 6
7 8 9
7 9 10
11 12 13
11 13 14
15 16 17
18 19 20
18 20 21
22 23 24
25 26 27
25 27 28
29 30 31
29 31 32
31 30 33
31 33 34
35 19 16
35 16 36
20 19 35
20 35 37
38 9 29
38 29 32
39 1 0
39 0 40
23 22 41
23 41 42
15 43 44
15 44 45
46 3 1
46 1 39
47 4 3
47 3 46
22 27 48
22 48 41
27 26 49
27 49 48
29 9 8
14 13 33
14 33 30
17 50 43
17 43 15
18 21 51
18 51 52
53 10 9
53 9 38
16 15 45
16 45 36
50 24 23
50 23 43
43 23 42
43 42 44
40 0 10
40 10 53
2 7 10
2 10 0
6 5 12
6 12 11
52 51 25
52 25 28
19 18 17
19 17 16
18 52 50
18 50 17
52 28 24
52 24 50
28 27 22
28 22 24
3 6 2
3 2 1
6 11 7
6 7 2
11 14 8
11 8 7
14 30 29
14 29 8
54 31 34
54 34 55
56 32 31
56 31 54
57 38 32
57 32 56
58 53 38
58 38 57
59 46 39
59 39 60
40 61 60
40 60 39
53 58 61
53 61 40
46 59 62
46 62 47
63 64 65
66 67 68
66 68 69
70 71 72
70 72 73
74 75 76
74 76 77
78 79 80
81 82 83
81 83 84
85 86 87
88 89 90
88 90 91
92 93 94
92 94 95
94 96 97
94 97 95
98 99 80
98 80 84
83 100 98
83 98 84
101 93 92
101 92 72
102 103 63
102 63 65
87 104 105
87 105 85
78 106 107
78 107 108
109 102 65
109 65 66
110 109 66
110 66 69
85 105 111
85 111 90
90 111 112
90 112 91
92 73 72
75 95 97
75 97 76
79 78 108
79 108 113
81 114 115
81 115 82
116 101 72
116 72 71
80 99 106
80 106 78
113 108 87
113 87 86
108 107 104
108 104 87
103 116 71
103 71 63
64 63 71
64 71 70
67 74 77
67 77 68
114 89 88
114 88 115
84 80 79
84 79 81
81 79 113
81 113 114
114 113 86
114 86 89
89 86 85
89 85 90
66 65 64
66 64 67
67 64 70
67 70 74
74 70 73
74 73 75
75 73 92
75 92 95
117 118 96
117 96 94
119 117 94
119 94 93
120 119 93
120 93 101
121 120 101
121 101 116
122 123 102
122 102 109
103 102 123
103 123 124
116 103 124
116 124 121
109 110 125
109 125 122
126 127 128
126 128 129
130 131 132
130 132 133
134 135 136
134 136 137
136 138 139
136 139 137
140 141 142
140 142 143
144 130 133
144 133 145
146 147 148
146 148 149
147 150 151
147 151 148
150 132 131
150 131 151
129 128 146
129 146 149
135 134 142
135 142 141
140 143 152
140 152 153
154 155 156
154 156 157
155 139 138
155 138 156
158 159 160
158 160 161
162 163 164
162 164 165
166 167 168
166 168 169
168 167 170
168 170 171
172 173 174
172 174 175
165 164 176
165 176 177
178 179 180
178 180 181
181 180 182
181 182 183
183 182 163
183 163 162
178 160 159
178 159 179
174 166 169
174 169 175
184 173 172
184 172 185
186 187 188
186 188 189
189 188 171
189 171 170
190 191 192
190 192 193
194 195 196
194 196 197
198 191 190
193 192 196
193 196 195
199 200 201
199 201 202
201 203 202
204 205 206
204 206 207
208 209 210
197 211 194
212 213 214
212 214 215
216 217 218
216 218 219
220 212 215
213 217 216
213 216 214
221 222 223
221 223 224
223 222 225
226 227 228
226 228 229
230 231 232
219 218 233
234 235 236
234 236 237
238 239 240
238 240 241
242 243 244
242 244 245
246 247 248
246 248 249
250 251 237
252 248 253
234 254 235
254 234 255
256 257 258
256 258 259
260 261 262
263 264 265
263 265 266
267 249 268
267 268 269
270 271 272
273 252 253
273 253 236
274 275 239
274 239 276
277 278 243
277 243 258
250 237 236
249 248 268
279 280 235
279 235 244
281 282 257
281 257 283
284 285 265
284 265 286
287 263 269
287 269 268
261 288 262
252 287 268
252 268 248
289 290 247
248 291 253
259 258 243
259 243 242
278 279 244
278 244 243
292 283 257
292 257 256
282 277 258
282 258 257
293 276 239
293 239 238
239 275 294
239 294 240
295 296 297
298 299 300
298 300 301
302 303 304
302 304 305
306 307 308
306 308 309
310 311 312
310 312 313
313 312 314
313 314 315
315 314 306
315 306 309
316 317 318
316 318 319
320 321 322
323 324 325
236 253 250
253 291 250
250 291 251
326 245 254
254 244 235
254 245 244
327 328 329
305 304 330
305 330 331
332 333 334
335 336 269
337 299 338
246 289 247
290 291 248
290 248 247
339 301 340
299 341 300
270 342 271
343 344 345
343 345 346
347 348 346
300 341 325
323 349 324
350 351 340
350 340 325
352 339 340
301 300 340
300 325 340
311 310 353
311 353 354
355 356 357
355 357 358
359 303 360
359 360 361
361 360 362
361 362 363
362 355 358
362 358 363
364 365 366
364 366 367
368 369 370
371 332 334
371 334 372
261 260 373
374 329 328
374 328 375
352 340 351
254 255 326
376 377 378
379 380 369
354 353 381
369 380 370
264 382 286
264 286 265
335 269 266
335 266 383
344 343 296
344 296 295
384 385 299
384 299 296
236 235 280
236 280 273
349 331 330
349 330 324
316 320 317
367 386 364
387 388 389
390 391 392
288 393 276
288 394 393
388 395 389
390 396 391
288 276 262
262 276 293
262 293 260
397 364 386
397 386 398
320 399 321
387 400 388
303 359 368
303 368 304
317 401 402
317 402 318
304 368 370
304 370 330
356 355 403
356 403 404
303 302 405
303 405 360
360 405 406
360 406 362
362 406 403
362 403 355
324 330 370
324 370 350
317 320 322
317 322 401
324 350 325
343 407 384
343 384 296
299 385 408
299 408 341
409 410 411
409 411 412
271 286 382
271 382 272
271 342 284
271 284 286
413 414 415
346 348 407
346 407 343
383 266 265
383 265 285
263 266 269
297 299 337
297 296 299
269 336 267
338 299 298
416 417 418
419 420 421
419 421 422
422 421 423
422 423 424
420 419 425
418 417 420
418 420 425
426 427 428
426 428 429
430 429 428
431 432 433
434 435 432
434 432 431
436 437 438
439 440 441
439 441 442
443 427 426
443 426 444
436 445 434
436 434 437
446 447 435
446 435 434
442 441 424
442 424 423
448 449 450
448 450 451
452 453 454
452 454 455
456 457 458
456 458 459
460 461 462
460 462 463
464 449 465
466 467 462
448 451 468
468 469 448
470 471 472
470 472 473
474 475 476
477 478 479
477 479 480
481 482 483
481 483 461
484 485 486
487 450 467
487 467 466
488 489 455
488 455 490
491 472 459
491 459 492
464 450 449
461 483 462
493 458 451
493 451 494
495 496 473
495 473 497
498 499 479
498 479 500
501 483 482
501 482 477
476 475 502
466 462 483
466 483 501
503 463 504
462 467 505
471 456 459
471 459 472
492 459 458
492 458 493
506 470 473
506 473 496
497 473 472
497 472 491
507 452 455
507 455 489
508 490 455
508 455 454
509 510 511
512 513 514
512 514 515
516 517 518
516 518 519
520 521 522
520 522 523
524 525 526
524 526 527
525 528 529
525 529 526
528 521 520
528 520 529
530 531 532
530 532 533
534 535 536
537 538 539
450 464 467
467 464 505
464 465 505
540 468 457
468 451 458
468 458 457
541 542 543
517 544 545
517 545 518
546 547 548
549 482 550
551 552 515
460 463 503
504 463 462
504 462 505
553 554 513
515 514 555
484 486 556
557 558 559
557 559 560
561 558 562
514 538 555
537 539 563
564 538 554
564 554 565
566 554 553
513 554 514
514 554 538
527 567 568
527 568 524
569 570 571
569 571 572
573 574 575
573 575 519
574 576 577
574 577 575
577 576 570
577 570 569
578 579 580
578 580 581
582 583 584
585 586 547
585 547 546
587 588 589
590 591 543
590 543 542
566 565 554
468 540 469
592 593 594
595 584 596
567 597 568
584 583 596
480 479 499
480 499 598
549 599 478
549 478 482
560 509 511
560 511 557
600 511 515
600 515 601
450 487 494
450 494 451
563 539 545
563 545 544
530 533 534
579 578 602
603 604 605
606 607 608
502 489 609
502 609 610
605 604 611
606 608 612
502 475 489
475 474 507
475 507 489
589 588 602
589 602 578
534 536 613
603 605 614
519 518 582
519 582 573
533 532 615
533 615 616
518 545 583
518 583 582
617 569 572
617 572 618
519 575 619
519 619 516
575 577 620
575 620 619
577 569 617
577 617 620
539 564 583
539 583 545
533 616 535
533 535 534
539 538 564
557 511 600
557 600 621
515 555 622
515 622 601
555 538 537
555 537 622
486 485 598
486 598 499
498 556 486
498 486 499
559 558 561
621 562 558
621 558 557
599 500 479
599 479 478
477 482 478
510 551 515
510 515 511
482 481 550
552 512 515
623 624 625
626 627 628
626 628 629
630 628 627
630 627 631
629 632 626
624 632 629
624 629 625
633 634 635
633 635 636
637 635 634
638 639 640
640 641 642
640 642 638
643 644 645
646 647 648
646 648 649
633 636 650
633 650 651
642 652 643
642 643 645
653 642 641
653 641 654
647 630 631
647 631 648
655 656 657
655 657 658
656 659 660
656 660 657
661 660 659
661 659 662
662 663 664
662 664 661
665 666 667
668 669 670
668 670 671
668 671 665
668 665 667
669 664 663
669 663 670
672 655 658
672 658 673
672 673 674
675 676 677
675 677 678
678 677 679
678 679 680
681 682 680
681 680 679
682 681 683
682 683 684
685 686 687
688 689 690
688 690 691
690 686 685
690 685 691
684 683 689
684 689 688
676 675 692
676 692 693
692 694 693
695 696 697
698 699 700
698 700 701
702 703 704
702 704 705
706 707 702
706 702 705
708 709 710
708 710 711
708 697 696
708 696 709
712 713 714
712 714 715
715 714 698
715 698 701
711 710 713
711 713 712
716 717 718
719 720 721
719 721 722
723 724 725
723 725 726
727 724 723
727 723 728
729 730 731
729 731 732
718 717 729
718 729 732
733 734 735
733 735 736
734 720 719
734 719 735
730 733 736
730 736 731
737 738 739
737 739 740
741 742 743
741 743 744
742 745 739
742 739 743
739 738 746
739 746 743
738 747 748
738 748 746
749 750 746
749 746 748
750 744 743
750 743 746
751 752 750
751 750 749
752 753 744
752 744 750
754 753 752
754 752 755
751 756 755
751 755 752
751 757 758
751 758 756
757 751 749
757 749 759
757 760 761
757 761 758
760 757 759
760 759 762
763 764 754
763 754 765
754 755 766
754 766 765
756 758 767
756 767 768
769 753 754
769 754 764
769 741 744
769 744 753
747 770 771
747 771 748
759 749 748
759 748 771
759 771 772
759 772 762
771 770 773
771 773 772
774 775 776
774 776 773
777 772 773
777 773 776
777 778 762
777 762 772
770 779 774
770 774 773
779 770 747
779 747 780
780 747 738
780 738 737
781 761 760
781 760 782
762 778 782
762 782 760
767 758 761
767 761 783
784 785 775
784 775 774
784 774 779
784 779 786
786 779 780
786 780 787
788 789 790
788 790 791
792 793 794
792 794 795
796 797 798
796 798 799
800 799 798
800 798 801
793 792 802
793 802 803
804 805 806
804 806 807
795 794 807
795 807 806
798 808 809
798 809 801
808 810 811
808 811 809
804 807 809
804 809 811
807 794 801
807 801 809
811 810 812
811 812 813
811 814 804
815 816 813
815 813 812
817 814 818
804 814 819
804 819 805
820 821 822
820 822 823
824 825 826
824 826 827
828 829 827
828 827 826
828 830 831
828 831 829
824 827 832
824 832 833
827 829 834
827 834 832
835 836 832
835 832 834
836 837 833
836 833 832
835 820 838
835 838 836
839 837 836
839 836 838
838 820 823
838 823 840
839 838 840
839 840 841
841 842 843
841 843 839
839 843 844
839 844 837
812 843 842
812 842 815
844 810 808
844 808 845
798 797 845
798 845 808
844 843 812
844 812 810
846 803 802
846 802 847
826 848 849
826 849 828
796 825 824
796 824 797
844 845 833
844 833 837
845 797 824
845 824 833
850 851 852
850 852 853
853 852 854
853 854 855
856 857 855
856 855 854
858 859 860
858 860 861
862 863 864
862 864 865
856 866 867
856 867 857
769 792 795
769 795 741
792 769 764
792 764 802
805 745 742
805 742 806
741 795 806
741 806 742
868 745 805
868 805 819
802 764 763
802 763 847
869 870 871
869 871 872
873 874 875
873 875 876
877 878 879
877 879 880
881 882 883
881 883 884
885 886 887
885 887 888
889 890 891
889 891 892
893 894 895
893 895 896
897 898 899
897 899 900
901 902 903
901 903 904
905 901 906
905 906 907
903 908 904
907 906 909
907 909 910
911 902 901
911 901 905
768 907 910
768 910 912
882 913 914
882 914 883
913 882 915
913 915 916
917 918 919
917 919 920
921 922 923
921 923 924
925 926 927
925 927 928
929 930 931
929 931 932
933 934 935
933 935 936
884 937 881
938 939 940
938 940 941
942 943 944
942 944 945
896 946 947
896 895 948
896 948 946
949 950 935
949 935 934
951 952 953
951 953 949
954 955 956
954 956 957
958 959 960
958 960 961
962 963 960
962 960 959
830 828 849
830 849 964
965 966 765
965 765 766
967 968 847
967 847 763
871 969 970
871 970 872
907 767 783
907 783 905
971 972 870
971 870 869
894 973 974
894 974 895
895 974 975
895 975 948
968 976 846
968 846 847
928 927 922
928 922 921
846 976 929
846 929 977
977 978 803
977 803 846
979 848 826
979 826 825
979 825 796
979 796 980
980 796 799
980 799 981
800 982 981
800 981 799
983 982 803
983 803 978
984 983 978
984 978 985
986 987 988
986 988 989
989 988 990
989 990 991
978 977 992
978 992 985
988 993 994
988 994 990
925 995 996
925 996 926
966 967 763
966 763 765
997 998 999
997 999 1000
998 1001 1002
998 1002 999
1001 1003 1004
1001 1004 1002
1005 1004 1003
1005 1003 1006
981 982 983
981 983 1007
1007 1000 980
1007 980 981
1000 999 979
1000 979 980
999 1002 848
999 848 979
1002 1004 849
1002 849 848
1004 1005 964
1004 964 849
1008 1009 878
1008 878 877
1010 1011 897
1010 897 900
875 874 1012
875 1012 1013
1014 1015 880
1014 880 879
899 898 1016
899 1016 1017
969 873 876
969 876 970
941 1018 1019
941 1019 938
941 883 914
941 914 1018
938 1019 1020
938 1020 1021
938 1021 1022
938 1022 939
948 975 1023
948 1023 1024
946 948 1024
946 1024 1025
1009 1010 900
1009 900 878
878 900 899
878 899 879
1014 879 899
1014 899 1017
1026 1015 1014
1026 1014 947
994 993 916
994 916 915
994 995 925
994 925 990
925 991 990
991 925 928
991 928 1027
928 921 1028
928 1028 1027
921 924 1029
921 1029 1028
1030 917 920
1030 920 1031
1032 1033 1034
1032 1034 1035
1035 1034 1036
1035 1036 1037
1037 1036 1038
1037 1038 1039
1039 1038 1040
1039 1040 1041
1042 1043 1041
1042 1041 1040
1044 1043 1045
1044 1045 1046
1044 1046 1047
1046 1048 1049
1046 1049 1047
1049 1048 1050
1049 1050 1051
1052 931 930
1052 930 1053
930 1033 1032
930 1032 1053
1029 924 917
1029 917 1030
924 923 918
924 918 917
907 768 767
793 803 982
793 982 800
793 800 801
793 801 794
788 1054 1055
788 1055 789
868 819 817
868 817 1056
818 814 813
818 813 816
868 740 739
868 739 745
740 868 1056
740 1056 1057
1058 915 882
1058 882 881
881 1059 1060
881 1060 1058
995 994 915
995 915 1058
995 1058 1060
995 1060 996
946 1025 1026
946 1026 947
956 953 952
956 952 957
1061 906 901
1061 901 904
931 1052 1062
931 1062 1063
932 931 1063
932 1063 1064
992 932 1064
992 1064 1065
985 992 1065
985 1065 987
1066 989 991
1066 991 1027
1027 1028 1067
1027 1067 1066
1068 1067 1028
1068 1028 1029
1069 1029 1030
1030 1070 1069
1070 1030 1031
1070 1031 1071
989 1066 1072
989 1072 986
1066 1067 1073
1066 1073 1072
1067 1068 1074
1067 1074 1073
1068 1069 1075
1068 1075 1074
1075 1069 1070
1075 1070 1076
1076 1070 1071
1076 1071 1077
984 985 987
984 987 986
1078 984 986
1078 986 1072
997 1078 1072
997 1072 1073
998 997 1073
998 1073 1074
1001 998 1074
1001 1074 1075
1003 1001 1075
1003 1075 1076
929 932 992
929 992 977
983 984 1078
983 1078 1007
1078 997 1000
1078 1000 1007
1020 1019 1079
1020 1079 1080
1019 1018 1081
1019 1081 1079
1081 1018 914
1081 914 1062
914 913 1063
914 1063 1062
1063 913 916
1063 916 1064
1065 1064 916
1065 916 993
987 1065 993
987 993 988
905 783 1082
905 1082 911
1083 909 1061
973 894 870
973 870 972
871 870 894
871 894 893
969 871 893
969 893 1016
1016 898 873
1016 873 969
898 897 874
898 874 873
897 1011 1012
897 1012 874
1084 1085 1086
1084 1086 950
950 1086 1087
950 1087 935
1087 1088 936
1087 936 935
936 1088 886
936 886 885
1023 975 1086
1023 1086 1085
1086 975 974
1086 974 1087
1087 974 973
1087 973 1088
1088 973 972
1088 972 886
886 972 971
886 971 887
1089 1090 891
1089 891 890
1021 892 891
1021 891 1022
1020 1080 963
1020 963 962
955 954 958
955 958 961
1091 943 942
1091 942 1092
1061 904 1093
1045 1042 912
1045 912 910
912 1042 1040
912 1040 965
966 965 1040
966 1040 1038
966 1038 1036
966 1036 967
967 1036 1034
967 1034 968
968 1034 1033
968 1033 976
976 1033 930
976 930 929
1094 1095 1096
1097 1098 1099
1100 1101 1102
1103 1104 1105
1103 1105 1106
1104 1107 1108
1104 1108 1105
1109 1110 1111
1109 1111 1112
1096 1095 1113
1096 1113 1110
1106 1114 1103
1096 1110 1115
1096 1115 1116
1103 1117 1118
1103 1118 1104
1118 1119 1107
1118 1107 1104
1107 1119 1120
1107 1120 1121
1110 1109 1122
1110 1122 1123
1124 1125 1126
1124 1126 1127
1128 1129 1130
1128 1130 1131
1125 1132 1133
1125 1133 1126
1131 1130 1134
1131 1134 1135
1136 1137 1129
1136 1129 1128
1138 1124 1127
1138 1127 1139
1140 1141 1142
1140 1142 1135
1143 1128 1131
1144 1145 1132
1144 1132 1146
1125 1124 1147
1123 1115 1110
1102 1103 1114
1102 1114 1100
1102 1148 1117
1102 1117 1103
1135 1134 1149
1135 1149 1140
1132 1145 1150
1132 1150 1133
1151 1098 1096
1151 1096 1116
1096 1098 1097
1096 1097 1094
1152 1153 1102
1152 1102 1101
1153 1154 1148
1153 1148 1102
1140 1149 1155
1140 1155 1156
1157 1158 1145
1157 1145 1144
1145 1158 1159
1145 1159 1150
1098 1151 1160
1098 1160 1161
1107 1162 1108
1113 1111 1110
1147 1146 1132
1147 1132 1125
1135 1142 1143
1135 1143 1131
1147 1124 1138
1136 1128 1143
1150 1159 1160
1150 1160 1151
1133 1150 1151
1133 1151 1116
1126 1133 1116
1126 1116 1115
1127 1126 1115
1127 1115 1123
1139 1127 1123
1139 1123 1122
1137 1120 1119
1137 1119 1129
1129 1119 1118
1129 1118 1130
1130 1118 1117
1130 1117 1134
1134 1117 1148
1134 1148 1149
1149 1148 1154
1149 1154 1155
766 768 912
766 912 965
756 768 766
756 766 755
1163 861 860
1163 860 1164
1165 1166 1167
1165 1167 1168
1167 1166 1169
1167 1169 1170
1170 1169 791
1170 791 790
737 1171 787
737 787 780
740 1057 1171
740 1171 737
1054 1163 1164
1054 1164 1055
864 1172 1173
864 1173 865
1174 1175 1107
1174 1107 1121
863 862 867
863 867 866
1017 896 947
1017 947 1014
1016 893 896
1016 896 1017
1176 1091 1092
1176 1092 1177
1178 1048 1083
1083 1048 1046
1083 1046 909
910 909 1045
883 941 940
883 940 884
940 1179 937
940 937 884
940 939 1180
940 1180 1179
939 1022 1181
939 1181 1180
1022 891 1090
1022 1090 1181
1021 1020 962
1021 962 892
962 959 889
962 889 892
959 958 1182
959 1182 889
958 954 1183
958 1183 1182
1184 1185 1186
1184 1186 1187
1186 1176 1177
1186 1177 1187
885 888 1188
885 1188 1189
1185 1184 1189
1185 1189 1188
889 1182 945
889 945 890
890 945 944
890 944 1089
936 885 1189
936 1189 933
1189 1184 1190
1189 1190 933
1184 1187 1191
1184 1191 1190
1191 1187 1177
1191 1177 1192
1177 1092 1193
1177 1193 1192
1092 942 1183
1092 1183 1193
942 945 1182
942 1182 1183
933 1190 934
1190 1191 951
1190 951 934
951 1191 1192
951 1192 952
1192 1193 957
1192 957 952
1193 1183 954
1193 954 957
1084 950 949
1084 949 953
934 951 949
1194 1195 1196
1194 1196 1197
1198 1199 1200
1198 1200 1201
1202 1043 1044
1202 1044 1203
1204 1026 1025
1204 1025 1205
880 1206 1207
880 1207 877
1208 1209 1195
1208 1195 1194
1210 1208 1194
1210 1194 1211
1212 1213 1214
1212 1214 1211
1215 1053 1032
1215 1032 1216
1037 1217 1218
1037 1218 1035
1041 1219 1220
1041 1220 1039
1221 1052 1053
1221 1053 1215
1222 1223 1224
1222 1224 1225
1049 1051 1226
1049 1226 1214
1197 1212 1211
1197 1211 1194
1227 1212 1197
1227 1197 1228
1229 1230 1231
1229 1231 1232
1233 1234 1235
1233 1235 1236
880 1015 1237
880 1237 1206
1197 1196 1238
1197 1238 1228
1239 1240 1198
1239 1198 1201
1241 1242 1243
1241 1243 1244
1025 1024 1245
1025 1245 1205
955 1246 1247
955 1247 956
1245 1024 1023
1245 1023 1248
1244 1243 1240
1244 1240 1239
1249 1250 1251
1249 1251 1252
1253 1235 1234
1253 1234 1254
1217 1037 1039
1217 1039 1220
1008 877 1207
1008 1207 1255
1219 1041 1043
1219 1043 1202
1256 1257 1258
1256 1258 1259
1015 1026 1204
1015 1204 1237
1224 1223 1080
1224 1080 1079
1260 1261 1262
1260 1262 1263
1261 1264 1265
1261 1265 1262
1266 1265 1264
1266 1264 1267
1268 1269 1270
1206 1269 1271
1206 1271 1207
1255 1207 1271
1255 1271 1272
1052 1221 1081
1052 1081 1062
1221 1224 1079
1221 1079 1081
1273 1247 1246
1273 1246 1274
1247 1273 1085
1247 1085 1084
1275 1246 1276
1277 1260 1263
1277 1263 1274
1273 1248 1023
1273 1023 1085
1278 1279 1280
1278 1280 1281
1282 1283 1223
1282 1223 1222
1195 1209 1272
1195 1272 1271
1269 1268 1238
1269 1238 1196
1196 1195 1271
1196 1271 1269
1282 1284 1285
1282 1285 1283
1286 1287 1288
1286 1288 1289
1258 1290 1286
1258 1286 1259
1291 1292 1293
1291 1293 1294
1291 1294 1230
1291 1230 1229
1252 1295 1296
1252 1296 1249
1297 1298 1299
1297 1299 1300
1301 1302 1303
1301 1303 1300
1303 1304 1305
1303 1305 1306
1307 1221 1215
1307 1215 1308
1292 1309 1288
1292 1288 1293
1228 1238 1310
1228 1310 1309
1227 1228 1309
1227 1309 1292
1202 1227 1292
1202 1292 1291
1202 1291 1229
1202 1229 1219
1237 1270 1269
1237 1269 1206
1265 1266 1204
1265 1204 1205
1205 1245 1262
1205 1262 1265
1245 1248 1263
1245 1263 1262
1274 1263 1248
1274 1248 1273
1266 1270 1237
1266 1237 1204
1267 1311 1270
1267 1270 1266
1312 1313 1311
1312 1311 1267
963 1283 1285
963 1285 960
1223 1283 963
1223 963 1080
1275 1277 1274
1275 1274 1246
1275 1314 1315
1275 1315 1277
1284 1276 1316
1284 1316 1285
1284 1317 1318
1284 1318 1276
1285 1316 961
1285 961 960
1220 1219 1229
1220 1229 1232
1217 1220 1232
1217 1232 1319
1218 1217 1319
1218 1319 1320
1216 1321 1308
1216 1308 1215
1312 1322 1201
1312 1201 1200
1254 1323 1324
1254 1324 1253
1325 1320 1319
1325 1319 1326
1201 1322 1327
1201 1327 1239
1244 1328 1315
1244 1315 1241
1239 1327 1328
1239 1328 1244
1321 1329 1330
1321 1330 1308
1319 1232 1231
1319 1231 1326
1331 1313 1256
1331 1256 1259
1314 1318 1279
1314 1279 1278
1287 1286 1290
1287 1290 1332
1310 1333 1331
1310 1331 1289
1334 1335 1336
1334 1336 1337
1324 1323 1334
1324 1334 1337
1307 1308 1330
1307 1330 1338
1301 1300 1299
1301 1299 1339
1297 1306 1222
1302 1340 1304
1302 1304 1303
1335 1287 1332
1335 1332 1336
1257 1256 1200
1257 1200 1199
1241 1278 1281
1241 1281 1242
1279 1341 1342
1279 1342 1280
1032 1035 1218
1032 1218 1216
1320 1321 1216
1320 1216 1218
1320 1325 1329
1320 1329 1321
1236 1251 1250
1236 1250 1233
1224 1221 1225
1338 1298 1307
1296 1295 1339
1296 1339 1299
1047 1213 1203
1047 1203 1044
1316 1246 955
1316 955 961
1213 1047 1049
1213 1049 1214
1214 1226 1210
1214 1210 1211
1213 1212 1227
1213 1227 1203
1203 1227 1202
1343 1344 1345
1343 1345 1346
1347 1348 1349
1350 1345 1344
1351 1352 1353
1354 1355 1356
1357 1358 1346
1357 1346 1359
1360 1361 1362
1363 1364 1359
1363 1359 1365
1366 1367 1368
1361 1369 1370
1361 1370 1362
1366 1371 1365
1366 1365 1367
1372 1369 1373
1374 1375 1376
1377 1345 1378
1377 1378 1369
1377 1361 1375
1377 1375 1352
1377 1352 1348
1377 1348 1355
1377 1355 1367
1345 1377 1346
1346 1377 1359
1359 1377 1365
1361 1377 1369
1365 1377 1367
1359 1364 1357
1346 1358 1343
1379 1378 1345
1379 1345 1350
1378 1379 1380
1373 1369 1378
1373 1378 1380
1361 1360 1375
1365 1371 1363
1353 1352 1375
1353 1375 1374
1349 1348 1352
1349 1352 1351
1356 1355 1348
1356 1348 1347
1368 1367 1355
1368 1355 1354
1230 1323 1254
1230 1254 1231
1309 1310 1289
1309 1289 1288
1335 1334 1294
1335 1294 1293
1294 1334 1323
1294 1323 1230
1222 1225 1298
1222 1298 1297
1306 1305 1282
1287 1335 1293
1287 1293 1288
1200 1256 1313
1200 1313 1312
1314 1278 1241
1314 1241 1315
1341 1279 1318
1341 1318 1317
1267 1264 1322
1267 1322 1312
1234 1233 1325
1234 1325 1326
1322 1264 1261
1322 1261 1327
1328 1260 1277
1328 1277 1315
1327 1261 1260
1327 1260 1328
1250 1249 1330
1250 1330 1329
1254 1234 1326
1254 1326 1231
1333 1311 1313
1333 1313 1331
1276 1318 1275
1259 1286 1289
1259 1289 1331
1249 1296 1338
1249 1338 1330
1300 1303 1306
1300 1306 1297
1325 1233 1250
1325 1250 1329
1296 1299 1298
1296 1298 1338
1084 953 956
1084 956 1247
1369 1372 1370
1340 1342 1341
1340 1341 1304
1304 1341 1317
1304 1317 1305
1305 1317 1284
1305 1284 1282
1311 1333 1268
1311 1268 1270
1333 1310 1238
1333 1238 1268
1298 1225 1307
1221 1307 1225
1306 1282 1222
817 819 814
1318 1314 1275
1360 1376 1375
811 813 814
1246 1316 1276
909 906 1061
1083 1061 1093
1069 1068 1029
881 937 1059
1178 1083 1093
1050 1048 1178
1381 821 820
1381 820 835
904 908 1093
1045 909 1046
1045 1043 1042
781 1082 783
781 783 761
831 1382 834
831 834 829
1382 1381 835
1382 835 834
1077 1006 1003
1077 1003 1076
1161 1383 1099
1161 1099 1098
1156 1384 1141
1156 1141 1140
1385 1386 1387
1385 1387 1388
1389 1390 1391
1389 1391 1392
1392 1391 1387
1392 1387 1393
1387 1391 1394
1387 1394 1388
1388 1394 1395
1388 1395 1396
1397 1395 1394
1397 1394 1398
1398 1394 1391
1398 1391 1390
1399 1397 1398
1399 1398 1400
1400 1398 1390
1400 1390 1401
1402 1403 1400
1402 1400 1401
1399 1400 1403
1399 1403 1404
1399 1404 1405
1399 1405 1406
1406 1407 1397
1406 1397 1399
1406 1405 1408
1406 1408 1409
1409 1410 1407
1409 1407 1406
1411 1412 1402
1411 1402 1413
1402 1412 1414
1402 1414 1403
1404 1415 1416
1404 1416 1405
1417 1413 1402
1417 1402 1401
1417 1401 1390
1417 1390 1389
1396 1395 1418
1396 1418 1419
1407 1418 1395
1407 1395 1397
1407 1410 1420
1407 1420 1418
1418 1420 1421
1418 1421 1419
1422 1421 776
1422 776 775
777 776 1421
777 1421 1420
777 1420 1410
777 1410 778
1419 1421 1422
1419 1422 1423
1423 1424 1396
1423 1396 1419
1424 1385 1388
1424 1388 1396
781 782 1409
781 1409 1408
1410 1409 782
1410 782 778
1416 1425 1408
1416 1408 1405
1426 1422 775
1426 775 785
1426 1427 1423
1426 1423 1422
1427 1428 1424
1427 1424 1423
1429 1430 1431
1429 1431 1432
1433 1434 1435
1433 1435 1436
1437 1438 1439
1437 1439 1440
1441 1442 1439
1441 1439 1438
1436 1443 1444
1436 1444 1433
1445 1446 1447
1445 1447 1448
1434 1447 1446
1434 1446 1435
1439 1442 1449
1439 1449 1450
1450 1449 1451
1450 1451 1452
1445 1451 1449
1445 1449 1446
1446 1449 1442
1446 1442 1435
1451 1453 1454
1451 1454 1452
1451 1445 1455
1456 1454 1453
1456 1453 1457
1458 1459 1455
1445 1448 1460
1445 1460 1455
1461 1462 822
1461 822 821
1463 1464 1465
1463 1465 1466
1467 1465 1464
1467 1464 1468
1467 1468 831
1467 831 830
1463 1469 1470
1463 1470 1464
1464 1470 1471
1464 1471 1468
1472 1471 1470
1472 1470 1473
1473 1470 1469
1473 1469 1474
1472 1473 1475
1472 1475 1461
1476 1475 1473
1476 1473 1474
1475 1477 1462
1475 1462 1461
1476 1478 1477
1476 1477 1475
1478 1476 1479
1478 1479 1480
1476 1474 1481
1476 1481 1479
1454 1456 1480
1454 1480 1479
1481 1482 1450
1481 1450 1452
1439 1450 1482
1439 1482 1440
1481 1452 1454
1481 1454 1479
1483 1484 1444
1483 1444 1443
1465 1467 1485
1465 1485 1486
1437 1440 1463
1437 1463 1466
1481 1474 1469
1481 1469 1482
1482 1469 1463
1482 1463 1440
850 1487 1488
850 1488 851
1487 1489 1490
1487 1490 1488
1491 1490 1489
1491 1489 1492
1493 1494 1495
1493 1495 1496
1497 1498 1499
1497 1499 1500
1491 1492 1501
1491 1501 1502
1417 1389 1434
1417 1434 1433
1433 1444 1413
1433 1413 1417
1448 1447 1392
1448 1392 1393
1389 1392 1447
1389 1447 1434
1503 1460 1448
1503 1448 1393
1444 1484 1411
1444 1411 1413
1504 1505 1506
1504 1506 1507
1508 1509 1510
1508 1510 1511
1512 1513 1514
1512 1514 1515
1516 1517 1518
1516 1518 1519
1520 1521 1522
1520 1522 1523
1524 1525 1526
1524 1526 1527
1528 1529 1530
1528 1530 1531
1532 1533 1534
1532 1534 1535
1536 1537 903
1536 903 902
1538 1539 1540
1538 1540 1536
903 1537 908
1539 1541 1542
1539 1542 1540
911 1538 1536
911 1536 902
1415 1543 1541
1415 1541 1539
1519 1518 1544
1519 1544 1545
1545 1546 1547
1545 1547 1519
1548 1549 1550
1548 1550 1551
1552 1553 1554
1552 1554 1555
1556 1557 1558
1556 1558 1559
1560 1561 1562
1560 1562 1563
1564 1565 1566
1564 1566 1567
1517 1516 1568
1569 1570 1571
1569 1571 1572
1573 1574 1575
1573 1575 1576
1529 1577 1578
1529 1578 1579
1529 1579 1530
1580 1567 1566
1580 1566 1581
1582 1580 1583
1582 1583 1584
1585 1586 1587
1585 1587 1588
1589 1590 1591
1589 1591 1592
1593 1592 1591
1593 1591 1594
830 964 1485
830 1485 1467
1595 1414 1412
1595 1412 1596
1597 1411 1484
1597 1484 1598
1506 1505 1599
1506 1599 1600
1539 1538 1425
1539 1425 1416
1601 1504 1507
1601 1507 1602
1531 1530 1603
1531 1603 1604
1530 1579 1605
1530 1605 1603
1598 1484 1483
1598 1483 1606
1557 1552 1555
1557 1555 1558
1483 1607 1560
1483 1560 1606
1607 1483 1443
1607 1443 1608
1609 1466 1465
1609 1465 1486
1609 1610 1437
1609 1437 1466
1610 1611 1438
1610 1438 1437
1441 1438 1611
1441 1611 1612
1613 1608 1443
1613 1443 1612
1614 1615 1608
1614 1608 1613
1616 1617 1618
1616 1618 1619
1617 1620 1621
1617 1621 1618
1608 1615 1622
1608 1622 1607
1618 1621 1623
1618 1623 1624
1556 1559 1625
1556 1625 1626
1596 1412 1411
1596 1411 1597
1627 1628 1629
1627 1629 1630
1630 1629 1631
1630 1631 1632
1632 1631 1633
1632 1633 1634
1634 1633 1005
1634 1005 1006
1611 1635 1613
1611 1613 1612
1635 1611 1610
1635 1610 1628
1628 1610 1609
1628 1609 1629
1629 1609 1486
1629 1486 1631
1631 1486 1485
1631 1485 1633
1633 1485 964
1633 964 1005
1008 1512 1515
1008 1515 1009
1010 1533 1532
1010 1532 1011
1510 1013 1012
1510 1012 1511
1636 1514 1513
1636 1513 1637
1534 1638 1639
1534 1639 1535
1600 1599 1509
1600 1509 1508
1570 1569 1640
1570 1640 1641
1570 1641 1544
1570 1544 1518
1569 1642 1643
1569 1643 1640
1569 1572 1644
1569 1644 1642
1579 1645 1646
1579 1646 1605
1578 1647 1645
1578 1645 1579
1009 1515 1533
1009 1533 1010
1515 1514 1534
1515 1534 1533
1636 1638 1534
1636 1534 1514
1648 1577 1636
1648 1636 1637
1623 1547 1546
1623 1546 1624
1623 1621 1556
1623 1556 1626
1556 1621 1620
1620 1649 1557
1620 1557 1556
1557 1649 1650
1557 1650 1552
1552 1650 1651
1552 1651 1553
1549 1548 1652
1549 1652 1653
1654 1655 1656
1654 1656 1657
1658 1656 1655
1658 1655 1659
1659 1660 1661
1659 1661 1658
1662 1661 1660
1662 1660 1663
1663 1664 1665
1663 1665 1662
1666 1667 1664
1666 1668 1669
1666 1669 1667
1669 1668 1670
1669 1670 1671
1670 1051 1050
1670 1050 1671
1672 1673 1563
1672 1563 1562
1563 1673 1654
1563 1654 1657
1651 1652 1548
1651 1548 1553
1553 1548 1551
1553 1551 1554
1539 1416 1415
1436 1441 1612
1436 1612 1443
1436 1435 1442
1436 1442 1441
1429 1432 1674
1429 1674 1675
1503 1676 1458
1503 1458 1460
1459 1457 1453
1459 1453 1455
1503 1393 1387
1503 1387 1386
1386 1677 1676
1386 1676 1503
1678 1516 1519
1678 1519 1547
1516 1678 1679
1516 1679 1680
1626 1678 1547
1626 1547 1623
1626 1625 1679
1626 1679 1678
1578 1577 1648
1578 1648 1647
1587 1586 1584
1587 1584 1583
1681 1537 1536
1681 1536 1540
1562 1682 1683
1562 1683 1672
1561 1684 1682
1561 1682 1562
1622 1685 1684
1622 1684 1561
1615 1619 1685
1615 1685 1622
1686 1649 1620
1686 1620 1617
1649 1686 1687
1649 1687 1650
1688 1651 1650
1688 1650 1687
1689 1652 1651
1652 1689 1690
1653 1652 1690
1653 1690 1691
1617 1616 1692
1617 1692 1686
1686 1692 1693
1686 1693 1687
1687 1693 1694
1687 1694 1688
1688 1694 1695
1688 1695 1689
1695 1696 1690
1695 1690 1689
1696 1077 1691
1696 1691 1690
1614 1616 1619
1614 1619 1615
1697 1692 1616
1697 1616 1614
1627 1693 1692
1627 1692 1697
1630 1694 1693
1630 1693 1627
1632 1695 1694
1632 1694 1630
1634 1696 1695
1634 1695 1632
1560 1607 1622
1560 1622 1561
1613 1635 1697
1613 1697 1614
1697 1635 1628
1697 1628 1627
1643 1698 1699
1643 1699 1640
1640 1699 1700
1640 1700 1641
1700 1683 1544
1700 1544 1641
1544 1683 1682
1544 1682 1545
1682 1684 1546
1682 1546 1545
1685 1624 1546
1685 1546 1684
1619 1618 1624
1619 1624 1685
1538 911 1082
1538 1082 1425
1701 1681 1542
1604 1602 1507
1604 1507 1531
1506 1528 1531
1506 1531 1507
1600 1639 1528
1600 1528 1506
1639 1600 1508
1639 1508 1535
1535 1508 1511
1535 1511 1532
1532 1511 1012
1532 1012 1011
1702 1581 1703
1702 1703 1704
1581 1566 1705
1581 1705 1703
1705 1566 1565
1705 1565 1706
1565 1520 1523
1565 1523 1706
1646 1704 1703
1646 1703 1605
1603 1605 1703
1603 1703 1705
1705 1706 1604
1705 1604 1603
1706 1523 1602
1706 1602 1604
1523 1522 1601
1523 1601 1602
1707 1527 1526
1707 1526 1708
1642 1644 1526
1642 1526 1525
1643 1593 1594
1643 1594 1698
1588 1590 1589
1588 1589 1585
1709 1710 1573
1709 1573 1576
1681 1093 1537
1667 1541 1543
1667 1543 1665
1662 1665 1543
1662 1543 1595
1596 1661 1662
1596 1662 1595
1658 1661 1596
1658 1596 1597
1597 1598 1656
1597 1656 1658
1598 1606 1657
1598 1657 1656
1606 1560 1563
1606 1563 1657
1711 1712 1713
1714 1715 1716
1717 1718 1719
1720 1721 1722
1720 1722 1723
1723 1722 1724
1723 1724 1725
1726 1727 1728
1726 1728 1729
1712 1729 1730
1712 1730 1713
1721 1720 1731
1712 1732 1733
1712 1733 1729
1720 1723 1734
1720 1734 1735
1734 1723 1725
1734 1725 1736
1725 1737 1738
1725 1738 1736
1729 1739 1740
1729 1740 1726
1741 1742 1743
1741 1743 1744
1745 1746 1747
1745 1747 1748
1744 1743 1749
1744 1749 1750
1746 1751 1752
1746 1752 1747
1753 1745 1748
1753 1748 1754
1755 1756 1742
1755 1742 1741
1757 1751 1758
1757 1758 1759
1760 1746 1745
1761 1762 1750
1761 1750 1763
1744 1764 1741
1739 1729 1733
1718 1717 1731
1718 1731 1720
1718 1720 1735
1718 1735 1765
1751 1757 1766
1751 1766 1752
1750 1749 1767
1750 1767 1763
1768 1732 1712
1768 1712 1716
1712 1711 1714
1712 1714 1716
1769 1719 1718
1769 1718 1770
1770 1718 1765
1770 1765 1771
1757 1772 1773
1757 1773 1766
1774 1761 1763
1774 1763 1775
1763 1767 1776
1763 1776 1775
1716 1777 1778
1716 1778 1768
1725 1724 1779
1730 1729 1728
1764 1744 1750
1764 1750 1762
1751 1746 1760
1751 1760 1758
1764 1755 1741
1753 1760 1745
1767 1768 1778
1767 1778 1776
1749 1732 1768
1749 1768 1767
1743 1733 1732
1743 1732 1749
1742 1739 1733
1742 1733 1743
1756 1740 1739
1756 1739 1742
1754 1748 1736
1754 1736 1738
1748 1747 1734
1748 1734 1736
1747 1752 1735
1747 1735 1734
1752 1766 1765
1752 1765 1735
1766 1773 1771
1766 1771 1765
1414 1595 1543
1414 1543 1415
1404 1403 1414
1404 1414 1415
1780 1781 1495
1780 1495 1494
1782 1783 1165
1782 1165 1168
1782 1784 1785
1782 1785 1783
1784 1431 1430
1784 1430 1785
1385 1424 1428
1385 1428 1786
1386 1385 1786
1386 1786 1677
1675 1674 1781
1675 1781 1780
1499 1498 1787
1499 1787 1788
1789 1737 1725
1789 1725 1790
1500 1502 1501
1500 1501 1497
1638 1636 1577
1638 1577 1529
1639 1638 1529
1639 1529 1528
1791 1792 1710
1791 1710 1709
1178 1701 1671
1701 1542 1669
1701 1669 1671
1541 1667 1542
1518 1517 1571
1518 1571 1570
1571 1517 1568
1571 1568 1793
1571 1793 1794
1571 1794 1572
1572 1794 1795
1572 1795 1644
1644 1795 1708
1644 1708 1526
1642 1525 1593
1642 1593 1643
1593 1525 1524
1593 1524 1592
1592 1524 1796
1592 1796 1589
1589 1796 1797
1589 1797 1585
1798 1799 1800
1798 1800 1801
1800 1799 1792
1800 1792 1791
1520 1802 1803
1520 1803 1521
1801 1803 1802
1801 1802 1798
1524 1527 1574
1524 1574 1796
1527 1707 1575
1527 1575 1574
1565 1564 1802
1565 1802 1520
1802 1564 1804
1802 1804 1798
1798 1804 1805
1798 1805 1799
1805 1806 1792
1805 1792 1799
1792 1806 1807
1792 1807 1710
1710 1807 1797
1710 1797 1573
1573 1797 1796
1573 1796 1574
1564 1567 1804
1804 1567 1582
1804 1582 1805
1582 1584 1806
1582 1806 1805
1806 1584 1586
1806 1586 1807
1807 1586 1585
1807 1585 1797
1702 1583 1580
1702 1580 1581
1567 1580 1582
1808 1809 1810
1808 1810 1811
1812 1813 1814
1812 1814 1815
1816 1817 1666
1816 1666 1664
1818 1819 1647
1818 1647 1648
1513 1512 1820
1513 1820 1821
1208 1808 1811
1208 1811 1209
1210 1822 1808
1210 1808 1208
1823 1822 1824
1823 1824 1825
1826 1827 1654
1826 1654 1673
1828 1829 1659
1828 1659 1655
1663 1660 1830
1663 1830 1831
1832 1826 1673
1832 1673 1672
1833 1834 1835
1833 1835 1836
1670 1824 1226
1670 1226 1051
1809 1808 1822
1809 1822 1823
1837 1838 1809
1837 1809 1823
1839 1840 1841
1839 1841 1842
1843 1844 1845
1843 1845 1846
1513 1821 1847
1513 1847 1637
1809 1838 1848
1809 1848 1810
1849 1813 1812
1849 1812 1850
1851 1852 1853
1851 1853 1854
1647 1819 1855
1647 1855 1645
1588 1587 1856
1588 1856 1857
1646 1645 1855
1646 1855 1858
1852 1849 1850
1852 1850 1853
1859 1860 1861
1859 1861 1862
1863 1864 1846
1863 1846 1845
1660 1659 1829
1660 1829 1830
1008 1255 1820
1008 1820 1512
1831 1816 1664
1831 1664 1663
1865 1866 1867
1865 1867 1868
1637 1847 1818
1637 1818 1648
1835 1699 1698
1835 1698 1836
1869 1870 1871
1869 1871 1872
1873 1874 1870
1873 1870 1869
1875 1876 1874
1875 1874 1873
1877 1878 1879
1821 1820 1880
1821 1880 1879
1255 1272 1880
1255 1880 1820
1672 1683 1700
1672 1700 1832
1832 1700 1699
1832 1699 1835
1857 1856 1881
1857 1881 1882
1856 1702 1704
1856 1704 1881
1883 1884 1857
1885 1882 1872
1885 1872 1871
1881 1704 1646
1881 1646 1858
1886 1887 1888
1886 1888 1889
1890 1833 1836
1890 1836 1891
1811 1880 1272
1811 1272 1209
1879 1810 1848
1879 1848 1877
1810 1879 1880
1810 1880 1811
1890 1891 1892
1890 1892 1893
1894 1895 1896
1894 1896 1897
1867 1866 1894
1867 1894 1898
1899 1900 1901
1899 1901 1902
1899 1839 1842
1899 1842 1900
1860 1859 1903
1860 1903 1904
1905 1906 1907
1905 1907 1908
1909 1906 1910
1909 1910 1911
1910 1912 1913
1910 1913 1914
1915 1916 1826
1915 1826 1832
1902 1901 1896
1902 1896 1917
1838 1917 1918
1838 1918 1848
1837 1902 1917
1837 1917 1838
1816 1899 1902
1816 1902 1837
1816 1831 1839
1816 1839 1899
1847 1821 1879
1847 1879 1878
1873 1819 1818
1873 1818 1875
1869 1855 1819
1869 1819 1873
1872 1858 1855
1872 1855 1869
1882 1881 1858
1882 1858 1872
1875 1818 1847
1875 1847 1878
1876 1875 1878
1876 1878 1919
1920 1876 1919
1920 1919 1921
1594 1591 1892
1594 1892 1891
1836 1698 1594
1836 1594 1891
1883 1857 1882
1883 1882 1885
1883 1885 1922
1883 1922 1923
1893 1892 1924
1893 1924 1884
1893 1884 1925
1893 1925 1926
1892 1591 1590
1892 1590 1924
1830 1840 1839
1830 1839 1831
1829 1927 1840
1829 1840 1830
1828 1928 1927
1828 1927 1829
1827 1826 1916
1827 1916 1929
1920 1814 1813
1920 1813 1930
1864 1863 1931
1864 1931 1932
1933 1934 1927
1933 1927 1928
1813 1849 1935
1813 1935 1930
1852 1851 1922
1852 1922 1936
1849 1852 1936
1849 1936 1935
1929 1916 1937
1929 1937 1938
1927 1934 1841
1927 1841 1840
1939 1866 1865
1939 1865 1921
1923 1886 1889
1923 1889 1925
1897 1940 1898
1897 1898 1894
1918 1895 1939
1918 1939 1941
1942 1943 1944
1942 1944 1945
1931 1943 1942
1931 1942 1932
1915 1946 1937
1915 1937 1916
1909 1947 1907
1909 1907 1906
1905 1833 1912
1911 1910 1914
1911 1914 1948
1945 1944 1940
1945 1940 1897
1868 1815 1814
1868 1814 1865
1851 1854 1887
1851 1887 1886
1889 1888 1949
1889 1949 1950
1654 1827 1828
1654 1828 1655
1928 1828 1827
1928 1827 1929
1928 1929 1938
1928 1938 1933
1844 1843 1862
1844 1862 1861
1835 1834 1832
1946 1915 1908
1903 1907 1947
1903 1947 1904
1668 1666 1817
1668 1817 1825
1924 1590 1588
1924 1588 1857
1825 1824 1670
1825 1670 1668
1824 1822 1210
1824 1210 1226
1825 1817 1837
1825 1837 1823
1817 1816 1837
1951 1952 1953
1951 1953 1954
1955 1956 1957
1958 1954 1953
1959 1960 1961
1962 1963 1964
1965 1966 1952
1965 1952 1967
1968 1969 1970
1971 1972 1966
1971 1966 1973
1974 1975 1976
1970 1969 1977
1970 1977 1978
1974 1976 1972
1974 1972 1979
1980 1981 1978
1982 1983 1984
1985 1986 1953
1985 1978 1986
1985 1984 1970
1985 1961 1984
1985 1957 1961
1985 1964 1957
1985 1976 1964
1953 1952 1985
1952 1966 1985
1966 1972 1985
1970 1978 1985
1972 1976 1985
1966 1965 1973
1952 1951 1967
1987 1958 1953
1987 1953 1986
1986 1988 1987
1981 1988 1986
1981 1986 1978
1970 1984 1968
1972 1971 1979
1960 1982 1984
1960 1984 1961
1956 1959 1961
1956 1961 1957
1963 1955 1957
1963 1957 1964
1975 1962 1964
1975 1964 1976
1842 1841 1864
1842 1864 1932
1917 1896 1895
1917 1895 1918
1945 1901 1900
1945 1900 1942
1900 1842 1932
1900 1932 1942
1833 1905 1908
1833 1908 1834
1912 1890 1913
1897 1896 1901
1897 1901 1945
1814 1920 1921
1814 1921 1865
1923 1922 1851
1923 1851 1886
1950 1926 1925
1950 1925 1889
1876 1920 1930
1876 1930 1874
1846 1934 1933
1846 1933 1843
1930 1935 1870
1930 1870 1874
1936 1922 1885
1936 1885 1871
1935 1936 1871
1935 1871 1870
1862 1938 1937
1862 1937 1859
1864 1841 1934
1864 1934 1846
1941 1939 1921
1941 1921 1919
1884 1883 1925
1866 1939 1895
1866 1895 1894
1859 1937 1946
1859 1946 1903
1906 1905 1912
1906 1912 1910
1933 1938 1862
1933 1862 1843
1903 1946 1908
1903 1908 1907
1702 1856 1587
1702 1587 1583
1978 1977 1980
1948 1914 1950
1948 1950 1949
1914 1913 1926
1914 1926 1950
1913 1890 1893
1913 1893 1926
1919 1878 1877
1919 1877 1941
1941 1877 1848
1941 1848 1918
1908 1915 1834
1832 1834 1915
1912 1833 1890
1458 1455 1460
1925 1883 1923
1968 1984 1983
1451 1455 1453
1857 1884 1924
1542 1681 1540
1701 1093 1681
1689 1651 1688
1516 1680 1568
1178 1093 1701
1050 1178 1671
1381 1472 1461
1381 1461 821
1537 1093 908
1667 1669 1542
1667 1665 1664
781 1408 1425
781 1425 1082
831 1468 1471
831 1471 1382
1382 1471 1472
1382 1472 1381
1077 1696 1634
1077 1634 1006
1777 1716 1715
1777 1715 1989
1759 1990 1772
1759 1772 1757
162 1991 183
1992 1993 1994
1995 1996 1997
1998 1999 2000
2001 2002 2003
2004 2005 2006
165 2007 162
2008 2009 2010
2011 2012 2013
2014 2015 2016
2017 2018 2019
177 2020 165
2021 2022 2023
2024 2025 2026
2027 2028 2029
183 2030 181
2031 2032 2033
2034 2035 2036
2037 2038 2039
150 2040 132
2041 2042 2043
146 2044 147
2045 2046 2047
2048 2049 2050
2051 2052 2053
132 2054 133
2055 2056 2057
2058 2059 2060
2061 2062 2063
127 2064 128
2065 2066 2067
2068 2069 2070
2071 2072 2073
2074 2075 2076
2077 2078 2079
128 2080 146
133 2081 145
2082 2083 2084
2085 2086 2087
2088 2089 2090
147 2091 150
2092 2093 2094
2095 2096 2097
2098 2099 2100
2101 2102 2103
2104 2105 2106
181 2107 178
2108 2109 2110
2111 2112 2113
2114 2115 2116
160 2117 161
2118 2119 2120
178 2121 160
2122 2123 2124
2125 2126 2127
2128 2129 2130
2131 2132 2133
2134 2135 2136
2137 2138 2139
2137 2139 2140
2141 2142 2143
2141 2143 2144
2145 2146 2147
2147 2146 2148
2149 2150 2145
2145 2150 2146
2151 2152 2149
2149 2152 2150
2153 2154 2155
2156 2157 2158
2159 2160 2153
2153 2160 2154
2161 2162 2159
2159 2162 2160
2163 2164 2161
2161 2164 2162
2165 2166 2167
2163 2168 2164
2169 2170 2165
2165 2170 2166
2171 2172 2169
2169 2172 2170
2173 2174 2171
2171 2174 2172
2175 2176 2173
2173 2176 2174
2177 2178 2175
2175 2178 2176
2134 2136 2179
2179 2136 2180
2181 2182 2183
2183 2182 2184
2185 2186 2181
2181 2186 2182
2187 2188 2185
2185 2188 2186
2189 2190 2187
2187 2190 2188
2191 2192 2189
2189 2192 2190
2193 2194 2191
2191 2194 2192
2195 2196 2193
2193 2196 2194
2197 2198 2195
2195 2198 2196
2199 2200 2201
2201 2200 2202
2203 2204 2199
2199 2204 2200
2205 2206 2203
2203 2206 2204
2207 2208 2205
2205 2208 2206
2209 2210 2207
2207 2210 2208
2131 2133 2209
2209 2133 2210
2211 2212 2213
2214 2215 2216
2217 2218 2219
2176 2220 2174
2221 2222 2223
2172 2224 2170
2225 2226 2227
2194 2228 2192
2229 2230 2231
2232 2233 2234
2235 2236 2237
2174 2238 2172
2239 2240 2241
2170 2242 2166
2243 2244 2245
2196 2246 2194
2247 2248 2249
2250 2251 2252
2253 2254 2255
2256 2257 2258
2259 2260 2261
2162 2262 2160
2263 2264 2265
2204 2266 2200
2267 2268 2269
2270 2271 2272
2273 2274 2275
2160 2276 2154
2277 2278 2279
2164 2280 2162
2281 2282 2283
2200 2284 2202
2150 2285 2146
2286 2287 2288
2289 2290 2291
2292 2293 2294
2152 2295 2150
2296 2297 2298
2299 2300 2301
2302 2303 2304
2305 2306 2307
2308 2309 2310
2178 2311 2176
2312 2313 2314
2315 2316 2317
2141 2318 2142
2319 2320 2321
2322 2323 2324
2168 2325 2164
2326 2327 2328
2198 2329 2196
2330 2331 2332
651 650 653
651 653 654
446 443 444
446 444 447
241 240 283
241 283 292
240 294 281
240 281 283
365 308 307
365 307 366
402 357 356
402 356 318
318 356 404
318 404 319
496 454 453
496 453 506
495 508 454
495 454 496
523 522 581
523 581 580
572 571 615
572 615 532
618 572 532
618 532 531
700 699 707
700 707 706
704 703 2333
728 722 721
728 721 727
726 725 2334
