byte offset: 0
first index: 0
index count: 11520
topology: trianglelist
format: DXGI_FORMAT_R16_UINT

0 1 2
2 3 0
3 2 4
3 4 5
6 5 4
4 2 7
7 2 8
9 8 2
10 8 9
10 11 8
12 11 10
13 11 12
13 12 14
15 13 14
15 14 16
16 17 15
16 18 17
17 18 19
19 18 20
21 19 20
21 20 6
6 22 21
4 22 6
4 23 22
4 7 23
23 7 24
24 7 8
22 23 25
25 23 24
22 25 26
22 26 27
22 27 21
21 27 28
25 24 29
30 21 28
31 19 21
31 21 30
32 29 24
32 33 29
34 33 32
35 24 8
32 24 35
34 32 36
36 32 35
37 34 36
37 36 38
31 39 19
19 39 17
40 31 30
31 40 39
40 30 41
35 8 42
42 8 11
36 35 43
38 36 43
43 35 42
39 44 17
17 44 15
45 39 40
39 45 44
41 46 40
45 40 46
41 47 46
47 48 46
46 48 45
47 49 48
38 43 50
51 38 50
51 52 38
53 52 51
53 54 52
55 50 43
55 43 42
55 42 56
55 56 57
42 11 56
56 58 57
59 57 58
11 60 56
60 11 13
59 58 61
62 59 61
63 58 56
56 60 63
61 58 63
62 61 64
63 64 61
65 62 64
63 65 64
66 63 60
60 13 66
66 65 63
13 67 66
15 67 13
68 65 66
68 66 67
68 69 65
70 69 68
71 69 70
68 72 70
68 67 72
70 73 71
73 70 72
67 73 72
74 71 73
67 75 73
15 75 67
75 74 73
75 15 76
15 44 76
75 77 74
76 77 75
77 78 74
78 77 79
78 79 80
77 81 79
79 81 80
81 77 76
82 80 81
81 76 83
76 44 83
82 81 83
44 84 83
44 45 84
85 82 83
84 85 83
85 86 82
87 86 85
87 88 86
89 88 87
87 85 90
90 89 87
84 90 85
90 91 89
45 92 84
48 92 45
91 92 48
84 93 90
84 92 93
90 93 91
92 91 93
91 48 94
48 49 94
94 49 95
95 49 96
97 98 99
100 99 98
100 98 101
98 102 101
101 103 100
101 102 104
101 105 103
106 103 105
101 104 107
101 107 105
104 108 107
109 105 107
106 105 109
110 107 108
110 109 107
110 108 111
111 112 110
108 113 111
113 114 111
111 114 112
113 115 114
115 112 114
106 109 116
117 109 110
117 116 109
116 118 106
106 118 119
118 120 119
110 121 117
110 112 121
117 122 116
122 118 116
122 117 121
123 120 118
122 123 118
124 120 123
122 124 123
124 125 120
125 124 126
126 127 125
128 127 126
122 121 129
122 129 124
121 112 129
129 126 124
130 129 112
129 130 126
130 112 131
115 131 112
131 132 130
132 126 130
115 133 131
133 132 131
115 134 133
133 134 135
136 135 134
137 135 136
138 132 133
135 138 133
137 139 135
139 138 135
140 138 139
141 139 137
140 139 141
140 141 142
143 140 142
143 144 140
145 132 138
132 145 126
140 144 146
144 147 146
140 148 138
140 146 148
138 148 145
146 147 149
148 146 149
148 149 145
147 150 149
149 150 128
145 151 126
145 149 151
149 128 151
151 128 126
152 153 154
152 154 155
155 156 152
157 155 154
157 154 158
157 158 159
155 160 156
157 160 155
161 156 160
157 159 162
160 157 162
162 159 163
164 161 160
165 161 164
162 163 166
166 163 167
160 162 168
164 160 168
162 166 168
166 164 168
164 169 165
169 164 166
166 167 169
165 169 170
170 169 167
170 167 171
172 173 174
172 174 175
175 174 176
175 176 177
178 177 176
178 179 177
178 180 179
181 180 178
181 178 182
182 178 176
182 183 181
182 184 183
182 176 185
174 185 176
186 184 182
182 185 186
185 174 186
186 187 184
186 188 187
174 188 186
174 189 188
190 191 192
193 191 190
193 194 191
195 193 190
196 194 193
196 197 194
198 197 196
199 196 193
195 199 193
200 198 196
200 196 199
200 201 198
202 200 199
202 199 195
200 203 201
202 203 200
204 201 203
204 203 205
202 205 203
205 206 204
205 207 206
202 207 205
208 206 207
202 195 209
209 207 202
208 207 210
207 209 210
208 210 211
209 195 212
209 212 210
211 210 212
212 195 213
211 212 213
213 214 211
215 216 217
215 218 216
218 219 216
218 220 219
221 219 220
221 220 222
223 221 222
223 222 224
225 223 224
225 226 223
227 226 225
227 228 226
229 228 227
229 227 230
231 229 230
231 230 232
233 231 232
233 232 234
235 233 234
235 234 236
235 236 237
238 239 240
239 238 241
242 239 241
241 238 243
244 242 241
242 244 245
246 245 244
243 247 241
244 241 247
247 243 248
244 249 246
249 250 246
250 249 251
244 252 249
244 247 252
249 252 251
253 252 247
254 247 248
253 247 254
251 252 255
253 255 252
256 251 255
256 255 253
257 251 256
257 258 251
257 259 258
260 259 257
256 260 257
260 261 259
260 262 261
262 263 261
256 264 260
264 262 260
256 253 265
265 264 256
254 266 253
266 265 253
265 267 264
267 262 264
262 268 263
268 269 263
270 268 262
267 270 262
268 271 269
270 271 268
269 271 272
273 271 270
267 273 270
274 272 271
273 274 271
274 275 272
276 275 274
276 274 273
276 277 275
267 265 278
266 278 265
267 279 273
278 279 267
280 277 276
280 281 277
276 273 282
273 279 282
283 281 280
283 284 281
283 285 284
276 286 280
276 282 286
286 283 280
287 282 279
286 282 287
288 285 283
286 288 283
288 289 285
289 290 285
291 288 286
291 286 287
291 289 288
287 279 292
278 292 279
287 293 291
291 293 289
293 287 292
290 289 294
290 294 295
296 289 293
296 294 289
293 292 297
297 296 293
278 298 292
292 298 297
278 299 298
299 297 298
266 299 278
297 300 296
300 294 296
299 300 297
301 295 294
300 301 294
299 301 300
301 302 295
302 301 248
266 303 299
299 303 301
303 248 301
254 303 266
254 248 303
304 305 306
304 307 305
305 307 308
308 307 309
309 310 308
311 308 310
311 310 312
311 312 313
313 312 314
310 315 312
316 309 307
317 310 309
317 309 316
310 318 315
317 318 310
319 315 318
319 320 315
319 318 321
322 318 317
321 318 322
317 316 322
323 321 322
323 322 324
316 324 322
324 316 325
326 323 324
324 325 326
326 325 327
328 316 307
328 325 316
328 307 304
325 329 327
330 327 329
330 331 327
330 332 331
325 333 329
328 334 325
325 334 333
329 335 330
329 333 335
336 335 333
337 333 334
336 333 337
338 328 304
328 339 334
338 339 328
337 334 340
339 340 334
338 304 341
341 304 342
341 342 343
344 343 342
345 338 341
343 345 341
346 339 338
345 346 338
339 347 340
346 347 339
344 348 343
349 348 344
337 340 350
337 350 351
352 350 340
340 347 352
337 351 336
347 353 352
336 351 354
355 353 347
346 355 347
355 356 353
346 357 355
346 345 357
355 358 356
355 357 358
359 356 358
359 358 360
357 360 358
361 359 360
362 361 360
363 357 345
343 363 345
364 357 363
364 360 357
365 363 343
364 363 365
366 365 343
366 343 348
364 365 367
365 366 367
348 368 366
367 366 368
368 348 349
362 360 369
362 369 370
360 364 371
364 367 371
369 372 370
373 370 372
373 372 374
375 373 374
376 375 374
368 377 367
371 367 378
367 377 378
360 371 379
378 379 371
377 368 380
368 349 380
377 381 378
377 380 381
380 382 381
383 382 380
349 383 380
349 384 383
384 382 383
349 385 384
381 386 378
386 379 378
387 360 379
387 369 360
382 388 381
381 388 386
386 389 379
387 379 389
388 390 386
390 389 386
391 390 388
382 391 388
390 392 389
391 392 390
393 387 389
392 393 389
393 394 387
395 387 394
395 369 387
369 395 396
369 396 372
372 396 397
372 397 374
374 397 398
399 393 392
374 398 400
400 376 374
400 398 401
402 376 400
402 403 376
403 402 354
336 354 402
336 402 404
400 401 405
402 400 405
402 405 404
405 401 406
405 406 407
407 404 405
407 406 408
336 404 409
409 404 410
335 336 409
335 409 411
410 411 409
330 335 411
330 411 412
413 412 411
412 332 330
332 412 413
332 413 414
413 415 414
410 416 411
413 411 416
413 416 417
410 417 416
413 418 415
417 418 413
415 418 419
417 419 418
415 419 420
420 419 421
422 420 421
421 419 423
423 419 424
424 419 425
425 419 417
424 425 426
425 427 426
428 425 417
410 428 417
425 429 427
428 429 425
429 430 427
431 427 430
428 432 429
429 432 430
410 433 428
428 433 432
431 430 434
435 431 434
410 436 433
410 404 436
435 434 437
438 435 437
438 437 439
404 440 436
407 440 404
441 440 407
407 408 441
436 440 442
441 442 440
408 443 441
408 444 443
441 443 445
444 446 443
446 444 447
446 447 448
441 445 449
449 442 441
450 442 449
451 450 449
436 442 452
450 452 442
451 453 450
451 454 453
436 452 455
436 455 433
433 455 456
452 456 455
433 456 432
452 457 456
450 457 452
432 456 458
458 456 457
458 430 432
450 459 457
458 457 459
458 460 430
459 460 458
450 461 459
450 453 461
459 461 460
462 453 454
462 454 463
453 464 461
453 462 464
460 461 464
462 463 465
465 464 462
463 466 465
467 430 460
467 434 430
468 460 464
468 467 460
465 468 464
469 434 467
468 469 467
437 434 469
465 470 468
468 470 469
437 469 471
471 469 470
471 439 437
472 470 465
471 470 472
472 439 471
472 465 473
473 439 472
473 474 439
475 476 477
476 478 477
478 479 477
478 480 479
480 481 479
480 482 481
483 482 480
484 481 482
485 482 483
484 482 485
485 483 486
487 485 486
487 488 485
485 489 484
489 485 488
489 488 490
491 484 489
489 490 492
491 489 493
489 492 493
493 494 491
493 492 495
493 496 494
493 495 496
497 498 499
499 498 500
499 500 501
501 500 502
503 502 500
503 500 504
503 504 505
504 506 505
503 505 507
502 503 507
502 507 508
509 508 507
509 507 510
509 510 511
512 513 514
514 513 515
513 516 515
515 516 517
515 518 514
515 517 518
519 518 517
520 518 519
520 521 518
520 522 521
521 522 523
524 525 526
524 527 525
528 525 527
529 527 524
529 524 530
527 529 531
528 527 531
531 532 528
533 532 531
534 532 533
534 535 532
536 537 538
536 538 539
538 540 539
536 539 541
541 542 536
536 542 543
543 542 544
544 545 543
543 545 546
545 547 546
548 549 550
549 551 550
549 552 551
550 551 553
553 554 550
550 554 555
554 556 555
557 555 556
557 556 558
559 560 561
559 562 560
563 560 562
563 562 564
565 563 564
565 566 563
567 566 565
567 568 566
569 568 567
569 570 568
571 570 569
571 569 572
573 574 575
575 574 576
576 574 577
577 574 578
578 574 579
579 574 580
581 582 583
581 584 582
584 581 585
584 585 586
587 586 585
587 585 588
589 587 588
589 588 590
591 589 590
591 590 592
591 592 593
591 593 594
595 596 597
596 598 597
598 599 597
599 600 597
600 601 597
601 602 597
603 604 605
604 603 606
603 607 606
607 608 606
608 607 609
610 609 607
610 611 609
607 612 610
611 610 613
613 610 612
613 612 614
615 616 617
616 618 617
618 616 619
618 619 620
620 619 621
621 619 622
619 623 622
619 624 623
623 624 625
626 627 628
628 627 629
628 629 630
631 630 629
631 632 630
631 633 632
632 634 630
633 635 632
632 636 634
632 635 636
637 638 639
639 638 640
640 638 641
640 641 642
640 642 643
644 643 642
645 643 644
640 643 646
643 645 646
646 645 647
647 648 646
649 650 651
651 650 652
652 653 651
652 654 653
654 655 653
656 653 655
657 651 653
656 657 653
658 657 656
658 659 657
660 661 662
663 660 662
660 663 664
665 664 663
665 663 666
665 666 667
666 668 667
663 669 666
668 666 669
668 669 670
671 670 669
672 673 674
675 674 673
675 676 674
677 674 676
677 676 678
677 678 679
679 678 680
679 680 681
680 682 681
680 683 682
684 683 680
685 680 678
684 680 685
684 686 683
683 686 687
687 686 688
686 684 688
689 687 688
689 688 690
688 691 690
692 690 691
688 684 693
688 693 691
692 691 694
694 695 692
678 696 685
697 696 678
676 697 678
698 693 684
699 684 685
699 698 684
696 700 685
685 701 699
685 700 701
698 699 702
701 702 699
700 703 701
701 703 704
702 701 704
705 703 700
700 696 706
697 706 696
706 705 700
702 707 698
698 707 693
705 708 703
708 709 703
706 710 705
711 705 710
710 706 712
712 706 697
713 711 710
713 714 711
712 697 715
716 714 713
697 717 715
676 717 697
718 715 717
676 719 717
718 717 720
675 719 676
675 721 719
721 675 722
720 723 718
722 724 721
725 724 722
723 720 726
725 727 724
727 726 724
723 726 728
727 728 726
725 729 727
730 729 725
730 731 729
723 728 732
716 723 732
733 728 727
729 733 727
733 732 728
729 731 734
734 733 729
731 735 734
734 735 736
736 733 734
716 732 737
716 737 714
714 737 738
733 739 732
739 733 736
740 732 739
736 740 739
740 737 732
738 737 741
709 738 741
709 741 742
709 742 743
709 743 703
741 737 744
744 737 740
741 744 745
746 745 744
736 747 740
744 740 747
736 748 747
749 744 747
749 747 748
746 744 749
750 749 748
751 749 750
751 750 752
753 749 751
746 749 753
746 753 754
746 754 755
756 751 752
756 752 757
758 756 757
755 754 759
758 760 756
758 761 760
759 762 755
763 760 761
763 759 760
763 761 764
765 762 759
763 765 759
764 765 763
765 743 762
765 703 743
764 766 765
766 703 765
766 764 767
768 766 767
766 769 703
769 704 703
768 770 766
766 770 769
695 770 768
769 771 704
769 770 771
695 772 770
771 770 772
772 695 694
694 773 772
772 773 771
771 774 704
774 702 704
774 707 702
775 774 771
775 771 773
776 707 774
776 774 775
775 773 776
776 693 707
694 777 773
777 776 773
691 777 694
691 693 778
693 776 778
691 778 777
776 777 778
779 780 781
779 782 780
783 780 782
783 784 780
785 784 783
785 786 784
787 786 785
787 788 786
788 787 789
788 789 790
790 789 791
790 791 792
791 793 792
791 794 793
792 793 795
796 793 794
793 797 795
796 797 793
796 798 797
797 799 795
798 799 797
800 799 798
800 801 799
801 800 802
802 800 803
804 802 803
804 803 805
806 807 808
808 807 809
808 809 810
811 810 809
811 812 810
813 812 811
814 810 812
815 810 814
813 811 816
816 817 813
815 818 810
819 818 815
816 820 817
821 818 819
821 822 818
823 820 816
822 821 824
825 820 823
823 826 825
825 826 827
827 828 825
827 826 829
825 828 830
824 821 831
824 831 832
821 833 831
834 832 831
821 835 833
836 833 835
834 837 832
835 838 836
835 820 838
838 820 825
839 837 834
840 837 839
838 825 841
842 837 840
843 841 825
842 843 825
842 844 837
842 825 844
830 844 825
830 845 844
846 844 845
847 844 846
847 846 848
849 850 851
849 851 852
852 851 853
852 854 849
852 853 855
853 856 855
857 854 852
857 852 855
858 854 857
857 855 859
858 860 854
860 858 861
862 859 855
862 855 856
862 856 863
861 864 860
865 862 863
865 863 866
867 865 866
867 868 865
867 869 868
868 869 870
861 871 864
872 870 869
872 873 870
874 864 871
875 873 872
875 874 873
872 876 875
874 877 864
877 874 875
877 878 864
875 878 877
876 878 875
876 879 878
385 880 881
882 385 881
385 882 384
882 881 883
881 884 883
884 885 883
883 885 886
887 384 882
883 887 882
384 887 382
883 888 887
886 888 883
887 889 382
888 889 887
382 889 890
382 890 391
391 890 889
889 888 891
391 889 891
886 891 888
392 391 891
892 392 891
892 891 886
399 392 892
893 399 892
892 886 893
894 399 893
894 893 895
894 895 896
897 895 893
894 896 898
899 897 893
899 893 886
898 896 900
901 898 900
901 900 902
902 900 903
902 903 904
904 905 902
902 905 906
905 907 906
906 907 908
906 908 909
908 910 909
910 911 909
912 911 910
912 913 911
912 914 913
914 915 913
916 915 914
916 917 915
916 918 917
918 919 917
918 920 919
917 919 885
919 920 899
919 886 885
919 899 886
921 922 923
921 923 924
924 923 925
924 925 926
926 925 927
926 927 928
928 927 929
928 929 930
930 929 931
930 931 932
932 931 933
932 933 934
934 933 935
934 935 936
936 935 937
936 937 938
938 937 939
938 939 940
940 939 941
940 941 942
942 941 943
942 943 944
945 946 947
945 948 946
949 948 945
948 950 946
949 951 948
948 952 950
952 948 951
952 951 953
952 954 950
952 953 955
952 956 954
952 955 956
957 956 955
956 958 954
957 959 956
956 959 958
960 959 957
958 959 961
960 961 959
958 961 962
961 960 963
962 961 964
961 963 964
962 964 965
966 964 963
967 965 964
966 967 964
967 968 965
969 967 966
968 967 969
969 966 970
968 969 971
972 969 970
973 971 969
972 973 969
972 974 973
973 975 971
975 973 974
972 976 974
975 974 977
974 976 978
974 979 977
974 978 980
974 980 979
981 982 983
984 983 982
984 985 983
983 985 986
985 984 987
985 988 986
985 987 989
990 989 987
985 991 988
985 989 991
988 991 992
993 991 989
990 993 989
994 992 991
993 994 991
994 995 992
995 994 996
992 995 997
997 995 998
995 996 998
997 998 999
999 998 996
990 1000 993
1001 994 993
1001 993 1000
1000 990 1002
990 1003 1002
1002 1003 1004
994 1001 1005
994 1005 996
1001 1000 1006
1006 1000 1002
1006 1005 1001
1007 1002 1004
1006 1002 1007
1008 1007 1004
1006 1007 1008
1008 1004 1009
1009 1010 1008
1010 1009 1011
1012 1010 1011
1006 1013 1005
1006 1008 1013
1005 1013 996
1013 1008 1010
1014 996 1013
1013 1010 1014
1014 1015 996
999 996 1015
1015 1014 1016
1016 1014 1010
999 1015 1017
1017 1015 1016
999 1017 1018
1017 1019 1018
1020 1018 1019
1021 1020 1019
1022 1017 1016
1019 1017 1022
1021 1019 1023
1023 1019 1022
1024 1023 1022
1025 1021 1023
1024 1025 1023
1024 1026 1025
1027 1026 1024
1027 1024 1028
1016 1010 1029
1029 1022 1016
1024 1022 1030
1022 1029 1030
1024 1031 1028
1024 1030 1031
1028 1031 1032
1030 1033 1031
1031 1033 1032
1030 1029 1033
1032 1033 1034
1033 1012 1034
1029 1010 1035
1029 1035 1033
1033 1035 1012
1035 1010 1012
1036 1037 1038
1038 1039 1036
1040 1039 1038
1039 1041 1036
1042 1039 1040
1040 1043 1042
1044 1042 1043
1041 1039 1045
1042 1045 1039
1045 1046 1041
1042 1044 1047
1047 1044 1048
1048 1049 1047
1042 1047 1050
1042 1050 1045
1047 1049 1050
1051 1045 1050
1052 1046 1045
1051 1052 1045
1049 1053 1050
1051 1050 1053
1054 1053 1049
1054 1051 1053
1055 1054 1049
1055 1049 1056
1055 1056 1057
1058 1055 1057
1054 1055 1058
1058 1057 1059
1058 1059 1060
1060 1059 1061
1054 1058 1062
1062 1058 1060
1054 1063 1051
1063 1054 1062
1052 1051 1064
1064 1051 1063
1063 1062 1065
1065 1062 1060
1060 1061 1066
1066 1061 1067
1068 1060 1066
1065 1060 1068
1066 1067 1069
1068 1066 1069
1067 1070 1069
1071 1068 1069
1065 1068 1071
1072 1069 1070
1071 1069 1072
1072 1070 1073
1074 1072 1073
1074 1071 1072
1074 1073 1075
1065 1076 1063
1064 1063 1076
1065 1071 1077
1076 1065 1077
1078 1074 1075
1078 1075 1079
1074 1080 1071
1071 1080 1077
1081 1078 1079
1081 1079 1082
1081 1082 1083
1074 1078 1084
1074 1084 1080
1084 1078 1081
1085 1077 1080
1084 1085 1080
1086 1081 1083
1084 1081 1086
1086 1083 1087
1087 1083 1088
1089 1084 1086
1089 1085 1084
1089 1086 1087
1085 1090 1077
1076 1077 1090
1085 1089 1091
1089 1087 1091
1091 1090 1085
1088 1092 1087
1088 1093 1092
1094 1091 1087
1094 1087 1092
1091 1095 1090
1095 1091 1094
1076 1090 1096
1090 1095 1096
1076 1096 1097
1097 1096 1095
1064 1076 1097
1095 1094 1098
1098 1094 1092
1097 1095 1098
1099 1092 1093
1098 1092 1099
1097 1098 1099
1099 1093 1100
1100 1046 1099
1064 1097 1101
1097 1099 1101
1101 1099 1046
1052 1064 1101
1052 1101 1046
1102 1103 1104
1102 1105 1103
1105 1106 1103
1105 1102 1107
1105 1108 1106
1106 1108 1109
1110 1105 1107
1110 1108 1105
1111 1110 1107
1110 1112 1108
1111 1107 1113
1113 1114 1111
1115 1108 1112
1115 1109 1108
1115 1116 1109
1114 1113 1117
1118 1116 1115
1118 1119 1116
1120 1119 1118
1120 1118 1121
1120 1121 1122
1121 1123 1122
1114 1117 1124
1125 1122 1123
1126 1124 1117
1125 1123 1127
1128 1127 1126
1128 1125 1127
1126 1117 1129
1129 1128 1126
1129 1117 1130
1128 1129 1130
1125 1128 1130
1125 1130 1131
1132 1133 1134
1132 1134 1135
1136 1132 1135
1135 1134 1137
1136 1135 1138
1135 1137 1139
1139 1138 1135
1139 1140 1138
1139 1137 1141
1139 1142 1140
1139 1141 1143
1139 1143 1142
1144 1142 1143
1143 1141 1145
1144 1143 1146
1143 1145 1146
1147 1144 1146
1145 1148 1146
1147 1146 1148
1145 1149 1148
1148 1150 1147
1149 1151 1148
1148 1151 1150
1149 1152 1151
1153 1150 1151
1154 1151 1152
1153 1151 1154
1154 1152 1155
1156 1153 1154
1155 1156 1154
1156 1157 1153
1155 1158 1156
1159 1157 1156
1160 1156 1158
1159 1156 1160
1159 1160 1161
1160 1158 1162
1162 1161 1160
1159 1161 1163
1162 1164 1161
1161 1165 1163
1161 1164 1166
1161 1167 1165
1161 1166 1167
1168 1169 1170
1168 1170 1171
1170 1172 1171
1172 1173 1171
1173 1172 1174
1175 1174 1172
1175 1176 1174
1175 1177 1176
1177 1178 1176
1174 1176 1179
1180 1171 1173
1181 1173 1174
1181 1180 1173
1174 1179 1182
1181 1174 1182
1183 1182 1179
1183 1179 1184
1183 1185 1182
1186 1181 1182
1185 1186 1182
1181 1186 1180
1187 1186 1185
1187 1188 1186
1180 1186 1188
1188 1189 1180
1190 1188 1187
1188 1190 1189
1190 1191 1189
1192 1171 1180
1192 1180 1189
1192 1168 1171
1189 1191 1193
1194 1193 1191
1194 1191 1195
1196 1194 1195
1189 1193 1197
1192 1189 1198
1189 1197 1198
1193 1194 1199
1193 1199 1197
1200 1168 1192
1192 1198 1201
1200 1192 1201
1200 1202 1168
1202 1203 1168
1202 1204 1203
1204 1202 1205
1205 1202 1200
1204 1205 1206
1206 1205 1207
1205 1200 1208
1208 1207 1205
1208 1200 1201
1208 1209 1207
1208 1210 1209
1208 1201 1210
1201 1211 1210
1201 1198 1211
1212 1211 1198
1212 1198 1197
1213 1212 1197
1213 1197 1199
1199 1214 1213
1213 1214 1215
1213 1215 1216
1199 1217 1214
1194 1217 1199
1214 1218 1215
1218 1214 1217
1216 1215 1219
1216 1219 1220
1220 1219 1221
1220 1221 1222
1219 1223 1221
1219 1224 1223
1224 1219 1215
1224 1225 1223
1218 1226 1215
1215 1226 1227
1224 1215 1227
1227 1228 1224
1224 1228 1225
1227 1229 1228
1230 1228 1229
1231 1230 1229
1228 1230 1232
1228 1232 1233
1225 1228 1233
1225 1233 1234
1234 1233 1235
1235 1236 1234
1235 1237 1236
1218 1238 1239
1218 1240 1238
1241 1238 1240
1218 1217 1240
1241 1240 1217
1239 1238 1242
1242 1238 1243
1239 1242 1244
1242 1245 1244
1242 1246 1245
1247 1246 1242
1247 1242 1243
1248 1247 1243
1249 1248 1243
1250 1249 1243
1251 1249 1250
1252 1250 1243
1238 1253 1243
1252 1243 1253
1238 1241 1253
1241 1252 1253
1241 1254 1252
1196 1254 1241
1196 1241 1255
1255 1194 1196
1241 1217 1255
1194 1255 1217
1256 1257 1258
1257 1259 1258
1257 1260 1259
1260 1261 1259
1262 1259 1261
1262 1263 1259
1262 1264 1263
1263 1264 1265
1262 1266 1264
1261 1266 1262
1261 1267 1266
1268 1266 1267
1268 1269 1266
1268 1270 1269
1271 1272 1273
1272 1271 1274
1274 1275 1272
1274 1276 1275
1277 1275 1276
1275 1278 1272
1278 1279 1272
1280 1272 1279
1281 1280 1279
1281 1279 1282
1283 1281 1282
1284 1283 1282
1284 1285 1283
1286 1285 1284
1286 1287 1285
1287 1286 1288
1287 1288 1289
1288 1290 1289
1290 1291 1289
1292 1291 1290
1292 1277 1291
1277 1292 1293
1275 1277 1293
1275 1293 1294
1275 1294 1278
1294 1295 1278
1295 1279 1278
1293 1296 1294
1296 1295 1294
1293 1297 1296
1293 1298 1297
1293 1292 1298
1292 1299 1298
1296 1300 1295
1301 1299 1292
1301 1292 1290
1301 1302 1299
1300 1303 1295
1300 1304 1303
1305 1303 1304
1305 1306 1303
1307 1306 1305
1307 1308 1306
1303 1309 1295
1309 1279 1295
1309 1310 1279
1311 1310 1309
1310 1282 1279
1312 1302 1301
1312 1313 1302
1314 1310 1311
1314 1311 1315
1314 1316 1310
1310 1316 1282
1314 1317 1316
1301 1318 1312
1301 1290 1318
1290 1288 1318
1313 1312 1319
1313 1319 1320
1318 1288 1321
1288 1286 1321
1322 1312 1318
1322 1319 1312
1318 1321 1322
1320 1319 1323
1319 1322 1323
1320 1323 1324
1316 1317 1325
1326 1325 1317
1326 1327 1325
1328 1327 1326
1329 1316 1325
1327 1329 1325
1328 1330 1327
1329 1327 1330
1331 1330 1328
1329 1330 1331
1316 1329 1332
1282 1316 1332
1332 1284 1282
1333 1332 1329
1333 1329 1331
1332 1333 1284
1334 1333 1331
1334 1331 1335
1284 1333 1336
1334 1336 1333
1286 1284 1336
1337 1334 1335
1338 1337 1335
1334 1337 1339
1334 1339 1336
1337 1338 1340
1340 1339 1337
1336 1339 1340
1341 1340 1338
1336 1340 1342
1286 1336 1342
1342 1340 1341
1342 1343 1286
1286 1343 1321
1342 1341 1344
1343 1342 1344
1344 1341 1345
1345 1346 1344
1345 1347 1346
1344 1346 1348
1346 1347 1348
1348 1343 1344
1349 1348 1347
1348 1350 1343
1343 1350 1321
1349 1350 1348
1321 1350 1351
1321 1351 1322
1352 1350 1349
1351 1350 1352
1352 1349 1353
1354 1352 1353
1354 1353 1355
1356 1354 1355
1354 1357 1352
1357 1354 1356
1351 1352 1357
1357 1356 1358
1322 1351 1359
1323 1322 1359
1358 1323 1359
1351 1357 1360
1351 1360 1359
1357 1358 1360
1359 1360 1358
1358 1361 1323
1323 1361 1324
1361 1362 1324
1362 1363 1324
1364 1365 1366
1364 1367 1365
1367 1368 1365
1367 1369 1368
1370 1368 1369
1370 1369 1371
1370 1371 1372
1373 1370 1372
1373 1374 1370
1374 1368 1370
1374 1373 1375
1374 1375 1376
1374 1377 1368
1365 1368 1377
1378 1374 1376
1374 1378 1377
1377 1378 1365
1378 1376 1379
1378 1379 1380
1365 1378 1380
1365 1380 1381
1382 1383 1384
1385 1383 1382
1385 1386 1383
1387 1386 1385
1387 1385 1388
1389 1383 1386
1387 1389 1386
1389 1390 1383
1391 1390 1389
1387 1391 1389
1391 1392 1390
1393 1392 1391
1387 1393 1391
1393 1394 1392
1393 1395 1394
1393 1396 1395
1387 1396 1393
1397 1395 1396
1398 1396 1387
1388 1398 1387
1397 1396 1399
1399 1396 1398
1400 1397 1399
1399 1398 1401
1400 1399 1401
1388 1401 1398
1401 1402 1400
1401 1388 1403
1401 1403 1402
1404 1403 1388
1403 1405 1402
1404 1406 1403
1403 1406 1405
1407 1408 1409
1407 1409 1410
1410 1409 1411
1407 1410 1412
1407 1412 1413
1412 1414 1413
1410 1411 1415
1412 1410 1415
1416 1415 1411
1412 1417 1414
1415 1417 1412
1418 1414 1417
1419 1415 1416
1420 1419 1416
1418 1417 1421
1421 1422 1418
1415 1423 1417
1419 1423 1415
1417 1423 1421
1421 1423 1419
1419 1420 1424
1424 1421 1419
1421 1424 1422
1420 1425 1424
1425 1422 1424
1425 1426 1422
1427 1428 1429
1430 1427 1429
1430 1429 1431
1432 1427 1430
1433 1430 1431
1433 1431 1434
1435 1433 1434
1436 1430 1433
1432 1430 1436
1437 1433 1435
1437 1436 1433
1437 1435 1438
1439 1436 1437
1439 1432 1436
1437 1438 1440
1439 1437 1440
1440 1438 1441
1440 1441 1442
1439 1440 1442
1443 1442 1441
1443 1444 1442
1439 1442 1444
1445 1444 1443
1439 1446 1432
1446 1439 1444
1445 1447 1444
1444 1447 1446
1445 1448 1447
1446 1449 1432
1446 1447 1449
1448 1449 1447
1449 1450 1432
1448 1450 1449
1450 1448 1451
1452 1453 1454
1452 1454 1455
1455 1454 1456
1455 1456 1457
1458 1457 1456
1458 1459 1457
1460 1459 1458
1460 1461 1459
1462 1461 1460
1462 1460 1463
1464 1462 1463
1464 1463 1465
1466 1464 1465
1466 1467 1464
1468 1467 1466
1468 1469 1467
1470 1469 1468
1470 1471 1469
1472 1471 1470
1472 1473 1471
1472 1474 1473
1475 1476 1477
1477 1476 1478
1478 1476 1479
1478 1479 1480
1480 1479 1481
1480 1481 1482
1483 1480 1482
1484 1482 1481
1485 1483 1482
1484 1485 1482
1485 1486 1483
1487 1486 1485
1487 1485 1488
1485 1484 1489
1489 1488 1485
1489 1490 1488
1491 1489 1484
1489 1492 1490
1491 1493 1489
1489 1493 1492
1493 1491 1494
1493 1495 1492
1493 1494 1496
1493 1496 1495
1497 1498 1499
1498 1500 1499
1498 1501 1500
1502 1500 1501
1502 1501 1503
1504 1502 1503
1505 1503 1501
1506 1505 1501
1504 1507 1502
1507 1504 1508
1506 1501 1509
1510 1506 1509
1507 1508 1511
1512 1510 1509
1512 1509 1513
1514 1507 1511
1513 1515 1512
1516 1514 1511
1514 1516 1517
1516 1518 1517
1518 1516 1519
1518 1520 1517
1516 1521 1519
1515 1522 1512
1515 1523 1522
1524 1512 1522
1525 1522 1523
1524 1526 1512
1527 1526 1524
1525 1523 1528
1526 1527 1529
1526 1529 1511
1529 1516 1511
1530 1525 1528
1531 1530 1528
1529 1532 1516
1533 1531 1528
1534 1516 1532
1533 1516 1534
1533 1528 1535
1533 1535 1516
1521 1516 1535
1521 1535 1536
1537 1536 1535
1538 1537 1535
1538 1539 1537
1540 1541 1542
1542 1543 1540
1542 1544 1543
1545 1543 1544
1545 1546 1543
1547 1544 1542
1545 1544 1547
1547 1542 1548
1549 1547 1548
1545 1547 1549
1549 1548 1550
1551 1549 1550
1545 1549 1551
1551 1550 1552
1551 1552 1553
1551 1553 1554
1545 1551 1554
1554 1553 1555
1556 1545 1554
1546 1545 1556
1554 1555 1557
1557 1556 1554
1558 1557 1555
1557 1559 1556
1558 1559 1557
1546 1556 1559
1559 1558 1560
1559 1561 1546
1559 1560 1561
1562 1546 1561
1561 1560 1563
1562 1561 1564
1561 1563 1564
1565 1566 1567
1565 1567 1568
1569 1565 1568
1568 1567 1570
1569 1568 1571
1572 1569 1571
1568 1570 1573
1571 1568 1573
1573 1570 1574
1572 1571 1575
1575 1576 1572
1571 1573 1577
1575 1571 1577
1573 1574 1578
1577 1573 1578
1578 1574 1579
1578 1579 1580
1581 1578 1580
1577 1578 1581
1581 1580 1582
1575 1583 1576
1583 1584 1576
1583 1585 1584
1575 1577 1586
1586 1577 1581
1586 1583 1575
1587 1581 1582
1586 1581 1587
1587 1582 1588
1589 1585 1583
1586 1589 1583
1587 1589 1586
1589 1590 1585
1588 1591 1587
1587 1591 1589
1591 1590 1589
1588 1592 1591
1591 1593 1590
1592 1593 1591
1592 1594 1593
1595 1596 1597
1595 1597 1598
1599 1595 1598
1598 1597 1600
1599 1598 1601
1602 1599 1601
1598 1600 1603
1601 1598 1603
1603 1600 1604
1602 1601 1605
1605 1606 1602
1601 1603 1607
1605 1601 1607
1603 1604 1608
1607 1603 1608
1608 1604 1609
1608 1609 1610
1611 1608 1610
1607 1608 1611
1611 1610 1612
1605 1613 1606
1613 1614 1606
1613 1615 1614
1605 1607 1616
1616 1607 1611
1616 1613 1605
1617 1611 1612
1616 1611 1617
1617 1612 1618
1619 1615 1613
1616 1619 1613
1617 1619 1616
1619 1620 1615
1618 1621 1617
1617 1621 1619
1621 1620 1619
1618 1622 1621
1621 1623 1620
1622 1623 1621
1622 1624 1623
1625 1626 1627
1625 1628 1626
1629 1628 1625
1628 1630 1626
1629 1631 1628
1632 1631 1629
1628 1633 1630
1631 1633 1628
1633 1634 1630
1632 1635 1631
1636 1635 1632
1636 1637 1635
1631 1638 1633
1635 1638 1631
1633 1639 1634
1638 1639 1633
1639 1640 1634
1637 1641 1635
1635 1641 1638
1637 1642 1641
1638 1643 1639
1641 1643 1638
1639 1644 1640
1643 1644 1639
1644 1645 1640
1644 1646 1645
1642 1647 1641
1641 1647 1643
1642 1648 1647
1643 1649 1644
1649 1646 1644
1647 1649 1643
1649 1650 1646
1648 1651 1647
1647 1651 1649
1651 1650 1649
1648 1652 1651
1651 1653 1650
1652 1653 1651
1652 1654 1653
1655 1656 1657
1655 1658 1656
1659 1658 1655
1658 1660 1656
1659 1661 1658
1662 1661 1659
1658 1663 1660
1661 1663 1658
1663 1664 1660
1662 1665 1661
1666 1665 1662
1666 1667 1665
1661 1668 1663
1665 1668 1661
1663 1669 1664
1668 1669 1663
1669 1670 1664
1667 1671 1665
1665 1671 1668
1667 1672 1671
1668 1673 1669
1671 1673 1668
1669 1674 1670
1673 1674 1669
1674 1675 1670
1674 1676 1675
1672 1677 1671
1671 1677 1673
1672 1678 1677
1673 1679 1674
1679 1676 1674
1677 1679 1673
1679 1680 1676
1678 1681 1677
1677 1681 1679
1681 1680 1679
1678 1682 1681
1681 1683 1680
1682 1683 1681
1682 1684 1683
1685 1686 1687
1685 1688 1686
1689 1688 1685
1688 1690 1686
1689 1691 1688
1692 1691 1689
1688 1693 1690
1691 1693 1688
1693 1694 1690
1693 1695 1694
1696 1695 1693
1691 1696 1693
1696 1697 1695
1692 1698 1691
1698 1696 1691
1699 1698 1692
1699 1700 1698
1701 1697 1696
1698 1701 1696
1700 1701 1698
1701 1702 1697
1700 1703 1701
1703 1702 1701
1703 1704 1702
1705 1706 1707
1705 1708 1706
1709 1708 1705
1708 1710 1706
1709 1711 1708
1712 1711 1709
1708 1713 1710
1711 1713 1708
1713 1714 1710
1713 1715 1714
1716 1715 1713
1711 1716 1713
1716 1717 1715
1712 1718 1711
1718 1716 1711
1719 1718 1712
1719 1720 1718
1721 1717 1716
1718 1721 1716
1720 1721 1718
1721 1722 1717
1720 1723 1721
1723 1722 1721
1723 1724 1722
1725 1726 1727
1725 1728 1726
1729 1728 1725
1728 1730 1726
1729 1731 1728
1732 1731 1729
1728 1733 1730
1731 1733 1728
1733 1734 1730
1732 1735 1731
1736 1735 1732
1736 1737 1735
1731 1738 1733
1735 1738 1731
1733 1739 1734
1738 1739 1733
1739 1740 1734
1737 1741 1735
1735 1741 1738
1737 1742 1741
1738 1743 1739
1741 1743 1738
1739 1744 1740
1743 1744 1739
1744 1745 1740
1744 1746 1745
1742 1747 1741
1741 1747 1743
1742 1748 1747
1743 1749 1744
1749 1746 1744
1747 1749 1743
1749 1750 1746
1748 1751 1747
1747 1751 1749
1751 1750 1749
1748 1752 1751
1751 1753 1750
1752 1753 1751
1752 1754 1753
1755 1756 1757
1755 1758 1756
1759 1758 1755
1758 1760 1756
1759 1761 1758
1762 1761 1759
1758 1763 1760
1761 1763 1758
1763 1764 1760
1762 1765 1761
1766 1765 1762
1766 1767 1765
1761 1768 1763
1765 1768 1761
1763 1769 1764
1768 1769 1763
1769 1770 1764
1767 1771 1765
1765 1771 1768
1767 1772 1771
1768 1773 1769
1771 1773 1768
1769 1774 1770
1773 1774 1769
1774 1775 1770
1774 1776 1775
1772 1777 1771
1771 1777 1773
1772 1778 1777
1773 1779 1774
1779 1776 1774
1777 1779 1773
1779 1780 1776
1778 1781 1777
1777 1781 1779
1781 1780 1779
1778 1782 1781
1781 1783 1780
1782 1783 1781
1782 1784 1783
1785 1786 1787
1785 1788 1786
1789 1788 1785
1788 1790 1786
1789 1791 1788
1792 1791 1789
1788 1793 1790
1791 1793 1788
1793 1794 1790
1792 1795 1791
1796 1795 1792
1796 1797 1795
1791 1798 1793
1795 1798 1791
1793 1799 1794
1798 1799 1793
1799 1800 1794
1797 1801 1795
1795 1801 1798
1797 1802 1801
1798 1803 1799
1801 1803 1798
1799 1804 1800
1803 1804 1799
1804 1805 1800
1804 1806 1805
1802 1807 1801
1801 1807 1803
1802 1808 1807
1803 1809 1804
1809 1806 1804
1807 1809 1803
1809 1810 1806
1808 1811 1807
1807 1811 1809
1811 1810 1809
1808 1812 1811
1811 1813 1810
1812 1813 1811
1812 1814 1813
1815 1816 1817
1815 1818 1816
1819 1818 1815
1818 1820 1816
1819 1821 1818
1822 1821 1819
1818 1823 1820
1821 1823 1818
1823 1824 1820
1822 1825 1821
1826 1825 1822
1826 1827 1825
1821 1828 1823
1825 1828 1821
1823 1829 1824
1828 1829 1823
1829 1830 1824
1827 1831 1825
1825 1831 1828
1827 1832 1831
1828 1833 1829
1831 1833 1828
1829 1834 1830
1833 1834 1829
1834 1835 1830
1834 1836 1835
1832 1837 1831
1831 1837 1833
1832 1838 1837
1833 1839 1834
1839 1836 1834
1837 1839 1833
1839 1840 1836
1838 1841 1837
1837 1841 1839
1841 1840 1839
1838 1842 1841
1841 1843 1840
1842 1843 1841
1842 1844 1843
1845 1846 1847
1845 1848 1846
1849 1848 1845
1848 1850 1846
1849 1851 1848
1852 1851 1849
1848 1853 1850
1851 1853 1848
1853 1854 1850
1853 1855 1854
1856 1855 1853
1851 1856 1853
1856 1857 1855
1852 1858 1851
1858 1856 1851
1859 1858 1852
1859 1860 1858
1861 1857 1856
1858 1861 1856
1860 1861 1858
1861 1862 1857
1860 1863 1861
1863 1862 1861
1863 1864 1862
1865 1866 1867
1865 1868 1866
1869 1868 1865
1868 1870 1866
1869 1871 1868
1872 1871 1869
1868 1873 1870
1871 1873 1868
1873 1874 1870
1873 1875 1874
1876 1875 1873
1871 1876 1873
1876 1877 1875
1872 1878 1871
1878 1876 1871
1879 1878 1872
1879 1880 1878
1881 1877 1876
1878 1881 1876
1880 1881 1878
1881 1882 1877
1880 1883 1881
1883 1882 1881
1883 1884 1882
1885 1886 1887
1885 1887 1888
1889 1888 1887
1889 1887 1890
1891 1892 1893
1891 1893 1894
1895 1896 1897
1895 1897 1898
1899 1898 1897
1899 1897 1900
1901 1898 1899
1901 1902 1898
1903 1904 1905
1903 1905 1906
1906 1905 1907
1908 1909 1910
1908 1910 1911
1912 1913 1914
1912 1914 1915
1915 1914 1916
1917 1918 1919
1917 1919 1920
1921 1922 1923
1921 1923 1924
1925 1926 1927
1925 1927 1928
1929 1930 1931
1929 1931 1932
1933 1934 1935
1933 1935 1936
1937 1938 1939
1937 1939 1940
1941 1942 1943
1941 1943 1944
1945 1946 1947
1945 1947 1948
1949 1950 1951
1949 1951 1952
1952 1951 1953
1952 1953 1954
1954 1953 1955
1954 1955 1956
1956 1955 1957
1956 1957 1958
1958 1957 1959
1958 1959 1960
1960 1959 1961
1960 1961 1962
1962 1961 1963
1962 1963 1964
1964 1963 1965
1964 1965 1966
1967 1968 1969
1967 1969 1970
1970 1969 1971
1970 1971 1972
1972 1971 1973
1972 1973 1974
1974 1973 1975
1974 1975 1976
1976 1975 1977
1976 1977 1978
1978 1977 1979
1978 1979 1980
1980 1979 1981
1980 1981 1982
1982 1981 1983
1982 1983 1984
1985 1986 1987
1985 1987 1988
1988 1987 1989
1988 1989 1990
1990 1989 1991
1990 1991 1992
1992 1991 1993
1992 1993 1994
1994 1993 1995
1994 1995 1996
1996 1995 1997
1996 1997 1998
1998 1997 1999
1998 1999 2000
2000 1999 2001
2000 2001 2002
2003 2004 2005
2003 2005 2006
2007 2008 2009
2007 2009 2010
2011 2012 2013
2011 2013 2014
2015 2016 2017
2015 2017 2018
2019 2020 2021
2019 2021 2022
2023 2024 2025
2023 2025 2026
2027 2028 2029
2027 2029 2030
2031 2032 2033
2031 2033 2034
2035 2036 2037
2035 2038 2036
2036 2038 2039
2036 2039 2040
2041 2042 2043
2041 2044 2042
2044 2045 2042
2044 2046 2045
2047 2048 2049
2047 2050 2048
2051 2050 2047
2052 2048 2050
2052 2053 2048
2051 2054 2050
2055 2054 2051
2053 2052 2056
2053 2056 2057
2052 2058 2056
2059 2052 2050
2052 2059 2058
2059 2050 2054
2059 2060 2058
2059 2061 2060
2061 2059 2054
2061 2062 2060
2055 2063 2054
2061 2054 2063
2064 2063 2055
2061 2065 2062
2065 2061 2063
2065 2066 2062
2064 2067 2063
2065 2063 2067
2068 2067 2064
2065 2069 2066
2069 2065 2067
2069 2070 2066
2069 2071 2070
2068 2072 2067
2069 2067 2072
2071 2069 2072
2073 2072 2068
2071 2072 2074
2073 2074 2072
2075 2076 2077
2077 2076 2078
2078 2076 2079
2079 2076 2080
2080 2076 2081
2081 2076 2082
2083 2084 2085
2085 2084 2086
2086 2084 2087
2087 2084 2088
2088 2084 2089
2089 2084 2090
2091 2092 2093
2091 2094 2092
2091 2095 2094
2091 2096 2095
2097 2098 2099
2097 2100 2098
2101 2100 2097
2101 2102 2100
2103 2104 2105
2103 2106 2104
2106 2107 2104
2103 2108 2106
2103 2109 2108
2106 2110 2107
2110 2111 2107
2112 2108 2109
2112 2109 2113
2114 2108 2112
2106 2108 2115
2114 2115 2108
2106 2115 2110
2116 2115 2114
2116 2117 2115
2110 2115 2117
2118 2117 2116
2110 2119 2111
2110 2117 2119
2119 2120 2111
2118 2121 2117
2119 2117 2121
2122 2121 2118
2119 2123 2120
2119 2121 2123
2123 2124 2120
2122 2125 2121
2123 2121 2125
2126 2125 2122
2126 2127 2125
2123 2128 2124
2123 2125 2128
2128 2125 2127
2128 2129 2124
2128 2127 2130
2128 2130 2129
2131 2132 2133
2132 2134 2133
2134 2135 2133
2135 2136 2133
2136 2137 2133
2137 2138 2133
2139 2140 2141
2140 2142 2141
2142 2143 2141
2143 2144 2141
2144 2145 2141
2145 2146 2141
2147 2148 2149
2149 2148 2150
2148 2151 2150
2148 2152 2151
2151 2152 2153
2153 2152 2154
2152 2148 2155
2155 2148 2156
2155 2156 2157
2155 2158 2152
2155 2159 2158
2158 2159 2160
2159 2161 2160
2161 2162 2160
2161 2163 2162
2164 2162 2163
2164 2163 2165
2166 2164 2165
2166 2165 2167
2168 2166 2167
2168 2167 2169
2170 2171 2172
2170 2172 2173
2174 2170 2173
2175 2173 2172
2172 2176 2175
2172 2177 2176
2177 2178 2176
2177 2179 2178
2177 2180 2179
2179 2180 2181
2179 2181 2182
2179 2182 2183
2179 2183 2184
2185 2179 2184
2175 2176 2186
2176 2178 2186
2174 2173 2187
2173 2188 2187
2175 2189 2173
2173 2189 2188
2187 2190 2174
2174 2190 2191
2191 2190 2192
2193 2189 2175
2175 2186 2193
2193 2186 2194
2186 2195 2194
2178 2195 2186
2193 2196 2189
2188 2189 2196
2178 2197 2195
2178 2198 2197
2198 2199 2197
2198 2200 2199
2178 2179 2198
2198 2201 2200
2179 2201 2198
2201 2202 2200
2201 2203 2202
2179 2204 2201
2185 2204 2179
2201 2205 2203
2204 2205 2201
2206 2203 2205
2185 2207 2204
2204 2207 2205
2208 2207 2185
2206 2205 2209
2209 2210 2206
2209 2211 2210
2209 2212 2211
2209 2213 2212
2205 2207 2214
2205 2214 2209
2209 2214 2213
2214 2207 2208
2214 2215 2213
2216 2214 2208
2214 2216 2215
2216 2208 2217
2216 2218 2215
2218 2216 2217
2218 2217 2219
2218 2219 2220
2218 2220 2221
2218 2221 2222
2223 2224 2225
2223 2225 2226
2226 2225 2227
2228 2223 2226
2229 2223 2228
2228 2230 2229
2226 2227 2231
2228 2226 2231
2228 2232 2230
2228 2231 2233
2232 2228 2233
2234 2231 2227
2234 2233 2231
2230 2232 2235
2230 2235 2236
2235 2232 2237
2232 2233 2237
2235 2237 2238
2239 2237 2233
2239 2238 2237
2234 2239 2233
2239 2240 2238
2240 2239 2241
2239 2242 2241
2234 2242 2239
2234 2243 2242
2243 2234 2227
2243 2227 2244
2245 2246 2247
2248 2245 2247
2249 2245 2248
2250 2245 2249
2245 2250 2251
2245 2251 2252
2252 2251 2253
2254 2245 2252
2255 2254 2252
2252 2253 2255
2256 2245 2254
2256 2257 2245
2256 2258 2257
2256 2259 2258
2258 2259 2260
2260 2261 2258
2261 2262 2258
2261 2263 2262
2261 2264 2263
2265 2255 2253
2265 2253 2266
2265 2267 2255
2267 2268 2255
2266 2269 2265
2266 2270 2269
2271 2269 2270
2272 2269 2271
2272 2271 2273
2273 2274 2272
2273 2275 2274
2276 2273 2271
2276 2271 2277
2276 2278 2273
2279 2276 2277
2276 2280 2278
2281 2276 2279
2282 2276 2281
2282 2281 2283
2284 2276 2282
2285 2276 2284
2285 2280 2276
2285 2286 2280
2285 2287 2286
2285 2288 2287
2288 2289 2287
2288 2290 2289
2288 2291 2290
2291 2292 2290
2293 2292 2291
2294 2293 2291
2295 2293 2294
2296 2293 2295
2296 2295 2297
2298 2296 2297
2299 2300 2301
2299 2301 2302
2303 2302 2301
2303 2301 2304
2304 2305 2303
2304 2306 2305
2305 2306 2307
2307 2306 2308
2307 2308 2309
2309 2310 2307
2309 2311 2310
2309 2312 2311
2311 2312 2313
2311 2313 2314
2315 2314 2313
2316 2315 2313
2317 2315 2316
2317 2316 2318
2319 2317 2318
2319 2318 2320
2319 2320 2321
2319 2321 2322
2323 2322 2321
2323 2324 2322
2323 2325 2324
2323 2326 2325
2325 2326 2327
2325 2327 2328
2328 2327 2329
2328 2329 2330
2331 2332 2333
2331 2333 2334
2331 2334 2335
2333 2336 2334
2333 2337 2336
2338 2336 2337
2338 2337 2339
2339 2340 2338
2339 2341 2340
2342 2340 2341
2342 2341 2343
2343 2344 2342
2343 2345 2344
2346 2344 2345
2346 2345 2347
2348 2346 2347
2348 2347 2349
2350 2348 2349
2350 2349 2351
2352 2350 2351
2352 2351 2353
2354 2352 2353
2354 2355 2352
2356 2355 2354
2356 2357 2355
2358 2357 2356
2358 2359 2357
2358 2360 2359
2358 2361 2360
2362 2360 2361
2362 2363 2360
2362 2364 2363
2362 2365 2364
2365 2366 2364
2365 2367 2366
2367 2368 2366
2367 2369 2368
2369 2370 2368
2371 2370 2369
2372 2370 2371
2372 2373 2370
2374 2373 2372
2374 2375 2373
2375 2374 2376
2375 2376 2377
2377 2376 2378
2377 2378 2379
2379 2378 2380
2379 2380 2381
2381 2380 2382
2381 2382 2383
2384 2383 2382
2384 2382 2385
2386 2384 2385
2386 2385 2387
2388 2386 2387
2388 2387 2389
2388 2389 2390
2391 2392 2393
2394 2393 2392
2395 2393 2394
2395 2394 2396
2397 2398 2399
2397 2400 2398
2401 2400 2397
2401 2402 2400
2403 2402 2401
2403 2404 2402
2405 2404 2403
2405 2406 2404
2407 2406 2405
2407 2408 2406
2409 2408 2407
2409 2410 2408
2411 2410 2409
2411 2412 2410
2413 2412 2411
2413 2414 2412
2415 2416 2417
2415 2418 2416
2419 2418 2415
2419 2420 2418
2421 2420 2419
2421 2422 2420
2423 2422 2421
2423 2424 2422
2425 2424 2423
2425 2426 2424
2427 2426 2425
2427 2428 2426
2429 2428 2427
2429 2430 2428
2431 2430 2429
2431 2432 2430
2433 2434 2435
2433 2436 2434
2437 2436 2433
2437 2438 2436
2439 2438 2437
2439 2440 2438
2441 2440 2439
2441 2442 2440
2443 2442 2441
2443 2444 2442
2445 2444 2443
2445 2446 2444
2447 2446 2445
2447 2448 2446
2449 2448 2447
2449 2450 2448
2451 2452 2453
2451 2454 2452
2454 2455 2452
2454 2456 2455
2455 2456 2457
2455 2457 2458
2458 2457 2459
2457 2460 2459
2460 2457 2456
2460 2456 2461
2461 2462 2460
2463 2462 2461
2464 2462 2463
2464 2465 2462
2466 2465 2464
2467 2465 2466
2468 2465 2467
2468 2467 2469
2468 2469 2470
2468 2470 2471
2470 2469 2472
2472 2469 2473
2473 2469 2474
2468 2471 2475
2471 2476 2475
2475 2476 2477
2477 2476 2478
2478 2476 2479
2479 2476 2480
2481 2482 2483
2481 2483 2484
2484 2485 2481
2486 2481 2485
2486 2487 2481
2488 2487 2486
2488 2489 2487
2490 2489 2488
2490 2491 2489
2492 2491 2490
2492 2493 2491
2494 2495 2496
2494 2496 2497
2498 2499 2500
2500 2501 2498
2501 2502 2498
2503 2504 2505
2503 2506 2504
2504 2506 2507
2504 2507 2508
2509 2508 2507
2509 2507 2510
2510 2507 2511
2510 2511 2512
2513 2511 2507
2513 2507 2506
2503 2513 2506
2503 2514 2513
2503 2515 2514
2514 2515 2516
2514 2516 2517
2518 2519 2520
2518 2521 2519
2522 2521 2518
2522 2523 2521
2524 2523 2522
2524 2525 2523
2526 2525 2524
2526 2527 2525
2528 2527 2526
2528 2529 2527
2530 2529 2528
2530 2531 2529
2532 2533 2534
2532 2534 2535
2532 2535 2536
2532 2536 2537
2538 2537 2536
2538 2536 2539
2540 2541 2542
2540 2542 2543
2543 2544 2540
2543 2545 2544
2546 2547 2548
2546 2548 2549
2549 2550 2546
2549 2551 2550
2552 2553 2554
2552 2555 2553
2556 2553 2555
2557 2553 2556
2557 2556 2558
2559 2558 2556
2559 2556 2560
2561 2562 2563
2561 2564 2562
2565 2564 2561
2565 2566 2564
2565 2567 2566
2565 2568 2567
2569 2567 2568
2569 2568 2570
2569 2570 2571
2569 2571 2572
2572 2571 2573
2572 2573 2574
2573 2575 2574
2574 2575 2576
2577 2576 2575
2577 2575 2578
2579 2577 2578
2579 2580 2577
2579 2581 2580
2581 2579 2582
2581 2582 2583
2584 2581 2583
2585 2584 2583
2585 2586 2584
2586 2585 2587
2586 2587 2588
2589 2588 2587
2589 2587 2590
2591 2592 2593
2592 2594 2593
2593 2594 2595
2593 2595 2596
2595 2597 2596
2597 2598 2596
2596 2599 2593
2599 2600 2593
2599 2596 2601
2599 2601 2602
2601 2603 2602
2602 2603 2604
2604 2603 2605
2604 2605 2606
2607 2606 2605
2607 2608 2606
2609 2608 2607
2609 2610 2608
2611 2610 2609
2611 2612 2610
2613 2614 2615
2613 2616 2614
2617 2614 2616
2618 2616 2613
2617 2616 2619
2618 2620 2616
2619 2616 2620
2621 2620 2618
2619 2620 2622
2621 2623 2620
2622 2620 2623
2624 2623 2621
2622 2623 2625
2624 2626 2623
2625 2623 2626
2627 2626 2624
2625 2626 2628
2627 2629 2626
2628 2626 2629
2630 2629 2627
2628 2629 2631
2630 2632 2629
2631 2629 2632
2633 2632 2630
2631 2632 2634
2633 2635 2632
2634 2632 2635
2636 2635 2633
2634 2635 2637
2636 2638 2635
2637 2635 2638
2637 2638 2639
2640 2641 2642
2640 2642 2643
2640 2643 2644
2640 2644 2645
2646 2645 2644
2646 2644 2647
2648 2649 2650
2648 2650 2651
2651 2652 2648
2651 2653 2652
2654 2655 2656
2654 2656 2657
2657 2658 2654
2657 2659 2658
2660 2661 2662
2660 2662 2663
2660 2663 2664
2660 2664 2665
2666 2665 2664
2666 2664 2667
2668 2669 2670
2668 2670 2671
2671 2672 2668
2671 2673 2672
2674 2675 2676
2674 2676 2677
2677 2678 2674
2677 2679 2678
2680 2681 2682
2680 2682 2683
2680 2683 2684
2680 2684 2685
2686 2685 2684
2686 2684 2687
2688 2689 2690
2688 2690 2691
2691 2692 2688
2691 2693 2692
2694 2695 2696
2694 2696 2697
2697 2698 2694
2697 2699 2698
2700 2701 2702
2700 2702 2703
2703 2704 2700
2705 2700 2704
2705 2706 2700
2707 2706 2705
2707 2708 2706
2709 2708 2707
2709 2710 2708
2711 2710 2709
2711 2712 2710
2713 2714 2715
2713 2715 2716
2717 2718 2719
2719 2720 2717
2720 2721 2717
2722 2723 2724
2722 2725 2723
2723 2725 2726
2723 2726 2727
2728 2727 2726
2728 2726 2729
2729 2726 2730
2729 2730 2731
2732 2730 2726
2732 2726 2725
2722 2732 2725
2722 2733 2732
2722 2734 2733
2733 2734 2735
2733 2735 2736
2737 2738 2739
2737 2740 2738
2741 2740 2737
2741 2742 2740
2743 2742 2741
2743 2744 2742
2745 2744 2743
2745 2746 2744
2747 2746 2745
2747 2748 2746
2749 2748 2747
2749 2750 2748
2751 2752 2753
2751 2754 2752
2755 2752 2754
2756 2752 2755
2756 2755 2757
2758 2757 2755
2758 2755 2759
2760 2761 2762
2760 2762 2763
2763 2764 2760
2765 2760 2764
2765 2766 2760
2767 2766 2765
2767 2768 2766
2769 2768 2767
2769 2770 2768
2771 2770 2769
2771 2772 2770
2773 2774 2775
2773 2775 2776
2777 2778 2779
2779 2780 2777
2780 2781 2777
2782 2783 2784
2782 2785 2783
2783 2785 2786
2783 2786 2787
2788 2787 2786
2788 2786 2789
2789 2786 2790
2789 2790 2791
2792 2790 2786
2792 2786 2785
2782 2792 2785
2782 2793 2792
2782 2794 2793
2793 2794 2795
2793 2795 2796
2797 2798 2799
2797 2800 2798
2801 2800 2797
2801 2802 2800
2803 2802 2801
2803 2804 2802
2805 2804 2803
2805 2806 2804
2807 2806 2805
2807 2808 2806
2809 2808 2807
2809 2810 2808
2811 2812 2813
2811 2814 2812
2815 2812 2814
2816 2812 2815
2816 2815 2817
2818 2817 2815
2818 2815 2819
2820 2821 2822
2820 2822 2823
2823 2824 2820
2825 2820 2824
2825 2826 2820
2827 2826 2825
2827 2828 2826
2829 2828 2827
2829 2830 2828
2831 2830 2829
2831 2832 2830
2833 2834 2835
2833 2835 2836
2837 2838 2839
2839 2840 2837
2840 2841 2837
2842 2843 2844
2842 2845 2843
2843 2845 2846
2843 2846 2847
2848 2847 2846
2848 2846 2849
2849 2846 2850
2849 2850 2851
2852 2850 2846
2852 2846 2845
2842 2852 2845
2842 2853 2852
2842 2854 2853
2853 2854 2855
2853 2855 2856
2857 2858 2859
2857 2860 2858
2861 2860 2857
2861 2862 2860
2863 2862 2861
2863 2864 2862
2865 2864 2863
2865 2866 2864
2867 2866 2865
2867 2868 2866
2869 2868 2867
2869 2870 2868
2871 2872 2873
2871 2874 2872
2875 2872 2874
2876 2872 2875
2876 2875 2877
2878 2877 2875
2878 2875 2879
2880 2881 2882
2883 2882 2881
2880 2882 2884
2884 2885 2880
2883 2886 2882
2886 2883 2887
2888 2887 2883
2884 2889 2885
2890 2885 2889
2891 2885 2890
2884 2892 2889
2889 2892 2890
2891 2890 2893
2893 2894 2891
2895 2890 2892
2895 2893 2890
2884 2896 2892
2892 2896 2895
2893 2897 2894
2897 2898 2894
2895 2899 2893
2899 2897 2893
2898 2897 2900
2899 2900 2897
2898 2900 2901
2895 2902 2899
2896 2902 2895
2903 2896 2884
2884 2882 2903
2904 2896 2903
2904 2903 2882
2905 2900 2899
2905 2899 2902
2900 2906 2901
2906 2907 2901
2906 2908 2907
2909 2902 2896
2909 2896 2904
2882 2910 2904
2882 2886 2910
2906 2900 2911
2905 2911 2900
2908 2906 2912
2912 2906 2911
2913 2908 2912
2914 2904 2910
2909 2904 2914
2915 2902 2909
2915 2905 2902
2910 2886 2916
2910 2916 2914
2914 2917 2909
2917 2915 2909
2914 2916 2917
2917 2918 2915
2915 2918 2905
2917 2916 2918
2911 2905 2919
2918 2919 2905
2920 2912 2911
2920 2911 2919
2921 2916 2886
2921 2886 2887
2916 2922 2918
2922 2919 2918
2916 2921 2922
2919 2922 2923
2920 2919 2923
2924 2923 2922
2924 2922 2921
2925 2912 2920
2920 2926 2925
2913 2912 2925
2927 2920 2923
2923 2924 2927
2920 2927 2926
2925 2928 2913
2913 2928 2929
2928 2930 2929
2931 2928 2925
2926 2931 2925
2930 2928 2932
2928 2931 2932
2933 2930 2932
2931 2933 2932
2934 2930 2933
2935 2934 2933
2935 2936 2934
2931 2937 2933
2935 2933 2937
2935 2938 2936
2938 2939 2936
2940 2938 2935
2939 2938 2940
2940 2935 2937
2939 2940 2941
2926 2942 2931
2937 2931 2942
2937 2942 2943
2926 2944 2942
2945 2937 2943
2945 2940 2937
2946 2944 2926
2947 2940 2945
2947 2941 2940
2945 2948 2947
2948 2949 2947
2950 2946 2926
2927 2950 2926
2946 2951 2949
2946 2950 2951
2950 2927 2952
2952 2951 2950
2927 2924 2952
2949 2951 2953
2949 2953 2947
2954 2947 2953
2954 2941 2947
2952 2955 2951
2956 2941 2954
2952 2957 2955
2952 2924 2957
2957 2958 2955
2957 2959 2958
2958 2959 2960
2957 2924 2961
2961 2959 2957
2961 2924 2921
2962 2961 2921
2961 2962 2959
2962 2921 2887
2941 2956 2963
2960 2963 2956
2960 2964 2963
2960 2959 2964
2965 2964 2959
2965 2959 2966
2941 2963 2967
2967 2968 2941
2967 2963 2969
2970 2968 2967
2959 2971 2966
2971 2959 2962
2962 2972 2971
2973 2966 2971
2967 2969 2974
2974 2969 2975
2970 2967 2976
2967 2974 2976
2977 2970 2976
2973 2978 2975
2973 2971 2978
2978 2979 2975
2974 2975 2979
2971 2980 2978
2972 2980 2971
2974 2979 2981
2972 2982 2980
2983 2976 2974
2974 2981 2983
2977 2976 2983
2984 2983 2981
2977 2983 2984
2984 2985 2977
2984 2986 2985
2982 2972 2986
2987 2986 2984
2982 2986 2987
2986 2988 2985
2986 2989 2988
2989 2986 2972
2989 2972 2888
2888 2972 2990
2888 2990 2887
2990 2972 2962
2887 2990 2962
2991 2992 2993
2994 2993 2992
2991 2993 2995
2995 2996 2991
2995 2997 2996
2994 2998 2993
2999 2998 2994
2999 3000 2998
3000 3001 2998
3000 3002 3001
2997 2995 3003
2997 3003 3004
3004 3003 3005
3002 3006 3001
3005 3003 3006
3002 3007 3006
3005 3006 3007
3008 3009 3010
3010 3009 3011
3008 3010 3012
3010 3011 3013
3014 3013 3011
3014 3015 3013
3015 3014 3016
3017 3015 3016
3018 3017 3016
3018 3019 3017
3019 3018 3020
3019 3020 3021
3021 3020 3022
3021 3022 3023
3023 3024 3021
3021 3024 3019
3024 3023 3025
3023 3026 3025
3025 3026 3027
3028 3025 3027
3029 3028 3027
3030 3024 3025
3028 3030 3025
3019 3024 3031
3030 3031 3024
3032 3028 3029
3032 3030 3028
3019 3031 3033
3019 3033 3017
3031 3030 3034
3034 3030 3032
3033 3031 3034
3029 3035 3032
3035 3034 3032
3035 3029 3036
3037 3033 3034
3034 3035 3037
3033 3037 3017
3035 3036 3037
3037 3036 3017
3015 3017 3036
3038 3015 3036
3039 3038 3036
3039 3036 3040
3038 3041 3015
3013 3015 3041
3041 3038 3042
3038 3039 3042
3013 3041 3043
3042 3043 3041
3043 3010 3013
3010 3043 3044
3042 3044 3043
3010 3044 3012
3042 3045 3044
3045 3042 3039
3044 3046 3012
3044 3045 3046
3046 3047 3012
3047 3048 3040
3048 3039 3040
3045 3039 3049
3046 3045 3049
3049 3039 3048
3047 3050 3048
3046 3050 3047
3050 3049 3048
3046 3049 3050
3051 3052 3053
3053 3054 3051
3053 3052 3055
3053 3056 3054
3054 3056 3057
3057 3056 3058
3058 3056 3053
3057 3058 3059
3060 3059 3058
3053 3055 3061
3058 3053 3061
3061 3060 3058
3061 3055 3062
3061 3063 3060
3062 3063 3061
3064 3065 3066
3064 3067 3065
3068 3064 3066
3064 3068 3069
3068 3066 3070
3068 3070 3071
3069 3068 3071
3071 3070 3072
3071 3072 3073
3069 3071 3073
3073 3072 3074
3073 3074 3075
3069 3073 3075
3074 3069 3075
3074 3076 3069
3076 3077 3069
3064 3069 3077
3076 3078 3077
3077 3078 3079
3077 3079 3080
3080 3079 3081
3077 3082 3064
3077 3080 3082
3080 3081 3083
3082 3080 3084
3084 3080 3083
3083 3085 3084
3086 3083 3081
3083 3086 3085
3086 3081 3087
3086 3087 3088
3085 3086 3088
3087 2192 3088
3088 2192 2190
3088 2190 3089
3085 3088 3089
3089 2190 2187
3089 2187 2188
3090 3082 3084
3084 3085 3090
3091 3085 3089
3089 2188 3091
2188 3092 3091
3091 3093 3085
3090 3085 3093
3093 3091 3092
3094 3082 3090
3064 3082 3094
2188 3095 3092
2188 2196 3095
3095 2196 3096
3095 3096 3097
3097 3098 3095
3095 3098 3092
3092 3098 3099
3100 3092 3099
3100 3101 3092
3101 3093 3092
3100 3102 3101
3100 3103 3102
3104 3102 3103
3105 3093 3101
3105 3101 3102
3106 3102 3104
3106 3104 3107
3105 3108 3093
3093 3108 3090
3105 3102 3109
3105 3109 3108
3109 3102 3106
3110 3090 3108
3109 3110 3108
3110 3094 3090
3106 3107 3111
3112 3111 3107
3111 3112 3113
3111 3113 3106
3112 3114 3113
3106 3115 3109
3106 3113 3115
3113 3114 3115
3109 3115 3110
3114 3116 3115
3115 3116 3110
3117 3094 3110
3110 3116 3117
3117 3118 3094
3116 3118 3117
3064 3094 3118
3116 3067 3118
3064 3118 3067
3119 3120 3121
3121 3122 3119
3121 3120 3123
3124 3122 3121
3123 3125 3121
3121 3126 3124
3121 3125 3126
3127 3128 3129
3129 3130 3127
3129 3128 3131
3132 3130 3129
3131 3133 3129
3129 3134 3132
3129 3133 3134
3135 3136 3137
3137 3138 3135
3137 3136 3139
3140 3138 3137
3139 3141 3137
3137 3142 3140
3137 3141 3142
3143 3144 3145
3145 3146 3143
3145 3144 3147
3148 3146 3145
3147 3149 3145
3145 3150 3148
3145 3149 3150
3151 3152 3153
3154 3152 3151
3153 3152 3155
3156 3152 3154
3155 3152 3157
3158 3152 3156
3157 3152 3159
3160 3152 3158
3159 3152 3161
3162 3152 3160
3161 3152 3163
3163 3152 3162
3164 3165 3166
3167 3165 3164
3166 3165 3168
3169 3165 3167
3168 3165 3170
3171 3165 3169
3170 3165 3172
3172 3165 3171
3173 3174 3175
3176 3174 3173
3175 3174 3177
3178 3174 3176
3177 3174 3179
3180 3174 3178
3179 3174 3181
3181 3174 3180
3182 3183 3184
3185 3183 3182
3184 3183 3186
3187 3183 3185
3186 3183 3188
3189 3183 3187
3188 3183 3190
3190 3183 3189
3191 3192 3193
3194 3192 3191
3193 3192 3195
3196 3192 3194
3195 3192 3197
3198 3192 3196
3197 3192 3199
3199 3192 3198
3200 3201 3202
3203 3201 3200
3202 3201 3204
3205 3201 3203
3204 3201 3206
3207 3201 3205
3206 3201 3208
3208 3201 3207
3209 3210 3211
3212 3210 3209
3211 3210 3213
3214 3210 3212
3213 3210 3215
3216 3210 3214
3215 3210 3217
3217 3210 3216
3218 3219 3220
3220 3221 3218
3220 3219 3222
3223 3221 3220
3222 3224 3220
3220 3225 3223
3220 3224 3225
3226 3227 3228
3229 3227 3226
3228 3227 3230
3231 3227 3229
3230 3227 3232
3233 3227 3231
3232 3227 3234
3234 3227 3233
3235 3236 3237
3237 3238 3235
3237 3236 3239
3240 3238 3237
3239 3241 3237
3237 3242 3240
3237 3241 3242
3243 3244 3245
3245 3246 3243
3245 3244 3247
3248 3246 3245
3247 3249 3245
3245 3250 3248
3245 3249 3250
3251 3252 3253
3253 3254 3251
3253 3252 3255
3256 3254 3253
3255 3257 3253
3253 3258 3256
3253 3257 3258
