byte offset: 0
first index: 0
index count: 5139
topology: trianglelist
format: DXGI_FORMAT_R16_UINT

0 1 2
1 3 4
1 4 5
6 1 5
1 6 7
1 7 8
6 9 7
6 10 9
6 5 11
11 12 6
11 13 12
14 11 5
14 5 15
14 16 11
16 17 11
16 18 17
19 16 14
19 20 16
20 21 16
20 22 21
14 23 19
24 23 14
24 14 25
24 25 26
24 26 27
28 23 24
23 29 19
23 28 29
28 30 29
28 24 31
31 24 27
30 28 31
20 19 32
19 29 33
19 33 32
20 32 34
34 35 20
34 36 35
34 32 37
32 33 38
32 38 37
34 37 39
39 40 34
39 41 40
29 42 33
33 43 38
33 42 43
29 44 42
29 30 44
39 37 45
37 38 46
37 46 45
38 43 47
38 47 46
42 48 43
47 43 48
49 42 44
42 49 48
39 45 50
51 39 50
51 50 52
53 45 46
46 47 54
46 54 53
47 48 55
55 54 47
56 50 45
53 56 45
49 57 48
55 48 57
56 58 50
50 58 59
56 53 60
53 54 61
53 61 60
60 61 62
63 56 60
58 56 63
64 61 54
64 62 61
55 65 54
64 54 65
55 57 66
66 65 55
67 63 60
60 62 67
58 63 68
69 58 68
69 68 70
67 71 63
68 63 71
72 67 62
72 71 67
68 71 73
74 68 73
74 73 75
73 71 76
72 76 71
73 76 77
78 73 77
78 77 79
77 76 80
76 72 81
76 81 80
77 80 82
82 83 77
82 84 83
85 82 80
80 81 86
80 86 85
85 87 82
87 88 82
87 89 88
90 81 72
81 91 86
81 90 91
90 72 92
72 62 92
93 87 85
94 85 86
94 93 85
95 86 91
95 94 86
90 96 91
95 91 96
97 90 92
90 97 96
98 92 62
97 92 98
97 99 96
95 96 99
93 100 87
100 101 87
100 102 101
93 103 100
103 104 100
103 105 104
98 62 106
64 106 62
107 97 98
97 107 99
108 99 107
107 98 109
106 109 98
108 107 109
110 106 64
106 110 109
93 111 103
111 93 94
108 112 99
95 99 112
113 94 95
95 112 113
110 64 114
65 114 64
111 94 115
113 115 94
116 111 115
116 115 113
103 111 117
116 117 111
112 118 113
116 113 118
108 119 112
112 119 118
65 120 114
66 120 65
114 120 121
121 120 66
103 117 122
122 123 103
122 124 123
114 121 125
125 110 114
121 66 126
57 126 66
125 127 110
109 110 127
128 109 127
108 109 128
125 129 127
129 128 127
121 130 125
125 130 129
121 131 130
126 131 121
132 129 130
132 130 131
129 133 128
132 133 129
134 108 128
133 134 128
135 133 132
133 135 134
134 136 108
108 136 119
126 137 131
132 131 138
137 138 131
135 132 139
138 139 132
140 137 126
57 140 126
141 140 57
49 141 57
141 49 142
49 44 142
142 44 143
44 30 143
137 144 138
140 145 137
144 137 145
141 146 140
146 145 140
141 142 147
146 141 147
142 143 148
147 142 148
144 149 138
138 149 139
146 150 145
146 147 151
151 150 146
144 145 152
152 145 150
147 148 153
154 148 143
154 153 148
147 155 151
147 153 155
139 149 156
139 156 157
157 135 139
157 158 135
158 134 135
158 159 134
136 134 159
136 159 160
160 119 136
161 159 158
160 159 161
157 162 158
161 158 162
160 163 119
163 118 119
160 161 164
164 163 160
163 165 118
164 165 163
164 161 166
162 166 161
118 165 167
118 167 116
168 165 164
164 166 168
168 167 165
116 167 169
116 169 117
170 167 168
170 169 167
117 169 171
117 171 122
122 171 172
122 172 173
169 174 171
169 170 174
171 174 175
171 175 176
177 170 168
177 168 166
178 174 170
178 170 177
179 174 178
179 180 174
166 181 177
182 178 177
182 177 181
183 178 182
183 184 178
166 185 181
162 185 166
186 182 181
187 182 186
187 188 182
185 189 181
186 181 189
190 185 162
185 190 189
190 162 191
157 191 162
156 191 157
189 192 186
193 186 192
193 194 186
190 195 189
189 195 192
196 190 191
190 196 195
156 197 191
196 191 197
198 192 195
199 192 198
199 200 192
196 201 195
198 195 201
197 202 196
196 202 201
156 203 197
197 203 202
156 204 203
149 204 156
149 205 204
144 205 149
206 205 144
206 144 152
205 207 204
205 206 207
204 208 203
204 207 208
209 202 203
209 203 208
210 201 202
210 202 209
211 201 210
211 198 201
212 198 211
212 213 198
214 206 152
206 215 207
206 214 215
207 216 208
207 215 216
217 209 208
217 208 216
218 210 209
218 209 217
210 219 211
210 218 219
211 219 220
211 220 221
214 152 222
152 150 222
223 216 215
224 217 216
224 216 223
225 218 217
225 217 224
226 219 218
226 218 225
227 219 226
227 228 219
229 215 214
223 215 229
230 214 222
229 214 230
231 222 150
230 222 231
231 150 232
151 232 150
151 233 232
231 232 233
151 155 233
231 233 234
234 230 231
155 235 233
234 233 235
155 236 235
236 155 153
229 237 223
230 238 229
229 238 237
234 239 230
230 239 238
234 235 240
239 234 240
239 240 241
239 242 238
239 243 242
244 240 235
245 240 244
246 223 237
246 224 223
247 237 238
247 238 242
244 235 248
236 248 235
249 224 246
249 225 224
247 250 237
250 246 237
251 249 246
251 246 252
250 252 246
250 253 252
253 254 252
247 255 250
250 255 253
247 256 255
255 256 257
253 255 258
242 256 247
242 259 256
260 259 242
260 261 259
262 256 259
263 258 262
264 256 262
262 259 265
265 259 266
265 266 267
268 262 265
269 262 268
270 269 268
271 268 265
272 268 273
274 265 275
276 277 278
279 280 277
277 280 281
277 281 282
283 277 282
283 282 284
285 282 281
285 286 282
286 287 282
286 288 287
280 289 281
281 290 285
281 289 290
291 286 285
154 285 290
154 291 285
291 292 286
293 286 292
293 292 294
154 143 291
143 292 291
143 30 292
30 294 292
30 295 294
295 296 294
30 31 295
297 154 290
154 297 153
289 298 290
297 290 298
297 299 153
298 299 297
298 300 299
299 236 153
289 301 298
301 302 298
301 303 302
280 301 289
280 304 301
295 31 305
31 27 305
306 236 299
307 306 299
295 305 308
295 308 309
310 305 27
310 308 305
311 310 27
312 310 311
310 313 308
314 313 310
308 313 315
308 315 316
306 317 236
236 317 248
318 317 306
306 319 318
306 320 319
321 248 317
318 322 317
321 317 322
323 248 321
323 244 248
322 324 321
323 321 324
323 324 325
326 244 323
326 327 244
328 322 318
322 328 324
329 328 318
330 324 328
331 332 323
333 334 244
335 318 336
337 338 324
328 339 340
341 342 280
343 7 344
345 346 7
347 348 27
349 350 351
350 352 353
253 354 350
355 253 350
355 356 253
253 357 358
359 360 361
362 363 360
362 360 364
364 360 365
366 365 360
364 365 367
367 365 368
367 368 369
367 370 364
364 370 371
364 371 372
367 373 370
374 373 367
374 375 373
376 370 373
249 370 376
249 377 370
249 376 225
376 373 378
225 376 378
378 373 379
378 379 380
225 378 226
226 378 381
226 381 382
383 384 385
386 383 387
383 388 389
383 389 390
383 390 391
392 383 391
393 383 392
393 394 383
390 389 395
389 396 395
391 390 397
390 395 397
395 398 397
396 399 395
395 399 398
398 399 400
396 401 399
401 402 399
403 392 391
404 393 392
404 392 403
405 396 389
389 406 405
389 407 406
408 396 405
405 409 408
405 410 409
408 411 396
411 408 412
396 411 413
413 411 414
396 413 401
401 413 415
401 415 416
408 417 418
413 419 420
401 421 422
423 424 365
425 426 427
427 428 429
430 427 431
432 427 430
433 427 432
432 430 434
432 434 435
434 430 436
436 430 437
434 436 438
435 434 438
438 436 439
438 439 440
432 435 441
441 442 432
435 438 443
443 438 444
443 444 445
435 443 446
443 447 446
448 441 435
435 446 449
448 435 449
450 449 446
448 449 450
451 441 448
441 451 452
441 452 453
448 450 454
451 448 455
455 448 454
456 451 455
456 455 454
452 451 457
456 398 451
457 451 398
397 398 456
397 456 458
391 397 458
458 456 459
456 454 459
391 458 459
457 398 460
460 398 461
462 452 457
452 462 463
462 464 463
465 457 460
462 457 465
465 460 466
460 467 466
468 462 465
466 468 465
468 469 462
391 459 470
471 391 470
403 391 471
472 471 470
473 471 472
473 403 471
470 459 474
474 459 454
475 403 473
475 404 403
474 454 476
476 454 450
470 474 477
474 476 478
477 474 479
476 480 478
478 480 481
480 482 481
476 450 483
476 483 480
480 484 482
484 485 482
486 484 480
483 486 480
450 487 483
450 446 487
488 484 486
484 488 485
483 489 486
487 489 483
488 486 489
485 488 490
485 490 491
489 492 488
492 493 488
492 494 493
492 495 494
492 496 495
492 489 496
487 496 489
487 497 496
487 446 497
496 497 498
496 498 499
446 500 497
497 500 501
497 501 502
446 503 500
504 500 503
505 503 446
506 504 503
506 507 504
504 508 500
500 508 509
500 509 510
504 511 508
508 511 512
508 512 513
504 514 511
511 514 515
504 516 514
504 517 516
518 511 519
514 520 521
522 523 452
524 436 525
526 468 527
528 468 529
466 529 468
466 530 529
529 531 532
466 533 534
466 535 536
537 538 539
540 541 538
542 538 541
542 543 538
542 544 543
542 541 475
541 545 475
542 475 473
542 473 546
546 547 542
546 548 547
546 473 472
549 546 472
550 551 541
552 553 475
553 404 475
553 554 404
554 393 404
554 553 555
553 556 555
553 557 556
554 558 393
393 558 559
393 559 560
554 555 561
558 554 561
562 561 555
558 561 563
564 563 561
565 558 563
565 566 558
567 555 568
569 570 563
571 572 573
574 575 572
576 572 575
577 576 575
577 578 576
576 579 572
579 580 572
579 581 580
582 579 576
576 583 582
576 584 583
582 585 579
585 586 579
585 587 586
585 582 472
582 588 472
585 472 589
590 585 589
590 589 591
589 472 592
472 470 592
592 470 477
589 592 593
594 589 593
594 593 595
592 477 596
593 592 596
477 597 596
477 479 597
597 479 598
593 596 599
600 593 599
600 599 601
599 596 602
602 596 597
603 597 598
603 598 604
603 604 605
602 606 599
607 599 606
607 606 608
602 597 609
609 597 603
609 606 602
603 606 609
603 610 606
603 605 610
610 611 606
610 612 611
605 613 610
605 614 615
616 617 605
618 619 616
620 621 575
485 622 623
624 625 626
627 628 624
629 630 624
624 631 629
624 632 631
624 633 632
624 634 633
635 634 624
633 634 636
637 629 631
629 637 638
639 629 638
637 631 640
640 641 637
638 637 641
640 642 641
641 642 643
643 642 644
643 644 645
643 645 646
646 645 647
641 643 648
646 648 643
638 641 649
641 648 649
646 647 650
651 650 647
651 647 652
651 652 653
651 653 654
654 653 655
654 655 656
656 655 657
646 650 658
650 651 659
650 659 658
660 651 654
660 659 651
654 656 661
654 661 660
656 657 662
662 661 656
646 658 663
646 663 648
657 664 662
657 665 664
665 666 664
665 667 666
664 666 668
664 668 669
662 664 669
670 669 668
670 671 669
662 669 672
672 669 673
672 673 674
662 672 661
672 675 661
675 672 676
675 676 677
660 661 675
660 675 678
679 678 675
679 680 678
678 659 660
678 681 659
682 681 678
682 683 681
658 659 681
658 681 684
685 684 681
685 686 684
684 686 687
663 658 684
684 687 688
663 684 688
689 663 688
689 688 690
689 690 691
689 648 663
648 689 692
692 689 693
692 693 694
648 692 649
695 649 692
696 695 692
695 638 649
696 697 695
698 638 695
698 695 697
698 699 638
699 700 638
701 700 699
702 699 698
702 703 699
698 697 704
704 697 705
704 705 706
707 702 698
707 698 704
707 708 702
708 709 702
708 710 709
707 711 708
707 704 712
704 713 712
714 707 712
714 715 707
714 712 716
717 714 716
718 719 712
712 720 721
722 714 723
722 724 714
724 725 714
724 726 725
727 726 724
728 724 729
724 730 731
634 732 733
734 735 634
634 736 737
738 739 740
739 741 742
739 743 744
745 746 739
745 739 747
739 748 747
739 749 748
750 751 747
747 752 753
747 754 752
747 755 754
747 756 755
754 757 758
758 759 754
758 760 759
761 758 762
758 763 764
763 758 765
766 765 758
766 758 767
763 765 768
763 768 769
763 769 770
770 769 771
769 772 771
768 773 769
768 774 773
765 775 768
775 776 768
775 777 776
778 775 765
778 765 766
779 775 778
779 777 775
780 778 766
779 778 780
777 779 781
777 781 782
780 766 783
783 766 784
783 784 785
779 780 786
783 787 780
787 786 780
787 788 786
779 786 789
779 789 790
783 791 787
791 783 792
791 792 793
794 791 793
794 793 795
791 796 787
791 794 796
787 796 797
787 797 798
799 789 786
800 799 786
799 801 789
802 796 794
796 802 803
796 803 804
802 794 805
805 794 806
805 806 807
808 802 805
802 808 809
802 809 810
808 805 811
811 805 812
811 812 813
814 808 811
814 811 815
816 808 814
811 817 818
819 820 808
821 822 814
814 823 824
825 826 827
828 829 825
828 825 830
831 830 832
831 832 833
834 832 835
834 835 836
837 835 838
837 838 839
840 841 838
840 838 842
843 844 842
843 842 845
846 845 847
846 847 848
847 849 848
850 851 847
852 851 850
853 852 854
853 854 855
856 852 857
856 857 858
859 858 857
859 857 860
861 860 862
861 862 863
864 862 865
866 867 868
866 869 870
871 866 872
866 871 873
866 873 874
873 871 875
866 874 876
866 876 877
874 878 876
879 875 871
879 880 875
881 879 871
882 880 879
881 883 879
882 879 884
883 884 879
884 885 882
884 886 885
884 887 886
886 888 885
886 889 888
889 886 887
889 890 888
883 891 884
884 891 887
889 892 890
892 893 890
894 893 892
894 895 893
894 896 895
897 895 896
897 896 898
899 897 898
889 900 892
892 901 894
892 900 901
894 902 896
894 901 902
903 898 896
903 896 902
899 898 904
904 898 903
889 887 905
889 905 900
899 904 906
899 906 907
908 907 906
908 909 907
910 908 906
910 906 911
911 906 904
911 912 910
911 913 912
911 904 914
904 903 914
915 911 914
915 914 916
914 903 917
918 914 917
918 917 919
917 903 902
917 902 920
921 917 920
921 920 922
923 922 920
920 902 901
923 920 924
920 901 924
924 901 900
924 900 925
925 926 924
925 927 926
925 900 905
928 927 925
925 905 928
887 928 905
887 929 928
928 929 930
887 931 929
931 932 929
887 891 931
933 931 891
934 931 933
934 933 935
933 891 883
936 933 883
936 883 937
883 938 937
937 938 939
933 936 940
933 940 941
942 936 937
943 942 937
944 936 942
944 940 936
944 942 945
945 942 946
945 946 947
944 945 948
944 949 940
950 940 949
950 949 951
952 949 944
953 949 952
952 944 954
940 955 956
957 958 952
945 959 960
961 959 945
961 962 959
963 959 964
959 965 966
959 967 965
967 959 968
967 968 969
970 952 971
971 952 972
971 972 973
974 975 971
976 971 977
971 978 979
967 980 981
967 981 982
983 967 982
983 984 967
982 985 986
982 987 985
988 987 982
988 989 987
987 990 991
992 987 993
876 994 995
876 996 997
876 998 999
1000 1001 1002
1002 1003 1004
1005 1006 1002
1007 1002 1008
1007 1009 1002
1002 1009 1010
1002 1010 1011
1009 1012 1013
1014 1009 1015
1014 1016 1009
1009 1016 1017
1016 1018 1019
1016 1020 1021
1022 1016 1021
1016 1022 1023
1022 1021 1024
1025 1024 1021
1025 1026 1024
1022 1024 1027
1024 1028 1027
1024 1029 1028
1029 1030 1028
1030 1031 1028
1027 1028 1032
1027 1032 1033
1027 1034 1022
1034 1027 1035
1034 1035 1036
1034 1037 1022
1022 1037 1038
1034 1039 1037
1039 1034 1040
1034 1041 1040
1037 1039 1042
1039 1040 1043
1042 1039 1043
1044 1042 1043
1040 1045 1043
1046 1043 1045
1040 1047 1045
1048 1047 1040
1037 1042 1049
1050 1037 1049
1050 1049 1051
1052 1049 1042
1053 1049 1052
1053 1052 1054
1052 1042 1055
1055 1042 1056
1057 1052 1055
1058 1057 1055
1058 1055 1059
1057 1060 1052
1061 1052 1060
1061 1060 1062
1060 1057 1063
1064 1063 1057
1064 1057 1065
1060 1063 1066
1067 1060 1066
1067 1066 1068
1063 1069 1066
1069 1063 1070
1066 1069 1071
1063 1072 1073
1066 1074 1075
1069 1076 1077
1069 1078 1076
1079 1078 1069
1079 1069 1080
1081 1078 1082
1078 1083 1084
1085 1086 1087
1085 1088 1089
1085 1089 1090
1091 1092 1090
1091 1093 1092
1094 1095 1092
1094 1096 1095
1097 1095 1096
1097 1098 1095
1099 1098 1100
1099 1101 1098
1102 1101 1103
1102 1104 1101
1105 1104 1106
1105 1107 1104
1107 1108 1109
1110 1107 1111
1112 1110 1113
1112 1114 1110
1112 1115 1114
1116 1117 1112
1116 1112 1118
1119 1120 1114
1119 1121 1120
1120 1121 1122
1120 1122 1123
1124 1125 1123
1124 1126 1125
1127 1128 1125
1129 1130 1131
1132 1133 1130
1132 1130 1134
1135 1134 1130
1136 1135 1130
1135 1137 1134
1138 1134 1137
1138 1139 1134
1139 1140 1134
1139 1141 1140
1139 1142 1141
1142 1143 1141
1141 1143 1144
1142 1145 1143
1138 1146 1139
1139 1146 1142
1138 1137 1147
1135 1148 1137
1147 1137 1148
1138 1149 1146
1147 1149 1138
1142 1146 1150
1146 1149 1151
1146 1151 1150
1147 1152 1149
1147 1148 1153
1153 1152 1147
1148 1154 1153
1149 1155 1151
1149 1152 1155
1153 1156 1152
1156 1153 1154
1152 1156 1157
1152 1157 1155
1156 1154 1158
1158 1157 1156
1158 1159 1157
1155 1157 1160
1159 1160 1157
1154 1161 1158
1159 1158 1161
1148 1162 1154
1163 1162 1148
1163 1148 1135
1135 1164 1163
1165 1162 1163
1165 1166 1162
1166 1154 1162
1166 1167 1154
1154 1167 1161
1168 1161 1167
1161 1168 1169
1159 1161 1169
1170 1167 1166
1170 1166 1171
1168 1167 1172
1170 1172 1167
1168 1172 1173
1170 1173 1172
1173 1170 1174
1174 1170 1175
1168 1173 1176
1176 1173 1177
1173 1178 1177
1159 1169 1179
1168 1180 1169
1180 1168 1181
1169 1180 1182
1169 1182 1179
1183 1182 1180
1183 1180 1184
1185 1168 1176
1186 1168 1185
1159 1179 1187
1159 1187 1188
1159 1188 1160
1188 1189 1160
1188 1187 1190
1188 1190 1191
1192 1187 1179
1192 1190 1187
1193 1192 1179
1193 1179 1182
1194 1193 1182
1194 1182 1195
1196 1192 1193
1190 1192 1196
1197 1196 1193
1190 1196 1198
1190 1198 1199
1190 1199 1200
1201 1198 1196
1202 1198 1201
1202 1203 1198
1201 1196 1204
1204 1205 1201
1204 1196 1206
1204 1206 1207
1208 1209 1193
1201 1210 1211
1212 1213 1204
1214 1215 1216
1216 1217 1218
1216 1219 1217
1220 1219 1216
1220 1216 1221
1216 1222 1221
1216 1223 1222
1221 1222 1224
1225 1219 1220
1225 1226 1219
1227 1219 1226
1227 1226 1228
1221 1229 1220
1230 1229 1221
1231 1225 1220
1231 1220 1229
1232 1231 1229
1232 1229 1233
1233 1229 1234
1225 1231 1235
1236 1235 1231
1236 1231 1237
1226 1225 1238
1225 1235 1238
1226 1238 1160
1239 1226 1160
1155 1160 1238
1155 1238 1235
1151 1155 1235
1151 1235 1240
1241 1226 1242
1151 1243 1244
1151 1244 1150
1150 1244 1245
1150 1245 1246
1142 1150 1246
1246 1247 1142
1247 1248 1142
1247 1249 1248
1246 1250 1247
1246 1245 1250
1250 1251 1247
1250 1252 1251
1245 1244 1253
1245 1253 1254
1255 1253 1244
1255 1244 1256
1250 1245 1257
1257 1245 1258
1259 1250 1257
1259 1260 1250
1257 1261 1262
1253 1263 1264
1253 1264 1265
1266 1253 1265
1266 1265 1267
1268 1265 1269
1268 1270 1265
1271 1265 1270
1271 1270 1272
1273 1274 1257
1274 1275 1257
1274 1276 1275
1277 1274 1278
1274 1279 1280
1281 1282 1274
1270 1283 1284
1270 1284 1285
1270 1285 1286
1270 1286 1287
1285 1288 1289
1290 1285 1289
1291 1292 1293
1294 1293 1295
1295 1293 1296
1296 1293 1297
1296 1297 1298
1295 1296 1299
1300 1295 1299
1300 1299 1301
1302 1299 1296
1299 1302 1303
1299 1303 1304
1302 1296 1305
1305 1296 1306
1305 1306 1307
1305 1308 1302
1302 1308 1309
1302 1309 1310
1305 1311 1308
1311 1305 1312
1311 1312 1313
1314 1308 1311
1315 1308 1314
1308 1315 1316
1314 1311 1317
1314 1317 1318
1317 1311 1319
1317 1319 1320
1318 1317 1321
1322 1315 1314
1314 1318 1323
1322 1314 1323
1322 1324 1315
1315 1324 1325
1323 1318 1326
1322 1323 1326
1327 1322 1326
1327 1328 1322
1322 1328 1324
1329 1328 1327
1329 1330 1328
1328 1330 1331
1328 1331 1324
1330 1332 1331
1324 1331 1333
1324 1333 1334
1335 1331 1332
1333 1331 1335
1335 1332 1336
1336 1337 1335
1333 1335 1338
1339 1338 1335
1338 1340 1333
1341 1342 1333
1343 1344 1338
1338 1345 1346
1347 1348 1349
1349 1350 1351
1352 1353 1349
1349 1354 1352
1349 1355 1354
1356 1355 1349
1355 1357 1354
1355 1358 1357
1355 1359 1358
1360 1354 1357
1360 1361 1354
1352 1354 1361
1361 1360 1362
1361 1362 1363
1361 1363 1364
1365 1364 1363
1352 1361 1366
1361 1364 1366
1366 1367 1352
1366 1368 1367
1364 1369 1366
1364 1370 1369
1352 1371 1372
1373 1374 1364
1375 1376 1377
1378 1377 1379
1380 1379 1377
1380 1377 1381
1380 1381 1382
1380 1383 1379
1384 1379 1383
1384 1383 1385
1380 1386 1383
1387 1383 1386
1387 1386 1388
1380 1389 1386
1389 1380 1390
1389 1390 1391
1392 1386 1389
1393 1386 1392
1393 1394 1386
1392 1389 1395
1395 1389 1396
1395 1396 1397
1395 1398 1392
1392 1399 1393
1392 1398 1399
1400 1393 1399
1395 1401 1398
1401 1395 1402
1401 1402 1403
1398 1401 1404
1405 1399 1398
1405 1398 1406
1407 1399 1405
1400 1399 1407
1326 1407 1405
1326 1318 1407
1400 1407 1318
1400 1408 1393
1393 1408 1409
1400 1318 1410
1410 1318 1411
1412 1400 1410
1413 1412 1410
1413 1410 1414
1400 1415 1408
1412 1415 1400
1416 1408 1415
1408 1416 1417
1408 1417 1418
1415 1412 1419
1420 1419 1412
1420 1412 1421
1422 1416 1415
1416 1422 1423
1416 1423 1424
1415 1419 1425
1422 1415 1425
1425 1419 1426
1427 1426 1419
1427 1419 1428
1425 1429 1422
1422 1429 1430
1422 1430 1431
1429 1432 1430
1429 1433 1432
1425 1434 1429
1425 1426 1434
1434 1433 1429
1435 1434 1426
1436 1435 1426
1436 1426 1437
1434 1438 1433
1435 1438 1434
1439 1433 1438
1440 1438 1435
1441 1442 1433
1443 1435 1444
1445 1446 1447
1445 1176 1448
1185 1176 1445
1445 1449 1185
1185 1449 1450
1185 1450 1451
1445 1452 1449
1453 1452 1445
1454 1449 1452
1455 1449 1454
1455 1456 1449
1454 1452 1457
1457 1452 1458
1452 1459 1458
1457 1460 1454
1457 1461 1460
1460 1462 1454
1463 1462 1460
1464 1457 1465
1454 1466 1467
1460 1468 1469
1470 1471 1460
1472 1401 1473
1474 1379 1475
1476 1163 1477
1478 1479 1163
1480 1222 1481
1482 1222 1483
1484 1295 1485
1221 1486 1487
1170 1488 1489
1490 1491 301
1492 1176 1493
1135 1494 1495
1496 1497 1021
1498 1499 313
1500 58 1501
1502 1503 697
1504 1505 1506
1505 1507 1508
1505 1509 1510
1505 1511 1512
1505 799 1511
1513 799 1505
1513 1514 799
799 1515 1516
777 1517 1518
1519 1520 1521
1522 1523 1519
1519 1524 1525
1519 1525 1526
1526 1527 1519
1526 1528 1527
1529 1530 1526
1529 1531 1530
1532 1526 1530
1532 1530 1533
1530 1534 1535
1530 1535 1536
1536 1537 1530
1536 1538 1537
1536 1539 1540
1541 1536 1542
1541 708 1536
708 1543 1536
1544 1545 1546
1546 1547 1548
1549 1550 1546
1551 1546 1552
1551 1553 1546
1554 1546 1553
1554 1553 1555
1553 1045 1556
1557 1045 1553
1045 1558 1559
1045 1560 1561
1562 928 1563
1028 1564 1565
769 1566 1567
929 1568 1569
1570 1571 1572
1573 1574 1575
1576 1577 1578
1579 1578 1580
1579 1580 1581
1582 1579 1583
1582 1583 1584
1585 1586 1587
1588 1586 1589
1588 1589 1590
1591 1592 1586
1593 1592 1591
1593 1591 1594
1594 1595 1593
1596 1597 1598
1596 1598 1599
789 1600 1601
789 1602 1600
1603 1602 789
1604 1605 1606
1604 1606 771
1607 1608 1609
1607 1610 1608
1611 1608 1610
1611 1612 1608
1613 1614 1615
1613 1616 1614
1616 1613 1617
1614 1616 1618
1613 1619 1617
1620 1619 1613
1619 1621 1617
1617 1621 1622
1623 1622 1621
1617 1622 1624
1624 1622 1625
1626 1624 1625
1626 1627 1624
1627 1626 1628
1627 1628 1629
1614 1618 1630
1631 1614 1630
1631 1632 1614
1631 1630 1633
1634 1633 1630
1618 1635 1630
1634 1630 1635
1634 1635 1636
1618 1637 1635
1638 1635 1637
1638 1639 1635
1637 1640 1638
1638 1640 1641
1642 1638 1641
1641 1640 1643
1640 1644 1643
1645 1643 1644
1640 1646 1644
1646 1647 1644
1648 1647 1646
1648 1646 1649
1649 1650 1648
1649 1651 1650
