byte offset: 0
first index: 17946
index count: 6462
topology: trianglelist
format: DXGI_FORMAT_R16_UINT

5168 5169 5170
5168 5170 5171
5172 5173 5174
5175 5176 5177
5178 5179 5180
5175 5178 5180
5181 5182 5180
5181 5180 5179
5183 5184 5182
5183 5182 5181
5185 5186 5184
5185 5184 5183
5187 5188 5189
5188 5187 5186
5188 5186 5185
5187 5190 5191
5187 5189 5190
5192 5193 5194
5192 5194 5195
5196 5197 5198
5196 5198 5199
5200 5201 5202
5200 5202 5203
5204 5205 5206
5193 5207 5194
5208 5209 5210
5208 5210 5211
5212 5213 5214
5212 5214 5215
5216 5217 5218
5216 5218 5219
5220 5221 5222
5220 5222 5223
5224 5207 5193
5207 5225 5194
5226 5227 5201
5226 5201 5200
5228 5229 5197
5228 5197 5196
5230 5231 5205
5230 5205 5232
5231 5233 5206
5231 5206 5205
5234 5235 5236
5234 5236 5237
5238 5239 5240
5238 5240 5241
5242 5243 5244
5242 5244 5245
5246 5247 5248
5179 5249 5250
5251 5252 5253
5251 5253 5254
5255 5256 5257
5255 5257 5258
5259 5172 5260
5259 5260 5261
5262 5183 5181
5262 5181 5263
5264 5265 5266
5264 5266 5267
5268 5269 5270
5268 5270 5271
5272 5273 5274
5272 5274 5275
5276 5277 5278
5276 5278 5279
5277 5280 5281
5277 5281 5278
5282 5185 5183
5282 5183 5262
5267 5283 5264
5284 5285 5277
5284 5277 5276
5285 5286 5280
5285 5280 5277
5287 5261 5260
5288 5289 5252
5288 5252 5251
5290 5291 5285
5290 5285 5284
5291 5292 5286
5291 5286 5285
5293 5294 5295
5293 5295 5296
5297 5298 5171
5297 5171 5170
5299 5300 5301
5299 5301 5302
5300 5303 5304
5300 5304 5301
5189 5188 5305
5306 5307 5308
5306 5308 5309
5310 5311 5266
5310 5266 5265
5312 5313 5314
5312 5314 5315
5316 5317 5318
5316 5318 5319
5255 5271 5270
5255 5270 5256
5320 5321 5322
5320 5322 5323
5324 5325 5311
5324 5311 5310
5326 5327 5303
5326 5303 5300
5328 5326 5300
5328 5300 5299
5329 5330 5331
5329 5331 5332
5333 5334 5307
5333 5307 5306
5253 5298 5297
5253 5297 5254
5335 5184 5186
5335 5186 5336
5186 5187 5191
5186 5191 5336
5180 5176 5175
5337 5182 5184
5337 5184 5335
5338 5339 5340
5338 5340 5341
5178 5249 5179
5342 5283 5169
5342 5169 5168
5343 5206 5344
5345 5242 5245
5345 5245 5346
5347 5348 5349
5347 5349 5350
5342 5351 5264
5342 5264 5283
5233 5352 5344
5233 5344 5206
5353 5354 5355
5353 5355 5356
5356 5355 5357
5356 5357 5358
5359 5360 5361
5359 5361 5362
5363 5346 5245
5363 5245 5351
5364 5365 5366
5364 5366 5367
5368 5343 5367
5368 5367 5366
5191 5190 5369
5370 5371 5372
5373 5374 5375
5376 5377 5378
5379 5380 5381
5379 5381 5382
5383 5384 5385
5370 5386 5371
5387 5388 5360
5387 5360 5359
5389 5390 5242
5389 5242 5345
5391 5363 5342
5391 5342 5392
5172 5393 5394
5172 5394 5260
5395 5396 5397
5395 5397 5398
5337 5399 5400
5337 5400 5176
5335 5401 5399
5335 5399 5337
5191 5402 5403
5191 5403 5336
5404 5405 5406
5404 5406 5407
5401 5335 5403
5408 5409 5410
5408 5410 5411
5409 5412 5413
5409 5413 5410
5391 5407 5406
5391 5406 5363
5414 5415 5409
5414 5409 5408
5415 5416 5412
5415 5412 5409
5417 5418 5419
5417 5419 5420
5421 5422 5423
5421 5423 5424
5425 5426 5427
5425 5427 5428
5350 5349 5429
5350 5429 5430
5431 5432 5433
5431 5433 5434
5432 5435 5436
5432 5436 5433
5437 5438 5426
5437 5426 5425
5439 5440 5441
5439 5441 5442
5443 5444 5445
5443 5445 5446
5444 5447 5448
5444 5448 5445
5417 5420 5405
5417 5405 5404
5449 5450 5348
5449 5348 5347
5451 5452 5422
5451 5422 5421
5453 5454 5432
5453 5432 5431
5454 5455 5435
5454 5435 5432
5456 5450 5449
5456 5449 5457
5458 5459 5460
5458 5460 5461
5381 5380 5462
5362 5361 5463
5362 5463 5464
5204 5343 5190
5204 5190 5189
5332 5331 5465
5332 5465 5466
5467 5204 5189
5467 5189 5305
5199 5198 5468
5199 5468 5469
5176 5180 5182
5176 5182 5337
5372 5470 5471
5472 5473 5474
5475 5476 5477
5351 5342 5363
5433 5436 5416
5433 5416 5415
5434 5433 5415
5434 5415 5414
5478 5479 5480
5424 5423 5481
5424 5481 5482
5483 5484 5485
5486 5487 5488
5202 5488 5487
5202 5487 5203
5177 5176 5400
5489 5490 5491
5466 5465 5490
5466 5490 5489
5258 5257 5188
5258 5188 5492
5309 5308 5493
5309 5493 5494
5301 5304 5292
5301 5292 5291
5302 5301 5291
5302 5291 5290
5173 5259 5495
5394 5287 5260
5263 5181 5179
5263 5179 5250
5351 5245 5244
5351 5244 5264
5496 5497 5498
5471 5470 5499
5500 5386 5370
5371 5470 5372
5249 5178 5173
5249 5173 5495
5492 5188 5185
5492 5185 5282
5430 5429 5402
5430 5402 5191
5392 5342 5168
5392 5168 5501
5502 5395 5398
5502 5398 5503
5504 5362 5464
5479 5427 5480
5485 5484 5358
5485 5358 5357
5479 5505 5428
5479 5428 5427
5393 5174 5506
5507 5508 5474
5507 5474 5473
5343 5368 5369
5343 5369 5190
5509 5510 5511
5213 5216 5219
5213 5219 5214
5512 5227 5226
5512 5226 5513
5228 5211 5210
5228 5210 5229
5509 5390 5389
5509 5389 5510
5340 5438 5437
5340 5437 5341
5451 5442 5441
5451 5441 5452
5218 5352 5233
5218 5233 5219
5514 5515 5419
5514 5419 5418
5516 5517 5456
5516 5456 5457
5460 5508 5507
5460 5507 5461
5496 5379 5382
5496 5382 5497
5243 5242 5192
5243 5192 5195
5236 5239 5238
5236 5238 5237
5445 5454 5453
5445 5453 5446
5475 5365 5364
5475 5364 5476
5214 5231 5230
5214 5230 5215
5448 5455 5454
5448 5454 5445
5220 5384 5383
5220 5383 5221
5373 5354 5353
5373 5353 5374
5518 5386 5500
5219 5233 5231
5219 5231 5214
5376 5388 5387
5376 5387 5377
5519 5520 5512
5519 5512 5513
5204 5206 5343
5467 5205 5204
5232 5205 5467
5521 5327 5326
5521 5326 5314
5328 5315 5314
5328 5314 5326
5295 5330 5329
5295 5329 5296
5322 5334 5333
5322 5333 5323
5318 5269 5268
5318 5268 5319
5324 5275 5274
5324 5274 5325
5313 5522 5521
5313 5521 5314
5278 5281 5523
5278 5523 5524
5523 5525 5524
5278 5524 5526
5278 5526 5279
5527 5528 5529
5172 5174 5393
5172 5259 5173
5394 5393 5530
5394 5530 5531
5532 5393 5506
5530 5532 5533
5400 5534 5535
5400 5535 5177
5399 5536 5534
5399 5534 5400
5534 5537 5538
5534 5538 5535
5539 5540 5541
5542 5543 5544
5542 5544 5545
5546 5401 5547
5548 5549 5550
5548 5550 5551
5552 5553 5554
5552 5554 5555
5556 5557 5558
5556 5558 5559
5560 5561 5562
5560 5562 5563
5547 5403 5564
5565 5566 5567
5565 5567 5568
5569 5570 5559
5569 5559 5571
5554 5572 5557
5554 5557 5556
5573 5574 5561
5573 5561 5560
5564 5575 5576
5564 5577 5578
5564 5578 5547
5579 5580 5581
5579 5581 5582
5583 5584 5566
5583 5566 5565
5585 5586 5553
5585 5553 5552
5553 5587 5572
5553 5572 5554
5588 5589 5574
5588 5574 5573
5590 5591 5576
5590 5576 5592
5576 5593 5577
5576 5577 5564
5594 5595 5580
5594 5580 5579
5596 5597 5584
5596 5584 5583
5586 5598 5599
5586 5600 5587
5586 5587 5553
5601 5602 5589
5601 5589 5588
5603 5604 5591
5603 5591 5590
5591 5605 5593
5591 5593 5576
5604 5606 5605
5604 5605 5591
5607 5608 5597
5607 5597 5596
5555 5554 5556
5555 5556 5609
5599 5610 5600
5599 5600 5586
5611 5612 5602
5611 5602 5601
5603 5613 5614
5604 5615 5616
5617 5618 5595
5617 5595 5594
5619 5620 5608
5619 5608 5607
5621 5622 5623
5537 5624 5625
5537 5625 5538
5569 5571 5543
5569 5543 5542
5626 5627 5628
5626 5628 5629
5630 5631 5632
5630 5632 5633
5634 5635 5627
5634 5627 5626
5636 5637 5638
5636 5638 5639
5545 5544 5631
5545 5631 5630
5639 5638 5570
5639 5570 5640
5641 5287 5531
5642 5643 5644
5642 5644 5645
5643 5646 5647
5643 5647 5644
5648 5649 5643
5648 5643 5642
5649 5650 5646
5649 5646 5643
5570 5569 5640
5651 5652 5649
5651 5649 5648
5652 5653 5650
5652 5650 5649
5654 5655 5656
5654 5656 5657
5530 5658 5641
5530 5641 5531
5659 5660 5652
5659 5652 5651
5660 5661 5653
5660 5653 5652
5662 5663 5655
5662 5655 5654
5664 5665 5666
5664 5666 5667
5668 5669 5549
5668 5549 5548
5670 5671 5660
5670 5660 5659
5671 5672 5661
5671 5661 5660
5673 5674 5637
5673 5637 5636
5675 5676 5663
5675 5663 5662
5677 5678 5665
5677 5665 5664
5679 5680 5669
5679 5669 5668
5681 5682 5671
5681 5671 5670
5682 5683 5672
5682 5672 5671
5684 5685 5674
5684 5674 5673
5686 5687 5676
5686 5676 5675
5688 5689 5678
5688 5678 5677
5690 5691 5692
5693 5694 5682
5693 5682 5681
5694 5695 5683
5694 5683 5682
5696 5697 5698
5699 5700 5701
5702 5703 5704
5680 5679 5691
5680 5691 5690
5705 5706 5707
5708 5705 5707
5684 5697 5696
5684 5696 5685
5547 5578 5626
5547 5626 5546
5536 5629 5537
5536 5537 5534
5536 5546 5626
5536 5626 5629
5658 5533 5709
5287 5394 5531
5705 5708 5695
5705 5695 5694
5706 5705 5694
5706 5694 5693
5551 5550 5635
5551 5635 5634
5703 5702 5689
5703 5689 5688
5700 5699 5687
5700 5687 5686
5581 5710 5711
5581 5711 5582
5541 5667 5666
5541 5666 5539
5629 5628 5624
5629 5624 5537
5712 5540 5539
5609 5556 5559
5609 5559 5570
5546 5536 5399
5546 5399 5401
5713 5714 5715
5623 5714 5713
5604 5614 5615
5603 5614 5604
5606 5616 5716
5604 5616 5606
5713 5715 5717
5623 5718 5714
5623 5622 5718
5621 5719 5622
5720 5719 5621
5721 5722 5618
5721 5618 5617
5723 5711 5710
5723 5724 5711
5530 5533 5658
5530 5393 5532
5585 5598 5586
5725 5598 5585
5564 5403 5575
5576 5575 5592
5403 5335 5336
5547 5401 5403
5538 5625 5709
5538 5709 5533
5535 5538 5533
5535 5533 5532
5506 5177 5535
5506 5535 5532
5175 5177 5506
5175 5506 5174
5178 5175 5174
5178 5174 5173
5726 5727 5728
5729 5730 5731
5729 5731 5732
5733 5726 5728
5733 5728 5734
5730 5735 5736
5737 5738 5739
5737 5739 5740
5741 5742 5731
5743 5744 5745
5743 5745 5746
5747 5745 5744
5747 5744 5748
5749 5750 5751
5752 5753 5754
5752 5754 5755
5756 5757 5758
5759 5760 5761
5759 5761 5762
5761 5763 5736
5761 5736 5735
5764 5753 5734
5754 5753 5764
5754 5764 5765
5766 5767 5768
5769 5770 5760
5769 5760 5759
5760 5771 5763
5760 5763 5761
5772 5773 5754
5772 5754 5765
5752 5733 5734
5758 5767 5766
5774 5775 5770
5774 5770 5769
5770 5776 5771
5770 5771 5760
5777 5778 5773
5777 5773 5772
5779 5780 5781
5779 5781 5782
5783 5784 5751
5783 5751 5750
5785 5786 5775
5785 5775 5774
5775 5787 5776
5775 5776 5770
5788 5789 5790
5788 5790 5791
5792 5782 5778
5792 5778 5777
5793 5794 5795
5796 5797 5798
5796 5798 5799
5800 5801 5786
5800 5786 5785
5786 5802 5787
5786 5787 5775
5803 5804 5805
5803 5805 5806
5807 5779 5782
5807 5782 5792
5808 5809 5780
5808 5780 5779
5766 5768 5797
5766 5797 5796
5810 5811 5801
5810 5801 5800
5801 5812 5802
5801 5802 5786
5813 5814 5815
5813 5815 5816
5817 5808 5779
5817 5779 5807
5794 5793 5809
5794 5809 5808
5818 5784 5783
5818 5783 5819
5811 5810 5820
5811 5821 5812
5811 5812 5801
5822 5823 5824
5822 5824 5825
5826 5794 5808
5826 5808 5817
5782 5781 5827
5782 5827 5778
5798 5818 5819
5798 5819 5799
5729 5828 5735
5821 5811 5820
5789 5829 5830
5789 5830 5790
5794 5826 5795
5773 5831 5755
5773 5755 5754
5731 5742 5832
5731 5730 5833
5731 5833 5834
5730 5835 5836
5730 5836 5833
5791 5790 5836
5791 5836 5835
5837 5838 5789
5837 5789 5788
5746 5839 5727
5746 5727 5743
5833 5840 5841
5833 5841 5834
5836 5842 5840
5836 5840 5833
5734 5728 5843
5734 5843 5844
5816 5815 5845
5816 5845 5846
5824 5847 5848
5824 5848 5825
5790 5830 5842
5790 5842 5836
5849 5850 5804
5849 5804 5803
5851 5852 5814
5851 5814 5813
5853 5854 5823
5853 5823 5822
5838 5837 5855
5838 5856 5829
5838 5829 5789
5728 5857 5843
5852 5851 5858
5854 5853 5859
5856 5838 5855
5727 5839 5728
5728 5839 5857
5860 5861 5862
5863 5848 5847
5864 5846 5845
5738 5865 5866
5738 5866 5739
5861 5860 5867
5868 5869 5870
5868 5870 5871
5767 5872 5873
5767 5873 5768
5874 5747 5748
5874 5748 5875
5850 5849 5876
5841 5877 5741
5841 5741 5834
5878 5879 5734
5878 5734 5844
5865 5874 5875
5865 5875 5866
5832 5732 5731
5806 5805 5879
5806 5879 5878
5729 5735 5730
5880 5839 5746
5880 5746 5881
5882 5874 5865
5882 5865 5883
5865 5738 5884
5865 5884 5883
5882 5885 5747
5882 5747 5874
5886 5887 5888
5886 5888 5889
5747 5890 5891
5747 5891 5745
5892 5893 5889
5892 5889 5888
5893 5894 5895
5893 5895 5889
5896 5897 5891
5896 5891 5890
5891 5881 5746
5891 5746 5745
5890 5885 5898
5890 5898 5896
5899 5900 5892
5899 5892 5888
5897 5901 5881
5897 5881 5891
5902 5903 5904
5902 5904 5905
5906 5892 5900
5907 5908 5909
5907 5909 5910
5741 5911 5742
5909 5912 5913
5909 5913 5914
5907 5915 5868
5839 5880 5916
5909 5914 5917
5909 5917 5910
5902 5893 5892
5902 5892 5906
5868 5742 5908
5868 5908 5907
5900 5869 5918
5900 5918 5906
5906 5918 5903
5906 5903 5902
5918 5915 5919
5918 5919 5903
5903 5919 5920
5903 5920 5904
5885 5890 5747
5901 5921 5881
5917 5920 5919
5917 5919 5910
5922 5880 5881
5922 5881 5921
5737 5884 5738
5910 5919 5915
5910 5915 5907
5916 5880 5922
5916 5922 5923
5741 5877 5913
5741 5913 5912
5908 5911 5912
5908 5912 5909
5741 5912 5911
5918 5869 5868
5918 5868 5915
5905 5894 5893
5905 5893 5902
5886 5924 5925
5886 5925 5887
5925 5924 5926
5925 5926 5927
5928 5927 5926
5923 5857 5916
5916 5857 5839
5778 5827 5831
5778 5831 5773
5739 5929 5930
5739 5930 5740
5866 5931 5929
5866 5929 5739
5875 5932 5931
5875 5931 5866
5933 5934 5935
5933 5935 5936
5934 5937 5938
5934 5938 5935
5748 5939 5932
5748 5932 5875
5940 5941 5934
5940 5934 5933
5941 5870 5937
5941 5937 5934
5744 5942 5939
5744 5939 5748
5943 5944 5941
5943 5941 5940
5944 5871 5870
5944 5870 5941
5743 5945 5942
5743 5942 5744
5946 5947 5948
5946 5948 5949
5947 5732 5832
5947 5832 5948
5726 5950 5951
5726 5951 5727
5952 5953 5954
5952 5954 5955
5953 5956 5957
5953 5957 5954
5958 5959 5960
5958 5960 5733
5961 5962 5953
5961 5953 5952
5962 5963 5956
5962 5956 5953
5963 5964 5965
5963 5965 5956
5966 5967 5968
5969 5970 5971
5969 5972 5959
5969 5959 5958
5973 5974 5963
5973 5963 5962
5975 5976 5969
5975 5969 5971
5976 5977 5972
5976 5972 5969
5978 5973 5962
5978 5962 5961
5974 5979 5964
5974 5964 5963
5980 5981 5968
5980 5968 5967
5982 5983 5974
5982 5974 5973
5984 5985 5976
5984 5976 5975
5985 5986 5977
5985 5977 5976
5987 5982 5973
5987 5973 5978
5983 5988 5979
5983 5979 5974
5989 5990 5981
5989 5981 5980
5991 5992 5985
5991 5985 5984
5992 5993 5986
5992 5986 5985
5994 5995 5996
5994 5996 5997
5998 5999 5982
5998 5982 5987
6000 6001 6002
6000 6002 5999
6001 6003 6004
6001 6004 6002
6005 6006 5992
6005 5992 5991
6006 6007 5993
6006 5993 5992
6008 6009 5995
6008 5995 5994
6010 6000 5999
6010 5999 5998
6011 6012 6001
6011 6001 6000
6012 6013 6003
6012 6003 6001
5999 6002 5983
5999 5983 5982
6014 6015 6006
6014 6006 6005
6015 6016 6007
6015 6007 6006
6017 6011 6000
6017 6000 6010
6002 6004 5988
6002 5988 5983
5997 5996 5990
5997 5990 5989
6018 6019 6011
6018 6011 6017
6019 6020 6012
6019 6012 6011
6013 6012 6020
6021 6022 6009
6021 6009 6008
6023 6024 6015
6023 6015 6014
6024 6025 6016
6024 6016 6015
6019 6018 6026
6020 6019 6026
6022 6021 6027
6024 6023 6028
6025 6024 6028
5955 5954 5947
5955 5947 5946
5954 5957 5732
5954 5732 5947
5733 5960 5950
5733 5950 5726
6029 5967 5966
5958 5970 5969
5956 5828 5729
5956 5729 5957
5732 5957 5729
5727 5951 5945
5727 5945 5743
5948 5832 5871
5948 5871 5944
5949 5948 5944
5949 5944 5943
5834 5741 5731
5970 5958 5752
5757 5767 5758
5956 5965 5828
5742 5911 5908
5870 5869 5900
5870 5900 5937
5832 5742 5868
5832 5868 5871
5937 5900 5899
5937 5899 5938
5762 5761 5735
5762 5735 5828
5885 5882 6030
5898 6030 6031
5885 6030 5898
5733 5752 5958
5752 5734 5753
6032 6033 6034
6035 6036 6037
6035 6037 6038
6033 6032 6039
6033 6039 6040
6038 6041 6042
6043 6044 6045
6043 6045 6046
6047 6037 6048
6049 6050 6051
6049 6051 6052
6053 6054 6052
6053 6052 6051
6055 6056 6057
6058 6059 6060
6058 6060 6061
6062 6063 6064
6065 6066 6067
6065 6067 6068
6067 6042 6041
6067 6041 6069
6070 6040 6061
6060 6071 6070
6060 6070 6061
6072 6073 6074
6075 6065 6068
6075 6068 6076
6068 6067 6069
6068 6069 6077
6078 6071 6060
6078 6060 6079
6058 6040 6039
6063 6072 6074
6080 6075 6076
6080 6076 6081
6076 6068 6077
6076 6077 6082
6083 6078 6079
6083 6079 6084
6085 6086 6087
6085 6087 6088
6089 6057 6056
6089 6056 6090
6091 6080 6081
6091 6081 6092
6081 6076 6082
6081 6082 6093
6094 6095 6096
6094 6096 6097
6098 6083 6084
6098 6084 6086
6099 6100 6101
6102 6103 6104
6102 6104 6105
6106 6091 6092
6106 6092 6107
6092 6081 6093
6092 6093 6108
6109 6110 6111
6109 6111 6112
6113 6098 6086
6113 6086 6085
6114 6085 6088
6114 6088 6115
6072 6102 6105
6072 6105 6073
6116 6106 6107
6116 6107 6117
6107 6092 6108
6107 6108 6118
6119 6120 6121
6119 6121 6122
6123 6113 6085
6123 6085 6114
6101 6114 6115
6101 6115 6099
6124 6125 6089
6124 6089 6090
6117 6126 6116
6117 6107 6118
6117 6118 6127
6128 6129 6130
6128 6130 6131
6132 6123 6114
6132 6114 6101
6086 6084 6133
6086 6133 6087
6104 6103 6125
6104 6125 6124
6035 6042 6134
6127 6126 6117
6097 6096 6135
6097 6135 6136
6101 6100 6132
6079 6060 6059
6079 6059 6137
6037 6138 6048
6037 6139 6140
6037 6140 6038
6038 6140 6141
6038 6141 6142
6095 6142 6141
6095 6141 6096
6143 6094 6097
6143 6097 6144
6050 6049 6034
6050 6034 6145
6140 6139 6146
6140 6146 6147
6141 6140 6147
6141 6147 6148
6149 6033 6040
6149 6040 6150
6120 6151 6152
6120 6152 6121
6130 6129 6153
6130 6153 6154
6096 6141 6148
6096 6148 6135
6155 6109 6112
6155 6112 6156
6157 6119 6122
6157 6122 6158
6159 6128 6131
6159 6131 6160
6144 6161 6143
6144 6097 6136
6144 6136 6162
6033 6149 6163
6158 6164 6157
6160 6165 6159
6162 6161 6144
6034 6033 6145
6033 6163 6145
6166 6167 6168
6169 6154 6153
6170 6152 6151
6046 6045 6171
6046 6171 6172
6168 6173 6166
6174 6175 6176
6174 6176 6177
6074 6178 6179
6074 6073 6178
6180 6181 6054
6180 6054 6053
6156 6182 6155
6146 6139 6047
6146 6047 6183
6040 6184 6185
6040 6185 6150
6172 6171 6181
6172 6181 6180
6138 6037 6036
6110 6185 6184
6110 6184 6111
6035 6038 6042
6186 6187 6050
6186 6050 6145
6188 6189 6172
6188 6172 6180
6172 6189 6190
6172 6190 6046
6188 6180 6053
6188 6053 6191
6189 6188 6192
6193 6194 6195
6193 6195 6196
6053 6051 6197
6053 6197 6198
6199 6195 6200
6200 6194 6201
6200 6201 6202
6203 6198 6197
6203 6197 6204
6197 6051 6050
6197 6050 6187
6198 6203 6205
6198 6205 6191
6206 6195 6199
6206 6199 6207
6204 6197 6187
6204 6187 6208
6209 6210 6211
6209 6211 6212
6213 6207 6199
6214 6215 6216
6214 6216 6217
6047 6048 6218
6216 6219 6220
6216 6220 6221
6214 6174 6222
6145 6223 6186
6216 6215 6224
6216 6224 6219
6209 6213 6199
6209 6199 6200
6174 6214 6217
6174 6217 6048
6207 6213 6225
6207 6225 6177
6213 6209 6212
6213 6212 6225
6225 6212 6226
6225 6226 6222
6212 6211 6227
6212 6227 6226
6191 6053 6198
6208 6187 6228
6224 6215 6226
6224 6226 6227
6229 6228 6187
6229 6187 6186
6043 6046 6190
6215 6214 6222
6215 6222 6226
6223 6230 6229
6223 6229 6186
6047 6221 6220
6047 6220 6183
6217 6216 6221
6217 6221 6218
6047 6218 6221
6225 6222 6174
6225 6174 6177
6210 6209 6200
6210 6200 6202
6193 6196 6231
6193 6231 6232
6231 6233 6234
6231 6234 6232
6235 6234 6233
6230 6223 6163
6223 6145 6163
6084 6079 6137
6084 6137 6133
6045 6044 6236
6045 6236 6237
6171 6045 6237
6171 6237 6238
6181 6171 6238
6181 6238 6239
6240 6241 6242
6240 6242 6243
6243 6242 6244
6243 6244 6245
6054 6181 6239
6054 6239 6246
6247 6240 6243
6247 6243 6248
6248 6243 6245
6248 6245 6176
6052 6054 6246
6052 6246 6249
6250 6247 6248
6250 6248 6251
6251 6248 6176
6251 6176 6175
6049 6052 6249
6049 6249 6252
6253 6254 6255
6253 6255 6256
6256 6255 6138
6256 6138 6036
6032 6034 6257
6032 6257 6258
6259 6260 6261
6259 6261 6262
6262 6261 6263
6262 6263 6264
6265 6039 6266
6265 6266 6267
6268 6259 6262
6268 6262 6269
6269 6262 6264
6269 6264 6270
6270 6264 6271
6270 6271 6272
6273 6274 6275
6276 6277 6278
6276 6265 6267
6276 6267 6279
6280 6269 6270
6280 6270 6281
6282 6277 6276
6282 6276 6283
6283 6276 6279
6283 6279 6284
6285 6268 6269
6285 6269 6280
6281 6270 6272
6281 6272 6286
6287 6275 6274
6287 6274 6288
6289 6280 6281
6289 6281 6290
6291 6282 6283
6291 6283 6292
6292 6283 6284
6292 6284 6293
6294 6285 6280
6294 6280 6289
6290 6281 6286
6290 6286 6295
6296 6287 6288
6296 6288 6297
6298 6291 6292
6298 6292 6299
6299 6292 6293
6299 6293 6300
6301 6302 6303
6301 6303 6304
6305 6294 6289
6305 6289 6306
6307 6306 6308
6307 6308 6309
6309 6308 6310
6309 6310 6311
6312 6298 6299
6312 6299 6313
6313 6299 6300
6313 6300 6314
6315 6301 6304
6315 6304 6316
6317 6305 6306
6317 6306 6307
6318 6307 6309
6318 6309 6319
6319 6309 6311
6319 6311 6320
6306 6289 6290
6306 6290 6308
6321 6312 6313
6321 6313 6322
6322 6313 6314
6322 6314 6323
6324 6317 6307
6324 6307 6318
6308 6290 6295
6308 6295 6310
6302 6296 6297
6302 6297 6303
6325 6324 6318
6325 6318 6326
6326 6318 6319
6326 6319 6327
6320 6327 6319
6328 6315 6316
6328 6316 6329
6330 6321 6322
6330 6322 6331
6331 6322 6323
6331 6323 6332
6326 6333 6325
6327 6333 6326
6329 6334 6328
6331 6335 6330
6332 6335 6331
6260 6253 6256
6260 6256 6261
6261 6256 6036
6261 6036 6263
6039 6032 6258
6039 6258 6266
6336 6273 6275
6265 6276 6278
6264 6263 6035
6264 6035 6134
6036 6035 6263
6034 6049 6252
6034 6252 6257
6255 6251 6175
6255 6175 6138
6254 6250 6251
6254 6251 6255
6139 6037 6047
6278 6058 6265
6064 6063 6074
6264 6134 6271
6048 6217 6218
6176 6245 6207
6176 6207 6177
6138 6175 6174
6138 6174 6048
6245 6244 6206
6245 6206 6207
6066 6134 6042
6066 6042 6067
6191 6192 6188
6205 6337 6192
6191 6205 6192
6039 6265 6058
6058 6061 6040
6338 6339 6340
6338 6340 6341
6342 6343 6344
6342 6344 6345
6346 6347 6348
6349 6350 6351
6349 6351 6352
6353 6354 6355
6353 6355 6356
6357 6358 6359
6357 6359 6360
6361 6362 6363
6361 6363 6364
6365 6366 6367
6365 6367 6368
6369 6370 6371
6369 6371 6372
6373 6374 6375
6373 6375 6376
6377 6378 6379
6377 6379 6380
6381 6382 6378
6381 6378 6377
6362 6383 6384
6385 6386 6387
6343 6388 6389
6343 6389 6344
6390 6391 6382
6390 6382 6381
6391 6392 6383
6391 6383 6382
6392 6393 6384
6392 6384 6383
6394 6373 6376
6394 6376 6395
6396 6397 6388
6396 6388 6343
6398 6399 6391
6398 6391 6390
6399 6400 6392
6399 6392 6391
6401 6402 6403
6404 6405 6397
6404 6397 6396
6406 6407 6399
6406 6399 6398
6407 6408 6400
6407 6400 6399
6345 6344 6373
6367 6409 6405
6367 6405 6404
6410 6411 6407
6410 6407 6406
6411 6412 6408
6411 6408 6407
6413 6403 6402
6413 6402 6414
6415 6416 6417
6415 6417 6418
6419 6420 6366
6419 6366 6365
6366 6421 6409
6366 6409 6367
6422 6423 6411
6422 6411 6410
6423 6424 6412
6423 6412 6411
6424 6425 6426
6424 6426 6412
6427 6428 6429
6427 6429 6430
6431 6432 6416
6431 6416 6415
6433 6434 6420
6433 6420 6419
6420 6435 6421
6420 6421 6366
6436 6437 6423
6436 6423 6422
6437 6438 6424
6437 6424 6423
6438 6439 6425
6438 6425 6424
6440 6441 6428
6440 6428 6427
6442 6443 6432
6442 6432 6431
6376 6353 6356
6376 6356 6395
6434 6444 6435
6434 6435 6420
6445 6446 6437
6445 6437 6436
6446 6447 6438
6446 6438 6437
6447 6448 6439
6447 6439 6438
6449 6450 6441
6449 6441 6440
6451 6452 6443
6451 6443 6442
6453 6404 6396
6453 6396 6454
6455 6350 6456
6457 6347 6346
6363 6362 6458
6363 6458 6459
6460 6461 6462
6460 6462 6393
6463 6464 6465
6463 6465 6466
6467 6468 6469
6467 6469 6470
6386 6385 6471
6386 6471 6472
6473 6474 6475
6473 6475 6476
6477 6478 6468
6477 6468 6467
6479 6480 6481
6479 6481 6482
6430 6429 6483
6430 6483 6484
6485 6486 6474
6485 6474 6473
6487 6488 6478
6487 6478 6477
6480 6479 6489
6490 6491 6492
6490 6492 6493
6393 6462 6494
6393 6494 6384
6495 6496 6486
6495 6486 6485
6497 6498 6488
6497 6488 6487
6499 6342 6345
6499 6345 6500
6501 6502 6491
6501 6491 6490
6503 6504 6413
6503 6413 6414
6505 6506 6461
6505 6461 6460
6507 6508 6496
6507 6496 6495
6509 6510 6498
6509 6498 6497
6502 6501 6511
6504 6503 6512
6472 6471 6506
6472 6506 6505
6508 6507 6513
6510 6509 6514
6515 6516 6517
6515 6517 6518
6519 6520 6521
6519 6521 6522
6369 6372 6523
6340 6519 6522
6340 6522 6347
6524 6525 6520
6524 6520 6519
6526 6527 6528
6456 6529 6525
6456 6525 6524
6530 6531 6517
6530 6517 6516
6532 6533 6534
6532 6534 6535
6339 6524 6519
6339 6519 6340
6360 6359 6350
6360 6350 6349
6526 6536 6537
6526 6537 6527
6538 6539 6540
6538 6540 6541
6542 6543 6544
6542 6544 6545
6546 6547 6539
6546 6539 6538
6548 6549 6543
6548 6543 6542
6476 6475 6550
6476 6550 6551
6518 6552 6547
6518 6547 6546
6553 6554 6549
6553 6549 6548
6555 6556 6557
6555 6557 6558
6559 6560 6463
6559 6463 6466
6537 6536 6531
6537 6531 6530
6531 6561 6562
6531 6562 6517
6563 6564 6565
6563 6565 6566
6371 6370 6567
6371 6567 6564
6568 6569 6570
6571 6572 6573
6347 6522 6348
6574 6526 6528
6372 6575 6523
6500 6554 6565
6500 6565 6576
6577 6578 6556
6577 6556 6555
6536 6579 6561
6536 6561 6531
6580 6371 6564
6580 6564 6563
6554 6500 6394
6554 6394 6549
6395 6356 6544
6395 6544 6543
6566 6565 6554
6566 6554 6553
6517 6562 6552
6517 6552 6518
6558 6557 6581
6558 6581 6582
6571 6583 6584
6571 6584 6572
6455 6456 6524
6455 6524 6339
6577 6569 6568
6577 6568 6578
6549 6394 6395
6549 6395 6543
6372 6371 6580
6372 6580 6575
6574 6579 6536
6574 6536 6526
6584 6583 6560
6584 6560 6559
6564 6567 6576
6564 6576 6565
6348 6522 6521
6458 6546 6538
6458 6538 6459
6482 6481 6453
6482 6453 6585
6586 6455 6339
6586 6339 6338
6454 6396 6343
6454 6343 6342
6341 6340 6347
6341 6347 6457
6464 6587 6465
6378 6382 6383
6550 6588 6551
6412 6426 6589
6412 6589 6408
6484 6483 6590
6392 6400 6460
6392 6460 6393
6408 6589 6460
6408 6460 6400
6591 6592 6593
6591 6593 6594
6592 6591 6595
6515 6518 6546
6515 6546 6458
6455 6586 6351
6389 6374 6373
6389 6373 6344
6455 6351 6350
6456 6350 6359
6356 6355 6596
6356 6596 6544
6359 6358 6529
6359 6529 6456
6351 6586 6533
6362 6494 6458
6357 6360 6541
6357 6541 6540
6597 6598 6352
6597 6352 6532
6349 6599 6541
6349 6541 6360
6352 6598 6599
6352 6599 6349
6538 6541 6599
6538 6599 6459
6459 6599 6598
6459 6598 6363
6600 6454 6342
6600 6342 6499
6364 6597 6601
6364 6601 6379
6585 6453 6454
6585 6454 6600
6378 6383 6361
6368 6367 6404
6368 6404 6453
6544 6596 6602
6544 6602 6545
6603 6604 6594
6603 6594 6593
6380 6379 6601
6380 6601 6605
6376 6375 6606
6376 6606 6353
6605 6601 6535
6605 6535 6607
6606 6608 6354
6606 6354 6353
6586 6534 6533
6351 6533 6532
6351 6532 6352
6383 6362 6361
6378 6361 6364
6378 6364 6379
6598 6597 6364
6598 6364 6363
6601 6597 6532
6601 6532 6535
6384 6494 6362
6609 6610 6611
6609 6611 6612
6613 6614 6615
6613 6615 6616
6617 6618 6619
6620 6621 6622
6620 6622 6623
6624 6625 6626
6624 6626 6627
6628 6629 6630
6628 6630 6631
6632 6633 6634
6632 6634 6635
6636 6637 6638
6636 6638 6639
6640 6641 6642
6640 6642 6643
6644 6645 6646
6644 6646 6647
6648 6649 6650
6648 6650 6651
6652 6648 6651
6652 6651 6653
6635 6654 6655
6656 6657 6658
6616 6615 6659
6616 6659 6660
6661 6652 6653
6661 6653 6662
6662 6653 6655
6662 6655 6663
6663 6655 6654
6663 6654 6664
6665 6666 6645
6665 6645 6644
6667 6616 6660
6667 6660 6668
6669 6661 6662
6669 6662 6670
6670 6662 6663
6670 6663 6671
6672 6673 6674
6675 6667 6668
6675 6668 6676
6677 6669 6670
6677 6670 6678
6678 6670 6671
6678 6671 6679
6614 6680 6665
6638 6675 6676
6638 6676 6681
6682 6677 6678
6682 6678 6683
6683 6678 6679
6683 6679 6684
6685 6686 6674
6685 6674 6673
6687 6688 6689
6687 6689 6690
6691 6636 6639
6691 6639 6692
6639 6638 6681
6639 6681 6693
6694 6682 6683
6694 6683 6695
6695 6683 6684
6695 6684 6696
6696 6684 6697
6696 6697 6698
6699 6700 6701
6699 6701 6702
6703 6687 6690
6703 6690 6704
6705 6691 6692
6705 6692 6706
6692 6639 6693
6692 6693 6707
6708 6694 6695
6708 6695 6709
6709 6695 6696
6709 6696 6710
6710 6696 6698
6710 6698 6711
6712 6699 6702
6712 6702 6713
6714 6703 6704
6714 6704 6715
6645 6666 6625
6645 6625 6624
6706 6692 6707
6706 6707 6716
6717 6708 6709
6717 6709 6718
6718 6709 6710
6718 6710 6719
6719 6710 6711
6719 6711 6720
6721 6712 6713
6721 6713 6722
6723 6714 6715
6723 6715 6724
6725 6726 6667
6725 6667 6675
6727 6728 6623
6729 6617 6619
6634 6730 6731
6634 6731 6635
6732 6664 6733
6732 6733 6734
6735 6736 6737
6735 6737 6738
6739 6740 6741
6739 6741 6742
6658 6743 6744
6658 6744 6656
6745 6746 6747
6745 6747 6748
6749 6739 6742
6749 6742 6750
6751 6752 6753
6751 6753 6754
6700 6755 6756
6700 6756 6701
6757 6745 6748
6757 6748 6758
6759 6749 6750
6759 6750 6760
6754 6761 6751
6762 6763 6764
6762 6764 6765
6664 6654 6766
6664 6766 6733
6767 6757 6758
6767 6758 6768
6769 6759 6760
6769 6760 6770
6771 6680 6614
6771 6614 6613
6772 6762 6765
6772 6765 6773
6774 6686 6685
6774 6685 6775
6776 6732 6734
6776 6734 6777
6778 6767 6768
6778 6768 6779
6780 6769 6770
6780 6770 6781
6773 6782 6772
6775 6783 6774
6743 6776 6777
6743 6777 6744
6779 6784 6778
6781 6785 6780
6786 6787 6788
6786 6788 6789
6790 6791 6792
6790 6792 6793
6640 6794 6641
6611 6619 6791
6611 6791 6790
6795 6790 6793
6795 6793 6796
6797 6798 6799
6728 6795 6796
6728 6796 6800
6801 6789 6788
6801 6788 6802
6803 6804 6805
6803 6805 6806
6612 6611 6790
6612 6790 6795
6629 6620 6623
6629 6623 6630
6797 6799 6807
6797 6807 6808
6809 6810 6811
6809 6811 6812
6813 6814 6815
6813 6815 6816
6817 6809 6812
6817 6812 6818
6819 6813 6816
6819 6816 6820
6746 6821 6822
6746 6822 6747
6787 6817 6818
6787 6818 6823
6824 6819 6820
6824 6820 6825
6826 6827 6828
6826 6828 6829
6830 6736 6735
6830 6735 6831
6807 6801 6802
6807 6802 6808
6802 6788 6832
6802 6832 6833
6834 6835 6836
6834 6836 6837
6642 6837 6838
6642 6838 6643
6839 6840 6841
6842 6843 6844
6619 6618 6791
6845 6798 6797
6641 6794 6846
6680 6847 6836
6680 6836 6825
6848 6826 6829
6848 6829 6849
6808 6802 6833
6808 6833 6850
6851 6834 6837
6851 6837 6642
6825 6820 6665
6825 6665 6680
6666 6816 6815
6666 6815 6625
6835 6824 6825
6835 6825 6836
6788 6787 6823
6788 6823 6832
6827 6852 6853
6827 6853 6828
6842 6844 6854
6842 6854 6855
6727 6612 6795
6727 6795 6728
6848 6849 6839
6848 6839 6841
6820 6816 6666
6820 6666 6665
6641 6846 6851
6641 6851 6642
6845 6797 6808
6845 6808 6850
6854 6830 6831
6854 6831 6855
6837 6836 6847
6837 6847 6838
6618 6792 6791
6731 6730 6809
6731 6809 6817
6752 6856 6725
6752 6725 6753
6857 6609 6612
6857 6612 6727
6726 6613 6616
6726 6616 6667
6610 6729 6619
6610 6619 6611
6738 6737 6858
6651 6655 6653
6822 6821 6859
6684 6679 6860
6684 6860 6697
6755 6861 6756
6663 6664 6732
6663 6732 6671
6679 6671 6732
6679 6732 6860
6862 6863 6864
6862 6864 6865
6865 6866 6862
6786 6731 6817
6786 6817 6787
6727 6622 6857
6659 6615 6644
6659 6644 6647
6727 6623 6622
6728 6630 6623
6625 6815 6867
6625 6867 6626
6630 6728 6800
6630 6800 6631
6622 6806 6857
6635 6731 6766
6628 6811 6810
6628 6810 6629
6868 6803 6621
6868 6621 6869
6620 6629 6810
6620 6810 6870
6621 6620 6870
6621 6870 6869
6809 6730 6870
6809 6870 6810
6730 6634 6869
6730 6869 6870
6871 6771 6613
6871 6613 6726
6633 6650 6872
6633 6872 6868
6856 6871 6726
6856 6726 6725
6651 6632 6655
6637 6725 6675
6637 6675 6638
6815 6814 6873
6815 6873 6867
6874 6864 6863
6874 6863 6875
6649 6876 6872
6649 6872 6650
6645 6624 6877
6645 6877 6646
6876 6878 6804
6876 6804 6872
6877 6624 6627
6877 6627 6879
6857 6806 6805
6622 6621 6803
6622 6803 6806
6655 6632 6635
6651 6650 6633
6651 6633 6632
6869 6634 6633
6869 6633 6868
6872 6804 6803
6872 6803 6868
6654 6635 6766
6880 6881 6882
6880 6882 6883
6884 6885 6886
6884 6886 6887
6886 6888 6889
6886 6889 6890
6891 6880 6892
6891 6892 6893
6881 6894 6895
6881 6895 6882
6896 6897 6885
6896 6885 6884
6885 6898 6888
6885 6888 6886
6899 6881 6880
6899 6880 6891
6900 6901 6902
6900 6902 6903
6904 6905 6906
6904 6906 6907
6897 6908 6898
6897 6898 6885
6909 6894 6881
6909 6881 6899
6910 6911 6912
6913 6914 6915
6894 6916 6917
6918 6919 6920
6918 6920 6921
6917 6916 6922
6901 6923 6924
6901 6924 6902
6925 6926 6905
6925 6905 6904
6905 6927 6928
6905 6928 6906
6929 6901 6900
6929 6900 6930
6923 6931 6932
6923 6932 6924
6933 6934 6926
6933 6926 6925
6926 6935 6927
6926 6927 6905
6936 6923 6901
6936 6901 6929
6931 6937 6938
6931 6938 6932
6939 6940 6934
6939 6934 6933
6934 6941 6935
6934 6935 6926
6942 6931 6923
6942 6923 6936
6937 6943 6944
6937 6944 6938
6945 6946 6940
6945 6940 6939
6940 6947 6941
6940 6941 6934
6948 6937 6931
6948 6931 6942
6943 6949 6950
6943 6950 6944
6951 6952 6946
6951 6946 6945
6946 6953 6947
6946 6947 6940
6954 6943 6937
6954 6937 6948
6949 6955 6956
6949 6956 6950
6957 6958 6952
6957 6952 6951
6952 6959 6953
6952 6953 6946
6960 6949 6943
6960 6943 6954
6955 6961 6962
6955 6962 6956
6963 6964 6958
6963 6958 6957
6958 6965 6959
6958 6959 6952
6966 6955 6949
6966 6949 6960
6961 6967 6968
6961 6968 6962
6969 6970 6964
6969 6964 6963
6964 6971 6965
6964 6965 6958
6972 6961 6955
6972 6955 6966
6967 6912 6911
6967 6911 6968
6914 6913 6970
6914 6970 6969
6970 6973 6971
6970 6971 6964
6974 6967 6961
6974 6961 6972
6975 6894 6917
6907 6906 6918
6907 6918 6976
6913 6977 6973
6913 6973 6970
6978 6912 6967
6978 6967 6974
6979 6921 6897
6979 6897 6896
6980 6975 6917
6977 6913 6915
6912 6978 6910
6892 6880 6883
6892 6883 6981
6976 6918 6921
6976 6921 6979
6921 6920 6908
6921 6908 6897
6906 6928 6919
6906 6919 6918
6887 6886 6890
6887 6890 6982
6930 6900 6917
6930 6917 6922
6917 6900 6903
6917 6903 6980
6895 6894 6975
6909 6916 6894
5883 6030 5882
6194 6983 6201
6984 6985 6986
6984 6986 6987
6200 6195 6194
6988 6989 6990
5247 5527 5529
5247 5529 5248
6345 6394 6500
6345 6373 6394
6614 6644 6615
6614 6665 6644
