byte offset: 0
first index: 34074
index count: 6675
topology: trianglelist
format: DXGI_FORMAT_R16_UINT

9526 9527 9528
9527 9529 9528
9530 9526 9528
9531 9532 9533
9532 9534 9533
9526 9535 9527
9535 9536 9527
9526 9530 9535
9537 9538 9531
9538 9532 9531
9539 9540 9541
9542 9543 9544
9543 9545 9544
9546 9544 9545
9547 9548 9549
9548 9550 9549
9551 9552 9529
9553 9554 9555
9554 9556 9555
9553 9557 9551
9558 9559 9560
9559 9561 9560
9562 9563 9564
9565 9561 9566
9561 9559 9566
9567 9560 9568
9569 9568 9561
9568 9560 9561
9570 9569 9565
9569 9561 9565
9565 9555 9570
9555 9556 9570
9566 9557 9565
9557 9555 9565
9571 9541 9572
9573 9543 9574
9543 9542 9574
9575 9576 9547
9576 9548 9547
9534 9577 9533
9577 9578 9533
9537 9531 9536
9531 9527 9536
9531 9529 9527
9578 9551 9533
9579 9558 9580
9558 9560 9580
9581 9582 9583
9582 9584 9583
9585 9586 9587
9586 9588 9587
9585 9589 9590
9587 9589 9585
9539 9588 9540
9588 9586 9540
9551 9573 9552
9573 9574 9552
9551 9557 9572
9531 9533 9529
9533 9551 9529
9551 9572 9573
9543 9572 9541
9540 9545 9541
9545 9540 9591
9540 9586 9591
9591 9586 9590
9586 9585 9590
9553 9555 9557
9578 9553 9551
9571 9572 9557
9543 9573 9572
9539 9541 9571
9545 9543 9541
9592 9593 9594
9593 9595 9594
9596 9597 9598
9597 9599 9598
9596 9598 9600
9598 9601 9600
9602 9601 9592
9601 9593 9592
9598 9593 9601
9603 9593 9598
9595 9593 9604
9593 9603 9604
9605 9606 9607
9608 9609 9610
9609 9611 9610
9611 9609 9612
9609 9613 9612
9614 9615 9616
9615 9617 9616
9618 9619 9620
9619 9621 9620
9622 9623 9624
9623 9625 9624
9626 9627 9628
9627 9629 9628
9630 9631 9632
9631 9633 9632
9634 9635 9636
9635 9637 9636
9638 9639 9640
9639 9641 9640
9642 9643 9644
9645 9646 9623
9646 9625 9623
9647 9648 9649
9639 9650 9641
9650 9651 9641
9648 9625 9652
9625 9646 9652
9614 9616 9653
9616 9654 9653
9602 9655 9601
9655 9600 9601
9656 9657 9658
9657 9608 9658
9659 9660 9599
9660 9603 9599
9606 9605 9661
9662 9663 9664
9663 9665 9664
9666 9667 9668
9667 9669 9668
9670 9671 9672
9671 9673 9672
9674 9675 9670
9675 9671 9670
9608 9676 9658
9667 9666 9671
9666 9673 9671
9604 9603 9677
9603 9660 9677
9652 9649 9648
9678 9679 9636
9679 9634 9636
9619 9646 9621
9646 9645 9621
9599 9597 9680
9681 9682 9673
9682 9672 9673
9668 9683 9684
9664 9665 9683
9665 9685 9683
9659 9686 9687
9686 9688 9687
9687 9689 9659
9689 9660 9659
9677 9660 9690
9660 9689 9690
9661 9691 9692
9681 9666 9684
9693 9694 9657
9694 9695 9657
9653 9654 9694
9654 9695 9694
9610 9611 9622
9611 9623 9622
9696 9697 9621
9697 9620 9621
9696 9621 9612
9621 9645 9612
9623 9611 9645
9611 9612 9645
9698 9699 9700
9701 9702 9703
9702 9704 9703
9705 9706 9701
9706 9702 9701
9705 9707 9706
9707 9708 9706
9709 9710 9711
9710 9712 9711
9713 9714 9715
9714 9716 9715
9627 9717 9629
9717 9718 9629
9719 9602 9720
9602 9592 9720
9720 9592 9721
9592 9594 9721
9602 9719 9655
9719 9722 9655
9607 9606 9723
9629 9718 9713
9718 9714 9713
9703 9704 9724
9704 9725 9724
9721 9594 9726
9594 9727 9726
9594 9595 9727
9595 9728 9727
9728 9595 9604
9677 9729 9604
9729 9728 9604
9690 9730 9677
9730 9729 9677
9657 9695 9608
9695 9609 9608
9731 9693 9656
9693 9657 9656
9732 9685 9665
9663 9733 9665
9668 9669 9664
9669 9662 9664
9627 9626 9734
9626 9735 9734
9734 9736 9627
9736 9717 9627
9737 9738 9739
9738 9740 9739
9741 9652 9740
9652 9739 9740
9742 9743 9744
9743 9745 9744
9746 9747 9748
9749 9750 9751
9750 9752 9751
9753 9754 9752
9754 9751 9752
9670 9755 9756
9670 9672 9755
9672 9682 9757
9758 9749 9759
9749 9751 9759
9759 9751 9760
9751 9754 9760
9625 9648 9624
9648 9647 9624
9652 9646 9739
9646 9619 9739
9618 9737 9619
9737 9739 9619
9603 9598 9599
9654 9613 9695
9613 9609 9695
9616 9761 9654
9761 9613 9654
9616 9617 9761
9617 9762 9761
9711 9712 9763
9712 9764 9763
9612 9613 9696
9613 9761 9696
9761 9762 9696
9762 9697 9696
9715 9716 9764
9716 9763 9764
9661 9729 9691
9729 9730 9691
9605 9728 9661
9728 9729 9661
9727 9728 9607
9728 9605 9607
9726 9727 9723
9727 9607 9723
9724 9725 9700
9725 9698 9700
9684 9676 9765
9684 9765 9766
9765 9767 9766
9676 9684 9683
9733 9732 9665
9668 9664 9683
9673 9666 9681
9666 9668 9684
9768 9769 9770
9769 9771 9770
9772 9773 9769
9773 9771 9769
9767 9768 9766
9768 9770 9766
9606 9661 9692
9774 9775 9776
9777 9778 9779
9778 9780 9779
9781 9782 9783
9784 9785 9786
9787 9786 9781
9786 9788 9781
9789 9779 9780
9790 9791 9792
9791 9793 9792
9794 9776 9795
9776 9775 9795
9796 9787 9797
9787 9783 9797
9798 9799 9800
9799 9801 9800
9802 9803 9804
9803 9805 9804
9800 9801 9796
9801 9787 9796
9806 9807 9808
9807 9809 9808
9810 9811 9812
9811 9813 9812
9814 9810 9815
9810 9812 9815
9816 9817 9818
9817 9819 9818
9812 9813 9820
9813 9821 9820
9815 9812 9822
9812 9820 9822
9823 9816 9824
9816 9818 9824
9825 9826 9810
9826 9811 9810
9827 9798 9828
9798 9800 9828
9828 9800 9829
9800 9796 9829
9797 9830 9796
9830 9829 9796
9831 9832 9833
9832 9834 9833
9835 9836 9837
9836 9838 9837
9839 9840 9841
9831 9825 9814
9825 9810 9814
9842 9843 9844
9843 9845 9844
9837 9838 9844
9838 9842 9844
9846 9847 9848
9849 9847 9850
9847 9846 9850
9851 9852 9853
9852 9854 9853
9821 9855 9820
9820 9855 9822
9817 9841 9819
9841 9840 9819
9836 9835 9856
9835 9857 9856
9858 9849 9859
9849 9850 9859
9860 9861 9845
9861 9844 9845
9862 9863 9864
9863 9865 9864
9866 9867 9868
9867 9869 9868
9870 9871 9872
9871 9873 9872
9872 9873 9874
9875 9876 9877
9864 9865 9869
9865 9868 9869
9878 9782 9781
9879 9880 9881
9880 9882 9881
9883 9884 9885
9884 9886 9885
9887 9888 9889
9888 9890 9889
9889 9890 9891
9892 9893 9894
9892 9895 9893
9895 9896 9893
9897 9898 9899
9898 9900 9899
9901 9898 9902
9898 9897 9902
9903 9904 9905
9904 9906 9905
9904 9907 9906
9857 9908 9856
9806 9808 9909
9808 9910 9909
9911 9912 9913
9912 9914 9913
9915 9916 9917
9916 9918 9917
9916 9919 9918
9919 9920 9918
9825 9831 9833
9921 9922 9825
9922 9826 9825
9889 9923 9887
9923 9924 9887
9923 9889 9891
9793 9925 9926
9925 9927 9926
9785 9928 9788
9929 9930 9931
9930 9932 9931
9904 9933 9934
9935 9936 9937
9938 9939 9940
9939 9941 9940
9942 9943 9944
9943 9945 9944
9946 9947 9948
9947 9949 9948
9950 9951 9952
9953 9954 9955
9954 9956 9955
9957 9958 9950
9958 9951 9950
9944 9945 9959
9945 9960 9959
9961 9962 9952
9962 9963 9952
9952 9964 9961
9964 9965 9961
9966 9967 9968
9951 9969 9952
9966 9970 9967
9971 9972 9942
9972 9973 9942
9974 9975 9976
9975 9977 9976
9978 9941 9979
9941 9939 9979
9912 9980 9914
9980 9981 9914
9868 9982 9866
9982 9983 9866
9865 9878 9868
9878 9982 9868
9878 9865 9863
9984 9985 9986
9985 9987 9986
9988 9984 9989
9984 9986 9989
9990 9924 9991
9992 9993 9984
9993 9985 9984
9994 9992 9988
9992 9984 9988
9991 9924 9995
9924 9923 9995
9885 9996 9883
9997 9998 9870
9998 9871 9870
9990 9999 9887
9999 9888 9887
9924 9990 9887
9904 9903 9933
10000 10001 9848
10001 10002 9848
10003 9830 9797
9797 9783 10004
9783 10005 10004
9783 9782 10005
9782 10006 10005
10007 10006 9863
10006 9782 9863
10008 10007 9862
10007 9863 9862
10009 10010 10011
10010 10012 10011
10013 10014 10015
10016 10017 10018
10019 10020 10009
10020 10010 10009
10021 10022 10023
10022 10024 10023
9853 10025 9851
10025 10026 9851
10027 10028 10029
10028 10030 10029
9845 9858 9859
9843 9858 9845
9920 10031 9921
10031 9922 9921
9918 9920 9833
9920 9921 9833
9833 9834 9918
9834 9917 9918
9804 9901 9802
9901 9902 9802
9990 9989 9932
9930 9999 9932
9927 9925 9931
9925 9929 9931
9778 9777 9790
9777 9791 9790
9961 9965 10032
9962 9961 9949
9961 9948 9949
9808 9916 9910
9916 9915 9910
9808 9809 9916
9809 9919 9916
10033 10034 10035
10034 10036 10035
10037 10038 10039
10038 10040 10039
10041 10042 10043
10042 10044 10043
10042 10041 10045
10041 10046 10045
10043 10044 10047
10044 10048 10047
10049 10050 10051
10050 10052 10051
10053 10054 10036
10054 10035 10036
9993 9992 10042
9992 10044 10042
9995 9923 10040
9923 10039 10040
10033 10055 10034
10050 10056 10052
9993 10042 10057
10042 10045 10057
10047 10038 10058
10058 10046 10041
10058 10041 10043
9884 10049 9886
10049 10051 9886
9992 9994 10044
9994 10048 10044
10059 10060 10061
10062 10063 10064
10065 10066 10067
10068 10069 10070
10069 10071 10070
10072 10073 10074
10073 10075 10074
10076 9943 9942
10077 9958 10078
9958 9957 10078
9942 9973 10076
9973 10079 10076
10069 10080 10071
10080 10081 10071
10074 10075 10082
10075 10083 10082
9990 9988 9989
9881 9882 9997
9882 9998 9997
10084 10085 9888
10085 9890 9888
9888 9999 10084
9999 10086 10084
10086 9999 9930
9777 10087 9930
9890 10085 9891
9925 9791 9929
9791 9777 9929
9793 9791 9925
9988 9991 9994
9991 9995 9994
9994 9995 10048
9995 10040 10048
10040 10038 10048
10038 10047 10048
9990 9991 9988
10088 10089 9899
10089 10090 9899
9950 9952 9963
9913 9914 10091
9914 10092 10091
9914 9981 10092
9981 10093 10092
9931 10093 9927
10093 9981 9927
9986 9987 10092
9987 10091 10092
9989 9986 10093
9986 10092 10093
9989 10093 9932
9787 9781 9783
9782 9878 9863
10093 9931 9932
9781 9788 9878
9788 9982 9878
9928 9983 9788
9983 9982 9788
9927 9981 9926
9981 9980 9926
9785 9788 9786
9999 9990 9932
10087 10086 9930
9777 9930 9929
9934 9933 10008
9933 10007 10008
9903 10006 9933
10006 10007 9933
10005 10006 9905
10006 9903 9905
9905 9906 10005
9906 10004 10005
10094 10003 9906
10003 10004 9906
10038 10037 10058
10058 10043 10047
9938 9940 10095
9940 10096 10095
10097 9969 9951
9969 9964 9952
9907 10094 9906
9921 9825 9833
10098 10099 10100
10099 10101 10100
10102 10103 10104
10103 10105 10104
10106 10107 10108
10107 10109 10108
10100 10101 10110
10101 10111 10110
10112 10109 10113
10109 10107 10113
10114 10115 10105
10115 10104 10105
10099 10098 10096
10098 10095 10096
10103 10102 9951
10102 10097 9951
9977 9975 10106
9961 10032 9948
10116 9946 10032
9946 9948 10032
9953 9955 10117
9955 10118 10117
9900 10088 9899
10119 9977 10108
9977 10106 10108
10120 9669 10121
9669 9667 10121
9671 9675 9667
9675 10121 9667
10122 10123 10124
10125 10126 10127
10126 10128 10127
10129 10130 10131
10130 10132 10131
10133 10124 10134
10135 10136 10137
10138 10135 10139
10135 10140 10139
10141 10142 10143
10142 10144 10143
10145 10146 10147
10146 10148 10147
10149 10150 10151
10149 10152 10153
10154 10155 10135
10155 10136 10135
10131 10156 10157
10156 10158 10157
10143 10159 10141
10159 10160 10141
10161 10162 10163
10164 10165 10166
10165 10167 10166
10168 10169 10170
10171 10164 10172
10164 10166 10172
10161 10173 10174
10173 10175 10174
10176 10177 10178
10179 10180 10181
10182 10183 10184
10185 10186 10187
10186 10188 10187
10189 10190 10191
10190 10192 10191
10193 10194 10195
10196 10197 10198
10197 10199 10198
10200 10201 10202
10203 10204 10189
10204 10190 10189
10205 10206 10207
10206 10197 10207
10197 10206 10199
10206 10208 10199
10186 10209 10188
10209 10203 10188
10210 10183 10211
10183 10182 10211
10212 10213 10178
10214 10215 10216
10215 10217 10216
10218 10219 10220
10219 10221 10220
10222 10221 10223
10221 10219 10223
10203 10224 10225
10214 10216 10226
10216 10227 10226
10228 10229 10216
10229 10227 10216
10230 10231 10232
10231 10233 10232
10234 10235 10236
10235 10237 10236
10226 10227 10238
10227 10239 10238
10229 10240 10227
10240 10239 10227
10196 10241 10197
10241 10207 10197
10242 10243 10244
10243 10245 10244
10246 10247 10237
10247 10236 10237
10248 10249 10250
10249 10251 10250
10252 10232 10253
10232 10233 10253
10254 10255 10256
10255 10257 10256
10258 10259 10260
10261 10262 10263
10262 10264 10263
10265 10266 10267
10266 10268 10267
10269 10270 10271
10270 10272 10271
10273 10264 10274
10264 10262 10274
10275 10276 10277
10276 10217 10277
10278 10194 10279
10194 10280 10279
10281 10282 10283
10282 10284 10283
10285 10286 10287
10288 10289 10290
10291 10292 10293
10292 10294 10293
10295 10296 10297
10296 10298 10297
10299 10300 10298
10300 10297 10298
10301 10302 10303
10302 10304 10303
10293 10294 10305
10294 10306 10305
10307 10295 10308
10295 10297 10308
10300 10309 10297
10309 10308 10297
10310 10311 10301
10311 10302 10301
10312 10313 10314
10315 10316 10317
10316 10318 10317
10315 10298 10319
10298 10296 10319
10279 10280 10281
10280 10282 10281
10299 10317 10320
10317 10321 10320
10320 10322 10299
10322 10300 10299
10322 10323 10300
10323 10309 10300
10187 10188 10191
10188 10189 10191
10324 10248 10245
10248 10250 10245
10325 10201 10326
10201 10327 10326
10188 10203 10189
10328 10329 10330
10287 10286 10331
10286 10332 10331
10333 10287 10334
10287 10331 10334
10284 10335 10283
10168 10336 10169
10337 10338 10339
10338 10340 10339
10341 10342 10154
10342 10155 10154
10343 10171 10344
10345 10346 10347
10346 10348 10347
10349 10350 10351
10352 10353 10354
10355 10356 10357
10356 10358 10357
10359 10360 10361
10360 10362 10361
10362 10363 10361
10363 10364 10361
10365 10366 10367
10366 10368 10367
10369 10370 10371
10370 10372 10371
10373 10374 10375
10374 10376 10375
10374 10377 10376
10377 10378 10376
10379 10380 10381
10380 10382 10381
10383 10384 10385
10384 10386 10385
10387 10388 10389
10388 10390 10389
10391 10392 10387
10392 10388 10387
10393 10145 10394
10145 10147 10394
10385 10382 10383
10382 10380 10383
10395 10396 10160
10396 10141 10160
10151 10150 10396
10150 10397 10396
10398 10399 10400
10386 10384 10401
10394 10398 10393
10398 10400 10393
10396 10395 10151
10395 10152 10151
10396 10397 10141
10397 10142 10141
10402 10403 10404
10174 10175 10405
10175 10406 10405
10162 10174 10405
10407 10408 10409
10408 10410 10409
10407 10411 10408
10411 10412 10408
10133 10413 10122
10413 10414 10122
10415 10416 10417
10416 10418 10417
10419 10420 10352
10420 10421 10352
10422 10160 10423
10160 10159 10423
10424 10395 10422
10395 10160 10422
10395 10424 10152
10424 10153 10152
10149 10151 10152
10354 10425 10352
10425 10419 10352
10404 10426 10402
10427 10428 10327
10428 10326 10327
10429 10176 10178
10430 10431 10432
10433 10434 10435
10436 10307 10437
10307 10308 10437
10437 10308 10438
10308 10309 10438
10323 10439 10309
10439 10438 10309
10440 10441 10310
10441 10311 10310
10442 10443 10306
10443 10305 10306
10444 10445 10446
10445 10434 10446
10447 10126 10125
10357 10358 10359
10358 10360 10359
10415 10414 10416
10414 10413 10416
10448 10449 10450
10449 10451 10450
10236 10247 10452
10247 10453 10452
10454 10455 10244
10455 10242 10244
10456 10457 10244
10457 10454 10244
10458 10459 10456
10459 10457 10456
10460 10237 10461
10237 10235 10461
10237 10460 10246
10460 10462 10246
10324 10245 10463
10245 10243 10463
10464 10465 10466
10193 10467 10194
10467 10468 10194
10465 10464 10469
10464 10470 10469
10471 10472 10473
10472 10474 10473
10475 10471 10476
10471 10473 10476
10473 10474 10407
10474 10411 10407
10409 10476 10407
10476 10473 10407
10388 10477 10390
10477 10478 10390
10392 10479 10388
10479 10477 10388
10367 10480 10365
10480 10481 10365
10482 10478 10483
10478 10477 10483
10479 10484 10477
10484 10483 10477
10480 10485 10481
10485 10486 10481
10487 10488 10466
10488 10489 10466
10363 10486 10364
10486 10485 10364
10484 10134 10483
10134 10124 10483
10483 10124 10482
10124 10123 10482
10429 10213 10475
10213 10471 10475
10213 10212 10471
10212 10472 10471
10469 10470 10211
10470 10210 10211
10195 10278 10490
10278 10491 10490
10492 10491 10279
10492 10279 10281
10493 10281 10283
10344 10171 10494
10171 10172 10494
10194 10468 10495
10496 10282 10495
10282 10280 10495
10137 10136 10497
10136 10498 10497
10139 10140 10499
10140 10500 10499
10163 10501 10161
10501 10173 10161
10165 10164 10343
10169 10502 10170
10502 10503 10170
10343 10164 10171
10162 10161 10174
10169 10336 10502
10336 10504 10502
10505 10506 10346
10507 10508 10509
10508 10510 10509
10511 10512 10505
10512 10506 10505
10509 10510 10513
10514 10515 10516
10515 10517 10516
10518 10519 10520
10519 10521 10520
10522 10523 10524
10523 10525 10524
10522 10526 10527
10526 10528 10527
10527 10528 10529
10528 10530 10529
10531 10532 10533
10532 10534 10533
10535 10533 10536
10533 10534 10536
10537 10535 10538
10535 10536 10538
10520 10539 10518
10539 10540 10518
10493 10129 10492
10129 10541 10492
10492 10541 10491
10541 10542 10491
10490 10491 10543
10491 10542 10543
10338 10181 10340
10181 10180 10340
10154 10132 10341
10132 10130 10341
10135 10156 10154
10156 10132 10154
10138 10158 10135
10158 10156 10135
10375 10372 10373
10372 10370 10373
10331 10332 10219
10332 10223 10219
10334 10331 10218
10331 10219 10218
10277 10468 10275
10468 10467 10275
10544 10495 10277
10495 10468 10277
10318 10496 10544
10496 10495 10544
10497 10498 10514
10498 10515 10514
10499 10500 10146
10500 10148 10146
10381 10378 10379
10378 10377 10379
10159 10421 10423
10421 10420 10423
10545 10284 10496
10284 10282 10496
10546 10335 10545
10335 10284 10545
10547 10329 10548
10329 10328 10548
10337 10339 10549
10339 10550 10549
10342 10551 10155
10551 10552 10155
10136 10155 10498
10155 10552 10498
10316 10545 10318
10545 10496 10318
10553 10546 10316
10546 10545 10316
10554 10548 10555
10549 10550 10556
10277 10217 10544
10217 10215 10544
10220 10221 10205
10221 10206 10205
10208 10206 10222
10206 10221 10222
10225 10224 10554
10216 10217 10228
10217 10276 10228
10290 10289 10304
10289 10303 10304
10298 10315 10299
10315 10317 10299
10316 10315 10553
10315 10319 10553
10544 10321 10318
10321 10317 10318
10232 10252 10239
10252 10238 10239
10240 10230 10239
10230 10232 10239
10460 10461 10196
10461 10241 10196
10460 10196 10462
10196 10198 10462
10187 10324 10185
10324 10463 10185
10191 10248 10187
10248 10324 10187
10191 10192 10248
10192 10249 10248
10557 10233 10558
10233 10231 10558
10557 10559 10233
10559 10253 10233
10456 10250 10458
10250 10251 10458
10456 10244 10250
10244 10245 10250
10560 10561 10562
10561 10563 10562
10564 10565 10560
10565 10561 10560
10565 10564 10566
10567 10470 10568
10470 10464 10568
10569 10210 10567
10210 10470 10567
10570 10210 10569
10571 10183 10570
10183 10571 10572
10572 10184 10183
10176 10447 10177
10447 10125 10177
10573 10184 10572
10143 10574 10159
10574 10421 10159
10574 10353 10421
10353 10352 10421
10195 10194 10278
10570 10183 10210
10464 10489 10568
10464 10466 10489
10225 10554 10555
10554 10547 10548
10209 10224 10203
10575 10208 10576
10208 10222 10576
10199 10208 10577
10208 10575 10577
10577 10578 10199
10578 10198 10199
10462 10198 10579
10198 10578 10579
10246 10462 10580
10462 10579 10580
10576 10222 10581
10222 10223 10581
10580 10582 10246
10582 10247 10246
10582 10583 10247
10583 10453 10247
10254 10256 10584
10256 10585 10584
10132 10156 10131
10126 10415 10128
10415 10417 10128
10447 10414 10126
10414 10415 10126
10176 10122 10447
10122 10414 10447
10122 10176 10429
10123 10122 10429
10482 10123 10475
10123 10429 10475
10475 10476 10482
10476 10478 10482
10390 10478 10409
10478 10476 10409
10389 10390 10410
10390 10409 10410
10122 10124 10133
10429 10178 10213
10349 10426 10350
10350 10426 10404
10345 10403 10402
10345 10347 10403
10345 10402 10505
10349 10351 10586
10354 10587 10425
10354 10588 10587
10287 10333 10285
10285 10589 10590
10285 10333 10589
10491 10278 10279
10493 10492 10281
10591 10592 10593
10594 10595 10596
10595 10597 10596
10598 10599 10600
10599 10601 10600
10602 10603 10592
10604 10605 10606
10607 10608 10604
10608 10609 10604
10610 10611 10612
10611 10613 10612
10614 10615 10616
10615 10617 10616
10618 10619 10620
10618 10621 10622
10606 10623 10604
10623 10624 10604
10600 10625 10626
10626 10625 10627
10628 10629 10610
10629 10611 10610
10630 10631 10632
10633 10634 10635
10634 10636 10635
10637 10638 10639
10640 10641 10634
10641 10636 10634
10642 10643 10644
10643 10645 10644
10646 10647 10648
10649 10650 10651
10652 10653 10654
10655 10656 10657
10656 10658 10657
10659 10660 10661
10660 10662 10661
10663 10664 10665
10666 10667 10668
10667 10669 10668
10670 10671 10672
10671 10673 10672
10674 10675 10676
10660 10677 10662
10677 10678 10662
10668 10679 10680
10679 10681 10680
10668 10669 10679
10669 10682 10679
10678 10683 10655
10683 10656 10655
10684 10685 10654
10685 10652 10654
10686 10647 10687
10688 10689 10690
10689 10691 10690
10692 10693 10694
10693 10695 10694
10693 10692 10696
10692 10697 10696
10678 10698 10699
10688 10700 10689
10700 10701 10689
10702 10689 10703
10689 10701 10703
10704 10705 10706
10705 10707 10706
10708 10709 10710
10709 10711 10710
10700 10712 10701
10712 10713 10701
10703 10701 10714
10701 10713 10714
10666 10668 10715
10668 10680 10715
10716 10717 10718
10717 10719 10718
10720 10721 10722
10723 10724 10725
10724 10726 10725
10727 10711 10728
10711 10709 10728
10729 10730 10731
10730 10732 10731
10704 10706 10733
10706 10734 10733
10735 10736 10737
10736 10722 10737
10738 10739 10740
10737 10722 10741
10722 10721 10741
10742 10743 10744
10743 10691 10744
10745 10746 10747
10746 10748 10747
10749 10750 10751
10750 10752 10751
10753 10754 10665
10754 10755 10665
10756 10757 10758
10757 10759 10758
10760 10761 10762
10763 10764 10765
10766 10767 10768
10767 10769 10768
10770 10771 10772
10771 10773 10772
10771 10774 10773
10774 10775 10773
10776 10777 10778
10777 10779 10778
10767 10780 10769
10780 10781 10769
10782 10783 10770
10783 10771 10770
10774 10771 10784
10771 10783 10784
10777 10785 10779
10785 10786 10779
10787 10788 10789
10790 10791 10792
10791 10793 10792
10794 10795 10796
10795 10797 10796
10772 10773 10798
10773 10797 10798
10757 10755 10759
10755 10754 10759
10775 10799 10796
10799 10800 10796
10774 10801 10775
10801 10799 10775
10801 10774 10802
10774 10784 10802
10657 10661 10655
10661 10662 10655
10731 10732 10726
10732 10803 10726
10670 10748 10671
10748 10746 10671
10655 10662 10678
10804 10805 10806
10761 10807 10762
10807 10808 10762
10807 10761 10809
10761 10810 10809
10756 10758 10811
10812 10638 10637
10813 10814 10815
10814 10816 10815
10817 10624 10818
10624 10623 10818
10819 10820 10821
10822 10823 10824
10823 10825 10824
10826 10827 10828
10829 10830 10831
10832 10833 10834
10833 10835 10834
10836 10837 10838
10837 10839 10838
10840 10841 10838
10841 10836 10838
10842 10843 10844
10843 10845 10844
10846 10847 10848
10847 10849 10848
10850 10851 10852
10851 10853 10852
10852 10853 10854
10853 10855 10854
10856 10857 10858
10857 10859 10858
10860 10861 10862
10861 10863 10862
10864 10865 10866
10865 10867 10866
10868 10864 10869
10864 10866 10869
10616 10617 10870
10617 10871 10870
10858 10859 10860
10859 10861 10860
10610 10872 10628
10872 10873 10628
10874 10620 10872
10620 10619 10872
10875 10876 10877
10863 10878 10862
10870 10871 10875
10871 10876 10875
10622 10873 10619
10873 10872 10619
10612 10874 10610
10874 10872 10610
10879 10880 10881
10882 10642 10883
10642 10644 10883
10631 10884 10885
10886 10887 10888
10887 10889 10888
10890 10891 10888
10891 10886 10888
10602 10591 10892
10591 10893 10892
10894 10895 10896
10895 10897 10896
10898 10899 10829
10899 10900 10829
10901 10902 10628
10902 10629 10628
10628 10873 10901
10873 10903 10901
10621 10903 10622
10903 10873 10622
10618 10622 10619
10900 10904 10829
10904 10830 10829
10880 10879 10905
10906 10907 10908
10907 10909 10908
10748 10670 10676
10670 10910 10676
10911 10647 10646
10912 10913 10914
10790 10792 10915
10792 10916 10915
10917 10918 10916
10919 10597 10595
10837 10835 10839
10835 10833 10839
10892 10893 10895
10893 10897 10895
10751 10920 10749
10920 10921 10749
10908 10728 10906
10728 10709 10906
10671 10724 10673
10724 10723 10673
10671 10746 10724
10746 10922 10724
10923 10922 10745
10922 10746 10745
10710 10711 10924
10711 10925 10924
10711 10727 10925
10727 10926 10925
10725 10726 10927
10726 10803 10927
10928 10929 10930
10663 10665 10931
10665 10932 10931
10930 10933 10928
10933 10934 10928
10935 10936 10937
10936 10938 10937
10939 10940 10935
10940 10936 10935
10936 10886 10938
10886 10891 10938
10936 10940 10886
10940 10887 10886
10941 10942 10867
10942 10866 10867
10942 10943 10866
10943 10869 10866
10843 10842 10944
10842 10945 10944
10946 10947 10941
10947 10942 10941
10947 10948 10942
10948 10943 10942
10944 10945 10949
10945 10950 10949
10951 10929 10952
10929 10953 10952
10949 10950 10840
10950 10841 10840
10592 10603 10947
10603 10948 10947
10593 10592 10946
10592 10947 10946
10911 10939 10687
10939 10935 10687
10687 10935 10686
10935 10937 10686
10933 10685 10934
10685 10684 10934
10954 10753 10955
10753 10664 10955
10754 10753 10954
10956 10759 10754
10957 10759 10956
10958 10959 10640
10959 10641 10640
10755 10960 10665
10755 10757 10960
10757 10961 10960
10605 10962 10606
10962 10963 10606
10608 10964 10609
10964 10965 10609
10643 10966 10645
10966 10967 10645
10820 10968 10969
10970 10971 10972
10971 10973 10972
10820 10819 10968
10631 10885 10632
10974 10975 10972
10975 10970 10972
10976 10822 10824
10977 10978 10979
10978 10980 10979
10981 10982 10976
10982 10983 10976
10978 10984 10985
10986 10987 10988
10987 10989 10988
10990 10991 10980
10991 10979 10980
10992 10824 10993
10824 10825 10993
10981 10992 10994
10994 10995 10981
10995 10982 10981
10996 10997 10988
10997 10986 10988
10985 10998 10990
10999 10601 10956
10601 10957 10956
11000 10999 10954
10999 10956 10954
10955 11001 10954
11001 11000 10954
10651 10650 10813
10650 10814 10813
10624 10817 10598
10817 10599 10598
10604 10624 10626
10624 10598 10626
10607 10604 10627
10604 10626 10627
10848 10849 10850
10849 10851 10850
10807 10693 10808
10693 10696 10808
10809 10695 10807
10695 10693 10807
10931 10932 10742
10932 10743 10742
10932 10960 10743
10960 11002 10743
10960 10961 11002
10961 10794 11002
10962 10989 10963
10989 10987 10963
10964 10615 10965
10615 10614 10965
10854 10855 10856
10855 10857 10856
10629 10902 10898
10902 10899 10898
10757 10756 10961
10756 11003 10961
10756 10811 11003
10811 11004 11003
10804 10806 11005
10806 11006 11005
10816 11007 10815
11007 11008 10815
11009 11010 10623
11010 10818 10623
10606 10963 10623
10963 11009 10623
10961 11003 10794
11003 10795 10794
11003 11004 10795
11004 11011 10795
11012 11013 11005
10984 10978 11008
11009 11014 11010
11014 11015 11010
10963 10987 11009
10987 11014 11009
10690 10691 11002
10691 10743 11002
10694 10681 10692
10681 10679 10692
10692 10679 10697
10679 10682 10697
10698 11012 10699
10744 10691 10702
10691 10689 10702
10764 10776 10765
10776 10778 10765
10796 10797 10775
10797 10773 10775
10798 10797 11011
10797 10795 11011
10796 10800 10794
10800 11002 10794
10706 10713 10734
10713 10712 10734
10714 10713 10707
10713 10706 10707
10925 10666 10924
10666 10715 10924
10925 10926 10666
10926 10667 10666
10927 10803 10658
10803 10657 10658
10803 10732 10657
10732 10661 10657
10730 10659 10732
10659 10661 10732
10705 10704 11016
10704 11017 11016
10733 11018 10704
11018 11017 10704
10729 10731 10923
10731 10922 10923
10726 10724 10731
10724 10922 10731
11019 11020 11021
11020 11022 11021
11020 11023 11022
11023 11024 11022
11023 11025 11024
10928 10934 11026
10934 11027 11026
10934 10684 11027
10684 11028 11027
11029 11028 10684
11030 11029 10654
10654 11031 11030
11031 10654 10653
10646 10648 10919
10919 10648 10597
11032 11031 10653
10611 10629 11033
10629 10898 11033
11033 10898 10831
10898 10829 10831
10664 10753 10665
11029 10684 10654
10928 11026 10953
10928 10953 10929
10698 11013 11012
11012 11005 11006
10683 10678 10699
11034 11035 10697
11035 10696 10697
11036 11034 10682
11034 10697 10682
10669 11037 10682
11037 11036 10682
10667 11038 10669
11038 11037 10669
10926 11039 10667
11039 11038 10667
10727 11040 10926
11040 11039 10926
10728 11041 10727
11041 11040 10727
10908 11042 10728
11042 11041 10728
10909 11043 10908
11043 11042 10908
10598 10600 10626
10896 10897 10594
10897 10595 10594
10897 10893 10595
10893 10919 10595
10893 10591 10919
10591 10646 10919
10591 10911 10646
10593 10911 10591
10946 10939 10593
10939 10911 10593
10939 10946 10940
10946 10941 10940
10867 10887 10941
10887 10940 10941
10865 10889 10867
10889 10887 10867
10591 10602 10592
10911 10687 10647
10826 10828 10905
10828 10880 10905
10822 10879 10881
10822 10881 10823
10822 10976 10879
10826 11044 10827
10830 10904 11045
10830 11045 11046
10761 10760 10810
10760 11047 11048
10760 11048 10810
10956 10754 10954
10957 10758 10759
11049 11050 11051
11050 11052 11051
11053 11054 11055
11054 11056 11055
11057 11058 11059
11058 11060 11059
11061 11062 11063
11062 11064 11063
11065 11066 11067
11066 11068 11067
11069 11070 11071
11070 11072 11071
11051 11052 11056
11052 11055 11056
11073 11074 11075
11074 11076 11075
11077 11078 11057
11078 11058 11057
11076 11074 11077
11074 11078 11077
11075 11072 11073
11072 11070 11073
11079 11080 11065
11080 11066 11065
11067 11068 11061
11068 11062 11061
11063 11064 11053
11064 11054 11053
11059 11060 11079
11060 11080 11079
11071 11081 11069
11082 11083 11049
11083 11050 11049
11084 11085 11086
11085 11087 11086
11088 11089 11090
11091 11092 11093
11092 11094 11093
11091 11095 11096
11095 11097 11096
11096 11097 11098
11097 11099 11098
11100 11101 11099
11101 11098 11099
11102 11103 11104
11103 11105 11104
11106 11107 11108
11107 11109 11108
11110 11111 11109
11111 11108 11109
11112 11113 11110
11113 11111 11110
11112 11114 11113
11114 11115 11113
11116 11117 11118
11117 11119 11118
11120 11121 11116
11121 11117 11116
11122 11123 11120
11123 11121 11120
11124 11125 11122
11125 11123 11122
11126 11127 11128
11129 11130 11131
11130 11132 11131
11133 11127 11126
11134 11135 11129
11135 11130 11129
11136 11137 11133
11132 11138 11105
11138 11139 11105
11136 11140 11137
11140 11141 11137
11091 11093 11095
11093 11142 11095
11092 11091 11090
11091 11096 11090
11098 11143 11096
11143 11090 11096
11101 11144 11098
11144 11143 11098
11145 11146 11147
11146 11148 11147
11148 11149 11147
11149 11150 11147
11149 11151 11150
11151 11152 11150
11153 11139 11154
11139 11155 11154
11156 11157 11158
11157 11159 11158
11157 11156 11138
11156 11160 11138
11155 11139 11160
11139 11138 11160
11126 11155 11133
11155 11160 11133
11156 11136 11160
11136 11133 11160
11158 11140 11156
11140 11136 11156
11154 11155 11161
11155 11126 11161
11127 11137 11148
11137 11149 11148
11137 11141 11149
11141 11151 11149
11127 11148 11128
11148 11146 11128
11102 11124 11103
11124 11122 11103
11120 11131 11122
11131 11103 11122
11116 11129 11120
11129 11131 11120
11118 11134 11116
11134 11129 11116
11111 11121 11108
11121 11123 11108
11113 11117 11111
11117 11121 11111
11115 11119 11113
11119 11117 11113
11108 11123 11106
11123 11125 11106
11107 11100 11109
11100 11099 11109
11097 11110 11099
11110 11109 11099
11095 11112 11097
11112 11110 11097
11095 11142 11112
11142 11114 11112
11139 11153 11105
11153 11104 11105
11138 11132 11157
11132 11130 11157
11105 11103 11132
11103 11131 11132
11135 11159 11130
11159 11157 11130
11147 11162 11145
11150 11162 11147
11152 11162 11150
11086 11087 11088
11087 11163 11088
11164 11165 11166
11165 11089 11166
11143 11144 11086
11144 11084 11086
11166 11089 11163
11089 11088 11163
11165 11094 11089
11094 11092 11089
11088 11090 11086
11090 11143 11086
11089 11092 11090
11161 11126 11128
11137 11127 11133
11167 11168 11169
11169 11168 11170
11171 11172 11173
11172 11174 11173
11175 11176 11177
11176 11178 11177
11178 11179 11177
11179 11180 11177
11181 11182 11183
11182 11184 11183
11185 11186 11182
11186 11184 11182
11187 11188 11189
11188 11190 11189
11188 11191 11190
11191 11192 11190
11190 11192 11193
11192 11194 11193
11193 11195 11190
11195 11189 11190
11196 11197 11198
11197 11199 11198
11200 11201 11202
11201 11203 11202
11204 11205 11206
11205 11207 11206
11208 11204 11209
11204 11206 11209
11210 11211 11212
11211 11213 11212
11214 11212 11215
11212 11213 11215
11211 11216 11213
11213 11216 11215
11187 11185 11188
11185 11182 11188
11182 11181 11188
11181 11191 11188
11174 11172 11184
11172 11217 11183
11218 11219 11220
11219 11221 11220
11222 11201 11200
11221 11219 11223
11171 11217 11172
11171 11170 11217
11169 11170 11171
11167 11223 11168
11221 11223 11167
11224 11222 11225
11226 11173 11227
11173 11228 11227
11229 11225 11226
11171 11173 11226
11225 11169 11226
11171 11226 11169
11222 11224 11201
11229 11224 11225
11227 11229 11226
11177 11180 11204
11180 11205 11204
11175 11177 11208
11177 11204 11208
11206 11207 11230
11207 11231 11230
11209 11206 11232
11206 11230 11232
11193 11194 11230
11194 11232 11230
11230 11231 11193
11231 11195 11193
11197 11196 11233
11196 11202 11233
11200 11202 11220
11202 11196 11220
11222 11200 11220
11225 11222 11167
11222 11221 11167
11225 11167 11169
11198 11218 11196
11218 11220 11196
11233 11202 11234
11202 11203 11234
11199 11197 11235
11197 11236 11235
11237 11238 11239
11238 11240 11239
11240 11241 11236
11235 11236 11242
11236 11241 11242
11221 11222 11220
11233 11239 11197
11239 11236 11197
11234 11237 11233
11237 11239 11233
11243 11228 11173
11184 11186 11174
11184 11172 11183
11186 11243 11174
11243 11173 11174
11244 11245 11246
11245 11247 11246
11248 11245 11249
11245 11244 11249
11250 11251 11252
11251 11253 11252
11254 11255 11256
11255 11257 11256
11258 11254 11259
11254 11256 11259
11260 11261 11262
11261 11263 11262
11264 11265 11266
11265 11267 11266
11268 11269 11270
11269 11271 11270
11271 11272 11270
11255 11252 11257
11252 11253 11257
11273 11274 11250
11274 11251 11250
11275 11276 11277
11276 11278 11277
11277 11278 11247
11278 11246 11247
11249 11274 11248
11274 11273 11248
11261 11264 11263
11264 11266 11263
11265 11279 11267
11279 11280 11267
11259 11280 11258
11280 11279 11258
11281 11282 11283
11282 11284 11283
11285 11286 11275
11286 11276 11275
11287 11288 11285
11288 11286 11285
11284 11282 11287
11282 11288 11287
11239 11240 11236
10526 10525 10346
10525 10348 10346
10517 10534 10516
10534 10532 10516
10506 10526 10346
10512 10530 10506
10530 10528 10506
11289 10536 10517
10536 10534 10517
10538 10536 11290
10536 11289 11290
10510 10518 10513
10508 10519 10510
10519 10518 10510
10505 10346 10345
10976 10824 10981
10981 10824 10992
10506 10528 10526
10994 10992 10642
10992 10643 10642
10993 10966 10992
10966 10643 10992
10990 10972 10991
10972 10973 10991
10998 10974 10990
10974 10972 10990
11291 10641 11292
10641 10959 11292
10997 10636 11291
10636 10641 11291
10635 10636 10996
10636 10997 10996
10995 10994 10882
10994 10642 10882
11293 11294 11295
11294 11296 11295
11297 10274 10262
10788 11298 10789
11298 11299 10789
10793 10917 10792
10914 10913 11300
10913 11301 11300
10915 10916 11302
10916 10918 11302
10792 10917 10916
10446 10433 11303
10434 10433 10446
10444 10446 11304
10446 11303 11304
10445 11305 10434
11305 10435 10434
11306 11307 10313
11307 10314 10313
11308 10432 11309
10432 10431 11309
11298 11310 11299
11310 11311 11299
11300 11301 11312
11301 11313 11312
11314 11315 10790
11315 10791 10790
10915 11316 10790
11316 11314 10790
11302 11317 10915
11317 11316 10915
11314 10783 11315
10783 10782 11315
10784 10783 11316
10783 11314 11316
10802 10784 11317
10784 11316 11317
11310 10786 11311
10786 10785 11311
11313 10781 11312
10781 10780 11312
10437 10444 10436
10444 11304 10436
10445 10444 10438
10444 10437 10438
10438 10439 10445
10439 11305 10445
10441 10440 11306
10440 11307 11306
10442 11308 10443
11308 11309 10443
9636 9637 11318
9637 11319 11318
9639 9638 9644
9638 11320 9644
9632 11321 9630
11321 11322 9630
9636 11318 9678
11318 11323 9678
9679 9741 9634
9741 9740 9634
9631 9745 9633
9745 9743 9633
9582 9579 9584
9579 9580 9584
9640 9641 9735
9641 9734 9735
9641 9651 9734
9651 9736 9734
9635 9634 9738
9634 9740 9738
9563 9581 9564
9581 9583 9564
9650 9639 9643
9639 9644 9643
11321 11324 11322
11319 11325 11318
11320 9642 9644
11318 11325 11323
10630 10632 10967
10632 10645 10967
10971 10970 10639
10970 10637 10639
10975 10812 10970
10812 10637 10970
10640 10819 10958
10819 10821 10958
10634 10968 10640
10968 10819 10640
10633 10969 10634
10969 10968 10634
10883 10644 10884
10644 10885 10884
10644 10645 10885
10645 10632 10885
10522 10173 10523
10173 10501 10523
10527 10175 10522
10175 10173 10522
10529 10406 10527
10406 10175 10527
10533 10166 10531
10166 10167 10531
10533 10535 10166
10535 10172 10166
10535 10537 10172
10537 10494 10172
10539 10520 10504
10520 10502 10504
10521 10503 10520
10503 10502 10520
10550 10509 10556
11007 10984 11008
11014 11326 11015
11326 11327 11015
10987 10986 11014
10986 11326 11014
10552 10551 11328
10551 11329 11328
11328 10515 10552
10515 10498 10552
10509 10513 10556
10978 10985 10980
10980 10985 10990
10518 10540 10513
11292 11327 11291
11327 11326 11291
10997 11291 10986
11291 11326 10986
11290 11289 11329
11289 11328 11329
11289 10517 11328
10517 10515 11328
11330 11331 11332
11333 10674 10910
10910 10674 10676
11332 11331 11334
10201 10325 10202
10325 11335 10202
10254 11336 10255
10260 10259 11337
10259 11338 11337
10327 10200 10427
10201 10200 10327
10584 11336 10254
10670 10672 10910
10672 11333 10910
11332 11334 10909
11334 11043 10909
10907 11330 10909
11330 11332 10909
10750 10740 10752
10740 10739 10752
10747 10748 10675
10748 10676 10675
10326 10428 10454
10428 10455 10454
10256 10453 10585
10453 10583 10585
10452 10453 10257
10453 10256 10257
10450 10451 11338
10451 11337 11338
10325 10457 11335
10457 10459 11335
10326 10454 10325
10454 10457 10325
11297 10262 10261
10717 11339 10719
10736 10720 10722
11293 11340 11294
10269 11341 10270
10266 11342 10268
10741 11016 10737
11016 11017 10737
11295 11296 10708
11296 10709 10708
10718 11343 10716
11343 11344 10716
10737 11017 10735
11017 11018 10735
10264 10273 10557
10273 10559 10557
10271 10272 11345
10272 11346 11345
10267 10234 10265
10234 10236 10265
10557 10558 10264
10558 10263 10264
11179 11178 11214
11178 11212 11214
11176 11210 11178
11210 11212 11178
11269 11268 11262
11268 11260 11262
11347 9832 11348
9832 9831 11348
11349 9805 11350
9805 9803 11350
11351 9844 11352
9844 9861 11352
11353 11354 11355
11354 11356 11355
11348 10029 11347
10029 10030 11347
10025 11349 10026
11349 11350 10026
11352 10024 11351
10024 10022 11351
10020 10019 11353
10019 11354 11353
9852 11357 9854
10012 11358 10011
10015 10014 10027
10014 10028 10027
10017 10021 10018
10021 10023 10018
9674 9670 9756
9672 9757 9755
11359 9759 9760
11360 10073 10072
11361 10068 10070
9759 11359 9758
9750 9756 9752
9756 9755 9752
10080 10077 10081
10077 10078 10081
10076 10079 10083
10079 10082 10083
9752 9755 9753
9755 9757 9753
9748 9747 9772
9747 9773 9772
10110 10111 10060
10111 10061 10060
10064 10063 10114
10063 10115 10114
10113 10067 10112
10067 10066 10112
10003 9797 10004
10280 10194 10495
10960 10932 10665
9845 9859 9860
9859 11362 9860
9859 9850 11362
9850 11363 11362
11363 9850 11364
9850 9846 11364
10002 11364 9846
10002 9846 9848
9659 9599 9686
9599 9680 9686
9656 9685 9731
9685 9732 9731
9658 9683 9656
9683 9685 9656
9676 9683 9658
