byte offset: 0
first index: 7830
index count: 2208
topology: trianglelist
format: DXGI_FORMAT_R16_UINT

1735 1736 1737
1735 1737 1738
1739 1740 1741
1736 1742 1743
1736 1743 1737
1744 1745 1746
1744 1746 1747
1748 1749 1750
1748 1750 1751
1745 1752 1753
1745 1753 1746
1739 1738 1737
1743 1740 1737
1748 1747 1746
1753 1749 1746
1740 1739 1737
1749 1748 1746
1751 1750 1754
1755 1756 1757
1755 1757 1758
1759 1760 1761
1762 1755 1758
1763 1764 1765
1766 1767 1768
1769 1770 1757
1769 1757 1771
1772 1773 1774
1775 1776 1770
1777 1778 1779
1776 1780 1777
1776 1777 1779
1781 1782 1783
1784 1785 1786
1784 1787 1788
1784 1789 1790
1784 1791 1789
1784 1792 1791
1784 1793 1792
1784 1794 1793
1786 1795 1784
1795 1796 1784
1796 1797 1784
1797 1794 1784
1770 1769 1775
1757 1756 1771
1798 1799 1758
1798 1800 1799
1800 1798 1801
1800 1801 1802
1772 1774 1783
1772 1783 1782
1803 1804 1776
1803 1776 1805
1764 1781 1783
1764 1783 1765
1760 1763 1765
1760 1765 1761
1768 1767 1759
1768 1759 1761
1766 1768 1779
1766 1779 1778
1774 1773 1806
1784 1790 1787
1775 1805 1776
1776 1804 1780
1807 1808 1809
1810 1811 1812
1810 1812 1813
1811 1814 1815
1811 1815 1812
1816 1817 1818
1819 1820 1821
1822 1823 1824
1822 1824 1825
1826 1827 1828
1826 1828 1829
1830 1831 1832
1833 1834 1835
1836 1837 1838
1836 1838 1839
1821 1840 1841
1821 1841 1819
1842 1843 1844
1842 1844 1845
1842 1845 1846
1847 1848 1849
1850 1836 1839
1850 1839 1851
1852 1853 1854
1852 1854 1855
1833 1835 1856
1857 1858 1859
1830 1860 1861
1862 1863 1864
1850 1851 1865
1850 1865 1866
1816 1818 1867
1816 1867 1868
1869 1859 1870
1871 1872 1873
1871 1873 1874
1875 1876 1877
1875 1877 1878
1854 1853 1874
1874 1873 1854
1879 1880 1881
1879 1881 1882
1883 1884 1885
1883 1885 1886
1887 1888 1889
1887 1889 1890
1880 1891 1881
1892 1852 1855
1892 1855 1893
1837 1894 1895
1837 1895 1838
1896 1897 1898
1896 1898 1899
1900 1901 1902
1903 1904 1905
1903 1905 1906
1900 1907 1908
1900 1908 1901
1908 1907 1909
1908 1909 1910
1911 1912 1913
1914 1915 1916
1914 1916 1917
1918 1919 1920
1918 1920 1921
1922 1923 1919
1922 1919 1918
1924 1925 1926
1924 1926 1927
1928 1929 1930
1901 1931 1932
1901 1932 1933
1901 1933 1902
1904 1934 1935
1904 1935 1905
1936 1901 1908
1936 1908 1937
1938 1937 1908
1938 1908 1910
1912 1939 1940
1941 1942 1943
1941 1943 1944
1920 1945 1946
1920 1946 1915
1919 1891 1945
1919 1945 1920
1881 1919 1923
1897 1947 1948
1897 1948 1898
1901 1936 1949
1901 1949 1931
1930 1950 1951
1930 1951 1926
1929 1950 1930
1858 1952 1813
1860 1953 1954
1912 1940 1938
1912 1938 1910
1919 1881 1891
1862 1864 1955
1956 1957 1958
1956 1958 1959
1960 1961 1962
1882 1963 1964
1882 1964 1962
1912 1910 1909
1912 1909 1913
1814 1892 1893
1814 1893 1815
1856 1895 1894
1856 1894 1965
1911 1966 1944
1943 1939 1912
1840 1866 1865
1840 1865 1841
1867 1872 1871
1867 1871 1868
1925 1928 1930
1925 1930 1926
1951 1967 1927
1951 1927 1926
1878 1877 1968
1878 1968 1969
1970 1971 1957
1970 1957 1956
1972 1876 1875
1853 1973 1971
1853 1971 1970
1852 1973 1853
1958 1974 1959
1961 1879 1882
1961 1882 1962
1964 1960 1962
1968 1975 1969
1922 1924 1927
1922 1927 1923
1923 1967 1881
1923 1927 1967
1914 1921 1920
1914 1920 1915
1943 1912 1944
1944 1912 1911
1976 1942 1941
1976 1941 1916
1916 1941 1977
1916 1977 1917
1946 1976 1916
1946 1916 1915
1933 1934 1904
1933 1904 1902
1902 1904 1903
1902 1903 1900
1809 1883 1886
1809 1886 1807
1846 1887 1890
1846 1890 1842
1978 1979 1980
1981 1982 1822
1981 1822 1825
1983 1984 1985
1984 1986 1985
1844 1843 1979
1844 1979 1978
1849 1848 1982
1849 1982 1981
1932 1931 1984
1932 1984 1983
1931 1949 1986
1931 1986 1984
1826 1829 1885
1826 1885 1884
1987 1988 1889
1987 1889 1888
1897 1896 1906
1897 1906 1905
1905 1935 1947
1905 1947 1897
1813 1952 1810
1882 1989 1963
1990 1991 1992
1828 1827 1993
1899 1898 1994
1898 1948 1994
1990 1992 1988
1990 1988 1987
1835 1834 1953
1953 1834 1954
1941 1966 1977
1944 1966 1941
1833 1856 1965
1995 1996 1997
1998 1999 2000
2001 2002 2003
2004 2005 2006
2004 2006 2007
2008 2009 2010
2008 2010 2011
2012 2013 2014
2012 2014 2015
2007 2006 2016
2007 2016 2017
2011 2010 2018
2011 2018 2019
2015 2014 2020
2015 2020 2021
2022 2023 2024
2022 2024 2025
2026 2027 2028
2029 2030 2005
2029 2005 2004
2022 2025 2009
2031 2028 2020
2032 2033 2030
2032 2030 2029
2026 2028 2031
2034 2035 2036
2034 2036 2037
2038 2039 2040
2041 2042 2043
2041 2043 2044
2045 2046 2047
2048 2049 2050
2051 2052 2053
2051 2053 2054
2055 2056 2057
2051 2058 2059
2060 2061 2062
2060 2062 2063
2064 2060 2063
2065 2066 2067
2065 2067 2068
2069 2065 2068
2069 2068 2070
2071 2072 2054
2071 2054 2055
2073 2071 2074
2059 2052 2051
2075 2076 2077
1802 1801 1806
1802 1806 2078
1784 1788 1785
1806 1773 2078
1758 1799 1762
2039 2038 2037
2039 2037 2036
2047 2046 2044
2047 2044 2043
2079 2080 2081
2079 2081 2082
2083 2084 2080
2083 2080 2079
2081 2080 2085
2081 2085 2086
2080 2084 2087
2080 2087 2085
2086 2088 2081
2081 2088 2082
1869 1870 1824
1869 1824 1823
1832 1831 1862
1832 1862 1955
2074 2071 2055
2055 2057 2074
2089 2064 2063
2057 2090 2091
2057 2091 2074
2070 2092 2093
2070 2093 2069
2074 2091 2094
2074 2094 2073
2089 2095 2096
2089 2096 2064
1858 1857 1952
1857 1859 1869
1830 1861 1831
1860 1954 1861
2022 2009 2008
2020 2028 2021
1997 1996 2013
1997 2013 2012
2097 1999 2016
2097 2016 2098
2002 2001 2019
2002 2019 2018
2054 2053 2056
2054 2056 2055
2062 2061 2077
2062 2077 2076
2067 2066 2049
2067 2049 2048
2054 2072 2058
2054 2058 2051
2006 2005 2099
2006 2099 2100
2016 2006 2100
2016 2100 2098
2005 2030 2101
2005 2101 2099
2030 2033 2102
2030 2102 2101
2016 1999 1998
2016 1998 2017
2000 1999 2097
2103 2104 2105
2103 2105 2106
2107 2108 2109
2106 2105 2110
2106 2110 2111
2112 2113 2114
2112 2114 2115
2116 2117 2118
2116 2118 2119
2115 2114 2120
2115 2120 2121
2107 2105 2104
2110 2105 2109
2116 2114 2113
2120 2114 2119
2109 2105 2107
2119 2114 2116
2117 2122 2118
2123 2124 2125
2123 2125 2126
2127 2128 2129
2130 2124 2123
2131 2132 2133
2134 2135 2136
2137 2138 2125
2137 2125 2139
2140 2141 2142
2143 2139 2144
2145 2146 2147
2144 2146 2145
2144 2145 2148
2149 2150 2151
2152 2153 2154
2152 2155 2156
2152 2157 2158
2152 2158 2159
2152 2159 2160
2152 2160 2161
2152 2161 2162
2153 2152 2163
2163 2152 2164
2164 2152 2165
2165 2152 2162
2139 2143 2137
2125 2138 2126
2166 2124 2167
2166 2167 2168
2168 2169 2170
2168 2170 2166
2140 2151 2150
2140 2150 2141
2171 2172 2144
2171 2144 2173
2133 2132 2150
2133 2150 2149
2129 2128 2132
2129 2132 2131
2135 2128 2127
2135 2127 2136
2134 2147 2146
2134 2146 2135
2141 2174 2142
2152 2156 2157
2143 2144 2172
2144 2148 2173
2175 2176 2177
2178 2179 2180
2178 2180 2181
2181 2180 2182
2181 2182 2183
2184 2185 2186
2187 2188 2189
2190 2191 2192
2190 2192 2193
2194 2195 2196
2194 2196 2197
2198 2199 2200
2201 2202 2203
2204 2205 2206
2204 2206 2207
2188 2187 2208
2188 2208 2209
2210 2211 2212
2210 2212 2213
2210 2214 2211
2215 2216 2217
2218 2219 2205
2218 2205 2204
2220 2221 2222
2220 2222 2223
2201 2224 2202
2225 2226 2227
2198 2228 2229
2230 2231 2232
2218 2233 2234
2218 2234 2219
2184 2235 2236
2184 2236 2185
2237 2238 2226
2239 2240 2241
2239 2241 2242
2243 2244 2245
2243 2245 2246
2222 2240 2223
2240 2222 2241
2247 2248 2249
2247 2249 2250
2251 2252 2253
2251 2253 2254
2255 2256 2257
2255 2257 2258
2250 2249 2259
2260 2261 2221
2260 2221 2220
2207 2206 2262
2207 2262 2263
2264 2265 2266
2264 2266 2267
2268 2269 2270
2271 2272 2273
2271 2273 2274
2268 2270 2275
2268 2275 2276
2275 2277 2278
2275 2278 2276
2279 2280 2281
2282 2283 2284
2282 2284 2285
2286 2287 2288
2286 2288 2289
2290 2286 2289
2290 2289 2291
2292 2293 2294
2292 2294 2295
2296 2297 2298
2270 2299 2300
2270 2300 2301
2270 2269 2299
2274 2273 2302
2274 2302 2303
2304 2305 2275
2304 2275 2270
2306 2277 2275
2306 2275 2305
2281 2307 2308
2309 2310 2311
2309 2311 2312
2288 2285 2313
2288 2313 2314
2289 2288 2314
2289 2314 2259
2249 2291 2289
2267 2266 2315
2267 2315 2316
2270 2301 2317
2270 2317 2304
2297 2294 2318
2297 2318 2319
2298 2297 2319
2227 2179 2320
2229 2321 2322
2281 2277 2306
2281 2306 2307
2289 2259 2249
2230 2323 2231
2324 2325 2326
2324 2326 2327
2328 2329 2330
2248 2329 2331
2248 2331 2332
2281 2280 2278
2281 2278 2277
2183 2182 2261
2183 2261 2260
2224 2333 2263
2224 2263 2262
2279 2310 2334
2311 2281 2308
2209 2208 2234
2209 2234 2233
2236 2235 2239
2236 2239 2242
2295 2294 2297
2295 2297 2296
2318 2294 2293
2318 2293 2335
2244 2336 2337
2244 2337 2245
2338 2324 2327
2338 2327 2339
2340 2243 2246
2223 2338 2339
2223 2339 2341
2220 2223 2341
2326 2325 2342
2330 2329 2248
2330 2248 2247
2331 2329 2328
2337 2336 2343
2290 2291 2293
2290 2293 2292
2291 2249 2335
2291 2335 2293
2282 2285 2288
2282 2288 2287
2311 2310 2281
2310 2279 2281
2344 2284 2309
2344 2309 2312
2284 2283 2345
2284 2345 2309
2313 2285 2284
2313 2284 2344
2299 2269 2274
2299 2274 2303
2269 2268 2271
2269 2271 2274
2176 2175 2252
2176 2252 2251
2214 2210 2256
2214 2256 2255
2346 2347 2348
2349 2191 2190
2349 2190 2350
2351 2352 2353
2353 2352 2354
2212 2346 2348
2212 2348 2213
2216 2349 2350
2216 2350 2217
2300 2351 2353
2300 2353 2301
2301 2353 2354
2301 2354 2317
2194 2254 2253
2194 2253 2195
2355 2258 2257
2355 2257 2356
2267 2273 2272
2267 2272 2264
2273 2267 2316
2273 2316 2302
2179 2178 2320
2248 2332 2357
2358 2359 2360
2196 2361 2197
2265 2362 2266
2266 2362 2315
2358 2355 2356
2358 2356 2359
2202 2322 2203
2322 2321 2203
2309 2345 2334
2310 2309 2334
2201 2333 2224
2363 2364 2365
2366 2367 2368
2369 2370 2371
2372 2373 2374
2372 2374 2375
2376 2377 2378
2376 2378 2379
2380 2381 2382
2380 2382 2383
2373 2384 2385
2373 2385 2374
2377 2386 2387
2377 2387 2378
2381 2388 2389
2381 2389 2382
2390 2391 2392
2390 2392 2393
2394 2395 2396
2397 2372 2375
2397 2375 2398
2390 2379 2391
2399 2389 2395
2400 2397 2398
2400 2398 2401
2394 2399 2395
2402 2403 2404
2402 2404 2405
2406 2407 2408
2409 2410 2411
2409 2411 2412
2413 2414 2415
2416 2417 2418
2419 2420 2421
2419 2421 2422
2423 2424 2425
2419 2426 2427
2428 2429 2430
2428 2430 2431
2432 2429 2428
2433 2434 2435
2433 2435 2436
2437 2438 2434
2437 2434 2433
2439 2423 2420
2439 2420 2440
2441 2442 2439
2426 2419 2422
2443 2444 2445
2169 2446 2174
2169 2174 2170
2152 2154 2155
2174 2446 2142
2124 2130 2167
2408 2404 2403
2408 2403 2406
2414 2411 2410
2414 2410 2415
2447 2448 2449
2447 2449 2450
2451 2447 2450
2451 2450 2452
2449 2453 2454
2449 2454 2450
2450 2454 2455
2450 2455 2452
2453 2449 2456
2449 2448 2456
2237 2193 2192
2237 2192 2238
2199 2323 2230
2199 2230 2200
2442 2423 2439
2423 2442 2424
2457 2429 2432
2424 2442 2458
2424 2458 2459
2438 2437 2460
2438 2460 2461
2442 2441 2462
2442 2462 2458
2457 2432 2463
2457 2463 2464
2227 2320 2225
2225 2237 2226
2198 2200 2228
2229 2228 2321
2390 2376 2379
2389 2388 2395
2364 2380 2383
2364 2383 2365
2465 2466 2385
2465 2385 2368
2371 2387 2386
2371 2386 2369
2420 2423 2425
2420 2425 2421
2430 2445 2444
2430 2444 2431
2435 2416 2418
2435 2418 2436
2420 2419 2427
2420 2427 2440
2374 2467 2468
2374 2468 2375
2385 2466 2467
2385 2467 2374
2375 2468 2469
2375 2469 2398
2398 2469 2470
2398 2470 2401
2385 2384 2366
2385 2366 2368
2367 2465 2368
