byte offset: 0
first index: 0
index count: 7830
topology: trianglelist
format: DXGI_FORMAT_R16_UINT

0 1 2
0 2 3
4 5 6
4 6 7
4 7 8
4 8 9
1 10 11
1 11 2
12 0 3
12 3 13
14 12 13
14 13 15
15 16 14
9 8 17
9 17 18
18 17 19
20 21 22
23 24 25
23 25 26
27 28 29
27 29 30
31 32 33
31 33 34
35 36 37
38 39 40
41 42 43
41 43 44
42 45 46
42 46 43
47 48 49
47 49 37
50 41 44
50 44 29
51 20 22
51 22 52
40 53 54
40 54 38
35 55 56
35 56 57
52 22 23
52 23 58
58 23 26
58 26 59
60 38 54
60 54 61
61 62 63
61 63 60
44 30 29
43 46 32
43 32 31
36 35 57
36 57 64
65 66 67
65 67 68
50 29 28
50 28 69
49 55 35
49 35 37
64 57 40
64 40 39
57 56 53
57 53 40
20 51 69
20 69 28
21 20 28
21 28 27
70 71 66
70 66 65
37 36 68
37 68 47
68 36 64
68 64 65
39 70 65
39 65 64
70 39 38
70 38 60
22 21 24
22 24 23
21 27 34
21 34 24
31 34 27
31 27 30
31 30 44
31 44 43
72 47 68
72 68 67
71 70 60
71 60 63
73 48 47
73 47 72
25 24 34
25 34 33
74 75 76
74 76 77
77 76 78
77 78 79
80 81 82
80 82 83
84 85 80
84 80 83
85 84 75
85 75 74
86 87 88
86 88 89
88 87 90
88 90 91
92 86 89
92 89 93
90 94 95
90 95 91
96 97 92
96 92 93
98 99 100
98 100 101
102 103 104
102 104 105
99 106 107
99 107 100
108 102 105
108 105 109
110 111 112
110 112 113
114 115 116
114 116 117
118 119 120
118 120 121
115 122 123
115 123 116
124 114 117
124 117 125
119 126 127
119 127 120
126 98 101
126 101 127
103 124 125
103 125 104
128 129 130
128 130 131
132 133 134
132 134 135
129 136 137
129 137 130
138 132 135
138 135 139
140 128 131
140 131 141
133 142 143
133 143 134
144 145 146
144 146 147
136 148 149
136 149 137
150 138 139
150 139 151
152 153 154
152 154 155
156 157 158
156 158 159
153 140 141
153 141 154
142 156 159
142 159 143
160 161 118
160 118 121
81 162 163
81 163 82
97 96 164
97 164 165
166 167 168
167 169 168
170 171 168
171 172 168
172 173 168
173 174 168
174 166 168
175 176 177
178 179 180
178 180 181
182 183 184
182 184 185
186 182 185
186 185 187
188 189 176
188 176 175
190 191 192
190 192 193
190 194 195
190 195 191
196 197 198
196 198 199
193 192 189
193 189 188
195 194 178
195 178 181
180 179 186
180 186 187
184 183 196
184 196 199
198 197 200
201 202 203
201 203 204
204 203 205
204 205 206
207 208 209
207 209 210
211 212 213
211 213 214
207 211 214
207 214 208
215 216 217
215 217 218
202 201 217
202 217 216
219 220 221
219 221 222
223 224 225
223 225 226
227 228 229
227 229 230
231 232 233
231 233 234
235 236 237
235 237 231
233 232 238
236 239 240
236 240 237
210 241 239
210 239 236
242 243 224
242 224 223
243 244 245
243 245 224
246 247 248
246 248 249
250 251 252
250 252 253
254 255 256
254 256 257
258 259 260
258 260 261
226 225 262
226 262 263
264 265 266
264 266 267
230 268 269
230 269 270
271 272 273
274 275 276
276 277 274
278 279 280
278 280 281
203 282 283
203 283 205
216 284 285
216 285 202
211 207 236
211 236 235
284 216 215
284 215 286
251 254 257
251 257 252
287 259 286
287 286 215
288 287 215
288 215 218
218 289 290
218 290 288
291 292 288
291 288 290
293 294 295
293 295 296
294 293 297
294 297 298
292 299 287
292 287 288
300 294 298
300 298 301
302 256 255
302 255 303
202 285 282
202 282 203
304 305 306
304 306 307
306 305 308
306 308 309
310 311 309
310 309 308
312 313 311
312 311 310
289 314 315
289 315 290
304 315 314
304 314 316
305 304 316
305 316 317
318 308 305
318 305 317
308 318 319
308 319 310
310 319 320
310 320 312
321 322 220
321 220 219
323 324 325
323 325 326
327 328 329
327 329 330
265 264 331
265 331 332
332 242 223
332 223 265
333 331 264
333 264 334
334 264 267
334 267 335
336 337 338
336 338 339
273 340 337
273 337 336
219 325 324
219 324 321
325 219 222
325 222 327
330 329 341
330 341 272
301 245 244
301 244 300
302 301 298
302 298 256
256 298 297
257 256 297
257 297 342
252 257 342
252 342 343
343 344 253
343 253 252
345 346 347
345 347 348
348 347 349
348 349 350
350 349 351
350 351 352
352 351 353
352 353 354
355 354 353
355 353 356
355 356 357
355 357 358
359 360 358
359 358 357
360 359 361
360 361 362
362 361 363
362 363 364
365 258 261
365 261 366
346 345 258
346 258 365
246 253 344
246 344 367
253 246 249
253 249 250
236 207 210
368 225 224
368 224 245
225 368 369
225 369 262
301 302 368
301 368 245
302 303 369
302 369 368
340 273 272
340 272 341
232 231 237
232 237 370
371 372 366
371 366 261
261 260 373
261 373 371
374 373 260
374 260 299
295 374 299
295 299 292
293 375 342
293 342 297
375 376 343
375 343 342
344 343 376
344 376 377
377 378 367
377 367 344
367 378 379
296 380 375
296 375 293
380 381 376
380 376 375
381 382 377
381 377 376
382 383 378
382 378 377
383 384 379
383 379 378
296 295 292
296 292 291
291 385 380
291 380 296
381 380 385
381 385 307
307 306 382
307 382 381
382 306 309
382 309 383
383 309 311
383 311 384
384 311 313
384 313 386
259 287 299
259 299 260
290 315 385
290 385 291
307 385 315
307 315 304
387 388 331
387 331 333
388 389 332
388 332 331
242 332 389
242 389 372
243 242 372
243 372 371
244 243 371
244 371 373
373 374 300
373 300 244
374 295 294
374 294 300
237 240 370
370 390 391
392 393 394
339 338 393
395 396 397
395 397 398
268 230 399
335 229 228
335 228 334
281 387 333
281 333 278
274 277 279
238 232 370
238 370 391
358 239 241
358 241 355
283 354 355
283 355 241
282 352 354
282 354 283
352 282 285
352 285 350
350 285 284
350 284 348
286 345 348
286 348 284
345 286 259
345 259 258
205 283 241
205 241 210
205 210 209
205 209 206
328 327 222
328 222 221
272 271 325
272 325 330
362 390 240
362 240 360
239 358 360
239 360 240
226 266 265
226 265 223
263 400 266
263 266 226
267 266 400
267 400 401
401 402 335
401 335 267
229 335 402
229 402 403
334 228 278
334 278 333
279 278 228
279 228 227
227 270 274
227 274 279
270 269 404
270 404 405
404 396 395
404 395 405
230 270 227
274 270 405
274 405 275
276 275 392
406 407 408
406 408 409
410 411 412
410 412 413
356 414 415
356 415 357
416 417 418
416 418 419
420 346 365
420 365 421
347 422 423
347 423 349
353 351 424
353 424 425
366 426 365
427 428 429
427 429 430
418 417 431
418 431 432
417 433 434
417 434 431
435 436 437
435 437 438
439 440 441
439 441 442
443 406 409
443 409 444
445 411 410
445 410 446
447 448 449
447 449 450
277 276 394
277 394 451
446 447 450
446 450 445
452 453 454
452 454 455
456 457 442
456 442 441
424 351 349
424 349 423
356 353 425
356 425 414
458 459 460
458 460 461
428 388 387
428 387 429
462 463 464
462 464 465
462 465 466
467 468 466
467 466 465
469 470 471
469 471 472
471 328 221
471 221 473
473 221 220
473 220 474
426 366 372
426 372 389
428 426 389
428 389 388
394 393 475
394 475 451
476 477 478
476 478 479
463 480 481
482 483 484
482 484 485
429 486 487
429 487 430
471 473 488
407 406 473
407 473 474
486 476 479
486 479 487
489 490 491
489 491 492
493 494 461
493 461 460
495 496 497
495 497 498
436 497 496
436 496 437
499 455 454
499 454 500
501 502 503
501 503 504
505 506 501
505 501 507
421 426 508
495 498 489
495 489 509
488 472 471
510 443 444
510 444 511
496 495 433
496 433 414
496 414 425
496 425 437
328 471 470
328 470 329
465 340 341
465 341 467
464 337 340
464 340 465
464 481 338
464 338 337
481 475 393
481 393 338
467 341 329
467 329 470
468 467 470
468 470 469
512 468 469
512 469 513
476 486 281
476 281 280
387 281 486
387 486 429
480 514 475
514 480 515
424 438 437
424 437 425
438 424 423
438 423 516
422 517 516
422 516 423
518 420 421
518 421 519
512 412 411
512 411 520
457 456 521
457 521 522
517 523 524
517 524 516
525 520 411
525 411 445
450 449 526
450 526 527
527 525 445
527 445 450
528 518 519
528 519 529
516 524 435
516 435 438
459 513 530
459 530 460
482 485 531
482 531 515
494 493 532
530 472 510
530 510 533
534 535 536
534 536 537
522 521 537
522 537 536
519 508 538
506 539 502
506 502 501
540 504 430
540 430 487
535 541 490
413 412 459
413 459 458
448 483 482
448 482 449
422 347 346
422 346 420
420 518 517
420 517 422
523 517 518
523 518 528
453 452 440
453 440 439
428 427 426
427 503 538
427 538 508
499 500 502
499 502 539
357 415 416
357 416 359
476 280 277
476 277 477
359 416 419
359 419 361
419 418 542
419 542 543
417 416 415
417 415 433
415 414 433
522 436 435
522 435 457
533 510 511
533 511 492
535 498 497
535 497 536
497 436 522
497 522 536
430 504 503
430 503 427
412 512 513
412 513 459
449 482 515
449 515 526
468 512 520
468 520 466
442 524 523
442 523 439
520 525 462
520 462 466
480 463 526
525 527 462
453 528 529
453 529 454
457 435 524
457 524 442
472 530 513
472 513 469
479 478 531
479 531 544
533 493 460
533 460 530
500 454 529
500 529 538
504 540 507
504 507 501
439 523 528
439 528 453
500 538 503
500 503 502
545 505 507
545 507 546
546 507 540
546 540 544
487 479 544
487 544 540
390 362 364
390 364 547
407 548 549
407 549 408
361 419 543
361 543 363
474 220 322
474 322 550
548 407 474
548 474 550
370 240 390
391 390 547
551 323 326
551 326 552
553 339 392
553 392 554
336 339 553
275 405 395
275 395 554
392 275 554
554 395 398
554 398 553
552 326 555
552 555 556
326 325 271
326 271 555
327 330 325
273 336 553
273 553 271
271 553 398
271 398 555
398 397 556
398 556 555
557 235 231
557 231 234
212 211 235
212 235 557
535 534 541
514 451 475
480 526 515
277 280 279
463 527 526
480 475 481
434 433 495
434 495 509
489 498 535
489 535 490
558 542 418
558 418 432
541 559 490
491 493 533
491 533 492
491 559 532
434 444 409
434 409 431
489 492 511
489 511 509
408 432 431
408 431 409
444 434 509
444 509 511
549 558 432
549 432 408
491 490 559
493 491 532
527 463 462
463 481 464
229 403 399
230 229 399
560 561 562
560 562 563
564 565 566
564 566 567
568 564 567
568 567 563
563 567 569
563 569 560
570 571 560
570 560 569
572 570 569
572 569 573
573 569 567
573 567 566
573 574 575
573 575 572
566 576 574
566 574 573
206 574 576
206 576 204
209 575 574
209 574 206
575 209 208
575 208 577
572 575 577
572 577 578
208 214 579
208 579 577
579 580 578
579 578 577
204 576 581
204 581 201
565 581 576
565 576 566
571 570 582
571 582 583
578 582 570
578 570 572
580 584 582
580 582 578
583 582 584
583 584 585
586 583 587
588 571 586
561 560 588
579 214 213
579 213 589
590 591 592
590 592 587
593 588 586
593 586 594
595 596 597
595 597 598
599 600 601
599 601 602
603 604 605
603 605 606
607 605 604
607 604 608
602 218 217
602 217 599
609 610 611
609 611 612
600 609 612
600 612 601
613 614 605
613 605 607
614 613 615
614 615 616
611 615 613
611 613 612
607 601 612
607 612 613
617 618 616
617 616 615
615 611 619
615 619 617
618 617 620
618 620 621
622 623 619
622 619 624
611 610 624
611 624 619
625 626 627
625 627 628
629 630 631
629 631 632
631 630 633
631 633 634
634 633 635
634 635 636
630 629 637
630 637 638
633 630 638
633 638 639
639 638 640
639 640 641
638 637 642
638 642 640
641 640 643
641 643 628
640 642 644
640 644 643
628 643 645
628 645 625
646 645 643
646 643 644
644 647 648
644 648 646
642 649 647
642 647 644
621 648 647
621 647 618
650 614 616
650 616 649
614 650 606
614 606 605
618 647 649
618 649 616
634 319 318
634 318 631
632 603 606
632 606 629
649 642 637
649 637 650
629 606 650
629 650 637
645 651 652
645 652 625
646 653 651
646 651 645
622 654 655
622 655 623
620 656 657
620 657 621
648 658 653
648 653 646
581 565 600
581 600 599
201 581 599
201 599 217
610 609 564
610 564 568
565 564 609
565 609 600
624 610 568
624 568 659
319 634 636
319 636 320
631 318 317
631 317 632
317 316 603
317 603 632
316 314 604
316 604 603
314 289 608
314 608 604
289 218 602
289 602 608
601 607 608
601 608 602
596 660 661
596 661 597
659 662 663
617 664 620
563 562 659
563 659 568
665 666 667
665 667 668
592 669 670
592 670 594
671 561 588
671 588 593
561 671 672
561 672 562
621 657 658
621 658 648
660 673 674
660 674 661
623 655 675
623 675 664
676 677 678
679 680 681
679 681 682
683 684 685
683 685 679
686 687 688
689 690 691
692 693 694
692 694 695
696 697 698
696 698 699
700 688 684
700 684 683
689 701 702
689 702 690
679 685 703
679 703 680
704 702 677
705 706 697
705 697 696
683 707 708
683 708 700
679 709 707
679 707 683
710 711 693
710 693 692
704 712 690
704 690 702
713 686 700
713 700 708
709 714 715
709 715 707
716 717 710
716 710 712
708 718 719
708 719 713
717 720 711
717 711 710
721 722 723
721 723 724
725 726 727
725 727 728
729 730 723
729 723 731
732 733 734
732 734 728
726 735 736
726 736 727
737 738 722
737 722 721
739 740 741
739 741 733
742 732 743
744 745 746
744 746 747
724 748 721
686 713 749
686 749 750
713 719 751
713 751 749
752 753 734
752 734 754
755 756 730
755 730 729
704 706 757
704 757 758
740 759 760
740 760 741
724 744 747
724 747 748
742 739 733
742 733 732
748 737 721
761 742 743
755 729 757
729 731 716
729 716 758
731 762 717
731 717 716
762 763 720
762 720 717
735 726 714
735 714 764
714 726 725
714 725 715
718 725 753
718 753 719
752 751 719
752 719 753
709 679 682
709 682 765
705 696 766
705 766 767
746 745 768
746 768 769
745 756 770
745 770 768
771 705 767
771 767 772
755 771 772
755 772 773
751 752 774
751 774 775
750 776 777
750 777 687
712 710 692
712 692 690
716 712 704
716 704 758
707 715 718
707 718 708
715 725 718
714 709 765
714 765 764
750 749 778
750 778 779
749 751 775
749 775 778
757 706 705
757 705 771
706 704 677
706 677 697
755 757 771
757 729 758
722 762 731
722 731 723
743 732 728
743 728 727
744 724 723
744 723 730
753 725 728
753 728 734
761 743 727
761 727 736
738 763 762
738 762 722
733 741 754
733 754 734
745 744 730
745 730 756
741 760 780
741 780 754
756 755 773
756 773 770
671 593 781
671 781 782
783 784 785
783 785 786
787 788 784
787 784 783
665 668 789
665 789 790
791 792 793
791 793 794
795 796 788
795 788 787
672 671 782
672 782 797
663 662 798
663 798 799
800 801 802
800 802 803
794 793 796
794 796 795
790 789 804
790 804 805
806 585 584
806 584 807
807 584 580
807 580 808
808 580 579
808 579 589
635 633 639
635 639 809
809 639 641
809 641 810
810 641 628
810 628 627
774 752 754
774 754 780
591 590 811
591 811 812
591 812 813
591 813 814
590 806 811
625 652 815
625 815 626
786 785 816
786 816 817
766 696 699
766 699 818
819 776 750
819 750 779
820 800 803
820 803 821
593 594 670
593 670 781
598 822 823
598 823 595
571 583 586
822 802 801
822 801 823
560 571 588
688 700 686
687 686 750
677 702 701
677 701 678
592 594 586
592 586 587
592 591 814
592 814 669
583 585 587
590 585 806
585 590 587
804 792 791
804 791 805
673 667 666
673 666 674
799 654 622
799 622 663
663 624 659
659 562 662
662 672 797
662 797 798
663 622 624
562 672 662
675 656 620
675 620 664
623 664 619
664 617 619
247 246 367
247 367 824
824 367 379
824 379 825
825 379 384
825 384 386
691 692 695
691 690 692
698 697 677
698 677 676
426 427 508
421 508 519
365 426 421
519 538 529
485 484 545
485 545 546
531 485 546
531 546 544
531 478 514
531 514 515
478 477 451
478 451 514
477 277 451
276 392 394
339 393 392
472 488 443
472 443 510
488 473 406
488 406 443
826 827 828
826 828 829
830 831 832
830 832 833
834 835 836
837 838 839
837 839 840
841 838 837
842 843 844
842 844 845
829 828 846
829 846 847
847 846 848
847 848 849
840 839 850
840 850 851
849 848 852
849 852 853
831 830 827
831 827 826
851 850 833
851 833 832
843 842 853
843 853 852
854 855 856
854 856 857
858 859 860
858 860 861
862 863 864
861 860 865
861 865 866
862 864 867
862 867 868
869 870 855
869 855 854
871 872 870
871 870 869
866 865 873
874 875 872
874 872 871
857 856 859
857 859 858
876 877 875
876 875 874
878 873 879
880 879 881
880 882 883
880 881 882
880 883 884
866 873 878
878 879 880
845 844 834
845 834 836
868 867 877
868 877 876
6 5 885
6 885 886
11 10 886
11 886 885
887 888 889
887 889 890
891 892 893
891 893 894
891 895 896
891 896 892
890 889 897
890 897 898
899 900 888
899 888 887
901 902 900
901 900 899
902 901 903
895 904 905
895 905 896
904 906 905
907 908 909
910 911 912
910 912 913
914 915 916
914 916 917
918 919 920
918 920 921
922 923 924
925 926 927
928 929 930
928 930 931
931 930 932
931 932 933
934 923 935
934 935 936
937 916 929
937 929 928
938 939 908
938 908 907
926 925 940
926 940 941
922 942 943
922 943 944
939 945 910
939 910 908
945 946 911
945 911 910
947 948 940
947 940 925
948 947 949
948 949 950
929 916 915
930 918 921
930 921 932
924 951 942
924 942 922
952 953 954
952 954 955
937 956 917
937 917 916
935 923 922
935 922 944
951 927 926
951 926 942
942 926 941
942 941 943
907 917 956
907 956 938
909 914 917
909 917 907
957 952 955
957 955 958
923 934 953
923 953 924
953 952 951
953 951 924
927 951 952
927 952 957
957 947 925
957 925 927
908 910 913
908 913 909
909 913 919
909 919 914
918 915 914
918 914 919
918 930 929
918 929 915
959 954 953
959 953 934
958 949 947
958 947 957
960 959 934
960 934 936
912 920 919
912 919 913
961 962 963
961 963 964
962 965 966
962 966 963
967 968 969
967 969 970
971 968 967
971 967 972
972 961 964
972 964 971
973 974 975
973 975 976
975 977 978
975 978 976
979 980 974
979 974 973
978 977 981
978 981 982
983 980 979
983 979 984
985 986 987
985 987 988
989 990 991
989 991 992
988 987 993
988 993 994
995 996 990
995 990 989
997 998 999
997 999 1000
1001 1002 1003
1001 1003 1004
1005 1006 1007
1005 1007 1008
1004 1003 1009
1004 1009 1010
1011 1012 1002
1011 1002 1001
1008 1007 1013
1008 1013 1014
1014 1013 986
1014 986 985
992 991 1012
992 1012 1011
1015 1016 1017
1015 1017 1018
1019 1020 1021
1019 1021 1022
1018 1017 1023
1018 1023 1024
1025 1026 1020
1025 1020 1019
1027 1028 1016
1027 1016 1015
1022 1021 1029
1022 1029 1030
1031 1032 1033
1031 1033 1034
1024 1023 1035
1024 1035 1036
1037 1038 1026
1037 1026 1025
1039 1040 1041
1039 1041 1042
1043 1044 1045
1043 1045 1046
1042 1041 1028
1042 1028 1027
1030 1029 1044
1030 1044 1043
1047 1006 1005
1047 1005 1048
970 969 1049
970 1049 1050
984 1051 1052
984 1052 983
1053 1054 1055
1055 1054 1056
1057 1054 1058
1058 1054 1059
1059 1054 1060
1060 1054 1061
1061 1054 1053
1062 1063 1064
1065 1066 1067
1065 1067 1068
1069 1070 1071
1069 1071 1072
1073 1074 1070
1073 1070 1069
1075 1062 1064
1075 1064 1076
1077 1078 1079
1077 1079 1080
1077 1080 1081
1077 1081 1082
1083 1084 1085
1083 1085 1086
1078 1075 1076
1078 1076 1079
1081 1066 1065
1081 1065 1082
1067 1074 1073
1067 1073 1068
1071 1084 1083
1071 1083 1072
1085 1087 1086
1088 1089 1090
1088 1090 1091
1089 1092 1093
1089 1093 1090
1094 1095 1096
1094 1096 1097
1098 1099 213
1098 213 212
1094 1097 1099
1094 1099 1098
1100 1101 1102
1100 1102 1103
1091 1103 1102
1091 1102 1088
1104 1105 1106
1104 1106 1107
1108 1109 1110
1108 1110 1111
1112 1113 1114
1112 1114 1115
1116 234 233
1116 233 1117
1118 1116 1119
1118 1119 1120
233 238 1117
1120 1119 1121
1120 1121 1122
1095 1120 1122
1095 1122 1123
1124 1108 1111
1124 1111 1125
1125 1111 1126
1125 1126 1127
1128 1129 1130
1128 1130 1131
1132 1133 1134
1132 1134 1135
1136 1137 1138
1136 1138 1139
1140 1141 1142
1140 1142 1143
1109 1144 1145
1109 1145 1110
1146 1147 1148
1146 1148 1149
1113 1150 1151
1113 1151 1152
1153 1154 1155
1156 1157 1158
1157 1156 1159
1160 1161 1162
1160 1162 1163
1090 1093 1164
1090 1164 1165
1103 1091 1166
1103 1166 1167
1098 1118 1120
1098 1120 1094
1167 1168 1100
1167 1100 1103
1135 1134 1137
1135 1137 1136
1169 1100 1168
1169 1168 1143
1170 1101 1100
1170 1100 1169
1101 1170 1171
1101 1171 1172
1173 1171 1170
1173 1170 1174
1175 1176 1177
1175 1177 1178
1178 1179 1180
1178 1180 1175
1174 1170 1169
1174 1169 1181
1182 1183 1179
1182 1179 1178
1184 1185 1139
1184 1139 1138
1091 1090 1165
1091 1165 1166
1186 1187 1188
1186 1188 1189
1188 1190 1191
1188 1191 1189
1192 1191 1190
1192 1190 1193
312 1192 1193
312 1193 313
1172 1171 1194
1172 1194 1195
1186 1196 1195
1186 1195 1194
1189 1197 1196
1189 1196 1186
1198 1197 1189
1198 1189 1191
1191 1192 1199
1191 1199 1198
1192 312 320
1192 320 1199
321 1104 1107
321 1107 322
323 1200 1201
323 1201 324
1202 1203 1204
1202 1204 1205
1149 1206 1207
1149 1207 1146
1206 1149 1108
1206 1108 1124
1208 1209 1146
1208 1146 1207
1209 1210 1147
1209 1147 1146
1211 1212 1213
1211 1213 1214
1154 1211 1214
1154 1214 1215
1104 321 324
1104 324 1201
1201 1105 1104
1201 1202 1105
1203 1155 1216
1203 1216 1204
1183 1182 1127
1183 1127 1126
1184 1138 1179
1184 1179 1183
1138 1180 1179
1137 1217 1180
1137 1180 1138
1134 1218 1217
1134 1217 1137
1218 1134 1133
1218 1133 1219
1220 1221 1222
1220 1222 1223
1221 1224 1225
1221 1225 1222
1224 1226 1227
1224 1227 1225
1226 1228 1229
1226 1229 1227
1230 1231 1229
1230 1229 1228
1230 1232 1233
1230 1233 1231
1234 1233 1232
1234 1232 1235
1235 1236 1237
1235 1237 1234
1236 364 363
1236 363 1237
1238 1239 1141
1238 1141 1140
1223 1238 1140
1223 1140 1220
1128 1240 1219
1128 1219 1133
1133 1132 1129
1133 1129 1128
1120 1095 1094
1241 1126 1111
1241 1111 1110
1110 1145 1242
1110 1242 1241
1183 1126 1241
1183 1241 1184
1184 1241 1242
1184 1242 1185
1215 1216 1155
1215 1155 1154
1117 1243 1119
1117 1119 1116
1244 1141 1239
1244 1239 1245
1141 1244 1246
1141 1246 1142
1247 1181 1142
1247 1142 1246
1177 1174 1181
1177 1181 1247
1175 1180 1217
1175 1217 1248
1248 1217 1218
1248 1218 1249
1219 1250 1249
1219 1249 1218
1250 1219 1240
1250 1240 1251
1240 1252 1251
1176 1175 1248
1176 1248 1253
1253 1248 1249
1253 1249 1254
1254 1249 1250
1254 1250 1255
1255 1250 1251
1255 1251 1256
1256 1251 1252
1256 1252 1257
1176 1173 1174
1176 1174 1177
1173 1176 1253
1173 1253 1258
1254 1187 1258
1254 1258 1253
1187 1254 1255
1187 1255 1188
1255 1256 1190
1255 1190 1188
1256 1257 1193
1256 1193 1190
1257 386 313
1257 313 1193
1143 1142 1181
1143 1181 1169
1171 1173 1258
1171 1258 1194
1187 1186 1194
1187 1194 1258
1259 1208 1207
1259 1207 1260
1260 1207 1206
1260 1206 1261
1124 1245 1261
1124 1261 1206
1125 1244 1245
1125 1245 1124
1127 1246 1244
1127 1244 1125
1246 1127 1182
1246 1182 1247
1247 1182 1178
1247 1178 1177
1119 1243 1121
1243 391 1262
1263 1264 1265
1212 1265 1213
1266 1267 1268
1266 1268 1269
1152 1270 1113
1210 1209 1115
1210 1115 1114
1161 1160 1208
1161 1208 1259
1156 1163 1159
238 391 1243
238 1243 1117
1232 1230 1123
1232 1123 1122
1164 1123 1230
1164 1230 1228
1165 1164 1228
1165 1228 1226
1226 1224 1166
1226 1166 1165
1224 1221 1167
1224 1167 1166
1168 1167 1221
1168 1221 1220
1220 1140 1143
1220 1143 1168
1093 1095 1123
1093 1123 1164
1093 1092 1096
1093 1096 1095
1205 1106 1105
1205 1105 1202
1155 1203 1201
1155 1201 1153
1236 1235 1121
1236 1121 1262
1122 1121 1235
1122 1235 1232
1109 1108 1149
1109 1149 1148
1144 1109 1148
1144 1148 1271
1147 1272 1271
1147 1271 1148
1272 1147 1210
1272 1210 1273
1114 1274 1273
1114 1273 1210
1209 1208 1160
1209 1160 1115
1163 1112 1115
1163 1115 1160
1112 1163 1156
1112 1156 1150
1150 1275 1276
1150 1276 1151
1276 1275 1266
1276 1266 1269
1113 1112 1150
1156 1158 1275
1156 1275 1150
1157 1263 1158
1277 1278 1279
1277 1279 1280
1281 1282 1283
1281 1283 1284
1231 1233 1285
1231 1285 1286
1287 1288 1289
1287 1289 1290
1291 1292 1238
1291 1238 1223
1222 1225 1293
1222 1293 1294
1229 1295 1296
1229 1296 1227
1239 1238 1297
1298 1299 1300
1298 1300 1301
1289 1302 1303
1289 1303 1290
1290 1303 1304
1290 1304 1305
1306 1307 1308
1306 1308 1309
1310 1311 1312
1310 1312 1313
1314 1315 1278
1314 1278 1277
1316 1317 1281
1316 1281 1284
1318 1319 1320
1318 1320 1321
1159 1322 1264
1159 1264 1157
1317 1316 1319
1317 1319 1318
1323 1324 1325
1323 1325 1326
1327 1312 1311
1327 1311 1328
1296 1293 1225
1296 1225 1227
1231 1286 1295
1231 1295 1229
1329 1330 1331
1329 1331 1332
1301 1300 1259
1301 1259 1260
1333 1334 1335
1333 1336 1337
1333 1337 1334
1338 1337 1336
1338 1336 1339
1340 1341 1342
1340 1342 1343
1342 1344 1106
1342 1106 1205
1344 1345 1107
1344 1107 1106
1297 1261 1245
1297 1245 1239
1301 1260 1261
1301 1261 1297
1264 1322 1346
1264 1346 1265
1347 1348 1349
1347 1349 1350
1335 1351 1352
1353 1354 1355
1353 1355 1356
1300 1299 1357
1300 1357 1358
1342 1359 1344
1280 1345 1344
1280 1344 1277
1358 1357 1348
1358 1348 1347
1360 1361 1362
1360 1362 1363
1364 1331 1330
1364 1330 1365
1366 1367 1368
1366 1368 1369
1309 1308 1369
1309 1369 1368
1370 1371 1325
1370 1325 1324
1372 1373 1374
1372 1374 1375
1376 1377 1372
1376 1372 1378
1292 1379 1297
1366 1380 1360
1366 1360 1367
1359 1342 1341
1381 1382 1315
1381 1315 1314
1369 1286 1305
1369 1305 1366
1369 1308 1295
1369 1295 1286
1205 1204 1343
1205 1343 1342
1337 1338 1216
1337 1216 1215
1334 1337 1215
1334 1215 1214
1334 1214 1213
1334 1213 1351
1351 1213 1265
1351 1265 1346
1338 1343 1204
1338 1204 1216
1339 1340 1343
1339 1343 1338
1383 1384 1340
1383 1340 1339
1347 1162 1161
1347 1161 1358
1259 1300 1358
1259 1358 1161
1352 1346 1385
1385 1386 1352
1296 1295 1308
1296 1308 1307
1307 1387 1293
1307 1293 1296
1294 1293 1387
1294 1387 1388
1389 1390 1292
1389 1292 1291
1383 1391 1284
1383 1284 1283
1328 1392 1393
1328 1393 1327
1388 1387 1394
1388 1394 1395
1396 1316 1284
1396 1284 1391
1319 1397 1398
1319 1398 1320
1397 1319 1316
1397 1316 1396
1399 1400 1390
1399 1390 1389
1387 1307 1306
1387 1306 1394
1332 1331 1401
1332 1401 1384
1353 1386 1402
1353 1402 1354
1365 1403 1364
1401 1404 1381
1401 1381 1341
1405 1406 1407
1405 1407 1408
1392 1407 1406
1392 1406 1393
1390 1409 1379
1378 1372 1375
1378 1375 1410
1411 1357 1299
1411 1299 1373
1408 1363 1412
1282 1329 1332
1282 1332 1283
1321 1320 1353
1321 1353 1356
1294 1291 1223
1294 1223 1222
1291 1294 1388
1291 1388 1389
1395 1399 1389
1395 1389 1388
1326 1310 1313
1326 1313 1323
1301 1297 1298
1298 1379 1409
1298 1409 1374
1370 1410 1375
1370 1375 1371
1233 1234 1287
1233 1287 1285
1347 1350 1159
1347 1159 1162
1234 1237 1288
1234 1288 1287
1288 543 542
1288 542 1289
1290 1305 1285
1290 1285 1287
1285 1305 1286
1392 1328 1306
1392 1306 1309
1404 1361 1382
1404 1382 1381
1408 1407 1368
1408 1368 1367
1368 1407 1392
1368 1392 1309
1299 1298 1374
1299 1374 1373
1283 1332 1384
1283 1384 1383
1320 1398 1386
1320 1386 1353
1339 1336 1391
1339 1391 1383
1311 1310 1395
1311 1395 1394
1391 1336 1333
1391 1333 1396
1352 1398 1335
1396 1333 1397
1326 1325 1400
1326 1400 1399
1328 1311 1394
1328 1394 1306
1341 1340 1384
1341 1384 1401
1348 1413 1402
1348 1402 1349
1404 1401 1331
1404 1331 1364
1371 1409 1400
1371 1400 1325
1373 1372 1377
1373 1377 1411
1310 1326 1399
1310 1399 1395
1371 1375 1374
1371 1374 1409
1414 1415 1377
1414 1377 1376
1415 1413 1411
1415 1411 1377
1357 1411 1413
1357 1413 1348
1262 547 364
1262 364 1236
1280 1279 549
1280 549 548
1237 363 543
1237 543 1288
1345 550 322
1345 322 1107
548 550 1345
548 1345 1280
1243 1262 1121
391 547 1262
551 1416 1200
551 1200 323
1417 1418 1263
1417 1263 1212
1211 1417 1212
1158 1418 1266
1158 1266 1275
1263 1418 1158
1418 1417 1267
1418 1267 1266
1416 1419 1420
1416 1420 1200
1200 1420 1153
1200 1153 1201
1202 1201 1203
1154 1153 1417
1154 1417 1211
1153 1420 1267
1153 1267 1417
1267 1420 1419
1267 1419 1268
557 234 1116
557 1116 1118
212 557 1118
212 1118 1098
1408 1412 1405
1385 1346 1322
1352 1386 1398
1159 1163 1162
1335 1398 1397
1352 1351 1346
1304 1380 1366
1304 1366 1305
1360 1363 1408
1360 1408 1367
558 1302 1289
558 1289 542
1412 1363 1421
1362 1361 1404
1362 1404 1364
1362 1403 1421
1304 1303 1278
1304 1278 1315
1360 1380 1382
1360 1382 1361
1279 1278 1303
1279 1303 1302
1315 1382 1380
1315 1380 1304
549 1279 1302
549 1302 558
1362 1421 1363
1364 1403 1362
1397 1333 1335
1335 1334 1351
1114 1270 1274
1113 1270 1114
1422 1423 1424
1422 1424 1425
1426 1427 1428
1426 1428 1429
1430 1423 1427
1430 1427 1426
1423 1422 1431
1423 1431 1427
1432 1431 1422
1432 1422 1433
1434 1435 1431
1434 1431 1432
1435 1428 1427
1435 1427 1431
1435 1434 1436
1435 1436 1437
1428 1435 1437
1428 1437 1438
1092 1089 1438
1092 1438 1437
1096 1092 1437
1096 1437 1436
1436 1439 1097
1436 1097 1096
1434 1440 1439
1434 1439 1436
1097 1439 1441
1097 1441 1099
1441 1439 1440
1441 1440 1442
1089 1088 1443
1089 1443 1438
1429 1428 1438
1429 1438 1443
1433 1444 1445
1433 1445 1432
1440 1434 1432
1440 1432 1445
1442 1440 1445
1442 1445 1446
1444 1447 1446
1444 1446 1445
1448 1449 1444
1450 1448 1433
1425 1450 1422
1441 589 213
1441 213 1099
1451 1449 1452
1451 1452 1453
1454 1455 1448
1454 1448 1450
1456 1457 1458
1456 1458 1459
1460 1461 1462
1460 1462 1463
1464 1465 1466
1464 1466 1467
1468 1469 1467
1468 1467 1466
1461 1460 1102
1461 1102 1101
1470 1471 1472
1470 1472 1473
1463 1462 1471
1463 1471 1470
1474 1468 1466
1474 1466 1475
1475 1476 1477
1475 1477 1474
1472 1471 1474
1472 1474 1477
1468 1474 1471
1468 1471 1462
1478 1477 1476
1478 1476 1479
1477 1478 1480
1477 1480 1472
1479 1481 1482
1479 1482 1478
1483 1484 1480
1483 1480 1485
1472 1480 1484
1472 1484 1473
1486 1487 627
1486 627 626
1488 1489 1490
1488 1490 1491
1490 1492 1493
1490 1493 1491
1492 636 635
1492 635 1493
1491 1494 1495
1491 1495 1488
1493 1496 1494
1493 1494 1491
1496 1497 1498
1496 1498 1494
1494 1498 1499
1494 1499 1495
1497 1487 1500
1497 1500 1498
1498 1500 1501
1498 1501 1499
1487 1486 1502
1487 1502 1500
1503 1501 1500
1503 1500 1502
1501 1503 1504
1501 1504 1505
1499 1501 1505
1499 1505 1506
1481 1479 1505
1481 1505 1504
1507 1506 1476
1507 1476 1475
1475 1466 1465
1475 1465 1507
1479 1476 1506
1479 1506 1505
1492 1490 1198
1492 1198 1199
1489 1488 1465
1489 1465 1464
1506 1507 1495
1506 1495 1499
1488 1495 1507
1488 1507 1465
1502 1486 1508
1502 1508 1509
1503 1502 1509
1503 1509 1510
1483 1485 1511
1483 1511 1512
1482 1481 1513
1482 1513 1514
1504 1503 1510
1504 1510 1515
1443 1460 1463
1443 1463 1429
1088 1102 1460
1088 1460 1443
1473 1430 1426
1473 1426 1470
1429 1463 1470
1429 1470 1426
1484 1516 1430
1484 1430 1473
1199 320 636
1199 636 1492
1490 1489 1197
1490 1197 1198
1197 1489 1464
1197 1464 1196
1196 1464 1467
1196 1467 1195
1195 1467 1469
1195 1469 1172
1172 1469 1461
1172 1461 1101
1462 1461 1469
1462 1469 1468
1459 1458 1517
1459 1517 1518
1516 1519 1520
1478 1482 1521
1423 1430 1516
1423 1516 1424
1522 1523 1524
1522 1524 1525
1452 1455 1526
1452 1526 1527
1528 1454 1450
1528 1450 1425
1425 1424 1529
1425 1529 1528
1481 1504 1515
1481 1515 1513
1518 1517 1530
1518 1530 1531
1485 1521 1532
1485 1532 1511
1533 1534 1535
1536 1537 1538
1536 1538 1539
1540 1536 1541
1540 1541 1542
1543 1544 1545
1546 1547 1548
1549 1550 1551
1549 1551 1552
1553 1554 1555
1553 1555 1556
1557 1540 1542
1557 1542 1544
1546 1548 1558
1546 1558 1559
1536 1539 1560
1536 1560 1541
1561 1535 1558
1562 1553 1556
1562 1556 1563
1540 1557 1564
1540 1564 1565
1536 1540 1565
1536 1565 1566
1567 1551 1550
1567 1550 1568
1561 1558 1548
1561 1548 1569
1570 1564 1557
1570 1557 1543
1566 1565 1571
1566 1571 1572
1573 1569 1567
1573 1567 1574
1564 1570 1575
1564 1575 1576
1574 1567 1568
1574 1568 1577
1578 1579 1580
1578 1580 1581
1582 1583 1584
1582 1584 1585
1586 1587 1580
1586 1580 1588
1589 1583 1590
1589 1590 1591
1585 1584 1592
1585 1592 1593
1594 1578 1581
1594 1581 1595
1596 1591 1597
1596 1597 1598
1599 1600 1589
1601 1602 1603
1601 1603 1604
1579 1578 1605
1543 1606 1607
1543 1607 1570
1570 1607 1608
1570 1608 1575
1609 1610 1590
1609 1590 1611
1612 1586 1588
1612 1588 1613
1561 1614 1615
1561 1615 1563
1598 1597 1616
1598 1616 1617
1579 1605 1602
1579 1602 1601
1599 1589 1591
1599 1591 1596
1605 1578 1594
1618 1600 1599
1612 1615 1586
1586 1614 1573
1586 1573 1587
1587 1573 1574
1587 1574 1619
1619 1574 1577
1619 1577 1620
1593 1621 1572
1593 1572 1585
1572 1571 1582
1572 1582 1585
1576 1575 1611
1576 1611 1582
1609 1611 1575
1609 1575 1608
1566 1622 1537
1566 1537 1536
1562 1623 1624
1562 1624 1553
1603 1625 1626
1603 1626 1604
1604 1626 1627
1604 1627 1613
1628 1629 1623
1628 1623 1562
1612 1630 1629
1612 1629 1628
1608 1631 1632
1608 1632 1609
1606 1633 1634
1606 1545 1633
1569 1548 1551
1569 1551 1567
1573 1614 1561
1573 1561 1569
1565 1564 1576
1565 1576 1571
1571 1576 1582
1572 1621 1622
1572 1622 1566
1606 1635 1636
1606 1636 1607
1607 1636 1631
1607 1631 1608
1615 1628 1562
1615 1562 1563
1563 1556 1535
1563 1535 1561
1612 1628 1615
1615 1614 1586
1581 1580 1587
1581 1587 1619
1600 1584 1583
1600 1583 1589
1601 1588 1580
1601 1580 1579
1611 1590 1583
1611 1583 1582
1618 1592 1584
1618 1584 1600
1595 1581 1619
1595 1619 1620
1591 1590 1610
1591 1610 1597
1604 1613 1588
1604 1588 1601
1597 1610 1637
1597 1637 1616
1613 1627 1630
1613 1630 1612
1528 1638 1639
1528 1639 1454
1640 1641 1642
1640 1642 1643
1644 1640 1643
1644 1643 1645
1522 1646 1647
1522 1647 1523
1648 1649 1650
1648 1650 1651
1652 1644 1645
1652 1645 1653
1529 1654 1638
1529 1638 1528
1519 1655 1656
1519 1656 1520
1657 1658 1659
1657 1659 1660
1649 1652 1653
1649 1653 1650
1646 1661 1662
1646 1662 1647
806 807 1446
806 1446 1447
807 808 1442
807 1442 1446
808 589 1441
808 1441 1442
635 809 1496
635 1496 1493
809 810 1497
809 1497 1496
810 627 1487
810 1487 1497
1632 1637 1610
1632 1610 1609
1453 812 811
1453 811 1451
1453 1663 813
1453 813 812
1451 811 806
1486 626 815
1486 815 1508
1641 1664 1665
1641 1665 1642
1624 1666 1554
1624 1554 1553
1667 1635 1606
1667 1606 1634
1668 1669 1658
1668 1658 1657
1454 1639 1526
1454 1526 1455
1457 1456 1670
1457 1670 1671
1433 1448 1444
1671 1670 1660
1671 1660 1659
1422 1450 1433
1544 1543 1557
1545 1606 1543
1535 1534 1559
1535 1559 1558
1452 1449 1448
1452 1448 1455
1452 1527 1663
1452 1663 1453
1444 1449 1447
1451 806 1447
1447 1449 1451
1662 1661 1648
1662 1648 1651
1531 1530 1525
1531 1525 1524
1655 1519 1483
1655 1483 1512
1519 1516 1484
1516 1520 1424
1520 1656 1654
1520 1654 1529
1519 1484 1483
1424 1520 1529
1532 1521 1482
1532 1482 1514
1485 1480 1521
1521 1480 1478
1131 1672 1240
1131 1240 1128
1672 1673 1252
1672 1252 1240
1673 386 1257
1673 1257 1252
1547 1552 1551
1547 1551 1548
1555 1533 1535
1555 1535 1556
1297 1379 1298
1292 1390 1379
1238 1292 1297
1390 1400 1409
1354 1415 1414
1354 1414 1355
1402 1413 1415
1402 1415 1354
1402 1386 1385
1402 1385 1349
1349 1385 1322
1349 1322 1350
1350 1322 1159
1157 1264 1263
1212 1263 1265
1341 1381 1314
1341 1314 1359
1359 1277 1344
1359 1314 1277
1674 1675 1676
1674 1676 1677
1678 1679 1680
1678 1680 1681
1682 1683 1684
1685 1686 1687
1685 1687 1688
1689 1685 1688
1690 1691 1692
1690 1692 1693
1675 1694 1695
1675 1695 1676
1694 1696 1697
1694 1697 1695
1686 1698 1699
1686 1699 1687
1696 1700 1701
1696 1701 1697
1681 1674 1677
1681 1677 1678
1698 1680 1679
1698 1679 1699
1693 1701 1700
1693 1700 1690
1702 1703 1704
1702 1704 1705
1706 1707 1708
1706 1708 1709
1710 1711 1712
1707 1713 1714
1707 1714 1708
1710 1715 1716
1710 1716 1711
1717 1702 1705
1717 1705 1718
1719 1717 1718
1719 1718 1720
1713 1721 1714
1722 1719 1720
1722 1720 1723
1703 1706 1709
1703 1709 1704
1724 1722 1723
1724 1723 1725
1726 1727 1721
1728 1729 1727
1728 1730 1731
1728 1731 1729
1728 1732 1730
1713 1726 1721
1726 1728 1727
1691 1683 1682
1691 1682 1692
1715 1724 1725
1715 1725 1716
893 1733 1734
893 1734 894
897 1734 1733
897 1733 898
