byte offset: 0
first index: 0
index count: 2832
topology: trianglelist
format: DXGI_FORMAT_R16_UINT

0 1 2
0 2 3
3 2 4
3 4 5
5 4 6
5 6 7
7 6 8
7 8 9
9 8 10
9 10 11
12 13 14
12 14 15
10 13 12
10 12 11
15 14 16
15 16 17
18 1 0
18 0 19
20 18 19
20 19 21
22 23 24
22 24 25
26 27 28
26 28 29
30 31 32
30 32 33
34 35 36
34 36 37
30 33 38
30 38 39
40 37 36
40 36 41
31 24 23
31 23 32
29 28 35
29 35 34
42 43 44
45 46 47
43 46 45
43 45 44
48 49 50
48 50 51
52 53 54
52 54 55
56 57 58
56 58 59
60 61 62
60 62 63
64 65 66
64 66 67
68 69 70
68 70 71
72 73 74
72 74 75
76 77 78
76 78 79
80 81 82
80 82 83
84 85 86
84 86 87
88 89 90
88 90 91
92 93 94
92 94 95
96 97 98
96 98 99
100 101 102
100 102 103
104 105 106
104 106 107
108 109 110
108 110 111
112 113 114
112 114 115
116 117 118
116 118 119
120 121 122
120 122 123
124 125 126
124 126 127
128 129 130
128 130 131
132 133 134
132 134 135
136 137 138
136 138 139
140 141 142
140 142 143
78 77 92
78 92 95
76 79 126
76 126 125
144 145 146
144 146 147
148 149 150
148 150 151
86 85 100
86 100 103
84 87 134
84 134 133
152 153 154
152 154 155
94 93 108
94 108 111
156 157 158
156 158 159
102 101 116
102 116 119
160 161 162
160 162 163
110 109 124
110 124 127
164 165 166
164 166 167
118 117 132
118 132 135
168 169 170
168 170 171
172 173 174
175 176 177
176 178 179
176 179 177
180 181 182
180 182 183
184 185 186
184 186 187
188 189 190
188 190 191
192 193 194
195 196 197
197 196 198
197 198 199
178 199 198
178 198 179
173 194 193
173 193 174
177 200 201
177 201 175
202 203 196
202 196 195
204 174 205
206 207 208
208 207 209
208 209 210
211 212 193
213 214 215
214 216 217
214 217 215
217 216 210
217 210 209
193 212 205
193 205 174
201 200 207
201 207 206
202 213 215
202 215 203
218 219 220
218 220 221
222 223 224
222 224 225
226 227 228
229 230 231
231 230 232
231 232 233
234 235 236
237 238 239
238 240 241
238 241 239
241 240 233
241 233 232
236 235 228
236 228 227
242 243 230
242 230 229
244 237 239
244 239 245
246 247 248
246 248 249
250 251 252
250 252 253
254 255 256
254 256 257
258 259 227
260 261 262
261 263 264
261 264 262
265 266 267
265 267 268
269 270 271
269 271 272
273 274 275
273 275 276
277 236 278
279 280 281
281 280 282
281 282 283
263 283 282
263 282 264
259 278 236
259 236 227
262 243 242
262 242 260
244 245 280
244 280 279
284 285 286
284 286 287
288 289 290
288 290 291
292 293 294
292 294 295
296 297 298
296 298 299
300 301 302
300 302 303
304 305 306
304 306 307
308 309 310
308 310 311
312 313 314
312 314 315
316 317 318
316 318 319
320 321 322
320 322 323
324 325 326
324 326 327
328 329 330
328 330 331
332 333 334
332 334 335
336 337 338
339 340 341
339 341 342
342 337 336
342 336 339
336 338 343
336 343 344
345 346 347
345 347 348
349 350 351
349 351 352
353 354 355
353 355 356
357 358 359
357 359 360
361 362 363
361 363 364
365 366 367
365 367 368
369 370 371
369 371 372
373 374 375
373 375 376
374 373 377
374 377 378
377 379 378
379 377 380
379 380 381
382 344 343
344 382 383
344 383 384
385 386 387
385 387 388
389 390 391
389 391 392
393 394 395
393 395 396
397 398 399
397 399 400
401 402 403
401 403 404
405 406 407
405 407 408
409 410 411
409 411 412
380 411 410
380 410 413
380 413 381
414 415 384
414 384 383
416 417 418
416 418 419
420 421 422
420 422 423
424 425 426
424 426 427
428 429 430
428 430 431
432 433 434
432 434 435
436 437 438
436 438 439
440 441 442
440 442 443
444 445 446
444 446 447
448 449 450
448 450 451
452 453 454
452 454 455
456 457 458
456 458 459
460 461 462
460 462 463
464 465 466
464 466 467
468 469 470
468 470 471
472 473 474
472 474 475
476 477 478
476 478 479
480 481 482
480 482 483
484 485 486
484 486 487
488 489 490
488 490 491
492 493 494
492 494 495
496 497 498
496 498 499
500 501 502
500 502 503
504 505 506
504 506 507
508 509 510
508 510 511
512 513 514
515 516 517
515 517 518
512 514 518
512 518 517
512 519 520
512 520 513
521 522 523
521 523 524
525 526 527
525 527 528
529 530 531
529 531 532
533 534 535
533 535 536
537 538 539
537 539 540
541 542 543
541 543 544
545 546 547
545 547 548
549 550 551
549 551 552
553 551 550
553 550 554
553 554 555
556 553 555
556 555 557
558 520 519
519 559 560
519 560 558
561 562 563
561 563 564
565 566 567
565 567 568
569 570 571
569 571 572
573 574 575
573 575 576
577 578 579
577 579 580
581 582 583
581 583 584
585 586 587
585 587 588
586 585 556
586 556 589
556 557 589
559 590 591
559 591 560
592 593 594
592 594 595
596 597 598
596 598 599
600 601 602
600 602 603
604 605 606
604 606 607
608 609 610
608 610 611
612 613 614
612 614 615
616 617 618
616 618 619
620 621 622
620 622 623
624 625 626
624 626 627
628 629 630
628 630 631
632 633 634
632 634 635
636 637 638
636 638 639
640 641 642
640 642 643
644 645 646
644 646 647
648 649 650
648 650 651
652 653 654
652 654 655
656 657 658
656 658 659
660 661 662
660 662 663
664 665 666
664 666 667
668 669 670
668 670 671
672 673 674
672 674 675
676 677 678
676 678 679
680 681 682
680 682 683
684 685 686
684 686 687
688 689 690
688 690 691
660 684 687
660 687 661
692 693 694
692 694 695
696 697 698
696 698 699
700 701 702
700 702 703
704 705 706
704 706 707
708 709 710
708 710 711
712 713 714
712 714 715
716 717 718
716 718 719
720 721 722
720 722 723
724 725 726
724 726 661
727 728 729
727 729 730
731 732 733
731 733 734
735 736 737
735 737 738
739 740 741
739 741 742
743 744 745
743 745 746
747 687 748
747 748 749
750 751 752
750 752 753
687 747 724
687 724 661
754 755 756
754 756 757
758 759 760
758 760 761
762 763 764
762 764 765
766 767 768
766 768 769
770 771 772
770 772 773
774 770 773
774 773 775
776 774 775
776 775 777
778 776 777
778 777 779
780 778 779
780 779 781
782 783 784
782 784 785
780 781 784
780 784 783
786 782 785
786 785 787
788 789 772
788 772 771
790 791 789
790 789 788
792 793 794
792 794 795
796 797 798
796 798 799
800 801 802
800 802 803
804 805 806
804 806 807
802 808 809
802 809 803
806 805 810
806 810 811
795 794 801
795 801 800
799 804 807
799 807 796
812 813 814
815 816 817
815 817 814
815 814 813
818 819 820
818 820 821
822 823 824
822 824 825
826 827 828
826 828 829
830 831 832
830 832 833
834 835 836
834 836 837
838 839 840
838 840 841
842 843 844
842 844 845
846 847 848
846 848 849
850 851 852
850 852 853
854 855 856
854 856 857
858 859 860
858 860 861
862 863 864
862 864 865
866 867 868
866 868 869
870 871 872
870 872 873
874 875 876
874 876 877
878 879 880
878 880 881
882 883 884
882 884 885
886 887 888
886 888 889
890 891 892
890 892 893
894 895 896
894 896 897
898 899 900
898 900 901
902 903 904
902 904 905
906 907 908
906 908 909
910 911 912
910 912 913
848 863 862
848 862 849
846 897 896
846 896 847
914 915 916
914 916 917
918 919 920
918 920 921
856 871 870
856 870 857
854 905 904
854 904 855
922 923 924
922 924 925
864 879 878
864 878 865
926 927 928
926 928 929
872 887 886
872 886 873
930 931 932
930 932 933
880 895 894
880 894 881
934 935 936
934 936 937
888 903 902
888 902 889
938 939 940
938 940 941
942 943 944
945 946 947
947 946 948
947 948 949
950 951 952
950 952 953
954 955 956
954 956 957
958 959 960
958 960 961
962 963 964
965 966 967
966 968 969
966 969 967
969 968 949
969 949 948
944 943 964
944 964 963
970 971 946
970 946 945
972 965 967
972 967 973
974 975 943
976 977 978
977 979 980
977 980 978
981 964 982
983 984 985
985 984 986
985 986 987
979 987 986
979 986 980
975 982 964
975 964 943
978 971 970
978 970 976
972 973 984
972 984 983
988 989 990
988 990 991
992 993 994
992 994 995
996 997 998
999 1000 1001
1000 1002 1003
1000 1003 1001
1004 1005 1006
1007 1008 1009
1009 1008 1010
1009 1010 1011
1002 1011 1010
1002 1010 1003
997 1006 1005
997 1005 998
1001 1012 1013
1001 1013 999
1014 1015 1008
1014 1008 1007
1016 1017 1018
1016 1018 1019
1020 1021 1022
1020 1022 1023
1024 1025 1026
1024 1026 1027
1028 998 1029
1030 1031 1032
1032 1031 1033
1032 1033 1034
1035 1036 1037
1035 1037 1038
1039 1040 1041
1039 1041 1042
1043 1044 1045
1043 1045 1046
1047 1048 1005
1049 1050 1051
1050 1052 1053
1050 1053 1051
1053 1052 1034
1053 1034 1033
1029 998 1005
1029 1005 1048
1013 1012 1031
1013 1031 1030
1014 1049 1051
1014 1051 1015
1054 1055 1056
1054 1056 1057
1058 1059 1060
1058 1060 1061
1062 1063 1064
1062 1064 1065
1066 1067 1068
1066 1068 1069
1070 1071 1072
1070 1072 1073
1074 1075 1076
1074 1076 1077
1078 1079 1080
1078 1080 1081
1082 1083 1084
1082 1084 1085
1086 1087 1088
1086 1088 1089
1090 1091 1092
1090 1092 1093
1094 1095 1096
1094 1096 1097
1098 1099 1100
1098 1100 1101
1102 1103 1104
1102 1104 1105
1106 1107 1108
1109 1110 1111
1109 1111 1112
1106 1108 1112
1106 1112 1111
1106 1113 1114
1106 1114 1107
1115 1116 1117
1115 1117 1118
1119 1120 1121
1119 1121 1122
1123 1124 1125
1123 1125 1126
1127 1128 1129
1127 1129 1130
1131 1132 1133
1131 1133 1134
1135 1136 1137
1135 1137 1138
1139 1140 1141
1139 1141 1142
1143 1144 1145
1143 1145 1146
1147 1145 1144
1147 1144 1148
1147 1148 1149
1150 1147 1149
1150 1149 1151
1152 1114 1113
1113 1153 1154
1113 1154 1152
1155 1156 1157
1155 1157 1158
1159 1160 1161
1159 1161 1162
1163 1164 1165
1163 1165 1166
1167 1168 1169
1167 1169 1170
1171 1172 1173
1171 1173 1174
1175 1176 1177
1175 1177 1178
1179 1180 1181
1179 1181 1182
1180 1179 1150
1180 1150 1183
1150 1151 1183
1153 1184 1185
1153 1185 1154
1186 1187 1188
1186 1188 1189
1190 1191 1192
1190 1192 1193
1194 1195 1196
1194 1196 1197
1198 1199 1200
1198 1200 1201
1202 1203 1204
1202 1204 1205
1206 1207 1208
1206 1208 1209
1210 1211 1212
1210 1212 1213
1214 1215 1216
1214 1216 1217
1218 1219 1220
1218 1220 1221
1222 1223 1224
1222 1224 1225
1226 1227 1228
1226 1228 1229
1230 1231 1232
1230 1232 1233
1234 1235 1236
1234 1236 1237
1238 1239 1240
1238 1240 1241
1242 1243 1244
1242 1244 1245
1246 1247 1248
1246 1248 1249
1250 1251 1252
1250 1252 1253
1254 1255 1256
1254 1256 1257
1258 1259 1260
1258 1260 1261
1262 1263 1264
1262 1264 1265
1266 1267 1268
1266 1268 1269
1270 1271 1272
1270 1272 1273
1274 1275 1276
1274 1276 1277
1278 1279 1280
1278 1280 1281
1282 1283 1284
1285 1286 1287
1285 1287 1288
1288 1283 1282
1288 1282 1285
1282 1284 1289
1282 1289 1290
1291 1292 1293
1291 1293 1294
1295 1296 1297
1295 1297 1298
1299 1300 1301
1299 1301 1302
1303 1304 1305
1303 1305 1306
1307 1308 1309
1307 1309 1310
1311 1312 1313
1311 1313 1314
1315 1316 1317
1315 1317 1318
1319 1320 1321
1319 1321 1322
1320 1319 1323
1320 1323 1324
1323 1325 1324
1325 1323 1326
1325 1326 1327
1328 1290 1289
1290 1328 1329
1290 1329 1330
1331 1332 1333
1331 1333 1334
1335 1336 1337
1335 1337 1338
1339 1340 1341
1339 1341 1342
1343 1344 1345
1343 1345 1346
1347 1348 1349
1347 1349 1350
1351 1352 1353
1351 1353 1354
1355 1356 1357
1355 1357 1358
1326 1357 1356
1326 1356 1359
1326 1359 1327
1360 1361 1330
1360 1330 1329
1362 1363 1364
1362 1364 1365
1366 1367 1368
1366 1368 1369
1370 1371 1372
1370 1372 1373
1374 1375 1376
1374 1376 1377
1378 1379 1380
1378 1380 1381
1382 1383 1384
1382 1384 1385
1386 1387 1388
1386 1388 1389
1390 1391 1392
1390 1392 1393
1394 1395 1396
1394 1396 1397
1398 1399 1400
1398 1400 1401
1402 1403 1404
1402 1404 1405
1406 1407 1408
1406 1408 1409
1410 1411 1412
1410 1412 1413
1414 1415 1416
1414 1416 1417
1418 1419 1420
1418 1420 1421
1422 1423 1424
1422 1424 1425
1426 1427 1428
1426 1428 1429
1430 1431 1432
1430 1432 1433
1434 1435 1436
1434 1436 1437
1438 1439 1440
1438 1440 1441
1442 1443 1444
1442 1444 1445
1446 1447 1448
1446 1448 1449
1450 1451 1452
1450 1452 1453
1454 1455 1456
1454 1456 1457
1458 1459 1460
1458 1460 1461
1430 1433 1455
1430 1455 1454
1462 1463 1464
1462 1464 1465
1466 1467 1468
1466 1468 1469
1470 1471 1472
1470 1472 1473
1474 1475 1476
1474 1476 1477
1478 1479 1480
1478 1480 1481
1482 1483 1484
1482 1484 1485
1486 1487 1488
1486 1488 1489
1490 1491 1492
1490 1492 1493
1494 1433 1495
1494 1495 1496
1497 1498 1499
1497 1499 1500
1501 1502 1503
1501 1503 1504
1505 1506 1507
1505 1507 1508
1509 1510 1511
1509 1511 1512
1513 1514 1515
1513 1515 1516
1517 1518 1519
1517 1519 1455
1520 1521 1522
1520 1522 1523
1494 1517 1455
1494 1455 1433
1524 1525 1526
1524 1526 1527
1528 1529 1530
1528 1530 1531
1532 1533 1534
1532 1534 1535
1536 1537 1538
1536 1538 1539
