byte offset: 0
first index: 0
index count: 9774
topology: trianglelist
format: DXGI_FORMAT_R16_UINT

0 1 2
3 4 0
3 0 2
5 6 7
5 7 8
9 10 11
9 11 12
13 14 15
13 15 16
10 6 5
10 5 11
16 15 9
16 9 12
7 17 8
18 19 20
18 20 21
22 23 24
22 24 25
26 27 21
26 21 20
23 22 28
23 28 29
27 26 30
27 30 31
32 33 34
29 28 32
29 32 34
18 35 19
30 25 24
30 24 31
3 14 13
3 13 4
36 37 38
36 38 39
40 41 42
40 42 43
39 38 44
45 46 47
45 47 48
46 45 43
46 43 42
48 47 49
48 49 50
41 40 37
41 37 36
50 49 51
52 53 54
55 53 52
55 52 56
57 58 59
57 59 60
61 62 63
61 63 64
65 66 67
65 67 68
64 63 59
64 59 58
61 65 68
61 68 62
57 60 69
70 71 72
70 72 73
74 75 76
74 76 77
78 72 71
78 71 79
80 74 77
80 77 81
82 78 79
82 79 83
84 85 86
84 80 81
84 81 85
70 73 87
82 83 76
82 76 75
67 66 55
67 55 56
88 89 90
88 90 91
92 93 94
92 94 95
89 96 90
97 98 99
97 99 100
98 92 95
98 95 99
100 101 102
100 102 97
93 88 91
93 91 94
101 103 102
104 105 106
104 106 107
108 109 110
108 110 111
112 104 107
112 107 113
109 114 115
109 115 110
116 117 118
116 118 119
120 121 122
120 122 123
124 125 126
124 126 127
128 129 117
128 117 116
130 131 121
130 121 120
132 133 134
132 134 135
136 137 125
136 125 124
133 132 138
133 138 139
140 141 137
140 137 136
105 142 143
105 143 106
125 106 144
123 122 145
123 145 146
147 108 111
147 111 148
149 150 119
149 119 118
151 152 153
151 153 154
155 156 157
155 157 158
159 160 161
159 161 162
163 161 160
163 160 164
164 165 166
164 166 163
167 168 169
167 169 170
171 172 173
171 173 174
174 173 175
174 175 176
170 177 178
170 178 167
179 169 168
179 168 180
181 182 183
181 183 184
176 175 185
176 185 186
177 187 188
177 188 178
189 190 191
189 191 192
193 190 189
193 189 194
195 196 197
195 197 198
199 200 201
199 201 202
203 204 205
203 205 206
207 208 209
210 211 212
210 212 213
214 215 216
214 216 217
218 219 220
221 222 223
221 223 224
225 226 227
228 229 230
228 230 231
231 230 232
231 232 233
234 235 223
234 223 219
235 236 224
235 224 223
237 238 229
237 229 228
239 240 241
239 241 242
226 225 243
226 243 244
245 246 218
245 218 247
248 249 250
248 250 251
249 252 253
249 253 250
254 255 256
254 256 257
258 212 211
247 218 220
247 220 259
237 260 261
237 261 238
234 219 218
234 218 246
259 227 226
259 226 247
247 226 244
247 244 245
260 239 242
260 242 261
207 209 210
207 210 213
215 262 263
215 263 216
219 223 222
219 222 220
259 220 222
259 222 264
227 259 264
227 264 265
265 266 225
265 225 227
208 267 262
208 262 209
209 262 215
209 215 210
215 214 211
215 211 210
214 268 258
214 258 211
266 265 269
266 269 270
221 271 264
221 264 222
267 272 263
267 263 262
256 255 273
256 273 274
217 275 268
217 268 214
271 269 265
271 265 264
276 277 278
276 278 279
280 281 282
280 282 283
277 276 284
277 284 285
286 287 281
286 281 280
288 289 290
288 290 291
292 293 294
292 294 295
296 297 298
296 298 299
289 300 301
289 301 290
302 292 295
302 295 303
304 305 306
304 306 307
308 296 299
308 299 309
310 306 305
310 305 311
309 312 313
309 313 308
279 278 314
279 314 315
299 316 278
293 317 318
293 318 294
283 282 319
283 319 320
321 288 291
321 291 322
323 324 325
323 325 326
327 328 329
327 329 330
331 332 325
331 325 324
333 334 332
333 332 331
335 336 334
335 334 333
337 338 339
337 339 340
341 342 343
341 343 344
345 343 342
345 342 346
347 348 338
347 338 337
349 350 351
352 353 354
352 354 355
356 345 346
356 346 357
358 359 348
358 348 347
360 361 362
360 362 363
364 365 366
364 366 367
368 369 370
368 370 371
372 373 361
372 361 360
365 364 374
365 374 375
376 377 378
379 380 381
379 381 382
383 384 385
383 385 386
387 388 389
390 391 392
390 392 393
394 395 396
397 398 399
397 399 400
398 401 402
398 402 399
392 403 404
392 404 389
403 392 391
403 391 405
406 397 400
406 400 407
408 409 410
408 410 411
396 412 413
396 413 394
387 414 415
387 415 416
417 418 419
417 419 420
420 419 421
420 421 422
423 424 425
423 425 426
427 382 381
388 387 416
388 416 428
406 407 429
406 429 430
404 414 387
404 387 389
428 416 396
428 396 395
416 415 412
416 412 396
409 408 430
409 430 429
376 380 379
376 379 377
431 432 386
431 386 385
389 388 393
389 393 392
393 388 428
393 428 433
395 434 433
395 433 428
434 395 394
434 394 435
378 377 432
378 432 436
377 379 386
377 386 432
386 379 382
386 382 383
383 382 427
383 427 437
438 434 435
438 435 439
433 440 390
433 390 393
431 441 436
431 436 432
425 442 443
425 443 426
384 383 437
384 437 444
440 433 434
440 434 438
445 446 447
445 447 448
449 450 451
449 451 452
453 454 455
456 457 458
456 458 459
460 461 462
460 462 463
464 465 466
464 466 467
468 469 470
468 470 471
463 462 472
463 472 473
474 475 476
474 476 477
473 478 479
473 479 463
480 481 465
480 465 464
482 483 484
482 484 485
486 487 488
489 490 491
489 491 492
493 494 495
493 495 496
474 497 498
474 498 499
500 475 501
500 501 502
503 504 472
503 472 505
506 507 508
506 508 509
510 473 472
510 472 504
511 512 513
511 513 478
479 514 515
479 515 516
517 518 519
517 519 520
521 522 523
521 523 453
524 525 526
524 526 527
497 474 477
497 477 528
529 530 531
529 531 532
533 534 522
533 522 521
535 536 537
535 537 538
539 540 541
542 543 544
542 544 545
546 547 548
546 548 549
460 516 446
460 446 445
445 448 530
445 530 550
551 552 447
551 447 446
553 554 555
553 555 556
554 553 557
554 557 558
559 560 561
562 563 564
562 564 565
566 567 568
566 568 569
506 509 570
571 526 525
571 525 572
573 574 575
573 575 576
519 577 578
519 578 520
579 580 581
582 583 584
582 584 585
586 587 588
586 588 589
590 591 592
593 594 595
593 595 596
597 598 599
597 599 600
601 602 603
604 452 605
604 605 601
567 606 607
567 607 568
489 492 608
489 608 609
609 608 610
609 610 611
569 568 612
569 612 486
613 614 615
613 615 616
617 612 568
617 568 607
618 619 493
618 493 496
620 618 496
620 496 621
621 622 623
621 623 620
624 488 487
624 487 625
626 627 628
626 628 629
601 630 631
626 629 632
633 634 635
633 635 576
458 457 636
458 636 637
458 637 638
458 638 639
640 627 626
640 626 459
459 626 632
459 632 456
631 641 642
643 644 645
643 645 646
636 647 648
636 648 637
592 649 451
592 451 650
527 526 618
527 618 620
526 571 619
526 619 618
518 651 652
518 652 519
502 501 537
502 537 536
543 480 464
543 464 544
547 653 654
547 654 548
554 655 656
554 656 555
499 498 558
499 558 657
519 652 561
519 561 577
580 585 658
580 658 659
660 661 662
660 662 663
535 664 665
535 665 536
658 666 667
658 667 668
518 517 669
518 669 670
547 546 671
547 671 672
663 662 549
663 549 548
671 578 577
671 577 672
445 550 461
445 461 460
551 446 516
551 516 515
463 479 516
463 516 460
673 670 555
673 555 656
670 669 556
670 556 555
674 675 676
674 676 677
678 679 680
678 680 681
677 566 569
677 569 674
682 683 579
544 464 467
544 467 668
545 544 668
545 668 667
684 654 653
563 562 684
651 514 685
651 685 652
551 515 673
551 673 656
512 511 686
512 686 687
525 524 513
525 513 512
688 657 558
688 558 557
528 447 552
528 552 497
689 690 691
689 691 692
693 694 528
693 528 477
695 696 697
695 697 698
699 700 701
699 701 702
703 704 705
703 705 706
707 574 704
707 704 703
708 709 710
708 710 680
646 645 711
646 711 712
713 714 715
713 715 716
717 615 614
717 614 718
719 720 586
719 586 589
721 722 486
721 486 612
721 612 617
721 617 723
487 486 722
487 722 724
609 717 489
616 615 725
616 725 726
727 728 611
727 611 729
730 731 732
730 732 733
647 734 635
647 635 648
735 736 650
735 650 737
495 707 621
495 621 496
738 697 696
738 696 739
704 740 741
704 741 705
742 743 744
742 744 745
746 747 748
746 748 749
596 750 751
596 751 593
752 753 754
752 754 755
756 757 758
756 758 759
760 761 762
760 762 763
764 765 766
764 766 767
657 688 538
657 538 537
475 500 768
475 768 476
769 770 771
769 771 772
665 582 770
665 770 769
664 583 582
664 582 665
773 774 775
702 482 699
448 447 528
448 528 694
776 693 477
776 477 476
531 694 693
531 693 470
683 777 771
683 771 579
778 768 500
778 500 772
777 778 772
777 772 771
701 466 465
701 465 698
481 695 698
481 698 465
515 514 651
515 651 673
502 769 772
502 772 500
656 655 552
656 552 551
563 703 706
563 706 564
622 621 707
622 707 684
684 707 703
684 703 563
527 560 559
527 559 524
620 623 560
620 560 527
655 498 497
655 497 552
499 501 475
499 475 474
565 660 663
565 663 562
536 665 769
536 769 502
668 467 659
668 659 658
651 518 670
651 670 673
779 672 577
779 577 561
562 663 548
562 548 654
779 653 672
554 558 498
554 498 655
501 499 657
501 657 537
559 561 652
559 652 685
685 513 559
513 685 478
514 479 478
514 478 685
461 780 462
470 693 776
470 776 471
530 448 694
530 694 531
550 530 529
550 529 781
461 550 781
461 781 780
469 532 531
469 531 470
462 505 472
782 783 784
782 784 785
775 774 782
782 540 775
782 786 787
539 773 775
788 787 789
788 789 790
778 777 791
778 791 792
476 768 793
476 793 776
794 791 777
794 777 683
768 778 792
768 792 793
795 796 792
795 792 791
776 793 797
776 797 471
796 797 793
796 793 792
798 799 485
798 485 484
543 542 800
543 800 801
564 706 802
564 802 803
481 480 804
481 804 803
480 543 801
480 801 804
706 705 805
706 805 802
705 741 806
705 806 805
449 807 644
449 644 643
808 809 810
808 810 811
812 761 813
812 813 814
815 816 817
815 817 818
765 752 755
765 755 766
724 819 625
724 625 487
820 821 822
820 822 823
745 824 825
745 825 742
826 827 809
826 809 808
828 762 761
828 761 812
829 830 820
829 820 823
710 681 680
646 831 832
646 832 643
833 738 739
833 739 733
834 649 592
736 590 592
736 592 650
737 731 730
832 732 731
832 731 450
613 607 606
613 606 835
607 613 616
607 616 617
616 726 723
616 723 617
507 727 729
507 729 508
750 599 598
750 598 751
836 837 838
836 838 839
809 812 814
809 814 810
747 746 825
747 825 824
827 828 812
827 812 809
831 840 732
831 732 832
605 649 834
605 834 630
452 451 649
452 649 605
675 678 681
675 681 676
625 841 624
677 676 842
677 842 843
844 845 835
844 835 606
846 847 848
846 848 849
850 644 807
850 807 851
852 603 602
852 602 853
601 603 854
601 854 604
855 856 857
855 857 858
859 760 763
859 763 860
743 861 862
743 862 744
863 645 644
863 644 850
489 717 718
489 718 490
716 864 490
716 490 718
865 866 597
865 597 600
808 822 821
808 821 826
830 829 749
830 749 748
566 677 843
566 843 867
567 566 868
574 707 495
574 495 575
573 734 735
573 735 740
574 573 740
574 740 704
736 647 636
736 636 590
734 573 576
734 576 635
737 741 740
737 740 735
736 735 734
736 734 647
806 741 730
450 650 451
869 853 602
628 870 629
602 631 642
602 642 869
632 871 456
641 631 630
641 630 872
630 834 871
630 871 872
629 642 641
641 872 632
872 871 632
629 869 642
629 641 632
457 591 590
457 590 636
871 834 591
452 604 807
452 807 449
604 854 851
604 851 807
643 832 450
643 450 449
687 572 525
687 525 512
637 648 873
637 873 638
576 575 874
576 874 633
875 850 851
875 851 876
877 878 879
877 879 785
880 881 882
883 880 774
773 883 774
884 690 689
689 885 540
886 541 540
883 881 880
887 784 783
888 877 785
888 785 784
882 783 880
786 879 878
786 878 889
879 782 785
889 789 787
889 787 786
521 782 533
533 782 788
890 534 533
890 533 788
790 890 788
455 782 521
689 782 455
884 689 455
454 884 455
453 455 521
539 775 540
561 560 623
561 623 779
471 797 891
471 891 468
797 796 891
622 653 779
622 779 623
819 892 893
700 682 581
700 581 894
702 701 698
702 698 697
682 895 683
819 896 897
897 898 899
490 864 900
490 900 491
864 901 902
864 902 900
483 482 738
483 738 833
903 798 484
903 484 679
482 702 738
904 710 709
904 709 905
868 844 606
868 606 567
845 714 713
845 713 835
906 831 646
906 646 712
709 708 907
709 907 908
908 907 840
908 840 909
909 840 831
909 831 906
676 681 710
676 710 842
645 863 910
645 910 711
834 592 591
871 591 456
591 457 456
659 467 466
659 466 894
585 584 666
585 666 658
580 770 582
580 582 585
725 615 717
722 721 911
722 911 912
723 911 721
724 722 912
724 912 913
914 861 848
914 848 915
746 916 917
746 917 825
905 918 919
905 919 904
920 921 918
920 918 905
743 742 922
743 922 849
923 916 921
923 921 920
924 925 813
924 813 926
823 822 927
823 927 919
825 917 922
825 922 742
928 924 926
928 926 929
822 808 811
822 811 927
930 928 929
930 929 931
712 932 933
712 933 906
843 904 934
935 936 937
935 937 938
923 909 906
923 906 933
939 935 938
939 938 940
936 925 941
936 941 937
847 846 711
847 711 910
910 942 943
910 943 847
944 945 799
944 799 798
945 946 895
945 895 799
791 794 795
796 795 947
846 932 712
846 712 711
925 924 948
925 948 941
934 939 940
934 940 867
842 710 904
924 928 949
924 949 948
928 930 950
928 950 949
909 923 920
909 920 908
908 920 905
908 905 709
867 843 934
601 605 630
601 631 602
951 469 468
951 468 952
953 503 505
953 505 954
955 956 529
955 529 532
781 529 956
781 956 957
780 781 957
780 957 954
955 532 469
955 469 951
505 780 954
468 891 952
462 780 505
843 842 904
725 609 611
725 611 728
513 524 559
609 725 717
713 716 718
901 864 716
901 716 715
835 713 614
835 614 613
715 714 941
715 941 948
845 844 938
845 938 937
949 950 902
949 902 901
844 868 940
844 940 938
714 845 937
714 937 941
901 715 948
901 948 949
867 940 868
566 867 868
782 880 783
882 887 783
887 888 784
782 879 786
782 689 540
774 880 782
782 787 788
958 798 903
678 675 841
678 841 959
959 903 679
959 679 678
899 898 960
961 962 947
963 964 965
963 965 966
897 967 898
968 969 970
971 972 973
971 973 974
970 969 975
970 975 976
958 977 966
958 966 965
972 971 978
972 978 979
980 981 982
980 982 983
984 985 986
987 988 976
987 976 975
989 990 975
989 975 969
990 991 987
990 987 975
987 991 992
987 992 986
993 994 995
993 995 996
997 998 999
1000 995 1001
995 1000 1002
995 1002 996
997 1003 1004
997 1004 998
961 968 962
1005 972 979
973 1006 1007
1008 973 1007
1008 1007 1009
991 990 1010
991 1010 983
992 991 983
992 983 982
981 984 982
986 985 988
986 988 987
992 984 986
999 998 1011
999 1011 1012
1003 1013 1014
1003 1014 1004
1004 1014 1011
1004 1011 998
982 984 992
1015 978 971
1015 971 1016
946 945 978
946 978 1015
989 1016 971
989 971 974
968 970 962
1015 1017 1018
1015 1018 946
969 968 1016
969 1016 989
990 989 974
990 974 1010
1010 974 973
1010 973 1008
995 994 1019
995 1019 1020
983 1008 1009
983 1009 980
1016 968 1017
1016 1017 1015
795 1017 968
795 968 961
1018 1017 794
1021 1022 1023
947 962 1024
1013 993 996
1013 996 1014
1002 1025 1012
1002 1012 1011
996 1002 1011
996 1011 1014
1000 1026 1025
1000 1025 1002
897 896 967
795 961 947
1017 795 794
945 944 979
945 979 978
958 903 977
1027 1028 1029
1027 1029 1030
1031 1032 1028
1031 1028 1027
1033 1034 1035
1033 1035 1036
1037 1038 1039
1037 1039 1040
1041 1030 1029
1041 1029 1042
1043 1044 1045
1043 1045 1046
1047 1048 1049
1046 1050 1051
1046 1051 1043
1052 1040 1039
1052 1039 1053
1036 1035 1032
1036 1032 1031
1049 1050 1047
1054 1055 1045
1054 1045 1044
1052 1053 1048
1028 1056 1057
1028 1057 1029
1034 1058 1059
1034 1059 1035
1060 1061 1046
1060 1046 1045
1062 1052 1047
1050 1061 1062
1063 1064 1040
1063 1040 1052
1032 1035 1059
1047 1050 1062
1055 1054 1065
1055 1065 1066
1056 1067 1068
1056 1068 1057
1059 1058 1069
1070 1071 1072
1070 1072 1073
1063 1062 1074
1063 1074 1075
1076 1064 1063
1076 1063 1075
1062 1061 1077
1062 1077 1074
1057 1068 1071
1057 1071 1070
1070 1042 1029
1070 1029 1057
1056 1059 1067
1028 1032 1056
1032 1059 1056
1034 1037 1058
1058 1076 1069
1034 1033 1038
1034 1038 1037
1064 1037 1040
1037 1064 1058
1060 1078 1079
1060 1079 1080
1060 1045 1055
1060 1055 1078
1047 1052 1048
1049 1051 1050
1061 1060 1080
1061 1080 1077
1050 1046 1061
1062 1063 1052
1079 1081 1082
1067 1069 1083
1069 1084 1083
1071 1068 1085
1075 1074 1086
1075 1086 1087
1084 1076 1075
1084 1075 1087
1080 1079 1082
1077 1080 1088
1071 1089 1072
1068 1067 1085
1080 1082 1088
1074 1077 1088
1074 1088 1086
1067 1083 1085
1079 1090 1081
1069 1076 1084
1059 1069 1067
1058 1064 1076
1071 1085 1089
1085 1091 1092
1085 1092 1089
1093 1094 1095
1093 1095 1096
1084 1097 1083
1086 1088 1098
1096 1091 1097
1088 1082 1093
1082 1081 1094
1082 1094 1093
1093 1096 1099
1093 1099 1098
1087 1086 1098
1084 1087 1098
1084 1098 1099
1091 1095 1092
1083 1097 1091
1083 1091 1085
1084 1099 1097
1099 1096 1097
1088 1093 1098
1091 1096 1095
459 458 639
459 639 640
894 581 580
894 580 659
700 894 466
700 466 701
699 895 682
895 946 1018
799 895 699
799 699 485
732 840 907
732 907 733
733 907 708
733 708 833
833 708 680
833 680 483
483 680 679
483 679 484
661 660 801
661 801 800
803 802 695
803 695 481
803 804 565
803 565 564
660 565 804
660 804 801
802 805 696
802 696 695
805 806 739
805 739 696
733 739 806
733 806 730
794 683 1018
737 650 731
741 737 730
648 635 634
648 634 873
1100 967 1101
1102 1103 1104
1020 1105 1106
1020 1106 1107
1108 1109 1110
1108 1110 1111
1112 1113 1114
1115 1111 1110
979 965 964
979 964 1005
1109 1116 1117
1109 1117 1110
1117 1115 1110
1112 1114 1118
1019 1119 1105
1019 1105 1020
1120 1115 1117
964 963 1121
964 1121 1116
1122 1123 1124
1123 1125 1126
1123 1126 1124
509 508 1127
509 1127 1128
509 1128 1129
509 1129 570
729 1130 1127
729 1127 508
611 610 1130
611 1130 729
947 1024 1131
947 1131 891
1132 1101 1133
913 892 819
913 819 724
912 911 507
912 507 506
913 912 506
913 506 570
723 727 911
727 507 911
892 913 570
1010 1008 983
965 979 944
965 944 958
1105 1114 1113
1105 1113 1106
1006 1005 1109
1006 1109 1108
1005 964 1116
1005 1116 1109
1105 1119 1118
1105 1118 1114
1120 1117 1116
1120 1116 1121
1125 1134 1135
1125 1135 1126
798 958 944
963 966 1136
972 1005 1006
972 1006 973
967 896 1101
450 731 650
478 473 511
511 473 510
511 510 686
796 947 891
898 967 1100
1137 1135 1134
728 727 723
728 723 726
728 726 725
1138 859 860
1138 860 1139
853 869 870
629 870 869
1140 854 603
1140 603 852
575 495 494
575 494 874
1141 863 850
1141 850 875
876 851 854
876 854 1140
1142 862 861
1142 861 914
942 910 863
942 863 1141
1041 1042 1143
1041 1143 1144
1073 1143 1042
1073 1042 1070
898 963 1136
898 1136 960
903 959 1145
903 1145 977
1146 1145 959
1146 959 841
625 1147 1146
625 1146 841
1147 625 819
1136 966 977
1136 977 1145
960 1136 1145
960 1145 1146
1146 1147 899
1146 899 960
897 899 1147
897 1147 819
579 771 770
579 770 580
841 675 624
675 674 488
675 488 624
674 569 486
674 486 488
1148 1149 1150
951 952 1151
951 1151 1152
1153 1154 953
1153 953 954
956 955 1155
956 1155 1156
957 956 1156
957 1156 1157
954 957 1157
954 1157 1153
955 951 1152
955 1152 1155
952 1158 1151
952 891 1158
891 1131 1158
1148 1150 1159
1104 1103 1132
1104 1132 1133
1103 1102 1160
1001 995 1020
819 893 896
684 653 622
672 653 547
684 562 654
587 1161 1162
587 1162 588
1163 1164 1165
1163 1165 1166
1078 1167 1090
1078 1090 1079
1066 1167 1078
1066 1078 1055
1168 1169 1170
1168 1170 1171
1172 1173 1174
1172 1174 1175
1176 1177 1178
1179 1180 1181
1179 1181 1182
1183 1184 1185
1183 1185 1186
1187 1188 1189
1187 1189 1190
1191 1192 1193
1191 1193 1194
1184 1195 1196
1184 1196 1185
1197 1198 1199
1197 1199 1200
1195 1184 1201
1195 1201 1202
1203 1187 1190
1203 1190 1204
1205 1206 1207
1205 1207 1208
1209 1210 1211
1212 1213 1214
1212 1214 1215
1216 1217 1218
1216 1218 1219
1197 1220 1221
1197 1221 1222
1223 1224 1225
1223 1225 1200
1226 1227 1196
1226 1196 1228
1229 1230 1231
1229 1231 1232
1233 1228 1196
1233 1196 1195
1234 1202 1235
1234 1235 1236
1201 1237 1238
1201 1238 1239
1240 1241 1242
1240 1242 1243
1244 1176 1245
1244 1245 1246
1247 1248 1249
1247 1249 1250
1222 1251 1198
1222 1198 1197
1252 1253 1254
1252 1254 1255
1256 1244 1246
1256 1246 1257
1258 1259 1260
1258 1260 1261
1262 1263 1264
1265 1266 1267
1265 1267 1268
1269 1270 1271
1269 1271 1272
1183 1168 1171
1183 1171 1237
1168 1273 1255
1168 1255 1169
1274 1171 1170
1274 1170 1275
1276 1277 1278
1276 1278 1279
1279 1280 1281
1279 1281 1276
1282 1283 1284
1285 1286 1287
1285 1287 1288
1289 1290 1291
1289 1291 1292
1229 1293 1230
1294 1295 1250
1294 1250 1249
1296 1297 1298
1296 1298 1299
1242 1241 1300
1242 1300 1301
1302 1303 1304
1305 1306 1307
1305 1307 1308
1309 1310 1311
1309 1311 1312
1313 1314 1315
1316 1317 1318
1316 1318 1319
1320 1321 1322
1320 1322 1323
1324 1325 1326
1327 1324 1328
1327 1328 1173
1292 1291 1329
1292 1329 1330
1212 1331 1332
1212 1332 1213
1331 1333 1334
1331 1334 1332
1290 1209 1335
1290 1335 1291
1336 1337 1338
1336 1338 1339
1340 1329 1291
1340 1291 1335
1341 1217 1216
1341 1216 1342
1343 1344 1217
1343 1217 1341
1344 1343 1345
1344 1345 1346
1347 1348 1211
1347 1211 1210
1349 1350 1351
1349 1351 1352
1324 1353 1354
1349 1355 1350
1356 1297 1357
1356 1357 1358
1181 1359 1360
1181 1360 1182
1181 1361 1362
1181 1362 1359
1363 1180 1349
1363 1349 1352
1180 1179 1355
1180 1355 1349
1353 1364 1365
1366 1367 1368
1366 1368 1369
1360 1359 1370
1360 1370 1371
1314 1372 1174
1314 1174 1373
1248 1343 1341
1248 1341 1249
1249 1341 1342
1249 1342 1294
1243 1242 1374
1243 1374 1375
1224 1261 1260
1224 1260 1225
1268 1267 1187
1268 1187 1203
1272 1271 1376
1272 1376 1377
1279 1278 1378
1279 1378 1379
1220 1380 1280
1220 1280 1221
1242 1301 1283
1242 1283 1374
1304 1381 1382
1304 1382 1306
1383 1384 1385
1383 1385 1386
1258 1261 1387
1258 1387 1388
1382 1389 1390
1382 1390 1391
1243 1392 1393
1243 1393 1240
1272 1394 1395
1272 1395 1269
1384 1271 1270
1384 1270 1385
1395 1394 1301
1395 1301 1300
1168 1183 1186
1168 1186 1273
1274 1238 1237
1274 1237 1171
1184 1183 1237
1184 1237 1201
1396 1378 1278
1396 1278 1392
1392 1278 1277
1392 1277 1393
1397 1398 1399
1397 1399 1400
1401 1402 1403
1401 1403 1404
1398 1397 1290
1398 1290 1289
1405 1303 1302
1267 1389 1188
1267 1188 1187
1266 1390 1389
1266 1389 1267
1406 1377 1376
1288 1406 1285
1375 1374 1407
1375 1407 1239
1274 1378 1396
1274 1396 1238
1236 1408 1409
1236 1409 1234
1250 1236 1235
1250 1235 1247
1410 1281 1280
1410 1280 1380
1251 1222 1275
1251 1275 1170
1411 1412 1413
1411 1413 1414
1415 1198 1251
1415 1251 1416
1417 1418 1419
1417 1419 1420
1421 1422 1423
1421 1423 1424
1425 1426 1427
1425 1427 1428
1429 1425 1428
1429 1428 1299
1430 1403 1431
1430 1431 1432
1367 1433 1434
1367 1434 1368
1435 1436 1437
1435 1437 1438
1439 1440 1339
1439 1339 1338
1441 1310 1309
1441 1309 1442
1443 1335 1209
1443 1209 1444
1443 1445 1340
1443 1340 1335
1211 1446 1444
1211 1444 1209
1331 1212 1439
1337 1447 1448
1337 1448 1338
1449 1450 1333
1449 1333 1451
1452 1453 1454
1452 1454 1455
1371 1370 1357
1371 1357 1456
1457 1458 1372
1457 1372 1459
1218 1217 1344
1218 1344 1429
1460 1461 1420
1460 1420 1419
1428 1427 1462
1428 1462 1463
1464 1465 1466
1464 1466 1467
1468 1469 1470
1468 1470 1471
1317 1316 1472
1317 1472 1473
1474 1475 1476
1474 1476 1477
1478 1479 1480
1478 1480 1481
1482 1483 1484
1482 1484 1485
1486 1487 1488
1486 1488 1489
1380 1260 1259
1380 1259 1410
1200 1199 1490
1200 1490 1223
1491 1492 1493
1491 1493 1494
1387 1491 1494
1387 1494 1305
1388 1387 1305
1388 1305 1308
1495 1496 1497
1422 1421 1205
1169 1416 1251
1169 1251 1170
1498 1199 1198
1498 1198 1415
1254 1193 1415
1254 1415 1416
1499 1302 1493
1499 1493 1500
1501 1492 1223
1501 1223 1490
1500 1493 1492
1500 1492 1501
1423 1418 1190
1423 1190 1189
1204 1190 1418
1204 1418 1417
1375 1239 1238
1375 1238 1396
1224 1223 1492
1224 1492 1491
1378 1274 1275
1378 1275 1379
1288 1287 1426
1288 1426 1425
1346 1406 1429
1346 1429 1344
1406 1288 1425
1406 1425 1429
1248 1247 1282
1248 1282 1284
1343 1248 1284
1343 1284 1345
1379 1275 1222
1379 1222 1221
1220 1197 1200
1220 1200 1225
1286 1285 1384
1286 1384 1383
1261 1224 1491
1261 1491 1387
1389 1382 1381
1389 1381 1188
1375 1396 1392
1375 1392 1243
1502 1283 1301
1502 1301 1394
1285 1376 1271
1285 1271 1384
1502 1394 1377
1279 1379 1221
1279 1221 1280
1225 1260 1380
1225 1380 1220
1282 1407 1374
1282 1374 1283
1407 1282 1235
1235 1202 1407
1239 1407 1202
1239 1202 1201
1186 1185 1503
1193 1192 1498
1193 1498 1415
1255 1254 1416
1255 1416 1169
1273 1504 1252
1273 1252 1255
1186 1503 1504
1186 1504 1273
1194 1193 1254
1194 1254 1253
1185 1196 1227
1505 1506 1507
1505 1508 1506
1496 1505 1497
1505 1496 1264
1505 1509 1510
1262 1496 1495
1511 1512 1513
1511 1513 1509
1501 1514 1515
1501 1515 1500
1199 1498 1516
1199 1516 1490
1517 1499 1500
1517 1500 1515
1490 1516 1514
1490 1514 1501
1518 1515 1514
1518 1514 1519
1498 1192 1520
1498 1520 1516
1519 1514 1516
1519 1516 1520
1521 1207 1206
1521 1206 1522
1268 1523 1524
1268 1524 1265
1287 1525 1526
1287 1526 1426
1204 1525 1527
1204 1527 1203
1203 1527 1523
1203 1523 1268
1426 1526 1528
1426 1528 1427
1427 1528 1529
1427 1529 1462
1172 1366 1369
1172 1369 1530
1531 1532 1533
1531 1533 1534
1535 1536 1537
1535 1537 1485
1538 1539 1540
1538 1540 1541
1489 1488 1475
1489 1475 1474
1446 1211 1348
1446 1348 1542
1543 1544 1545
1543 1545 1546
1465 1464 1547
1465 1547 1548
1549 1531 1534
1549 1534 1550
1551 1535 1485
1551 1485 1484
1552 1544 1543
1552 1543 1553
1431 1403 1402
1367 1366 1554
1367 1554 1555
1556 1453 1461
1556 1461 1460
1557 1314 1373
1459 1372 1314
1459 1314 1313
1458 1452 1455
1554 1175 1455
1554 1455 1454
1336 1558 1330
1336 1330 1329
1329 1340 1337
1329 1337 1336
1337 1340 1445
1337 1445 1447
1232 1231 1450
1232 1450 1449
1473 1472 1323
1473 1323 1322
1559 1560 1561
1559 1561 1562
1534 1533 1536
1534 1536 1535
1471 1548 1547
1471 1547 1468
1550 1534 1535
1550 1535 1551
1555 1554 1454
1555 1454 1563
1328 1354 1557
1328 1557 1373
1173 1328 1373
1173 1373 1174
1400 1399 1402
1400 1402 1401
1348 1347 1564
1398 1565 1566
1398 1566 1399
1567 1330 1558
1567 1558 1568
1569 1570 1571
1569 1571 1572
1573 1574 1530
1573 1530 1369
1575 1576 1326
1575 1326 1325
1324 1327 1577
1324 1577 1325
1578 1579 1580
1578 1580 1581
1582 1583 1483
1582 1483 1482
1467 1466 1584
1467 1584 1585
1586 1573 1369
1586 1369 1368
1212 1215 1440
1212 1440 1439
1436 1440 1215
1436 1215 1587
1588 1321 1320
1588 1320 1589
1531 1549 1546
1531 1546 1545
1553 1470 1469
1553 1469 1552
1289 1590 1565
1289 1565 1398
1292 1591 1289
1299 1298 1218
1299 1218 1429
1296 1463 1457
1296 1457 1456
1299 1428 1463
1299 1463 1296
1459 1313 1360
1459 1360 1371
1456 1357 1297
1456 1297 1296
1458 1457 1463
1458 1463 1462
1459 1371 1456
1459 1456 1457
1529 1452 1462
1175 1174 1372
1592 1326 1576
1351 1350 1593
1326 1592 1364
1326 1364 1353
1355 1179 1594
1365 1595 1354
1365 1354 1353
1354 1595 1594
1354 1594 1557
1350 1365 1364
1365 1355 1595
1595 1355 1594
1350 1364 1592
1350 1355 1365
1182 1360 1313
1182 1313 1315
1594 1315 1557
1173 1172 1530
1173 1530 1327
1327 1530 1574
1327 1574 1577
1366 1172 1175
1366 1175 1554
1408 1236 1250
1408 1250 1295
1359 1362 1596
1359 1596 1370
1297 1356 1597
1297 1597 1298
1598 1599 1574
1598 1574 1573
1600 1508 1601
1600 1601 1602
1603 1604 1605
1606 1497 1603
1495 1497 1606
1607 1411 1414
1411 1264 1412
1412 1264 1263
1606 1603 1605
1608 1507 1506
1609 1506 1508
1609 1508 1600
1604 1603 1507
1510 1610 1602
1510 1602 1601
1601 1508 1505
1610 1510 1509
1610 1509 1513
1244 1256 1505
1256 1511 1505
1611 1511 1256
1611 1256 1257
1512 1511 1611
1177 1244 1505
1411 1177 1505
1607 1177 1411
1178 1177 1607
1176 1244 1177
1262 1264 1496
1283 1502 1345
1283 1345 1284
1192 1191 1612
1192 1612 1520
1520 1612 1519
1346 1345 1502
1346 1502 1377
1542 1613 1614
1424 1615 1303
1424 1303 1405
1422 1419 1418
1422 1418 1423
1405 1499 1616
1542 1617 1618
1617 1619 1620
1215 1214 1621
1215 1621 1587
1587 1621 1622
1587 1622 1623
1208 1556 1460
1208 1460 1205
1624 1404 1207
1624 1207 1521
1205 1460 1419
1205 1419 1422
1625 1626 1432
1625 1432 1431
1591 1292 1330
1591 1330 1567
1568 1558 1435
1568 1435 1438
1627 1433 1367
1627 1367 1555
1432 1628 1629
1432 1629 1430
1628 1630 1563
1628 1563 1629
1630 1627 1555
1630 1555 1563
1399 1566 1431
1399 1431 1402
1368 1434 1631
1368 1631 1586
1557 1315 1314
1594 1179 1315
1315 1179 1182
1381 1615 1189
1381 1189 1188
1306 1382 1391
1306 1391 1307
1304 1306 1305
1304 1305 1494
1448 1439 1338
1444 1632 1633
1444 1633 1443
1445 1443 1633
1446 1634 1632
1446 1632 1444
1635 1636 1571
1635 1571 1585
1468 1547 1637
1468 1637 1638
1626 1625 1639
1626 1639 1640
1641 1626 1640
1641 1640 1642
1467 1570 1643
1467 1643 1464
1644 1641 1642
1644 1642 1638
1645 1646 1537
1645 1537 1647
1544 1639 1648
1544 1648 1545
1547 1464 1643
1547 1643 1637
1649 1650 1646
1649 1646 1645
1545 1648 1532
1545 1532 1531
1651 1652 1650
1651 1650 1649
1433 1627 1653
1433 1653 1654
1565 1655 1625
1656 1657 1658
1656 1658 1659
1644 1653 1627
1644 1627 1630
1660 1661 1657
1660 1657 1656
1659 1658 1662
1659 1662 1647
1572 1631 1434
1572 1434 1569
1631 1572 1663
1631 1663 1664
1665 1521 1522
1665 1522 1666
1666 1522 1616
1666 1616 1667
1515 1518 1517
1519 1668 1518
1569 1434 1433
1569 1433 1654
1647 1662 1669
1647 1669 1645
1655 1590 1661
1655 1661 1660
1566 1625 1431
1645 1669 1670
1645 1670 1649
1649 1670 1671
1649 1671 1651
1630 1628 1641
1630 1641 1644
1628 1432 1626
1628 1626 1641
1590 1655 1565
1324 1354 1328
1324 1326 1353
1672 1673 1191
1672 1191 1194
1674 1675 1227
1674 1227 1226
1676 1253 1252
1676 1252 1677
1504 1678 1677
1504 1677 1252
1503 1675 1678
1503 1678 1504
1676 1672 1194
1676 1194 1253
1227 1675 1503
1191 1673 1612
1185 1227 1503
1565 1625 1566
1448 1451 1333
1448 1333 1331
1235 1282 1247
1331 1439 1448
1435 1339 1440
1623 1437 1436
1623 1436 1587
1558 1336 1339
1558 1339 1435
1437 1669 1662
1437 1662 1438
1568 1658 1657
1568 1657 1567
1670 1623 1622
1670 1622 1671
1567 1657 1661
1567 1661 1591
1438 1662 1658
1438 1658 1568
1623 1670 1669
1623 1669 1437
1590 1591 1661
1289 1591 1590
1505 1507 1603
1604 1507 1608
1608 1506 1609
1505 1510 1601
1505 1264 1411
1497 1505 1603
1505 1511 1509
1679 1624 1521
1401 1680 1564
1401 1564 1400
1680 1401 1404
1680 1404 1624
1619 1681 1620
1682 1668 1683
1684 1685 1686
1684 1686 1687
1617 1620 1688
1689 1690 1691
1692 1693 1694
1692 1694 1695
1690 1696 1697
1690 1697 1691
1679 1686 1685
1679 1685 1698
1695 1699 1700
1695 1700 1692
1701 1702 1703
1701 1703 1704
1705 1706 1707
1708 1697 1696
1708 1696 1709
1710 1691 1697
1710 1697 1711
1711 1697 1708
1711 1708 1712
1708 1706 1713
1708 1713 1712
1714 1715 1716
1714 1716 1717
1718 1719 1720
1721 1722 1716
1716 1715 1723
1716 1723 1721
1718 1724 1725
1718 1720 1724
1682 1683 1689
1726 1699 1695
1694 1727 1728
1729 1730 1727
1729 1727 1694
1712 1702 1731
1712 1731 1711
1713 1703 1702
1713 1702 1712
1704 1703 1705
1706 1708 1709
1706 1709 1707
1713 1706 1705
1719 1732 1733
1719 1733 1720
1725 1724 1734
1725 1734 1735
1724 1720 1733
1724 1733 1734
1703 1713 1705
1736 1737 1692
1736 1692 1700
1667 1736 1700
1667 1700 1666
1710 1693 1692
1710 1692 1737
1689 1683 1690
1736 1667 1738
1736 1738 1739
1691 1710 1737
1691 1737 1689
1711 1731 1693
1711 1693 1710
1731 1729 1694
1731 1694 1693
1716 1740 1741
1716 1741 1717
1702 1701 1730
1702 1730 1729
1737 1736 1739
1737 1739 1689
1518 1682 1689
1518 1689 1739
1738 1517 1739
1742 1743 1744
1668 1745 1683
1735 1734 1715
1735 1715 1714
1723 1733 1732
1723 1732 1746
1715 1734 1733
1715 1733 1723
1721 1723 1746
1721 1746 1747
1617 1688 1618
1518 1668 1682
1739 1517 1518
1666 1700 1699
1666 1699 1665
1679 1698 1624
1748 1749 1750
1748 1750 1751
1752 1748 1751
1752 1751 1753
1754 1755 1756
1754 1756 1757
1758 1759 1760
1758 1760 1761
1762 1763 1750
1762 1750 1749
1764 1765 1766
1764 1766 1767
1768 1769 1770
1765 1764 1771
1765 1771 1772
1773 1774 1760
1773 1760 1759
1755 1752 1753
1755 1753 1756
1769 1768 1772
1775 1767 1766
1775 1766 1776
1773 1770 1774
1751 1750 1777
1751 1777 1778
1757 1756 1779
1757 1779 1780
1781 1766 1765
1781 1765 1782
1783 1768 1773
1772 1783 1782
1784 1773 1759
1784 1759 1785
1753 1779 1756
1768 1783 1772
1776 1786 1787
1776 1787 1775
1778 1777 1788
1778 1788 1789
1779 1790 1780
1791 1792 1793
1791 1793 1794
1784 1795 1796
1784 1796 1783
1797 1795 1784
1797 1784 1785
1783 1796 1798
1783 1798 1782
1777 1791 1794
1777 1794 1788
1791 1777 1750
1791 1750 1763
1778 1789 1779
1751 1778 1753
1753 1778 1779
1757 1780 1758
1780 1790 1797
1757 1758 1761
1757 1761 1754
1785 1759 1758
1758 1780 1785
1781 1799 1800
1781 1800 1801
1781 1801 1776
1781 1776 1766
1768 1770 1773
1769 1772 1771
1782 1798 1799
1782 1799 1781
1772 1782 1765
1783 1773 1784
1800 1802 1803
1789 1804 1790
1790 1804 1805
1794 1806 1788
1795 1807 1808
1795 1808 1796
1805 1807 1795
1805 1795 1797
1799 1802 1800
1798 1809 1799
1794 1793 1810
1788 1806 1789
1799 1809 1802
1796 1808 1809
1796 1809 1798
1789 1806 1804
1800 1803 1811
1790 1805 1797
1779 1789 1790
1780 1797 1785
1794 1810 1806
1806 1810 1812
1806 1812 1813
1814 1815 1816
1814 1816 1817
1805 1804 1818
1808 1819 1809
1815 1818 1813
1809 1814 1802
1802 1814 1817
1802 1817 1803
1814 1819 1820
1814 1820 1815
1807 1819 1808
1805 1819 1807
1805 1820 1819
1813 1812 1816
1804 1806 1813
1804 1813 1818
1805 1818 1820
1820 1818 1815
1809 1819 1814
1813 1816 1815
1180 1363 1361
1180 1361 1181
1615 1381 1304
1615 1304 1303
1424 1423 1189
1424 1189 1615
1421 1424 1405
1616 1738 1667
1522 1206 1616
1454 1453 1629
1454 1629 1563
1453 1556 1430
1453 1430 1629
1556 1208 1403
1556 1403 1430
1208 1207 1404
1208 1404 1403
1386 1524 1523
1386 1523 1383
1525 1204 1417
1525 1417 1526
1525 1287 1286
1525 1286 1527
1383 1523 1527
1383 1527 1286
1526 1417 1420
1526 1420 1528
1528 1420 1461
1528 1461 1529
1453 1452 1529
1453 1529 1461
1517 1738 1499
1458 1455 1372
1462 1452 1458
1370 1596 1358
1370 1358 1357
1821 1822 1823
1824 1825 1826
1740 1827 1828
1740 1828 1829
1830 1831 1832
1830 1832 1833
1834 1835 1836
1837 1832 1831
1699 1726 1687
1699 1687 1686
1833 1832 1838
1833 1838 1839
1838 1832 1837
1834 1840 1835
1741 1740 1829
1741 1829 1841
1842 1838 1837
1687 1839 1843
1687 1843 1684
1844 1845 1846
1846 1845 1847
1846 1847 1848
1230 1849 1850
1230 1850 1231
1230 1293 1851
1230 1851 1849
1450 1231 1850
1450 1850 1852
1333 1450 1852
1333 1852 1334
1668 1612 1853
1668 1853 1745
1822 1854 1823
1634 1446 1542
1634 1542 1614
1632 1229 1232
1632 1232 1633
1634 1293 1229
1634 1229 1632
1445 1633 1449
1449 1633 1232
1614 1293 1634
1731 1702 1729
1686 1679 1665
1686 1665 1699
1829 1828 1836
1829 1836 1835
1728 1830 1833
1728 1833 1726
1726 1833 1839
1726 1839 1687
1829 1835 1840
1829 1840 1841
1842 1843 1839
1842 1839 1838
1848 1847 1855
1848 1855 1856
1521 1665 1679
1684 1857 1685
1695 1694 1728
1695 1728 1726
1688 1823 1618
1175 1372 1455
1202 1234 1195
1234 1409 1233
1234 1233 1195
1519 1612 1668
1620 1821 1688
1858 1856 1855
1451 1447 1445
1451 1445 1449
1451 1448 1447
1859 1860 1583
1859 1583 1582
1576 1593 1592
1350 1592 1593
1861 1575 1325
1861 1325 1577
1298 1597 1219
1298 1219 1218
1862 1598 1573
1862 1573 1586
1599 1861 1577
1599 1577 1574
1863 1635 1585
1863 1585 1584
1664 1862 1586
1664 1586 1631
1762 1864 1865
1762 1865 1763
1792 1791 1763
1792 1763 1865
1620 1681 1857
1620 1857 1684
1624 1698 1866
1624 1866 1680
1867 1564 1680
1867 1680 1866
1348 1564 1867
1348 1867 1868
1868 1542 1348
1857 1866 1698
1857 1698 1685
1681 1867 1866
1681 1866 1857
1867 1681 1619
1867 1619 1868
1617 1542 1868
1617 1868 1619
1302 1304 1494
1302 1494 1493
1564 1347 1400
1400 1347 1210
1400 1210 1397
1397 1210 1209
1397 1209 1290
1869 1870 1871
1672 1872 1873
1672 1873 1673
1874 1675 1674
1874 1674 1875
1677 1876 1877
1677 1877 1676
1678 1878 1876
1678 1876 1677
1675 1874 1878
1675 1878 1678
1676 1877 1872
1676 1872 1672
1673 1873 1879
1673 1879 1612
1612 1879 1853
1869 1880 1870
1825 1854 1822
1825 1822 1826
1826 1881 1824
1722 1740 1716
1542 1618 1613
1406 1346 1377
1394 1272 1377
1406 1376 1285
1312 1311 1882
1312 1882 1883
1884 1885 1886
1884 1886 1887
1801 1800 1811
1801 1811 1888
1786 1776 1801
1786 1801 1888
1889 1890 1891
1892 1893 1894
1892 1894 1895
1896 1897 1898
1896 1898 1899
1900 1901 1902
1900 1902 1903
1904 1905 1906
1907 1908 1903
1907 1903 1902
1909 1910 1911
1909 1911 1912
1913 1914 1896
1913 1896 1915
1900 1903 1916
1900 1916 1917
1918 1919 1920
1918 1920 1921
1918 1922 1919
1923 1924 1925
1923 1925 1926
1927 1928 1929
1927 1929 1930
1931 1932 1933
1931 1933 1929
1927 1934 1928
1928 1934 1935
1936 1937 1938
1936 1938 1939
1940 1941 1942
1940 1942 1943
1944 1945 1946
1944 1946 1947
1947 1948 1944
1938 1937 1949
1938 1949 1950
1951 1952 1948
1953 1954 1955
1956 1957 1955
1958 1959 1936
1958 1936 1960
1961 1962 1963
1964 1965 1944
1966 1967 1968
1966 1968 1969
1970 1954 1953
1944 1965 1971
1944 1971 1945
1972 1973 1948
1974 1975 1976
1922 1977 1919
1978 1979 1980
1981 1913 1915
1981 1915 1982
1901 1900 1983
1901 1983 1912
1983 1900 1917
1983 1917 1984
1936 1939 1985
1936 1985 1960
1936 1959 1986
1936 1986 1937
1987 1988 1908
1987 1908 1889
1989 1990 1889
1960 1985 1991
1960 1991 1992
1960 1992 1993
1960 1993 1958
1897 1896 1914
1897 1914 1994
1899 1995 1996
1899 1996 1896
1970 1965 1964
1970 1964 1954
1954 1964 1956
1997 1998 1999
2000 1915 1996
1996 1915 1896
1919 1977 2001
1919 2001 1920
2002 2003 1926
2002 1926 1925
1972 2004 2005
1972 2005 1973
2006 2007 2008
1945 2009 1946
1971 2009 1945
2010 2011 1982
1982 2011 1981
2012 2013 2014
2015 2016 1962
2017 1987 1891
2018 1889 1990
1989 1889 1908
1989 1908 1907
1988 1916 1903
1988 1903 1908
1991 2019 2020
1991 2020 1992
1992 2020 2016
1992 2016 1993
1989 2021 1990
1987 1889 1891
2022 2023 2024
2025 1972 2026
2023 2027 2024
2024 2027 2028
2024 2028 2025
2029 2030 2031
1974 2032 1975
1891 1890 1921
1891 1921 1920
1943 1942 1997
1943 1997 1999
1975 1962 1961
1975 1961 1976
1905 2033 2018
1905 2018 1990
1905 1990 2021
1905 2021 1906
2017 1891 1920
2017 1920 2001
2034 2035 2036
2034 2036 2037
1975 2032 2015
1975 2015 1962
2024 2026 2038
2024 2038 2022
1915 2000 2010
1915 2010 1982
1972 1948 1952
1972 1952 2026
1948 1964 1944
1956 1964 1973
2039 2040 2006
1955 2041 1953
1897 1892 1895
1897 1895 1898
2042 1892 1897
1955 1957 2043
1955 2043 2041
1953 2041 2044
2045 1894 1893
2045 1893 2046
2047 1893 1892
2047 1892 2042
2048 2049 2041
2048 2041 2043
2041 2049 2050
2041 2050 2044
2051 2052 2053
1950 1949 2049
1950 2049 2048
2054 1966 1969
2054 1969 2055
1984 2045 2046
1984 2046 1983
1893 2047 1909
1893 1909 2046
1912 1983 2046
1912 2046 1909
2056 2052 2051
2057 2058 2059
1910 1909 2047
1910 2047 2060
2061 2057 2059
1937 1986 2062
1937 2062 1949
2049 1949 2062
2049 2062 2050
2063 2064 2065
2066 2067 2068
2069 2070 2071
2037 2072 2034
2073 2031 2030
1941 1940 2020
1941 2020 2019
1962 2016 1963
2068 2067 2074
2075 1890 1889
1963 2016 2020
1995 2002 1925
1995 1925 1996
1996 1925 1924
1996 1924 2000
1932 1923 1926
1932 1926 1933
1933 1926 2003
1933 2003 2076
1933 2076 1930
1933 1930 1929
1935 1931 1929
1935 1929 1928
1972 2025 2028
1972 2028 2004
2056 1911 1910
2056 1910 2052
2057 1969 1968
2057 1968 2058
2060 2053 2052
2060 2052 1910
2077 2078 2079
2077 2079 2080
2081 2082 2083
2084 2085 2086
2084 2086 2087
2088 2089 2090
2088 2090 2091
2092 2093 2094
2092 2094 2095
2096 2097 2098
2099 2094 2093
2099 2093 2100
2101 2102 2103
2101 2103 2104
2105 2106 2088
2105 2088 2107
2092 2108 2109
2092 2109 2093
2110 2111 2112
2110 2112 2113
2110 2113 2114
2115 2116 2117
2115 2117 2118
2119 2120 2121
2119 2121 2122
2123 2121 2124
2123 2124 2125
2119 2122 2126
2122 2127 2126
2128 2129 2130
2128 2130 2131
2132 2133 2134
2132 2134 2135
2136 2137 2138
2136 2138 2139
2137 2136 2140
2130 2141 2142
2130 2142 2131
2143 2144 2145
2143 2145 2146
2147 2148 2149
2147 2149 2150
2150 2149 2151
2152 2153 2128
2152 2128 2154
2155 2156 2157
2158 2136 2159
2160 2161 2162
2160 2162 2163
2164 2165 2148
2136 2139 2166
2136 2166 2159
2167 2140 2168
2169 2170 2171
2114 2113 2172
2173 2174 2175
2176 2177 2106
2176 2106 2105
2095 2102 2178
2095 2178 2092
2178 2179 2108
2178 2108 2092
2128 2153 2180
2128 2180 2129
2128 2131 2181
2128 2181 2154
2182 2081 2100
2182 2100 2183
2184 2081 2185
2153 2186 2187
2153 2187 2180
2153 2152 2188
2153 2188 2186
2091 2189 2107
2091 2107 2088
2089 2088 2190
2089 2190 2191
2164 2158 2159
2164 2147 2158
2147 2150 2158
2192 2193 2194
2195 2190 2106
2190 2088 2106
2113 2112 2196
2113 2196 2172
2197 2117 2116
2197 2116 2198
2167 2168 2199
2167 2199 2200
2201 2202 2203
2139 2138 2204
2166 2139 2204
2205 2177 2206
2177 2176 2206
2207 2208 2209
2210 2157 2211
2212 2082 2182
2213 2185 2081
2184 2099 2100
2184 2100 2081
2183 2100 2093
2183 2093 2109
2187 2186 2214
2187 2214 2215
2186 2188 2211
2186 2211 2214
2184 2185 2216
2182 2082 2081
2217 2218 2219
2220 2221 2222
2220 2222 2223
2219 2218 2224
2218 2225 2226
2218 2226 2224
2227 2228 2229
2169 2171 2230
2082 2112 2111
2082 2111 2083
2133 2193 2192
2133 2192 2134
2171 2170 2155
2171 2155 2157
2098 2185 2213
2098 2213 2231
2098 2097 2216
2098 2216 2185
2212 2196 2112
2212 2112 2082
2232 2233 2234
2232 2234 2235
2171 2157 2210
2171 2210 2230
2236 2237 2238
2236 2238 2239
2106 2177 2205
2106 2205 2195
2167 2240 2241
2167 2241 2140
2140 2136 2158
2150 2168 2158
2242 2202 2201
2242 2201 2243
2149 2148 2244
2091 2090 2085
2091 2085 2084
2245 2189 2091
2149 2244 2246
2149 2246 2151
2148 2165 2247
2148 2247 2244
2248 2249 2087
2248 2087 2086
2250 2245 2084
2250 2084 2087
2251 2246 2244
2251 2244 2252
2244 2247 2253
2244 2253 2252
2254 2255 2256
2141 2251 2252
2141 2252 2142
2257 2258 2161
2257 2161 2160
2179 2178 2249
2179 2249 2248
2087 2249 2101
2087 2101 2250
2102 2101 2249
2102 2249 2178
2259 2254 2256
2260 2261 2262
2104 2263 2250
2104 2250 2101
2264 2261 2260
2131 2142 2265
2131 2265 2181
2252 2253 2265
2252 2265 2142
2266 2267 2268
2269 2270 2271
2272 2273 2274
2233 2232 2275
2276 2229 2228
2135 2215 2214
2135 2214 2132
2157 2156 2211
2270 2277 2271
2278 2081 2083
2156 2214 2211
2191 2190 2117
2191 2117 2197
2190 2195 2118
2190 2118 2117
2125 2124 2116
2125 2116 2115
2124 2279 2198
2124 2198 2116
2124 2121 2120
2124 2120 2279
2127 2122 2121
2127 2121 2123
2167 2200 2226
2167 2226 2225
2259 2256 2104
2259 2104 2103
2260 2262 2162
2260 2162 2161
2263 2104 2256
2263 2256 2255
2280 2281 2282
2280 2282 2283
2284 2285 150
2284 150 149
148 2286 2287
148 2287 147
148 2288 2289
148 2289 2286
322 2290 2291
322 2291 321
2292 2293 320
2292 320 319
320 2293 2294
320 2294 2295
127 126 2285
127 2285 2284
143 142 2287
143 2287 2286
2286 2289 2296
2286 2296 143
298 297 2291
298 2291 2290
315 314 2293
315 2293 2292
2293 314 2297
2293 2297 2294
320 2295 2298
320 2298 322
2299 2300 2301
2299 2302 2300
2303 2304 2305
2303 2305 2306
2307 2308 2305
2307 2309 2308
144 2296 2310
2297 316 2311
2312 2309 2307
2313 2314 2299
2315 2312 2307
2314 2316 2299
2301 2313 2299
2301 2300 2317
2301 2317 2318
2300 2302 2319
2300 2319 2317
2305 2304 2307
2305 2308 2320
2305 2320 2306
2321 2288 148
2321 148 150
154 153 159
154 159 162
198 158 157
198 157 195
2322 181 153
2322 153 2323
171 181 184
171 184 172
202 2324 2325
202 2325 199
206 194 189
206 189 203
2326 323 326
2326 326 2327
370 327 330
370 330 371
2328 2329 340
2328 340 339
355 354 341
355 341 344
366 2330 2331
366 2331 2332
2333 367 366
2333 366 2332
152 151 156
152 156 155
190 182 2322
190 2322 191
183 182 190
183 190 193
2326 2327 329
2326 329 328
2332 2331 2334
2332 2334 353
353 352 2333
353 2333 2332
326 2335 2336
326 2336 2327
349 2337 2338
2339 2330 2340
189 192 158
2341 2342 2343
2341 2344 2342
192 191 2345
2334 2335 326
2334 326 354
2346 2344 2341
2331 2330 2339
191 2322 2345
2334 2331 2339
2338 350 349
2336 2340 329
2336 329 2327
329 2340 2330
329 2330 330
2347 192 2345
2347 2348 152
2347 152 155
2348 2323 153
2348 153 152
2349 2301 2318
2308 2350 2320
2296 144 106
2296 106 143
278 316 2297
278 2297 314
330 2330 366
2334 354 353
181 2322 182
155 158 192
155 192 2347
811 810 935
811 935 939
814 813 925
814 925 936
810 814 936
810 936 935
849 848 861
849 861 743
915 848 847
915 847 943
933 917 916
933 916 923
823 919 918
823 918 829
829 918 921
829 921 749
849 922 932
849 932 846
749 921 916
749 916 746
926 813 761
926 761 760
919 927 934
919 934 904
932 922 917
932 917 933
929 926 760
929 760 859
927 811 939
927 939 934
931 929 859
931 859 1138
1656 1533 1532
1656 1532 1660
1647 1537 1536
1647 1536 1659
1659 1536 1533
1659 1533 1656
1585 1571 1570
1585 1570 1467
1572 1571 1636
1572 1636 1663
1638 1637 1653
1638 1653 1644
1640 1639 1544
1640 1544 1552
1642 1640 1552
1642 1552 1469
1654 1643 1570
1654 1570 1569
1638 1642 1469
1638 1469 1468
1485 1537 1646
1485 1646 1482
1655 1648 1639
1655 1639 1625
1637 1643 1654
1637 1654 1653
1482 1646 1650
1482 1650 1582
1660 1532 1648
1660 1648 1655
1582 1650 1652
1582 1652 1859
699 682 700
682 579 581
1421 1405 1616
1405 1302 1499
713 718 614
1435 1440 1436
1973 1964 1948
2158 2168 2140
1821 1823 1688
1100 1101 1132
2042 1897 1994
1953 2044 2351
1970 1953 2351
1955 1954 1956
2039 2006 2008
1951 1948 1947
2025 2026 2024
2245 2091 2084
2352 2353 2354
2352 2354 2355
2356 2353 2352
2356 2352 2357
2354 2353 2358
2353 2356 2358
2359 2360 2361
2359 2361 2362
2360 2359 2363
2364 2365 2366
2364 2366 2367
2368 2369 2366
2368 2366 2365
2364 2370 2365
2365 2370 2368
2371 2372 2373
2371 2373 2374
2374 2375 2371
1616 1206 1421
699 482 485
1616 1499 1738
683 895 1018
1205 1421 1206
738 702 697
2164 2148 2147
