byte offset: 0
first index: 0
index count: 18132
topology: trianglelist
format: DXGI_FORMAT_R16_UINT

0 1 2
0 3 4
5 6 3
0 5 7
0 8 5
9 5 10
5 11 12
13 14 0
13 0 15
13 16 17
18 19 13
19 20 13
19 21 22
23 24 19
23 19 25
23 26 27
23 28 29
30 31 23
30 23 32
30 33 34
35 36 30
37 30 36
36 38 39
40 36 41
40 8 36
40 42 43
40 44 45
46 47 40
46 40 48
8 46 49
49 46 50
49 50 51
8 49 51
46 52 53
51 54 55
51 56 57
51 58 56
56 59 60
56 61 62
56 63 64
56 64 37
64 65 66
67 68 64
8 64 68
68 69 70
68 71 72
68 73 71
71 74 75
71 76 77
71 78 79
71 80 78
78 81 82
83 84 78
78 84 85
84 86 87
84 88 89
84 90 88
88 91 92
88 93 94
95 94 96
88 95 37
88 97 95
98 99 95
95 100 101
102 103 104
105 106 107
108 109 110
111 112 113
114 115 116
117 115 118
119 120 115
121 115 122
123 124 115
115 124 125
126 115 125
127 115 126
128 115 127
129 115 130
130 115 131
115 132 131
133 132 115
115 134 133
135 136 115
137 115 138
137 139 115
140 115 139
141 135 139
141 139 142
143 144 139
143 139 145
146 147 148
148 149 150
151 152 148
152 153 148
153 154 148
155 148 154
148 155 156
152 157 153
158 157 152
159 158 152
159 160 158
153 157 161
153 161 162
163 161 157
162 164 153
153 164 154
162 165 164
163 157 166
158 166 157
167 163 166
158 167 166
167 168 163
165 169 164
165 170 169
164 171 154
164 169 171
172 169 170
171 169 172
172 170 173
174 168 167
174 175 168
158 176 167
174 167 176
158 177 176
158 178 177
173 179 172
173 180 179
181 179 180
181 180 182
183 181 182
172 179 184
171 172 184
183 185 181
186 185 183
186 187 185
188 187 186
184 179 189
181 189 179
181 185 190
190 185 187
190 187 191
188 192 187
191 187 192
192 188 193
194 189 181
181 190 194
184 195 171
189 196 184
196 195 184
197 171 195
197 154 171
155 154 197
196 198 195
197 195 198
192 193 199
193 200 199
193 201 200
202 200 201
202 203 200
175 203 202
175 174 203
203 204 200
200 204 199
174 205 203
203 205 204
174 206 205
174 176 206
206 176 207
206 207 208
192 199 209
199 204 210
209 199 210
192 209 211
191 192 211
211 209 212
212 209 210
191 211 213
212 213 211
214 205 206
206 215 214
206 216 215
217 204 205
214 217 205
218 210 204
217 218 204
212 210 219
219 210 218
213 212 220
220 212 219
219 218 221
221 218 217
219 221 222
220 219 222
217 223 221
222 221 223
214 224 217
217 224 223
214 225 224
214 226 225
227 213 220
227 228 213
229 228 227
191 213 228
191 228 229
191 229 230
230 190 191
230 231 190
190 231 194
232 230 229
231 230 232
233 227 220
229 227 234
234 227 233
233 220 235
235 220 222
235 222 236
222 223 236
194 231 237
231 232 238
237 231 238
194 237 239
194 239 189
239 240 189
196 189 240
235 236 241
242 236 223
242 241 236
235 241 243
233 235 243
244 242 223
244 223 224
224 245 244
224 246 245
240 239 247
196 240 248
240 247 248
239 249 247
239 237 249
237 250 249
249 251 247
251 248 247
196 248 252
198 196 252
253 252 248
251 253 248
254 198 252
253 254 252
237 255 250
237 238 255
249 256 251
250 256 249
254 257 198
197 198 257
197 257 258
258 155 197
259 155 258
259 260 155
255 238 261
250 255 262
255 261 262
238 263 261
238 232 263
264 257 254
265 258 257
265 257 264
266 258 265
266 267 258
264 254 268
268 254 253
268 253 269
269 253 251
269 251 270
270 251 256
271 265 264
272 265 271
272 271 273
271 264 274
268 274 264
268 275 274
276 275 268
276 268 269
277 276 269
277 269 270
278 277 270
270 256 279
278 270 279
279 256 280
250 280 256
281 278 279
279 280 281
281 282 278
283 280 250
281 280 283
284 282 281
281 283 284
284 285 282
286 285 284
286 287 285
288 287 286
283 250 289
250 262 289
284 283 290
284 290 286
291 283 289
291 290 283
289 262 292
289 292 291
262 293 292
262 261 293
261 294 293
263 294 261
288 286 295
286 290 296
286 296 295
297 290 291
297 296 290
291 292 298
291 298 297
299 288 295
299 300 288
295 296 301
295 301 299
302 296 297
302 301 296
303 300 299
303 304 300
299 301 305
299 305 303
306 304 303
306 307 304
308 307 306
309 307 308
308 306 310
306 311 310
303 312 306
306 312 311
303 305 312
313 311 312
313 312 314
314 312 305
314 315 313
316 305 301
314 305 316
316 301 302
314 317 315
316 317 314
317 318 315
302 319 316
316 319 317
317 320 318
319 320 317
302 321 319
297 321 302
297 298 321
321 322 319
319 322 320
323 318 320
323 324 318
298 325 321
321 325 322
323 320 326
326 320 322
323 327 324
326 327 323
324 327 328
326 322 329
329 322 325
298 330 325
330 298 292
330 292 293
326 331 327
329 331 326
328 327 332
332 327 331
329 325 333
333 325 330
329 334 331
333 334 329
328 332 335
328 335 336
332 331 337
337 331 334
332 338 335
332 337 338
339 330 293
333 330 340
340 330 339
340 341 333
333 341 334
339 293 342
293 294 342
339 343 340
340 343 341
342 344 339
339 344 343
294 345 342
342 345 344
343 344 346
346 344 345
347 341 343
343 346 347
334 341 348
347 348 341
294 349 345
263 349 294
346 345 350
350 345 349
334 348 351
337 334 351
351 348 352
352 348 347
353 337 351
351 352 353
353 338 337
347 346 354
354 346 350
263 355 349
232 355 263
232 356 355
232 229 356
357 349 355
357 355 356
358 356 229
357 356 358
358 229 234
350 349 359
357 359 349
360 350 359
354 350 360
361 359 357
360 359 361
347 354 362
352 347 362
363 357 358
361 357 363
364 361 363
365 358 234
234 233 365
361 366 360
364 366 361
367 354 360
366 367 360
363 358 368
365 368 358
365 233 369
233 243 369
370 362 354
367 370 354
364 363 371
371 363 368
372 368 365
365 369 372
369 243 373
373 243 241
369 373 374
372 369 374
373 241 375
241 376 375
241 242 376
377 376 242
377 242 244
244 378 377
244 379 378
372 374 380
372 381 368
380 381 372
380 382 381
371 368 381
383 381 382
383 371 381
383 364 371
383 384 364
385 364 384
385 386 364
364 386 366
387 386 385
387 385 388
386 387 389
386 389 366
366 389 390
366 390 367
391 367 390
391 370 367
370 391 392
370 392 393
393 392 394
362 370 393
393 394 395
362 393 396
396 393 395
396 395 397
396 352 362
398 396 397
396 399 352
398 399 396
353 352 399
400 399 398
353 399 400
400 398 401
400 338 353
401 402 400
400 402 338
401 403 402
335 338 402
404 402 403
335 402 404
404 403 405
336 335 404
406 404 405
336 404 406
336 406 407
406 405 408
407 406 409
409 406 408
409 408 410
411 412 152
413 414 176
415 416 214
417 418 244
265 419 420
258 421 422
155 423 424
425 426 427
426 428 429
430 426 431
431 426 432
432 426 433
433 426 434
426 435 434
431 432 436
436 437 431
438 431 437
438 437 439
440 436 432
440 432 441
442 436 440
441 432 443
432 433 443
441 443 444
442 445 436
436 445 437
446 445 442
446 437 445
446 442 447
444 443 448
444 448 449
443 433 450
443 450 448
449 448 451
450 451 448
449 451 452
447 453 446
447 454 453
446 455 437
453 455 446
456 437 455
456 457 437
452 451 458
452 458 459
460 459 458
460 461 459
462 461 460
451 463 458
450 463 451
464 453 454
464 454 465
462 460 466
466 467 462
466 468 467
468 469 467
463 470 458
460 458 470
471 466 460
471 468 466
471 472 468
468 473 469
472 473 468
474 469 473
475 464 465
475 465 476
475 476 474
475 474 477
474 473 477
478 464 475
475 477 478
479 460 470
471 460 479
478 480 464
480 453 464
480 481 453
453 481 455
482 455 481
482 481 483
473 484 477
477 485 478
484 485 477
473 486 484
472 486 473
486 487 484
487 485 484
472 488 486
487 486 488
480 489 481
490 481 489
490 491 481
492 480 478
480 492 489
493 478 485
492 478 493
487 494 485
493 485 494
488 495 487
495 494 487
493 494 496
496 492 493
494 497 496
495 497 494
498 492 496
498 496 497
489 492 499
498 499 492
500 489 499
500 501 489
488 502 495
488 503 502
504 502 503
472 503 488
472 504 503
472 505 504
471 505 472
471 506 505
471 479 506
504 505 507
507 505 506
495 502 508
504 509 502
509 508 502
495 508 510
497 495 510
497 510 511
498 497 511
479 512 506
507 506 513
513 506 512
479 514 512
479 470 514
515 509 504
509 516 508
515 516 509
504 507 517
515 504 517
511 518 498
511 519 518
510 519 511
508 520 510
510 520 519
508 521 520
516 521 508
498 518 522
498 522 499
523 499 522
523 524 499
519 520 525
521 525 520
519 525 526
519 526 527
519 527 518
518 527 528
518 528 522
522 528 529
522 529 530
521 531 525
532 531 521
532 533 531
516 532 521
534 533 532
534 535 533
534 536 535
537 532 516
537 534 532
515 537 516
534 538 536
537 538 534
539 536 538
539 540 536
541 540 539
537 542 538
515 542 537
539 538 542
515 543 542
517 543 515
539 542 544
544 542 543
517 545 543
507 545 517
507 546 545
513 546 507
547 543 545
546 547 545
544 543 548
547 548 543
541 539 549
550 539 544
550 549 539
551 541 549
551 552 541
553 551 549
553 549 550
554 553 550
548 555 544
544 555 550
554 550 556
550 555 556
556 557 554
548 558 555
547 558 548
556 559 557
560 557 559
556 555 561
561 555 558
556 561 559
560 559 562
563 560 562
563 562 564
562 559 565
559 561 565
564 562 566
562 565 566
564 566 567
568 567 566
547 569 558
561 558 570
570 558 569
571 565 561
571 561 570
572 566 565
572 565 571
568 566 573
572 573 566
574 568 573
574 575 568
576 569 547
546 576 547
577 573 572
577 574 573
578 575 574
578 579 575
546 580 576
513 580 546
581 574 577
581 578 574
582 579 578
582 583 579
584 580 513
513 512 584
512 585 584
584 586 580
585 586 584
580 587 576
587 580 586
588 578 581
588 582 578
589 583 582
589 590 583
591 590 589
591 592 590
593 591 589
594 593 589
594 589 582
594 582 588
595 594 588
596 588 581
595 588 596
596 581 597
597 581 577
595 596 598
599 595 598
600 596 597
600 598 596
597 577 601
601 577 572
602 599 598
602 603 599
597 601 604
597 604 600
601 572 605
604 601 605
572 571 605
606 602 598
606 598 600
602 607 603
602 606 607
608 605 571
604 605 608
609 606 600
609 600 604
603 607 610
603 610 611
606 612 607
606 609 612
613 609 604
613 604 608
608 571 614
614 571 570
611 610 615
611 615 616
607 617 610
607 612 617
609 618 612
609 613 618
619 613 608
619 608 614
614 570 620
570 569 620
613 619 621
613 621 618
622 619 614
622 614 620
619 622 621
623 620 569
623 622 620
576 623 569
587 623 576
622 623 587
622 587 621
624 612 618
624 617 612
621 587 625
587 586 625
618 621 626
618 626 624
621 625 626
625 586 627
585 627 586
626 625 628
625 627 628
624 626 629
626 628 629
630 617 624
624 629 630
631 628 627
631 627 585
632 629 628
631 632 628
630 633 617
610 617 633
610 633 615
630 629 634
632 634 629
635 633 630
630 634 635
636 615 633
635 636 633
636 637 615
637 616 615
637 638 616
639 638 637
639 640 638
641 640 639
642 637 636
642 639 637
643 641 639
644 641 643
645 643 639
645 639 642
646 645 642
647 642 636
646 642 647
647 636 635
647 648 646
649 647 635
647 649 648
649 635 634
648 649 650
650 649 634
648 650 651
650 634 632
652 651 650
653 650 632
652 650 653
654 652 653
653 632 631
654 653 655
655 653 631
655 656 654
655 631 657
631 585 657
655 658 656
658 655 657
585 659 657
658 657 659
656 658 660
660 658 659
656 660 661
585 662 659
512 662 585
514 662 512
661 660 663
661 663 664
660 659 665
665 659 662
663 660 665
514 666 662
665 662 666
664 663 667
664 667 668
669 668 667
670 666 514
514 470 670
663 665 671
667 663 671
665 666 672
670 672 666
665 672 671
673 670 470
673 672 670
470 463 673
669 667 674
675 669 674
667 671 676
674 667 676
671 672 677
673 677 672
671 677 676
678 673 463
463 450 678
679 677 673
676 677 679
678 679 673
450 680 678
680 679 678
450 433 680
433 434 680
676 679 681
674 676 681
681 679 680
682 674 681
675 674 682
681 680 683
683 680 434
682 681 683
675 682 684
675 684 685
686 682 683
686 683 687
688 683 434
688 434 689
682 690 691
683 692 693
434 694 695
696 431 697
698 455 699
700 489 701
702 522 703
704 705 706
705 707 708
707 705 709
707 709 710
711 709 705
711 705 712
712 705 713
714 711 712
715 711 714
714 712 716
716 712 717
716 717 718
715 714 719
720 715 719
720 721 715
722 721 720
722 723 721
724 719 714
725 720 719
725 719 724
716 726 714
724 714 726
720 727 722
720 725 727
728 723 722
729 722 727
729 728 722
728 730 723
731 723 730
731 730 732
733 731 732
733 732 734
735 734 732
735 736 734
732 730 737
732 737 735
730 728 738
730 738 737
739 736 735
739 740 736
741 735 737
741 739 735
740 739 742
740 742 743
744 738 728
744 728 729
737 738 745
737 745 741
739 741 746
739 746 742
743 742 747
743 747 748
738 744 749
738 749 745
750 744 729
750 749 744
751 741 745
751 746 741
752 742 746
752 747 742
753 748 747
753 754 748
745 749 755
745 755 751
751 755 756
757 746 751
757 752 746
751 756 757
758 747 752
758 753 747
752 757 759
756 759 757
752 759 758
756 760 759
761 754 753
761 762 754
755 749 763
750 763 749
764 758 759
759 760 764
753 758 765
753 765 761
764 765 758
762 761 766
762 766 767
766 768 767
769 761 765
769 766 761
770 765 764
770 769 765
760 771 764
764 771 770
766 772 768
773 766 769
773 772 766
769 770 774
769 774 773
775 768 772
775 776 768
775 777 776
770 778 774
771 778 770
772 773 779
772 779 775
780 773 774
778 780 774
780 779 773
781 771 760
782 771 781
782 778 771
783 778 782
781 760 784
783 782 785
760 786 784
783 785 787
778 788 780
783 788 778
789 779 780
788 789 780
760 790 786
791 786 790
791 792 786
756 790 760
793 792 791
756 794 790
794 791 790
789 795 779
775 779 795
793 791 796
797 793 796
798 794 756
798 756 755
755 763 798
775 795 799
775 799 777
800 777 799
795 800 799
800 801 777
801 800 802
801 802 803
804 803 802
804 805 803
804 806 805
800 807 802
807 804 802
795 808 800
800 808 807
804 809 806
809 810 806
811 808 795
811 795 789
807 812 804
809 804 812
813 807 808
813 808 811
812 807 813
809 814 810
814 815 810
811 789 816
788 816 789
809 812 817
817 814 809
814 818 815
818 819 815
811 816 820
813 811 820
821 816 788
820 816 821
821 788 783
812 813 822
817 812 822
817 823 814
818 814 823
813 820 824
822 813 824
820 821 825
824 820 825
826 821 783
825 821 826
817 822 827
823 817 827
822 824 828
827 822 828
824 825 829
828 824 829
830 826 783
783 787 830
825 826 831
829 825 831
832 830 787
832 787 833
834 832 833
834 833 835
797 834 835
836 826 830
831 826 836
832 836 830
797 837 834
838 834 837
797 796 837
796 838 837
796 839 838
791 839 796
791 840 839
794 840 791
840 841 839
838 839 841
842 840 794
840 842 841
842 794 798
843 842 798
843 798 763
842 844 841
842 843 844
763 845 843
763 750 845
838 841 846
841 844 846
843 847 844
843 845 847
848 846 844
838 846 848
848 844 847
838 848 849
838 849 834
849 850 834
850 832 834
850 851 832
832 851 836
852 851 850
852 836 851
853 850 849
852 850 853
848 854 849
853 849 854
847 855 848
848 855 854
856 847 845
847 856 855
856 845 857
750 857 845
858 855 856
857 858 856
859 854 855
858 859 855
853 854 860
859 860 854
750 861 857
750 729 861
727 861 729
862 857 861
857 862 858
727 863 861
862 861 863
863 727 725
863 725 864
862 863 864
864 725 724
865 858 862
862 864 865
864 724 866
866 865 864
726 866 724
865 867 858
859 858 867
866 868 865
867 865 868
726 869 866
869 868 866
859 867 870
860 859 870
867 868 871
870 867 871
872 869 726
716 872 726
869 873 868
873 871 868
874 872 716
875 874 716
872 876 869
876 873 869
872 874 877
877 876 872
878 877 874
878 874 879
877 880 876
881 880 877
881 882 880
876 883 873
880 883 876
873 884 871
883 884 873
880 885 883
886 885 880
886 887 885
883 885 888
889 888 885
889 890 888
891 871 884
870 871 891
883 892 884
883 888 892
892 893 884
891 884 893
894 870 891
860 870 894
888 895 892
892 895 893
894 891 896
896 891 893
897 860 894
853 860 897
897 852 853
898 852 897
897 894 899
896 899 894
899 898 897
888 900 895
901 900 888
901 902 900
903 852 898
852 903 836
831 836 903
903 904 831
829 831 904
896 905 899
905 898 899
903 898 906
903 906 904
907 829 904
828 829 907
906 908 904
907 904 908
909 906 898
906 909 908
910 828 907
827 828 910
911 907 908
910 907 911
912 827 910
823 827 912
905 913 898
909 898 913
909 914 908
911 908 914
915 910 911
912 910 915
913 916 909
909 916 914
917 913 905
913 917 916
918 911 914
915 911 918
919 914 916
918 914 919
920 915 918
920 912 915
917 905 921
896 921 905
896 922 921
896 893 922
922 923 921
923 917 921
893 924 922
922 924 923
893 895 924
925 924 895
925 923 924
900 925 895
900 926 925
927 926 900
927 928 926
925 929 923
926 929 925
923 930 917
929 930 923
926 931 929
932 931 926
932 933 931
934 917 930
934 916 917
919 916 934
929 935 930
931 935 929
934 930 935
934 936 919
934 935 936
931 937 935
937 936 935
938 937 931
938 939 937
919 936 940
919 940 918
920 918 940
937 941 936
941 940 936
942 941 937
942 943 941
944 940 941
944 920 940
945 944 941
945 946 944
944 947 920
920 947 912
944 948 947
949 948 944
949 950 948
951 912 947
948 951 947
951 823 912
818 823 951
948 952 951
818 951 952
953 952 948
953 954 952
818 952 955
818 955 819
955 956 819
955 957 956
958 955 952
958 952 959
712 960 961
707 962 963
874 964 965
966 967 968
968 969 970
970 971 968
970 972 971
973 968 971
973 974 968
974 975 968
976 974 973
976 973 977
976 978 974
978 979 974
978 980 979
976 977 981
977 982 981
977 983 982
984 982 983
984 983 985
986 976 981
987 981 982
987 986 981
978 976 988
986 988 976
982 984 989
982 989 987
990 984 985
991 989 984
991 984 990
990 985 992
993 992 985
993 994 992
995 994 993
995 996 994
997 994 996
997 996 998
994 999 992
994 997 999
992 1000 990
992 999 1000
998 1001 997
998 1002 1001
1003 999 997
1003 997 1001
1002 1004 1001
1002 1005 1004
1006 990 1000
1006 991 990
999 1007 1000
999 1003 1007
1001 1008 1003
1001 1004 1008
1005 1009 1004
1005 1010 1009
1000 1011 1006
1000 1007 1011
1012 991 1006
1011 1012 1006
1013 1007 1003
1013 1003 1008
1014 1008 1004
1014 1004 1009
1015 1009 1010
1015 1010 1016
1007 1017 1011
1007 1013 1017
1013 1018 1017
1019 1013 1008
1019 1008 1014
1013 1019 1018
1020 1014 1009
1020 1009 1015
1014 1021 1019
1018 1019 1021
1014 1020 1021
1018 1021 1022
1023 1015 1016
1023 1016 1024
1025 1011 1017
1011 1025 1012
1026 1021 1020
1021 1026 1022
1015 1027 1020
1015 1023 1027
1026 1020 1027
1024 1028 1023
1024 1029 1028
1030 1028 1029
1031 1027 1023
1031 1023 1028
1032 1026 1027
1032 1027 1031
1022 1026 1033
1026 1032 1033
1030 1034 1028
1035 1031 1028
1035 1028 1034
1031 1036 1032
1031 1035 1036
1037 1034 1030
1037 1030 1038
1037 1038 1039
1032 1036 1040
1033 1032 1040
1034 1041 1035
1034 1037 1041
1042 1036 1035
1040 1036 1042
1042 1035 1041
1043 1022 1033
1044 1043 1033
1044 1033 1040
1044 1040 1045
1043 1046 1022
1044 1045 1047
1048 1022 1046
1045 1049 1047
1040 1042 1050
1045 1040 1050
1051 1042 1041
1050 1042 1051
1048 1052 1022
1053 1052 1048
1053 1048 1054
1052 1018 1022
1053 1054 1055
1052 1056 1018
1053 1056 1052
1051 1041 1057
1037 1057 1041
1053 1055 1058
1058 1055 1059
1018 1056 1060
1018 1060 1017
1025 1017 1060
1037 1061 1057
1037 1039 1061
1062 1061 1039
1057 1061 1062
1062 1039 1063
1064 1062 1063
1064 1063 1065
1066 1064 1065
1066 1065 1067
1066 1067 1068
1069 1062 1064
1069 1064 1066
1057 1062 1070
1069 1070 1062
1066 1068 1071
1071 1068 1072
1073 1057 1070
1073 1051 1057
1069 1066 1074
1071 1074 1066
1075 1070 1069
1075 1073 1070
1074 1075 1069
1071 1072 1076
1076 1072 1077
1073 1078 1051
1050 1051 1078
1071 1079 1074
1079 1071 1076
1076 1077 1080
1080 1077 1081
1073 1082 1078
1075 1082 1073
1083 1050 1078
1082 1083 1078
1083 1045 1050
1074 1084 1075
1079 1084 1074
1079 1076 1085
1080 1085 1076
1075 1086 1082
1084 1086 1075
1082 1087 1083
1086 1087 1082
1088 1045 1083
1087 1088 1083
1079 1089 1084
1085 1089 1079
1084 1090 1086
1089 1090 1084
1086 1091 1087
1090 1091 1086
1092 1045 1088
1045 1092 1049
1087 1093 1088
1091 1093 1087
1049 1092 1094
1049 1094 1095
1095 1094 1096
1095 1096 1097
1096 1059 1097
1098 1092 1088
1093 1098 1088
1094 1092 1098
1096 1099 1059
1100 1099 1096
1058 1059 1099
1100 1058 1099
1100 1101 1058
1053 1058 1101
1053 1101 1102
1053 1102 1056
1103 1102 1101
1103 1101 1100
1104 1056 1102
1103 1104 1102
1104 1060 1056
1105 1060 1104
1105 1025 1060
1104 1103 1106
1104 1106 1105
1025 1105 1107
1025 1107 1012
1103 1100 1108
1103 1108 1106
1105 1106 1109
1105 1109 1107
1110 1106 1108
1100 1110 1108
1110 1109 1106
1100 1111 1110
1100 1096 1111
1111 1096 1112
1112 1096 1094
1112 1094 1113
1094 1098 1113
1114 1112 1113
1098 1114 1113
1115 1111 1112
1114 1115 1112
1110 1111 1116
1115 1116 1111
1109 1110 1117
1110 1116 1117
1118 1107 1109
1109 1117 1118
1118 1119 1107
1012 1107 1119
1120 1118 1117
1119 1118 1120
1121 1117 1116
1120 1117 1121
1115 1122 1116
1121 1116 1122
1012 1119 1123
1012 1123 991
989 991 1123
1124 1123 1119
1119 1120 1124
989 1123 1125
1124 1125 1123
1125 987 989
1125 1126 987
1124 1126 1125
1126 986 987
1127 1124 1120
1124 1127 1126
1126 1128 986
1128 1126 1127
988 986 1128
1127 1120 1129
1121 1129 1120
1128 1127 1130
1129 1130 1127
988 1128 1131
1131 1128 1130
1121 1132 1129
1122 1132 1121
1129 1133 1130
1132 1133 1129
1134 988 1131
978 988 1134
1131 1130 1135
1135 1130 1133
1136 978 1134
1137 978 1136
1134 1131 1138
1138 1131 1135
1134 1139 1136
1139 1134 1138
1140 1136 1139
1140 1141 1136
1139 1138 1142
1142 1143 1139
1142 1144 1143
1138 1135 1145
1142 1138 1145
1135 1133 1146
1145 1135 1146
1142 1145 1147
1147 1148 1142
1147 1149 1148
1150 1147 1145
1151 1147 1150
1151 1150 1152
1153 1146 1133
1132 1153 1133
1145 1146 1154
1150 1145 1154
1154 1146 1155
1153 1155 1146
1156 1153 1132
1122 1156 1132
1150 1154 1157
1154 1155 1157
1156 1158 1153
1158 1155 1153
1159 1156 1122
1115 1159 1122
1159 1115 1114
1160 1159 1114
1159 1161 1156
1158 1156 1161
1161 1159 1160
1150 1157 1162
1163 1150 1162
1163 1162 1164
1165 1160 1114
1098 1165 1114
1093 1165 1098
1165 1093 1166
1091 1166 1093
1158 1161 1167
1160 1167 1161
1165 1168 1160
1165 1166 1168
1169 1166 1091
1090 1169 1091
1168 1166 1170
1169 1170 1166
1171 1160 1168
1168 1170 1171
1172 1169 1090
1089 1172 1090
1173 1170 1169
1172 1173 1169
1174 1172 1089
1085 1174 1089
1160 1175 1167
1171 1175 1160
1171 1170 1176
1173 1176 1170
1177 1173 1172
1174 1177 1172
1175 1171 1178
1171 1176 1178
1167 1175 1179
1175 1178 1179
1180 1176 1173
1177 1180 1173
1181 1178 1176
1180 1181 1176
1182 1180 1177
1174 1182 1177
1167 1179 1183
1158 1167 1183
1158 1183 1184
1158 1184 1155
1185 1184 1183
1185 1183 1179
1186 1155 1184
1185 1186 1184
1186 1157 1155
1187 1157 1186
1185 1187 1186
1162 1157 1187
1162 1187 1188
1189 1162 1188
1189 1188 1190
1185 1191 1187
1191 1188 1187
1185 1179 1192
1192 1191 1185
1191 1193 1188
1194 1188 1193
1194 1193 1195
1179 1196 1192
1179 1178 1196
1181 1196 1178
1192 1197 1191
1193 1191 1197
1196 1197 1192
1196 1181 1198
1196 1198 1197
1193 1197 1199
1198 1199 1197
1200 1193 1199
1200 1199 1201
1202 1198 1181
1202 1181 1180
1182 1202 1180
1198 1203 1199
1203 1198 1202
1204 1199 1203
1204 1203 1205
1206 1203 1202
1206 1202 1182
1206 1207 1203
1206 1208 1207
1209 1206 1182
1174 1209 1182
1209 1210 1206
1211 1206 1210
1211 1210 1212
1213 1209 1174
1213 1210 1209
1213 1174 1085
1080 1213 1085
1213 1214 1210
1214 1213 1080
1214 1215 1210
1214 1216 1215
1214 1080 1217
1080 1081 1217
1217 1081 1218
1217 1218 1219
1220 1214 1217
1220 1221 1214
974 1222 1223
970 1224 1225
1136 1226 1227
1228 1229 1230
1231 1228 1230
1231 1230 1232
1233 1231 1232
1233 1232 1234
1233 1234 1235
1233 1235 1236
1237 1236 1235
1237 1235 1238
1237 1238 1239
1240 1241 1242
1240 1242 1243
1244 1245 1240
1244 1240 1246
1243 1247 1248
1243 1248 1249
1250 1251 1246
1250 1246 1252
1249 1253 1254
1249 1254 1255
1256 1257 1252
1256 1258 1257
1259 1260 1261
1259 1261 1262
1263 1264 1259
1263 1259 1265
1262 1266 1267
1262 1267 1268
1269 1270 1265
1269 1265 1271
1272 1273 1268
1272 1274 1273
1273 1274 1275
1273 1275 1276
1277 1278 1279
1277 1279 1280
1281 1282 1277
1281 1277 1283
1284 1285 1283
1284 1283 1286
1287 1288 1280
1287 1289 1288
1290 1291 1288
1290 1292 1291
1291 1293 1294
1291 1294 1295
1296 1297 1298
1296 1298 1299
1300 1301 1296
1300 1296 1302
1299 1303 1304
1299 1304 1305
1305 1306 1307
1305 1307 1308
1309 1310 1302
1309 1311 1310
1312 1313 1309
1312 1314 1313
1315 1316 1317
1315 1318 1316
1315 1319 1318
1319 1320 1318
1319 1321 1320
1322 1320 1321
1322 1321 1323
1324 1322 1323
1324 1323 1325
1324 1325 1326
1327 1328 1329
1328 1327 1330
1328 1330 1331
1332 1331 1330
1332 1333 1331
1332 1334 1333
1332 1335 1334
1336 1334 1335
1336 1337 1334
1336 1338 1337
1339 1340 1341
1339 1341 1342
1343 1341 1344
1343 1345 1341
1346 1347 1342
1346 1342 1348
1349 1345 1350
1349 1351 1345
1352 1353 1348
1352 1348 1354
1355 1356 1351
1355 1357 1356
1358 1359 1360
1358 1360 1361
1362 1360 1363
1362 1364 1360
1365 1366 1361
1365 1361 1367
1368 1369 1364
1368 1364 1370
1371 1367 1372
1371 1372 1373
1374 1373 1372
1374 1372 1375
1376 1377 1378
1376 1378 1379
1380 1378 1381
1380 1382 1378
1383 1384 1382
1383 1382 1385
1386 1379 1387
1386 1387 1388
1389 1387 1390
1389 1390 1391
1392 1393 1390
1392 1390 1394
1395 1396 1397
1395 1397 1398
1399 1397 1400
1399 1401 1397
1402 1403 1398
1402 1398 1404
1405 1406 1404
1405 1404 1407
1408 1409 1401
1408 1410 1409
1411 1412 1409
1411 1413 1412
1414 1415 1416
1414 1416 1417
1414 1417 1418
1418 1417 1419
1418 1419 1420
1421 1420 1419
1421 1422 1420
1423 1422 1421
1423 1424 1422
1423 1425 1424
1426 1427 1428
1426 1428 1429
1429 1430 1426
1431 1430 1429
1426 1430 1432
1432 1430 1433
1433 1430 1434
1434 1430 1435
1435 1430 1436
1436 1430 1437
1437 1430 1438
1438 1430 1439
1439 1430 1440
1440 1430 1441
1441 1430 1442
1443 1442 1430
1444 1443 1430
1445 1444 1430
1446 1445 1430
1447 1446 1430
1448 1447 1430
1449 1448 1430
1450 1449 1430
1451 1450 1430
1452 1451 1430
1453 1452 1430
1454 1453 1430
1431 1454 1430
1453 1454 1455
1453 1455 1456
1457 1458 1459
1457 1459 1460
1461 1462 1463
1461 1463 1464
1464 1463 1465
1464 1465 1466
1466 1465 1467
1466 1467 1468
1468 1467 1469
1468 1469 1470
1471 1472 1473
1471 1473 1474
1475 1476 1477
1475 1477 1478
1479 1480 1481
1479 1481 1482
1482 1481 1483
1482 1483 1484
1484 1483 1485
1484 1485 1486
1486 1485 1487
1486 1487 1488
1489 1490 1491
1489 1491 1492
1492 1491 1493
1492 1493 1494
1494 1493 1495
1494 1495 1496
1496 1495 1497
1496 1497 1498
1499 1500 1501
1502 1500 1499
1503 1502 1499
1503 1504 1502
1505 1506 1499
1505 1499 1507
1499 1508 1507
1509 1510 1507
1509 1507 1511
1511 1507 1512
1513 1514 1511
1513 1515 1514
1513 1511 1516
1511 1517 1516
1502 1518 1519
1518 1502 1520
1520 1502 1521
1522 1502 1523
1522 1523 1524
1513 1525 1526
1526 1527 1513
1527 1528 1513
1529 1530 1513
1529 1513 1531
1532 1533 1534
1532 1535 1533
1535 1536 1533
1535 1537 1536
1536 1537 1538
1536 1538 1539
1540 1541 1542
1540 1542 1543
1544 1545 1546
1544 1547 1545
1548 1545 1547
1548 1549 1545
1548 1550 1549
1548 1551 1550
1552 1550 1551
1552 1551 1553
1553 1554 1552
1553 1555 1554
1556 1554 1555
1556 1555 1557
1558 1559 1560
1558 1560 1561
1562 1558 1561
1558 1562 1563
1564 1562 1561
1563 1562 1565
1566 1562 1564
1565 1562 1567
1568 1562 1566
1569 1562 1568
1567 1562 1570
1562 1569 1570
1569 1571 1570
1571 1572 1570
1573 1574 1575
1573 1575 1576
1577 1578 1579
1577 1580 1578
1580 1581 1578
1580 1582 1581
1582 1583 1581
1582 1584 1583
1584 1585 1583
1584 1586 1585
1587 1588 1589
1587 1589 1590
1591 1592 1593
1591 1593 1594
1595 1596 1597
1595 1598 1596
1598 1599 1596
1598 1600 1599
1600 1601 1599
1600 1602 1601
1602 1603 1601
1602 1604 1603
1605 1606 1607
1605 1608 1606
1608 1609 1606
1608 1610 1609
1610 1611 1609
1610 1612 1611
1612 1613 1611
1612 1614 1613
1615 1616 1617
1615 1617 1618
1618 1617 1619
1618 1619 1620
1619 1621 1620
1619 1622 1621
1623 1624 1625
1623 1625 1626
1627 1628 1629
1627 1630 1628
1628 1630 1631
1631 1632 1628
1628 1632 1633
1633 1634 1628
1628 1634 1635
1635 1636 1628
1628 1636 1637
1628 1638 1639
1628 1640 1638
1637 1641 1642
1643 1640 1642
1642 1641 1644
1644 1645 1628
1628 1645 1646
1642 1647 1643
1646 1647 1642
1648 1649 1650
1648 1650 1651
1652 1653 1654
1652 1654 1655
1656 1652 1655
1656 1657 1652
1658 1659 1660
1658 1660 1661
1662 1663 1664
1662 1664 1665
1666 1664 1667
1666 1667 1668
1669 1670 1671
1669 1671 1672
1673 1674 1675
1673 1675 1676
1677 1678 1679
1677 1679 1680
1680 1681 1682
1680 1682 1683
1684 1685 1686
1684 1686 1687
1688 1689 1690
1688 1690 1691
1692 1693 1694
1692 1694 1695
1696 1697 1698
1696 1699 1697
1700 1699 1701
1700 1701 1702
1703 1704 1705
1703 1705 1706
1707 1708 1709
1707 1709 1710
1711 1712 1713
1711 1713 1714
1715 1716 1714
1715 1714 1717
1718 1719 1720
1718 1720 1721
1722 1723 1724
1722 1725 1723
1726 1725 1722
1725 1727 1723
1726 1728 1725
1729 1728 1726
1729 1730 1728
1725 1731 1727
1728 1731 1725
1731 1732 1727
1730 1733 1728
1728 1733 1731
1730 1734 1733
1731 1735 1732
1733 1735 1731
1735 1736 1732
1734 1737 1733
1733 1737 1735
1734 1738 1737
1735 1739 1736
1737 1739 1735
1739 1740 1736
1738 1741 1737
1737 1741 1739
1738 1742 1741
1739 1743 1740
1741 1743 1739
1744 1740 1743
1742 1745 1741
1741 1745 1743
1742 1746 1745
1744 1743 1747
1747 1743 1745
1747 1748 1744
1747 1749 1748
1750 1745 1746
1747 1745 1750
1750 1749 1747
1750 1746 1751
1750 1752 1749
1751 1752 1750
1751 1753 1752
1754 1755 1756
1754 1757 1755
1758 1757 1754
1757 1759 1755
1758 1760 1757
1761 1760 1758
1761 1762 1760
1757 1763 1759
1760 1763 1757
1763 1764 1759
1762 1765 1760
1760 1765 1763
1762 1766 1765
1763 1767 1764
1765 1767 1763
1767 1768 1764
1766 1769 1765
1765 1769 1767
1766 1770 1769
1767 1771 1768
1769 1771 1767
1771 1772 1768
1770 1773 1769
1769 1773 1771
1770 1774 1773
1771 1775 1772
1773 1775 1771
1774 1776 1773
1773 1776 1775
1774 1777 1776
1778 1776 1777
1779 1772 1775
1779 1780 1772
1779 1781 1780
1779 1782 1781
1783 1775 1776
1783 1779 1775
1783 1782 1779
1778 1783 1776
1783 1784 1782
1778 1784 1783
1778 1785 1784
1786 1787 1788
1786 1788 1789
1790 1786 1789
1789 1788 1791
1790 1789 1792
1793 1790 1792
1793 1792 1794
1789 1791 1795
1792 1789 1795
1795 1791 1796
1794 1792 1797
1792 1795 1797
1794 1797 1798
1795 1796 1799
1797 1795 1799
1799 1796 1800
1798 1797 1801
1797 1799 1801
1798 1801 1802
1799 1800 1803
1801 1799 1803
1803 1800 1804
1802 1801 1805
1801 1803 1805
1802 1805 1806
1803 1804 1807
1805 1803 1807
1808 1807 1804
1806 1805 1809
1805 1807 1809
1806 1809 1810
1808 1811 1807
1811 1809 1807
1811 1808 1812
1811 1812 1813
1814 1810 1809
1811 1814 1809
1814 1811 1813
1814 1815 1810
1814 1813 1816
1815 1814 1816
1815 1816 1817
1818 1819 1820
1818 1820 1821
1822 1818 1821
1821 1820 1823
1822 1821 1824
1825 1822 1824
1825 1824 1826
1821 1823 1827
1824 1821 1827
1827 1823 1828
1826 1824 1829
1824 1827 1829
1826 1829 1830
1827 1828 1831
1829 1827 1831
1831 1828 1832
1830 1829 1833
1829 1831 1833
1830 1833 1834
1831 1832 1835
1833 1831 1835
1835 1832 1836
1834 1833 1837
1833 1835 1837
1834 1837 1838
1835 1836 1839
1837 1835 1839
1838 1837 1840
1837 1839 1840
1838 1840 1841
1840 1842 1841
1836 1843 1839
1836 1844 1843
1843 1844 1845
1843 1845 1846
1839 1847 1840
1839 1843 1847
1847 1843 1846
1840 1847 1842
1847 1846 1848
1842 1847 1848
1842 1848 1849
1850 1851 1852
1850 1852 1853
1852 1854 1853
1852 1855 1854
1856 1857 1852
1856 1858 1857
1857 1859 1852
1857 1860 1859
1861 1862 1857
1861 1863 1862
1862 1864 1857
1862 1865 1864
1866 1867 1862
1866 1868 1867
1867 1869 1862
1867 1870 1869
1871 1872 1867
1872 1873 1867
1872 1874 1873
1871 1875 1872
1875 1876 1872
1875 1877 1876
1876 1878 1872
1876 1879 1878
1880 1881 1876
1880 1882 1881
1881 1883 1876
1881 1884 1883
1885 1886 1881
1885 1887 1886
1886 1888 1881
1886 1889 1888
1890 1891 1886
1890 1892 1891
1891 1893 1886
1891 1894 1893
1895 1891 1896
1895 1896 1897
1895 1898 1891
1895 1899 1898
1895 1900 1901
1895 1901 1902
1902 1903 1895
1902 1904 1903
1905 1902 1906
1905 1907 1902
1907 1908 1902
1907 1909 1908
1910 1907 1911
1910 1912 1907
1910 1913 1912
1910 1911 1914
1914 1915 1910
1914 1916 1915
1915 1917 1910
1915 1918 1917
1919 1920 1915
1920 1921 1915
1920 1922 1921
1919 1923 1920
1924 1920 1923
1924 1923 1925
1924 1926 1920
1924 1927 1926
1928 1929 1924
1928 1930 1929
1929 1931 1924
1929 1932 1931
1933 1929 1934
1933 1935 1929
1935 1936 1929
1935 1937 1936
1935 1938 1939
1935 1939 1940
1940 1941 1935
1940 1942 1941
1943 1944 1945
1943 1945 1946
1947 1948 1949
1947 1949 1950
1951 1952 1953
1951 1953 1954
1955 1956 1957
1955 1957 1958
1959 1960 1961
1959 1961 1962
1963 1964 1965
1963 1965 1966
1967 1968 1969
1967 1969 1970
1971 1972 1973
1971 1973 1974
1975 1976 1977
1975 1977 1978
1979 1980 1981
1979 1981 1982
1983 1984 1985
1983 1985 1986
1987 1988 1989
1987 1989 1990
1991 1992 1993
1991 1993 1994
1995 1996 1997
1995 1997 1998
1999 2000 2001
1999 2001 2002
2003 2004 2005
2003 2005 2006
2007 2008 2009
2007 2009 2010
2011 2012 2013
2011 2013 2014
2015 2016 2017
2015 2017 2018
2019 2020 2021
2019 2022 2020
2019 2023 2022
2019 2024 2023
2025 2026 2027
2025 2027 2028
2029 2025 2028
2030 2028 2027
2029 2028 2031
2032 2029 2031
2030 2033 2028
2031 2028 2033
2034 2033 2030
2032 2031 2035
2036 2032 2035
2031 2033 2037
2037 2035 2031
2034 2038 2033
2037 2033 2038
2039 2038 2034
2039 2034 2040
2041 2039 2040
2036 2035 2042
2036 2042 2043
2036 2043 2044
2044 2043 2045
2044 2045 2046
2047 2046 2045
2048 2042 2035
2042 2049 2043
2042 2048 2049
2050 2043 2049
2050 2045 2043
2048 2035 2051
2037 2051 2035
2052 2049 2048
2050 2049 2052
2053 2048 2051
2052 2048 2053
2054 2051 2037
2053 2051 2054
2054 2037 2055
2037 2038 2055
2056 2054 2055
2053 2054 2056
2057 2055 2038
2056 2055 2057
2058 2056 2057
2057 2038 2039
2053 2056 2059
2059 2056 2058
2060 2057 2039
2058 2057 2060
2060 2039 2061
2041 2061 2039
2062 2060 2061
2062 2058 2060
2041 2063 2061
2062 2061 2063
2041 2064 2063
2064 2065 2063
2064 2066 2065
2067 2053 2059
2053 2067 2052
2062 2063 2068
2068 2063 2065
2066 2069 2065
2066 2070 2069
2071 2068 2065
2071 2065 2069
2072 2069 2070
2072 2070 2073
2074 2072 2073
2075 2071 2069
2075 2069 2072
2076 2075 2072
2074 2077 2072
2076 2072 2077
2074 2078 2077
2078 2076 2077
2074 2079 2078
2080 2078 2079
2081 2068 2071
2082 2071 2075
2081 2071 2082
2076 2083 2075
2082 2075 2083
2084 2082 2083
2081 2085 2068
2062 2068 2085
2086 2062 2085
2086 2085 2081
2062 2086 2058
2087 2081 2082
2084 2087 2082
2086 2081 2088
2088 2081 2087
2089 2058 2086
2088 2089 2086
2088 2087 2090
2084 2090 2087
2076 2091 2083
2084 2083 2091
2092 2058 2089
2059 2058 2092
2088 2093 2089
2090 2093 2088
2092 2094 2059
2094 2067 2059
2095 2089 2093
2092 2089 2095
2094 2096 2067
2097 2096 2094
2067 2096 2052
2092 2098 2094
2097 2094 2098
2092 2095 2099
2092 2099 2098
2095 2093 2100
2100 2099 2095
2101 2052 2096
2050 2052 2101
2102 2098 2099
2097 2098 2102
2100 2093 2103
2103 2093 2090
2101 2096 2104
2097 2104 2096
2102 2099 2105
2100 2105 2099
2106 2103 2090
2100 2103 2107
2107 2103 2106
2100 2107 2108
2100 2108 2105
2106 2090 2109
2084 2109 2090
2110 2108 2107
2107 2106 2110
2111 2109 2084
2112 2106 2109
2112 2109 2111
2113 2110 2106
2113 2106 2112
2111 2084 2114
2084 2091 2114
2091 2115 2114
2111 2114 2115
2091 2116 2115
2076 2116 2091
2076 2117 2116
2078 2117 2076
2118 2117 2078
2080 2118 2078
2119 2118 2080
2119 2080 2120
2121 2118 2119
2118 2121 2117
2121 2119 2122
2117 2121 2123
2122 2123 2121
2117 2123 2116
2122 2124 2123
2125 2123 2124
2126 2116 2123
2125 2126 2123
2126 2115 2116
2125 2127 2126
2127 2115 2126
2125 2128 2127
2129 2127 2128
2127 2130 2115
2111 2115 2130
2129 2131 2127
2131 2130 2127
2132 2131 2129
2111 2130 2133
2131 2133 2130
2111 2133 2112
2132 2134 2131
2133 2131 2134
2112 2133 2135
2133 2134 2135
2112 2135 2113
2136 2134 2132
2136 2135 2134
2136 2132 2137
2138 2136 2137
2113 2135 2139
2136 2139 2135
2138 2140 2136
2140 2139 2136
2141 2140 2138
2113 2139 2142
2110 2113 2142
2141 2143 2140
2144 2143 2141
2140 2145 2139
2145 2142 2139
2144 2146 2143
2147 2146 2144
2148 2140 2143
2148 2145 2140
2146 2148 2143
2147 2149 2146
2150 2149 2147
2110 2142 2151
2110 2151 2108
2145 2152 2142
2152 2145 2148
2142 2153 2151
2153 2108 2151
2142 2152 2153
2146 2154 2148
2149 2154 2146
2152 2148 2155
2153 2152 2155
2155 2148 2154
2150 2156 2149
2157 2156 2150
2153 2158 2108
2158 2105 2108
2153 2155 2159
2159 2158 2153
2149 2160 2154
2160 2149 2156
2155 2154 2161
2159 2155 2161
2161 2154 2160
2158 2162 2105
2102 2105 2162
2159 2163 2158
2163 2162 2158
2164 2102 2162
2163 2164 2162
2165 2163 2159
2159 2161 2165
2166 2163 2165
2166 2164 2163
2164 2167 2102
2167 2097 2102
2161 2168 2165
2168 2166 2165
2161 2160 2169
2161 2169 2168
2170 2167 2164
2166 2170 2164
2171 2097 2167
2170 2171 2167
2169 2160 2172
2160 2156 2172
2166 2173 2170
2171 2170 2173
2174 2097 2171
2174 2104 2097
2168 2175 2166
2166 2175 2173
2168 2169 2176
2169 2172 2176
2172 2156 2177
2157 2177 2156
2171 2173 2178
2174 2171 2178
2174 2179 2104
2179 2101 2104
2168 2180 2175
2168 2176 2180
2175 2181 2173
2178 2173 2181
2174 2178 2182
2182 2179 2174
2180 2183 2175
2175 2183 2181
2180 2184 2183
2184 2180 2176
2178 2181 2185
2185 2182 2178
2181 2183 2186
2184 2186 2183
2185 2181 2187
2181 2186 2187
2182 2188 2179
2185 2189 2182
2188 2182 2189
2188 2190 2179
2190 2101 2179
2191 2101 2190
2191 2190 2188
2191 2050 2101
2192 2050 2191
2192 2045 2050
2191 2188 2193
2193 2192 2191
2188 2189 2194
2193 2188 2194
2185 2195 2189
2194 2189 2195
2194 2195 2196
2192 2197 2045
2047 2045 2197
2185 2198 2195
2185 2187 2198
2197 2192 2199
2193 2199 2192
2047 2197 2200
2197 2199 2200
2047 2200 2201
2193 2194 2202
2202 2194 2196
2193 2202 2203
2203 2199 2193
2203 2202 2196
2204 2195 2198
2204 2196 2195
2205 2198 2187
2205 2204 2198
2201 2200 2206
2201 2206 2207
2208 2207 2206
2200 2199 2209
2203 2209 2199
2200 2209 2206
2210 2206 2209
2208 2206 2211
2210 2211 2206
2212 2208 2211
2213 2209 2203
2210 2209 2213
2203 2196 2213
2212 2211 2214
2210 2214 2211
2215 2213 2196
2210 2213 2215
2212 2214 2216
2212 2216 2217
2218 2216 2214
2218 2214 2219
2210 2219 2214
2220 2218 2219
2221 2219 2210
2220 2219 2221
2221 2210 2215
2222 2220 2221
2215 2196 2223
2223 2196 2204
2215 2224 2221
2222 2221 2224
2215 2223 2224
2225 2223 2204
2225 2224 2223
2222 2224 2226
2226 2224 2225
2222 2226 2227
2228 2227 2226
2228 2226 2229
2225 2229 2226
2230 2228 2229
2231 2225 2204
2231 2229 2225
2204 2205 2231
2230 2229 2232
2233 2230 2232
2231 2205 2234
2234 2205 2187
2234 2187 2186
2235 2229 2231
2235 2232 2229
2231 2234 2235
2233 2232 2236
2235 2236 2232
2237 2233 2236
2235 2234 2238
2235 2238 2236
2239 2234 2186
2238 2234 2239
2237 2236 2240
2241 2237 2240
2242 2236 2238
2242 2240 2236
2239 2186 2243
2184 2243 2186
2244 2243 2184
2184 2176 2244
2244 2245 2243
2239 2243 2245
2176 2246 2244
2246 2245 2244
2176 2172 2246
2172 2177 2246
2238 2239 2247
2242 2238 2247
2239 2245 2248
2247 2239 2248
2246 2249 2245
2177 2249 2246
2248 2245 2249
2250 2242 2247
2247 2248 2250
2177 2251 2249
2157 2251 2177
2157 2252 2251
2248 2249 2253
2253 2249 2251
2253 2250 2248
2254 2251 2252
2253 2251 2254
2254 2252 2255
2250 2256 2242
2240 2242 2256
2253 2257 2250
2254 2257 2253
2257 2256 2250
2258 2254 2255
2254 2258 2257
2258 2255 2259
2240 2256 2260
2241 2240 2260
2257 2261 2256
2258 2261 2257
2260 2256 2261
2259 2262 2258
2258 2262 2261
2259 2263 2262
2264 2241 2260
2260 2261 2264
2264 2261 2262
2264 2265 2241
2266 2262 2263
2264 2262 2266
2266 2265 2264
2266 2263 2267
2266 2268 2265
2269 2266 2267
2269 2268 2266
2270 2271 2272
2272 2271 2273
2272 2273 2274
2274 2273 2275
2274 2275 2276
2277 2276 2275
2277 2275 2278
2277 2278 2279
2277 2279 2280
2281 2280 2279
2281 2282 2280
2283 2282 2281
2283 2284 2282
2284 2283 2285
2284 2285 2286
2287 2286 2285
2287 2285 2288
2287 2288 2289
2290 2291 2292
2290 2293 2291
2291 2293 2294
2291 2294 2295
2296 2291 2297
2296 2297 2298
2297 2291 2299
2297 2299 2300
2301 2297 2302
2301 2302 2303
2302 2297 2304
2302 2304 2305
2306 2302 2307
2306 2307 2308
2307 2302 2309
2307 2309 2310
2311 2307 2312
2312 2307 2313
2312 2313 2314
2311 2312 2315
2315 2312 2316
2315 2316 2317
2316 2312 2318
2316 2318 2319
2320 2316 2321
2320 2321 2322
2321 2316 2323
2321 2323 2324
2325 2321 2326
2325 2326 2327
2326 2321 2328
2326 2328 2329
2330 2326 2331
2330 2331 2332
2331 2326 2333
2331 2333 2334
2335 2336 2331
2335 2337 2336
2335 2331 2338
2335 2338 2339
2335 2340 2341
2335 2342 2340
2342 2335 2343
2342 2343 2344
2345 2346 2342
2345 2342 2347
2347 2342 2348
2347 2348 2349
2350 2347 2351
2351 2347 2352
2351 2352 2353
2350 2351 2354
2355 2354 2351
2355 2356 2354
2355 2351 2357
2355 2357 2358
2359 2360 2355
2359 2355 2361
2359 2361 2362
2359 2363 2360
2363 2359 2364
2363 2364 2365
2364 2359 2366
2364 2366 2367
2368 2369 2364
2368 2370 2369
2368 2364 2371
2368 2371 2372
2373 2374 2368
2373 2368 2375
2375 2368 2376
2375 2376 2377
2375 2378 2379
2375 2380 2378
2380 2375 2381
2380 2381 2382
2383 2384 2385
2383 2385 2386
2387 2388 2389
2387 2389 2390
2391 2392 2393
2391 2393 2394
2395 2396 2397
2395 2397 2398
2399 2400 2401
2399 2401 2402
2403 2404 2405
2403 2405 2406
2407 2408 2409
2407 2409 2410
2411 2412 2413
2411 2413 2414
2415 2416 2417
2415 2417 2418
2419 2420 2421
2419 2421 2422
2423 2424 2425
2423 2425 2426
2427 2428 2429
2427 2429 2430
2431 2432 2433
2431 2433 2434
2435 2436 2437
2435 2437 2438
2439 2440 2441
2439 2441 2442
2443 2444 2445
2443 2445 2446
2447 2448 2449
2447 2449 2450
2451 2452 2453
2451 2453 2454
2455 2456 2457
2455 2457 2458
2459 2460 2461
2459 2461 2462
2463 2459 2462
2463 2464 2459
2465 2466 2467
2465 2467 2468
2469 2465 2468
2468 2467 2470
2469 2468 2471
2471 2472 2469
2468 2470 2473
2473 2471 2468
2473 2470 2474
2473 2474 2475
2475 2474 2476
2473 2477 2471
2477 2473 2475
2471 2478 2472
2477 2478 2471
2479 2472 2478
2479 2480 2472
2479 2481 2480
2475 2476 2482
2476 2483 2482
2476 2484 2483
2484 2485 2483
2484 2486 2485
2485 2486 2487
2475 2482 2488
2489 2482 2483
2489 2488 2482
2483 2490 2489
2483 2485 2490
2475 2488 2491
2477 2475 2491
2492 2488 2489
2490 2492 2489
2491 2488 2493
2492 2493 2488
2494 2477 2491
2491 2493 2494
2494 2495 2477
2477 2495 2478
2496 2495 2494
2493 2496 2494
2478 2495 2497
2496 2497 2495
2498 2497 2496
2478 2497 2479
2493 2499 2496
2499 2498 2496
2479 2497 2500
2498 2500 2497
2479 2500 2501
2479 2501 2481
2501 2500 2502
2502 2500 2498
2503 2481 2501
2501 2502 2503
2503 2504 2481
2505 2504 2503
2505 2506 2504
2507 2499 2493
2493 2492 2507
2502 2508 2503
2508 2505 2503
2509 2506 2505
2509 2510 2506
2511 2505 2508
2511 2509 2505
2512 2510 2509
2512 2513 2510
2512 2514 2513
2515 2509 2511
2515 2512 2509
2512 2515 2516
2512 2517 2514
2512 2516 2517
2518 2514 2517
2518 2517 2516
2518 2519 2514
2520 2519 2518
2508 2521 2511
2522 2515 2511
2521 2522 2511
2523 2516 2515
2522 2523 2515
2524 2523 2522
2508 2525 2521
2502 2525 2508
2526 2525 2502
2526 2521 2525
2502 2498 2526
2527 2522 2521
2524 2522 2527
2526 2528 2521
2528 2527 2521
2529 2526 2498
2529 2528 2526
2528 2530 2527
2530 2524 2527
2523 2531 2516
2524 2531 2523
2532 2529 2498
2499 2532 2498
2529 2533 2528
2530 2528 2533
2534 2532 2499
2534 2499 2507
2535 2533 2529
2532 2535 2529
2534 2507 2536
2536 2537 2534
2507 2492 2536
2534 2538 2532
2537 2538 2534
2539 2535 2532
2539 2532 2538
2535 2540 2533
2540 2535 2539
2541 2536 2492
2490 2541 2492
2542 2539 2538
2537 2542 2538
2540 2543 2533
2543 2530 2533
2541 2544 2536
2536 2544 2537
2542 2545 2539
2540 2539 2545
2546 2530 2543
2540 2547 2543
2547 2546 2543
2548 2547 2540
2548 2540 2545
2546 2549 2530
2530 2549 2524
2548 2550 2547
2547 2550 2546
2549 2546 2551
2552 2524 2549
2549 2551 2552
2546 2550 2553
2546 2553 2551
2552 2554 2524
2524 2554 2531
2531 2554 2555
2555 2554 2552
2531 2555 2556
2556 2516 2531
2556 2557 2516
2518 2516 2557
2557 2558 2518
2520 2518 2558
2559 2520 2558
2559 2560 2520
2561 2559 2558
2557 2561 2558
2561 2562 2559
2563 2561 2557
2563 2562 2561
2563 2557 2556
2563 2564 2562
2565 2564 2563
2556 2566 2563
2565 2563 2566
2556 2555 2566
2567 2565 2566
2555 2567 2566
2567 2568 2565
2569 2568 2567
2555 2570 2567
2555 2552 2570
2569 2567 2571
2570 2571 2567
2572 2569 2571
2552 2573 2570
2570 2573 2571
2552 2551 2573
2572 2571 2574
2574 2571 2573
2575 2573 2551
2574 2573 2575
2575 2551 2553
2576 2572 2574
2576 2574 2575
2576 2577 2572
2576 2578 2577
2579 2575 2553
2576 2575 2579
2576 2580 2578
2579 2580 2576
2581 2578 2580
2579 2553 2582
2582 2553 2550
2581 2580 2583
2584 2581 2583
2579 2585 2580
2582 2585 2579
2584 2583 2586
2587 2584 2586
2588 2583 2580
2588 2580 2585
2588 2586 2583
2587 2586 2589
2590 2587 2589
2582 2550 2591
2548 2591 2550
2582 2592 2585
2592 2588 2585
2593 2582 2591
2548 2593 2591
2593 2592 2582
2588 2594 2586
2589 2586 2594
2592 2595 2588
2595 2592 2593
2595 2594 2588
2590 2589 2596
2596 2597 2590
2548 2598 2593
2545 2598 2548
2595 2593 2599
2599 2593 2598
2589 2594 2600
2596 2589 2600
2595 2601 2594
2599 2601 2595
2600 2594 2601
2545 2602 2598
2542 2602 2545
2599 2598 2603
2603 2598 2602
2604 2602 2542
2603 2602 2604
2605 2599 2603
2599 2605 2601
2606 2605 2603
2604 2606 2603
2604 2542 2607
2607 2542 2537
2608 2601 2605
2608 2605 2606
2600 2601 2609
2608 2609 2601
2607 2610 2604
2604 2610 2606
2611 2607 2537
2607 2611 2610
2612 2600 2609
2596 2600 2612
2606 2610 2613
2613 2610 2611
2614 2611 2537
2544 2614 2537
2615 2608 2606
2606 2613 2615
2616 2609 2608
2612 2609 2616
2612 2617 2596
2596 2617 2597
2613 2611 2618
2618 2611 2614
2544 2619 2614
2619 2544 2541
2615 2620 2608
2616 2608 2620
2615 2613 2621
2621 2613 2618
2618 2614 2622
2622 2614 2619
2623 2620 2615
2615 2621 2623
2623 2624 2620
2616 2620 2624
2621 2618 2625
2625 2618 2622
2621 2626 2623
2626 2624 2623
2625 2627 2621
2621 2627 2626
2628 2619 2541
2622 2619 2629
2629 2619 2628
2630 2628 2541
2629 2628 2630
2630 2541 2490
2631 2630 2490
2485 2631 2490
2625 2622 2632
2632 2622 2629
2629 2630 2633
2633 2630 2631
2485 2634 2631
2485 2487 2634
2632 2629 2635
2633 2635 2629
2636 2625 2632
2635 2636 2632
2635 2637 2636
2638 2631 2634
2633 2631 2638
2487 2639 2634
2638 2634 2639
2487 2640 2639
2636 2641 2625
2625 2641 2627
2633 2642 2635
2642 2637 2635
2633 2643 2642
2643 2633 2638
2643 2637 2642
2640 2644 2639
2640 2645 2644
2644 2645 2646
2647 2638 2639
2643 2638 2647
2647 2639 2644
2644 2648 2647
2644 2646 2649
2644 2649 2648
2649 2646 2650
2651 2643 2647
2643 2651 2637
2648 2651 2647
2649 2650 2652
2648 2649 2652
2650 2653 2652
2650 2654 2653
2652 2653 2655
2652 2655 2656
2648 2652 2656
2656 2655 2657
2656 2657 2658
2658 2648 2656
2658 2657 2659
2648 2660 2651
2658 2660 2648
2660 2637 2651
2658 2659 2661
2661 2660 2658
2660 2662 2637
2661 2662 2660
2659 2663 2661
2659 2664 2663
2663 2664 2665
2662 2666 2637
2666 2636 2637
2666 2641 2636
2667 2662 2661
2663 2667 2661
2667 2666 2662
2663 2665 2668
2667 2663 2668
2668 2665 2669
2641 2666 2670
2641 2670 2627
2671 2666 2667
2666 2671 2670
2671 2667 2668
2672 2627 2670
2671 2672 2670
2672 2626 2627
2668 2669 2673
2673 2669 2674
2675 2671 2668
2675 2668 2673
2671 2675 2672
2673 2674 2676
2676 2675 2673
2676 2674 2677
2675 2678 2672
2676 2678 2675
2679 2626 2672
2678 2679 2672
2676 2677 2680
2681 2680 2677
2676 2682 2678
2676 2680 2682
2679 2683 2626
2626 2683 2624
2683 2684 2624
2616 2624 2684
2683 2685 2684
2679 2685 2683
2616 2684 2686
2686 2684 2685
2616 2686 2612
2612 2686 2617
2678 2687 2679
2682 2687 2678
2679 2688 2685
2687 2688 2679
2686 2685 2689
2617 2686 2689
2689 2685 2688
2690 2687 2682
2687 2690 2688
2617 2689 2691
2691 2597 2617
2691 2692 2597
2689 2688 2693
2691 2689 2693
2693 2688 2690
2694 2692 2691
2691 2693 2694
2694 2695 2692
2690 2682 2696
2696 2682 2680
2693 2690 2697
2694 2693 2697
2697 2690 2696
2698 2695 2694
2694 2697 2698
2698 2699 2695
2696 2680 2700
2681 2700 2680
2697 2696 2701
2698 2697 2701
2701 2696 2700
2699 2698 2702
2698 2701 2702
2699 2702 2703
2704 2700 2681
2701 2700 2704
2704 2702 2701
2704 2681 2705
2703 2702 2706
2704 2706 2702
2705 2706 2704
2703 2706 2707
2705 2708 2706
2706 2709 2707
2706 2708 2709
2710 2711 2712
2711 2713 2712
2711 2714 2713
2714 2715 2713
2714 2716 2715
2715 2716 2717
2715 2717 2718
2717 2719 2718
2717 2720 2719
2721 2719 2720
2721 2720 2722
2723 2721 2722
2723 2722 2724
2724 2725 2723
2724 2726 2725
2725 2726 2727
2725 2727 2728
2727 2729 2728
2730 2731 2732
2730 2733 2731
2733 2734 2731
2735 2733 2730
2735 2730 2736
2733 2737 2734
2737 2738 2734
2739 2737 2733
2739 2733 2735
2737 2740 2738
2739 2740 2737
2740 2741 2738
2736 2742 2735
2736 2743 2742
2744 2741 2740
2744 2745 2741
2739 2746 2740
2744 2740 2746
2747 2746 2739
2747 2744 2746
2748 2739 2735
2748 2735 2742
2747 2739 2748
2743 2749 2742
2743 2750 2749
2742 2751 2748
2747 2748 2751
2742 2749 2751
2752 2749 2750
2753 2752 2750
2754 2752 2753
2754 2753 2755
2752 2756 2749
2754 2756 2752
2749 2757 2751
2749 2756 2757
2747 2751 2758
2758 2751 2757
2759 2754 2755
2759 2755 2760
2761 2759 2760
2754 2762 2756
2763 2754 2759
2763 2762 2754
2764 2756 2762
2764 2757 2756
2763 2764 2762
2761 2765 2759
2765 2763 2759
2761 2766 2765
2761 2767 2766
2768 2766 2767
2758 2757 2769
2770 2757 2764
2770 2769 2757
2769 2771 2758
2747 2758 2771
2770 2772 2769
2769 2772 2771
2747 2771 2773
2747 2773 2744
2773 2774 2744
2744 2774 2745
2745 2774 2775
2745 2775 2776
2777 2776 2775
2773 2778 2774
2778 2775 2774
2773 2771 2779
2773 2779 2778
2771 2772 2780
2771 2780 2779
2779 2780 2781
2777 2775 2782
2783 2777 2782
2778 2784 2775
2779 2784 2778
2782 2775 2784
2785 2780 2772
2770 2785 2772
2779 2786 2784
2779 2781 2786
2782 2784 2787
2787 2784 2786
2783 2782 2788
2788 2782 2787
2783 2788 2789
2783 2789 2790
2791 2790 2789
2785 2792 2780
2792 2781 2780
2793 2785 2770
2793 2792 2785
2787 2786 2794
2794 2786 2781
2788 2787 2795
2789 2788 2795
2795 2787 2794
2793 2770 2796
2764 2796 2770
2764 2797 2796
2763 2797 2764
2798 2796 2797
2798 2793 2796
2799 2797 2763
2798 2797 2799
2765 2799 2763
2765 2800 2799
2800 2798 2799
2765 2766 2800
2795 2794 2801
2802 2795 2801
2789 2795 2802
2801 2794 2803
2794 2781 2803
2804 2793 2798
2800 2805 2798
2805 2804 2798
2804 2806 2793
2793 2806 2792
2792 2807 2781
2806 2807 2792
2808 2781 2807
2808 2803 2781
2803 2808 2809
2806 2810 2807
2808 2807 2810
2804 2811 2806
2811 2810 2806
2812 2804 2805
2812 2811 2804
2813 2805 2800
2812 2805 2813
2808 2810 2814
2809 2808 2814
2803 2809 2815
2801 2803 2815
2801 2815 2816
2816 2815 2809
2811 2817 2810
2814 2810 2817
2813 2800 2818
2818 2800 2766
2801 2816 2819
2802 2801 2819
2802 2819 2820
2820 2819 2816
2818 2766 2821
2768 2821 2766
2768 2822 2821
2768 2823 2822
2823 2824 2822
2823 2825 2824
2824 2825 2826
2827 2818 2821
2827 2821 2822
2802 2820 2828
2789 2802 2828
2789 2828 2829
2791 2789 2829
2829 2828 2830
2830 2828 2820
2791 2829 2831
2829 2830 2831
2791 2831 2832
2832 2831 2833
2832 2833 2834
2833 2831 2835
2835 2831 2830
2834 2833 2836
2836 2833 2835
2834 2836 2837
2838 2837 2836
2838 2836 2839
2839 2836 2840
2836 2835 2840
2839 2840 2841
2835 2830 2842
2840 2835 2842
2841 2840 2843
2840 2842 2843
2841 2843 2844
2842 2830 2845
2830 2820 2845
2843 2842 2846
2842 2845 2846
2846 2845 2847
2844 2843 2848
2843 2846 2848
2848 2846 2847
2844 2848 2849
2850 2845 2820
2847 2845 2850
2820 2816 2850
2849 2848 2851
2848 2847 2851
2847 2852 2851
2849 2851 2853
2853 2851 2852
2853 2852 2854
2852 2855 2854
2850 2816 2856
2816 2809 2856
2847 2850 2857
2850 2856 2857
2858 2856 2809
2857 2856 2858
2847 2859 2852
2847 2857 2859
2852 2860 2855
2861 2855 2860
2852 2859 2862
2857 2862 2859
2852 2862 2860
2857 2863 2862
2858 2863 2857
2860 2862 2864
2864 2862 2863
2861 2860 2865
2860 2864 2865
2861 2865 2866
2861 2866 2867
2865 2864 2868
2865 2868 2866
2864 2863 2869
2869 2868 2864
2867 2866 2870
2867 2870 2871
2870 2872 2871
2863 2873 2869
2858 2873 2863
2869 2874 2868
2873 2874 2869
2866 2868 2875
2866 2875 2870
2875 2868 2874
2870 2876 2872
2870 2875 2877
2870 2877 2876
2872 2876 2878
2872 2878 2879
2880 2879 2878
2876 2881 2878
2876 2877 2881
2880 2878 2882
2882 2878 2881
2882 2883 2880
2882 2884 2883
2884 2885 2883
2882 2881 2886
2886 2884 2882
2884 2887 2885
2888 2885 2887
2888 2887 2889
2890 2887 2884
2886 2890 2884
2889 2887 2891
2890 2891 2887
2889 2891 2892
2891 2893 2892
2886 2881 2894
2877 2894 2881
2895 2890 2886
2886 2894 2895
2894 2896 2895
2897 2891 2890
2895 2897 2890
2897 2893 2891
2896 2897 2895
2898 2893 2897
2896 2898 2897
2896 2899 2898
2898 2900 2893
2899 2900 2898
2899 2901 2900
2899 2902 2901
2877 2903 2894
2894 2903 2896
2904 2902 2899
2904 2905 2902
2904 2906 2905
2877 2907 2903
2875 2907 2877
2908 2906 2904
2909 2906 2908
2875 2910 2907
2875 2874 2910
2874 2911 2910
2911 2907 2910
2873 2911 2874
2912 2903 2907
2911 2912 2907
2873 2913 2911
2913 2912 2911
2913 2914 2912
2912 2915 2903
2914 2915 2912
2896 2903 2915
2896 2915 2916
2896 2916 2899
2917 2916 2915
2914 2917 2915
2918 2899 2916
2917 2918 2916
2918 2904 2899
2919 2904 2918
2919 2918 2917
2919 2908 2904
2873 2920 2913
2858 2920 2873
2858 2921 2920
2858 2809 2921
2809 2814 2921
2921 2922 2920
2921 2814 2922
2922 2913 2920
2814 2817 2922
2922 2923 2913
2817 2923 2922
2923 2914 2913
2817 2924 2923
2914 2923 2924
2811 2924 2817
2811 2925 2924
2812 2925 2811
2926 2924 2925
2914 2924 2926
2926 2925 2812
2927 2914 2926
2927 2917 2914
2919 2917 2927
2926 2812 2928
2928 2812 2813
2929 2927 2926
2929 2926 2928
2919 2927 2930
2930 2927 2929
2928 2813 2931
2931 2813 2818
2931 2818 2827
2932 2928 2931
2932 2929 2928
2827 2932 2931
2933 2929 2932
2930 2929 2933
2827 2934 2932
2933 2932 2934
2822 2934 2827
2822 2824 2934
2933 2934 2824
2935 2919 2930
2908 2919 2935
2936 2930 2933
2936 2935 2930
2933 2824 2937
2937 2936 2933
2908 2935 2938
2909 2908 2938
2909 2938 2939
2939 2938 2940
2941 2935 2936
2938 2935 2941
2940 2938 2942
2938 2941 2942
2940 2942 2943
2944 2941 2936
2942 2941 2944
2943 2942 2944
2944 2936 2937
2945 2943 2944
2945 2944 2946
2946 2944 2937
2947 2945 2946
2947 2946 2948
2946 2826 2948
2946 2937 2949
2946 2949 2826
2937 2824 2949
2824 2826 2949
2950 2951 2952
2952 2951 2953
2952 2953 2954
2951 2955 2953
2953 2956 2954
2953 2955 2957
2957 2955 2958
2957 2958 2959
2953 2960 2956
2953 2957 2961
2953 2961 2960
2957 2959 2962
2962 2961 2957
2963 2956 2960
2963 2964 2956
2960 2961 2965
2960 2965 2963
2964 2963 2966
2964 2966 2967
2968 2962 2959
2968 2959 2969
2962 2970 2961
2965 2961 2970
2971 2963 2965
2971 2966 2963
2967 2966 2972
2967 2972 2973
2974 2968 2969
2974 2969 2975
2974 2975 2976
2977 2962 2968
2977 2970 2962
2965 2970 2978
2971 2965 2978
2968 2979 2977
2968 2974 2979
2980 2970 2977
2980 2978 2970
2980 2977 2979
2978 2980 2981
2976 2982 2974
2976 2983 2982
2971 2978 2984
2978 2981 2984
2971 2984 2985
2985 2984 2981
2980 2979 2986
2986 2981 2980
2987 2979 2974
2987 2974 2982
2983 2988 2982
2983 2989 2988
2988 2989 2990
2982 2988 2991
2990 2991 2988
2982 2991 2987
2990 2992 2991
2993 2991 2992
2993 2987 2991
2993 2992 2994
2994 2995 2993
2996 2979 2987
2993 2996 2987
2996 2993 2995
2996 2995 2997
2996 2986 2979
2996 2997 2998
2996 2998 2986
2999 2986 2998
2999 2998 3000
2986 2999 2981
3001 2999 3000
3001 2981 2999
3001 3000 3002
3003 3001 3002
3003 3002 3004
3005 3003 3004
3001 3006 2981
3003 3006 3001
2985 2981 3006
3007 2985 3006
3003 3008 3006
3007 3006 3008
3009 2985 3007
2971 2985 3009
3009 2966 2971
3009 2972 2966
3010 2972 3009
3009 3007 3010
3010 3011 2972
2973 2972 3011
2973 3011 3012
3012 3011 3013
3013 3011 3010
3012 3013 3014
3015 3010 3007
3013 3010 3015
3014 3013 3016
3016 3013 3015
3014 3016 3017
3017 3016 3018
3016 3015 3018
3017 3018 3019
3020 3019 3018
3015 3007 3021
3008 3021 3007
3022 3018 3015
3020 3018 3022
3022 3015 3021
3023 3020 3022
3023 3022 3021
3023 3024 3020
3008 3025 3021
3023 3021 3025
3003 3025 3008
3003 3026 3025
3023 3025 3026
3005 3026 3003
3027 3024 3023
3023 3026 3027
3027 3026 3005
3027 3028 3024
3027 3005 3028
3029 3030 3031
3029 3032 3030
3030 3032 3033
3032 3034 3033
3035 3032 3029
3035 3029 3036
3037 3034 3032
3037 3032 3035
3037 3038 3034
3036 3039 3035
3036 3040 3039
3041 3037 3035
3041 3035 3039
3042 3038 3037
3041 3042 3037
3042 3043 3038
3044 3039 3040
3044 3040 3045
3046 3041 3039
3046 3039 3044
3041 3047 3042
3046 3047 3041
3048 3043 3042
3047 3048 3042
3048 3049 3043
3050 3049 3048
3050 3051 3049
3052 3051 3050
3053 3044 3045
3053 3045 3054
3044 3055 3046
3044 3053 3055
3046 3056 3047
3055 3056 3046
3047 3057 3048
3056 3057 3047
3052 3050 3058
3058 3059 3052
3050 3060 3058
3061 3053 3054
3061 3054 3062
3063 3048 3057
3063 3050 3048
3056 3064 3057
3063 3057 3064
3050 3065 3060
3065 3066 3060
3053 3061 3067
3053 3067 3055
3068 3061 3062
3068 3062 3069
3070 3068 3069
3055 3071 3056
3071 3064 3056
3061 3068 3072
3061 3072 3067
3070 3073 3068
3073 3072 3068
3055 3067 3074
3055 3074 3071
3071 3075 3064
3074 3075 3071
3070 3076 3073
3070 3077 3076
3067 3078 3074
3067 3072 3078
3073 3079 3072
3079 3073 3076
3077 3080 3076
3079 3076 3080
3077 3081 3080
3082 3072 3079
3082 3079 3080
3082 3078 3072
3081 3083 3080
3082 3080 3083
3081 3084 3083
3085 3083 3084
3078 3086 3074
3074 3086 3075
3082 3087 3078
3078 3087 3086
3083 3088 3082
3082 3088 3087
3085 3089 3083
3083 3089 3088
3085 3090 3089
3085 3091 3090
3092 3090 3091
3093 3089 3090
3092 3093 3090
3093 3088 3089
3093 3092 3094
3088 3093 3095
3093 3094 3095
3088 3095 3087
3096 3095 3094
3097 3087 3095
3096 3097 3095
3097 3086 3087
3098 3097 3096
3099 3086 3097
3098 3099 3097
3099 3075 3086
3100 3099 3098
3101 3075 3099
3100 3101 3099
3101 3064 3075
3063 3064 3101
3102 3101 3100
3063 3101 3102
3102 3100 3103
3063 3102 3104
3104 3050 3063
3104 3065 3050
3105 3102 3103
3105 3104 3102
3105 3103 3106
3065 3104 3107
3105 3107 3104
3105 3108 3107
3109 3105 3106
3105 3109 3108
3109 3106 3110
3110 3108 3109
3110 3111 3108
3112 3108 3111
3065 3107 3113
3113 3107 3108
3065 3113 3066
3114 3112 3066
3112 3114 3108
3113 3108 3114
3114 3066 3113
3115 3116 3117
3115 3117 3118
3118 3117 3119
3120 3115 3118
3120 3121 3115
3118 3119 3122
3122 3119 3123
3124 3118 3122
3124 3120 3118
3122 3123 3125
3125 3124 3122
3125 3123 3126
3121 3120 3127
3121 3127 3128
3129 3125 3126
3130 3129 3126
3125 3131 3124
3129 3131 3125
3132 3124 3131
3129 3132 3131
3133 3120 3124
3133 3127 3120
3132 3133 3124
3134 3128 3127
3134 3135 3128
3136 3127 3133
3136 3133 3132
3136 3134 3127
3137 3135 3134
3138 3135 3137
3139 3138 3137
3139 3140 3138
3137 3134 3141
3141 3139 3137
3142 3134 3136
3142 3141 3134
3136 3132 3143
3143 3142 3136
3144 3140 3139
3144 3145 3140
3144 3146 3145
3141 3147 3139
3148 3144 3139
3148 3139 3147
3149 3147 3141
3149 3141 3142
3149 3148 3147
3144 3150 3146
3148 3150 3144
3151 3146 3150
3151 3152 3146
3151 3153 3152
3143 3154 3142
3155 3149 3142
3155 3142 3154
3154 3143 3156
3156 3143 3132
3157 3155 3154
3154 3156 3157
3156 3132 3158
3129 3158 3132
3159 3158 3129
3130 3159 3129
3160 3159 3130
3160 3130 3161
3160 3161 3162
3159 3163 3158
3163 3159 3160
3164 3156 3158
3164 3158 3163
3165 3157 3156
3165 3156 3164
3166 3165 3164
3160 3162 3167
3167 3162 3168
3163 3160 3169
3164 3163 3169
3169 3160 3167
3165 3170 3157
3157 3170 3155
3164 3169 3171
3166 3164 3171
3169 3167 3172
3171 3169 3172
3167 3168 3173
3172 3167 3173
3168 3174 3173
3168 3175 3174
3174 3175 3176
3165 3177 3170
3177 3165 3166
3178 3155 3170
3177 3178 3170
3171 3172 3179
3166 3171 3179
3172 3173 3180
3180 3173 3174
3179 3172 3180
3178 3181 3155
3149 3155 3181
3149 3181 3182
3149 3182 3148
3183 3182 3181
3183 3181 3178
3184 3148 3182
3183 3184 3182
3148 3184 3150
3185 3150 3184
3185 3184 3183
3185 3151 3150
3179 3180 3186
3180 3174 3187
3186 3180 3187
3188 3179 3186
3166 3179 3188
3189 3183 3178
3185 3183 3190
3190 3183 3189
3191 3189 3178
3177 3191 3178
3177 3166 3192
3191 3177 3192
3166 3193 3192
3166 3188 3193
3194 3193 3188
3191 3192 3195
3195 3192 3193
3191 3196 3189
3196 3191 3195
3197 3190 3189
3196 3197 3189
3198 3185 3190
3197 3198 3190
3195 3193 3199
3199 3193 3194
3194 3188 3200
3188 3186 3200
3186 3201 3200
3194 3200 3201
3196 3195 3202
3202 3195 3199
3198 3203 3185
3203 3151 3185
3186 3204 3201
3186 3187 3204
3187 3205 3204
3205 3201 3204
3203 3206 3151
3151 3206 3153
3153 3206 3207
3153 3207 3208
3208 3207 3209
3208 3209 3210
3209 3211 3210
3212 3206 3203
3212 3207 3206
3187 3213 3205
3174 3213 3187
3174 3214 3213
3174 3176 3214
3214 3215 3213
3205 3213 3215
3176 3216 3214
3214 3216 3215
3176 3217 3216
3217 3218 3216
3217 3219 3218
3218 3220 3216
3215 3216 3220
3219 3221 3218
3221 3220 3218
3219 3222 3221
3221 3222 3223
3221 3223 3224
3224 3225 3221
3221 3225 3220
3224 3226 3225
3215 3220 3227
3227 3220 3225
3228 3225 3226
3227 3225 3228
3228 3226 3229
3230 3215 3227
3205 3215 3230
3231 3227 3228
3230 3227 3231
3231 3232 3230
3233 3228 3229
3231 3228 3233
3233 3232 3231
3233 3229 3234
3235 3205 3230
3232 3235 3230
3205 3235 3201
3234 3236 3233
3233 3236 3232
3232 3236 3237
3234 3238 3236
3237 3236 3238
3237 3238 3239
3237 3239 3240
3241 3201 3235
3194 3201 3241
3242 3235 3232
3241 3235 3242
3194 3241 3243
3242 3243 3241
3232 3237 3244
3242 3232 3244
3237 3240 3245
3245 3240 3246
3247 3244 3237
3242 3244 3247
3247 3237 3245
3242 3247 3248
3243 3242 3248
3245 3249 3247
3248 3247 3249
3245 3246 3250
3245 3250 3249
3251 3250 3246
3251 3246 3252
3253 3249 3250
3253 3250 3251
3248 3249 3254
3254 3249 3253
3252 3255 3251
3252 3256 3255
3255 3256 3257
3248 3254 3258
3243 3248 3258
3254 3253 3259
3258 3254 3259
3251 3260 3253
3251 3255 3260
3259 3253 3260
3255 3257 3261
3262 3260 3255
3262 3255 3261
3263 3261 3257
3263 3257 3264
3263 3264 3265
3266 3261 3263
3266 3262 3261
3263 3265 3267
3266 3263 3267
3267 3265 3268
3267 3268 3269
3269 3268 3270
3266 3267 3271
3271 3267 3269
3269 3270 3272
3272 3270 3273
3272 3273 3274
3275 3269 3272
3271 3269 3275
3276 3272 3274
3275 3272 3276
3276 3274 3277
3276 3277 3278
3279 3266 3271
3262 3266 3279
3280 3271 3275
3279 3271 3280
3281 3279 3280
3282 3275 3276
3280 3275 3282
3282 3276 3278
3281 3280 3282
3283 3282 3278
3281 3282 3283
3284 3281 3283
3283 3278 3285
3284 3283 3285
3284 3285 3286
3284 3286 3287
3288 3262 3279
3281 3288 3279
3289 3284 3287
3289 3287 3290
3289 3290 3291
3288 3292 3262
3292 3260 3262
3293 3289 3291
3294 3293 3291
3292 3295 3260
3259 3260 3295
3259 3295 3296
3296 3295 3292
3258 3259 3296
3297 3292 3288
3296 3292 3297
3298 3258 3296
3298 3296 3297
3298 3297 3299
3297 3288 3300
3299 3297 3300
3300 3288 3281
3300 3281 3301
3284 3301 3281
3302 3300 3301
3299 3300 3302
3303 3301 3284
3302 3301 3303
3303 3284 3289
3289 3304 3303
3304 3302 3303
3289 3293 3304
3298 3305 3258
3305 3243 3258
3305 3306 3243
3194 3243 3306
3199 3194 3306
3307 3306 3305
3307 3199 3306
3307 3305 3298
3202 3199 3307
3307 3298 3308
3202 3307 3308
3308 3298 3299
3202 3308 3309
3299 3309 3308
3309 3196 3202
3309 3310 3196
3196 3310 3197
3311 3310 3309
3299 3311 3309
3311 3197 3310
3312 3311 3299
3312 3299 3302
3304 3312 3302
3311 3313 3197
3313 3198 3197
3314 3311 3312
3314 3313 3311
3304 3315 3312
3315 3314 3312
3313 3316 3198
3316 3203 3198
3316 3212 3203
3317 3316 3313
3317 3313 3314
3212 3316 3317
3318 3317 3314
3315 3318 3314
3212 3317 3319
3318 3319 3317
3319 3207 3212
3319 3209 3207
3318 3209 3319
3320 3315 3304
3293 3320 3304
3321 3318 3315
3321 3315 3320
3318 3322 3209
3322 3318 3321
3293 3323 3320
3294 3323 3293
3294 3324 3323
3324 3325 3323
3326 3321 3320
3323 3326 3320
3325 3327 3323
3323 3327 3326
3325 3328 3327
3329 3321 3326
3327 3329 3326
3328 3329 3327
3329 3322 3321
3329 3328 3330
3329 3330 3331
3322 3329 3331
3331 3330 3332
3331 3332 3333
3331 3333 3211
3322 3331 3334
3331 3211 3334
3322 3334 3209
3209 3334 3211
3335 3336 3337
3336 3338 3337
3336 3339 3338
3337 3338 3340
3341 3338 3339
3338 3342 3340
3342 3343 3340
3342 3344 3343
3341 3345 3338
3338 3346 3342
3338 3345 3346
3342 3347 3344
3346 3347 3342
3348 3345 3341
3348 3341 3349
3345 3350 3346
3345 3348 3350
3349 3351 3348
3349 3352 3351
3344 3347 3353
3344 3353 3354
3346 3355 3347
3350 3355 3346
3356 3350 3348
3356 3348 3351
3352 3357 3351
3352 3358 3357
3359 3354 3353
3359 3360 3354
3359 3361 3360
3347 3362 3353
3347 3355 3362
3350 3363 3355
3363 3350 3356
3364 3353 3362
3364 3359 3353
3355 3365 3362
3355 3363 3365
3364 3362 3365
3363 3366 3365
3367 3361 3359
3367 3368 3361
3363 3356 3369
3363 3369 3366
3356 3370 3369
3366 3369 3370
3364 3365 3371
3366 3371 3365
3372 3359 3364
3372 3367 3359
3368 3367 3373
3368 3373 3374
3373 3375 3374
3367 3376 3373
3375 3373 3376
3367 3372 3376
3375 3376 3377
3377 3376 3378
3378 3376 3372
3377 3378 3379
3379 3378 3380
3364 3381 3372
3378 3372 3381
3380 3378 3381
3364 3371 3381
3380 3381 3382
3383 3382 3381
3383 3381 3371
3383 3371 3384
3383 3384 3385
3366 3384 3371
3385 3384 3386
3386 3384 3366
3385 3386 3387
3387 3386 3388
3387 3388 3389
3388 3390 3389
3386 3366 3391
3391 3388 3386
3366 3370 3391
3391 3370 3392
3391 3393 3388
3391 3392 3393
3394 3392 3370
3356 3394 3370
3394 3356 3351
3394 3351 3357
3395 3394 3357
3394 3395 3392
3395 3357 3396
3358 3396 3357
3358 3397 3396
3397 3398 3396
3398 3395 3396
3397 3399 3398
3400 3392 3395
3398 3400 3395
3399 3401 3398
3400 3398 3401
3399 3402 3401
3402 3403 3401
3400 3401 3403
3402 3404 3403
3403 3404 3405
3400 3406 3392
3393 3392 3406
3400 3403 3407
3403 3405 3407
3400 3407 3406
3408 3407 3405
3408 3406 3407
3408 3405 3409
3393 3406 3410
3408 3410 3406
3388 3393 3410
3388 3410 3411
3408 3411 3410
3388 3411 3390
3412 3408 3409
3408 3412 3411
3412 3390 3411
3412 3409 3413
3412 3413 3390
3414 3415 3416
3414 3416 3417
3416 3418 3417
3417 3418 3419
3414 3417 3420
3414 3420 3421
3422 3417 3419
3422 3420 3417
3422 3419 3423
3424 3421 3420
3424 3425 3421
3420 3422 3426
3420 3426 3424
3427 3422 3423
3426 3422 3427
3427 3423 3428
3429 3425 3424
3429 3430 3425
3424 3426 3431
3424 3431 3429
3426 3427 3432
3431 3426 3432
3428 3433 3427
3433 3432 3427
3428 3434 3433
3434 3435 3433
3434 3436 3435
3437 3435 3436
3430 3429 3438
3430 3438 3439
3440 3429 3431
3440 3438 3429
3431 3432 3441
3440 3431 3441
3433 3442 3432
3442 3441 3432
3437 3443 3435
3443 3437 3444
3445 3435 3443
3439 3438 3446
3439 3446 3447
3433 3448 3442
3433 3435 3448
3442 3449 3441
3448 3449 3442
3445 3450 3435
3451 3450 3445
3452 3446 3438
3452 3438 3440
3447 3446 3453
3447 3453 3454
3455 3454 3453
3440 3441 3456
3456 3441 3449
3457 3453 3446
3457 3446 3452
3455 3453 3458
3458 3453 3457
3459 3452 3440
3459 3440 3456
3456 3449 3460
3459 3456 3460
3461 3455 3458
3461 3462 3455
3463 3452 3459
3463 3457 3452
3458 3457 3464
3461 3458 3464
3465 3462 3461
3461 3464 3465
3465 3466 3462
3467 3464 3457
3465 3464 3467
3467 3457 3463
3468 3466 3465
3465 3467 3468
3468 3469 3466
3470 3469 3468
3471 3463 3459
3459 3460 3471
3472 3467 3463
3471 3472 3463
3473 3468 3467
3472 3473 3467
3470 3468 3474
3473 3474 3468
3475 3470 3474
3475 3476 3470
3477 3476 3475
3478 3475 3474
3477 3475 3478
3478 3474 3473
3478 3479 3477
3480 3478 3473
3478 3480 3479
3480 3473 3472
3481 3479 3480
3482 3480 3472
3481 3480 3482
3482 3472 3471
3483 3481 3482
3484 3482 3471
3483 3482 3484
3484 3471 3460
3485 3483 3484
3486 3484 3460
3485 3484 3486
3486 3460 3449
3448 3486 3449
3487 3485 3486
3487 3486 3448
3487 3488 3485
3487 3448 3489
3489 3448 3435
3489 3435 3450
3490 3488 3487
3489 3490 3487
3490 3491 3488
3492 3489 3450
3489 3492 3490
3493 3490 3492
3491 3490 3494
3493 3494 3490
3491 3494 3495
3493 3495 3494
3493 3496 3495
3493 3497 3496
3492 3450 3498
3498 3493 3492
3451 3498 3450
3451 3497 3499
3493 3499 3497
3498 3499 3493
3451 3499 3498
3500 3501 3502
3500 3502 3503
3504 3500 3503
3504 3505 3500
3502 3506 3503
3504 3503 3506
3502 3507 3506
3504 3506 3508
3505 3504 3509
3508 3509 3504
3505 3509 3510
3508 3511 3509
3512 3513 3514
3512 3515 3513
3515 3516 3513
3512 3517 3515
3512 3518 3517
3519 3517 3518
3515 3520 3516
3515 3517 3521
3515 3521 3520
3516 3520 3522
3516 3522 3523
3522 3524 3523
3520 3525 3522
3520 3521 3525
3522 3526 3524
3525 3526 3522
3526 3527 3524
3526 3528 3527
3527 3528 3529
3526 3530 3528
3528 3530 3529
3526 3531 3530
3525 3531 3526
3532 3530 3531
3530 3532 3529
3533 3531 3525
3532 3531 3533
3534 3525 3521
3533 3525 3534
3534 3521 3535
3535 3521 3517
3535 3517 3536
3519 3536 3517
3534 3535 3537
3537 3535 3536
3538 3536 3519
3537 3536 3538
3538 3519 3539
3533 3534 3540
3534 3537 3540
3532 3533 3541
3533 3540 3541
3542 3538 3539
3542 3539 3543
3544 3537 3538
3544 3540 3537
3544 3538 3542
3543 3545 3542
3543 3546 3545
3544 3547 3540
3547 3541 3540
3542 3548 3544
3542 3545 3548
3548 3547 3544
3546 3549 3545
3546 3550 3549
3551 3545 3549
3551 3548 3545
3552 3548 3551
3552 3553 3548
3548 3553 3547
3554 3553 3552
3547 3555 3541
3553 3555 3547
3554 3556 3553
3553 3556 3555
3557 3556 3554
3557 3558 3556
3558 3555 3556
3558 3557 3529
3555 3559 3541
3532 3541 3559
3532 3559 3529
3558 3560 3555
3555 3560 3559
3559 3560 3529
3560 3558 3529
3561 3562 3563
3561 3563 3564
3561 3564 3565
3561 3565 3566
3563 3567 3564
3563 3568 3567
3564 3569 3565
3564 3567 3569
3566 3565 3570
3566 3570 3571
3568 3572 3567
3568 3573 3572
3571 3570 3574
3571 3574 3575
3576 3574 3570
3577 3570 3565
3576 3570 3577
3577 3565 3569
3578 3576 3577
3578 3577 3569
3578 3579 3576
3567 3580 3569
3567 3572 3580
3578 3569 3580
3573 3581 3572
3573 3582 3581
3572 3583 3580
3583 3578 3580
3572 3581 3583
3584 3579 3578
3583 3584 3578
3584 3585 3579
3582 3586 3581
3582 3587 3586
3586 3587 3588
3581 3589 3583
3581 3586 3589
3589 3584 3583
3589 3586 3588
3590 3585 3584
3589 3590 3584
3590 3589 3588
3590 3591 3585
3591 3590 3588
3592 3593 3594
3592 3594 3595
3592 3595 3596
3592 3596 3597
3598 3595 3594
3598 3596 3595
3598 3594 3599
3598 3600 3596
3601 3598 3599
3601 3600 3598
3601 3599 3602
3601 3603 3600
3604 3605 3606
3604 3606 3607
3607 3606 3608
3609 3604 3607
3609 3610 3604
3609 3611 3610
3607 3608 3612
3613 3609 3607
3613 3607 3612
3614 3612 3608
3614 3608 3615
3614 3615 3616
3617 3612 3614
3617 3613 3612
3614 3616 3618
3617 3614 3618
3618 3616 3619
3618 3619 3620
3619 3621 3620
3622 3618 3620
3620 3621 3622
3622 3623 3618
3617 3618 3623
3624 3623 3622
3622 3621 3624
3625 3617 3623
3624 3625 3623
3626 3613 3617
3625 3626 3617
3626 3627 3613
3609 3613 3627
3609 3627 3628
3609 3628 3611
3626 3629 3627
3628 3627 3629
3611 3628 3630
3628 3629 3630
3611 3630 3631
3625 3632 3626
3626 3632 3629
3624 3633 3625
3625 3633 3632
3634 3631 3630
3634 3635 3631
3636 3630 3629
3632 3636 3629
3636 3634 3630
3637 3635 3634
3637 3638 3635
3632 3639 3636
3633 3639 3632
3640 3634 3636
3640 3637 3634
3639 3640 3636
3641 3638 3637
3641 3642 3638
3643 3641 3637
3643 3637 3640
3644 3643 3640
3644 3640 3645
3639 3645 3640
3646 3644 3645
3633 3647 3639
3647 3645 3639
3646 3645 3648
3647 3648 3645
3649 3646 3648
3649 3648 3650
3650 3648 3647
3650 3621 3649
3651 3647 3633
3624 3651 3633
3624 3621 3651
3650 3647 3652
3652 3621 3650
3651 3621 3652
3651 3652 3647
3653 3654 3655
3653 3655 3656
3653 3656 3657
3653 3657 3658
3655 3659 3656
3655 3660 3659
3661 3657 3656
3661 3656 3659
3658 3657 3662
3658 3662 3663
3664 3659 3660
3664 3660 3665
3665 3666 3664
3665 3667 3666
3668 3664 3666
3669 3659 3664
3668 3669 3664
3669 3661 3659
3670 3669 3668
3670 3661 3669
3670 3668 3671
3657 3661 3672
3657 3672 3662
3670 3672 3661
3663 3662 3673
3663 3673 3674
3662 3672 3675
3670 3675 3672
3662 3675 3673
3676 3670 3671
3670 3676 3675
3676 3671 3677
3674 3673 3678
3674 3678 3679
3678 3680 3679
3673 3675 3681
3673 3681 3678
3676 3681 3675
3681 3680 3678
3682 3676 3677
3676 3682 3681
3682 3680 3681
3682 3677 3683
3683 3680 3682
3684 3685 3686
3684 3687 3685
3684 3686 3688
3689 3687 3684
3684 3688 3690
3691 3690 3688
3689 3684 3692
3690 3692 3684
3692 3693 3689
3691 3694 3690
3694 3691 3695
3690 3696 3692
3694 3696 3690
3692 3697 3693
3696 3697 3692
3698 3693 3697
3698 3697 3699
3700 3698 3699
3696 3701 3697
3699 3697 3701
3700 3699 3702
3703 3700 3702
3703 3702 3704
3699 3701 3705
3702 3699 3705
3706 3701 3696
3706 3705 3701
3694 3707 3696
3706 3696 3707
3706 3707 3708
3709 3707 3694
3709 3708 3707
3694 3695 3709
3704 3702 3710
3704 3710 3711
3709 3695 3712
3712 3695 3713
3712 3713 3714
3710 3702 3715
3702 3705 3715
3711 3710 3716
3715 3716 3710
3711 3716 3717
3709 3712 3718
3708 3709 3718
3712 3714 3719
3719 3718 3712
3720 3715 3705
3715 3720 3716
3721 3717 3716
3721 3722 3717
3714 3723 3719
3714 3724 3723
3720 3705 3725
3706 3725 3705
3726 3716 3720
3726 3721 3716
3727 3722 3721
3727 3728 3722
3729 3725 3706
3706 3708 3729
3720 3725 3730
3720 3730 3726
3729 3730 3725
3731 3721 3726
3731 3727 3721
3726 3730 3732
3729 3732 3730
3726 3732 3731
3733 3731 3732
3734 3728 3727
3734 3735 3728
3734 3736 3735
3727 3731 3737
3733 3737 3731
3727 3737 3734
3732 3729 3738
3729 3708 3738
3734 3737 3739
3733 3739 3737
3734 3740 3736
3734 3739 3740
3741 3736 3740
3741 3742 3736
3740 3739 3743
3740 3743 3741
3742 3741 3744
3742 3744 3745
3733 3732 3746
3732 3738 3746
3747 3743 3739
3747 3739 3733
3748 3741 3743
3748 3744 3741
3749 3745 3744
3749 3750 3745
3751 3743 3747
3751 3748 3743
3752 3744 3748
3752 3749 3744
3753 3750 3749
3753 3754 3750
3755 3754 3753
3748 3751 3756
3748 3756 3752
3749 3752 3757
3749 3757 3753
3752 3756 3758
3752 3758 3757
3747 3759 3751
3751 3760 3756
3751 3759 3760
3761 3758 3756
3761 3756 3760
3760 3762 3761
3763 3757 3758
3763 3758 3761
3753 3757 3764
3763 3764 3757
3764 3763 3765
3763 3761 3766
3766 3761 3762
3765 3763 3766
3753 3764 3767
3755 3753 3767
3768 3767 3764
3764 3765 3768
3755 3767 3769
3768 3769 3767
3770 3769 3768
3755 3769 3771
3770 3771 3769
3770 3772 3771
3773 3772 3770
3774 3768 3765
3770 3768 3774
3773 3770 3775
3776 3773 3775
3770 3777 3775
3770 3774 3777
3776 3775 3778
3777 3778 3775
3779 3776 3778
3779 3778 3780
3781 3779 3780
3777 3782 3778
3780 3778 3782
3783 3782 3777
3774 3784 3777
3783 3777 3784
3781 3780 3785
3785 3786 3781
3780 3782 3787
3787 3782 3783
3787 3785 3780
3774 3788 3784
3774 3765 3788
3785 3789 3786
3790 3786 3789
3787 3791 3785
3789 3785 3791
3792 3784 3788
3783 3784 3792
3793 3788 3765
3792 3788 3793
3790 3789 3794
3795 3790 3794
3796 3791 3787
3787 3783 3796
3789 3791 3797
3794 3789 3797
3795 3794 3798
3799 3795 3798
3796 3800 3791
3800 3797 3791
3783 3801 3796
3800 3796 3801
3794 3797 3802
3802 3798 3794
3799 3798 3803
3804 3799 3803
3800 3805 3797
3805 3802 3797
3802 3806 3798
3806 3803 3798
3804 3803 3807
3808 3804 3807
3783 3809 3801
3783 3792 3809
3800 3801 3810
3810 3805 3800
3811 3801 3809
3811 3810 3801
3809 3792 3812
3809 3812 3811
3810 3811 3813
3813 3811 3812
3806 3814 3803
3807 3803 3814
3808 3807 3815
3816 3808 3815
3810 3817 3805
3810 3813 3817
3818 3805 3817
3813 3818 3817
3819 3812 3792
3819 3792 3793
3807 3814 3820
3815 3807 3820
3816 3815 3821
3724 3816 3821
3724 3821 3723
3821 3815 3822
3815 3820 3822
3723 3821 3823
3821 3822 3823
3723 3823 3824
3719 3723 3824
3719 3824 3825
3719 3825 3718
3826 3718 3825
3708 3718 3826
3827 3825 3824
3826 3825 3827
3826 3828 3708
3828 3826 3827
3738 3708 3828
3829 3824 3823
3827 3824 3829
3830 3823 3822
3829 3823 3830
3828 3831 3738
3746 3738 3831
3828 3827 3832
3832 3827 3829
3831 3828 3832
3746 3831 3833
3733 3746 3833
3830 3822 3834
3834 3822 3820
3835 3829 3830
3832 3829 3835
3831 3832 3836
3836 3833 3831
3733 3833 3837
3837 3747 3733
3747 3837 3759
3837 3833 3838
3836 3838 3833
3837 3838 3759
3836 3832 3839
3838 3836 3839
3835 3839 3832
3840 3759 3838
3838 3839 3840
3840 3760 3759
3760 3840 3762
3762 3840 3839
3835 3830 3841
3834 3841 3830
3842 3839 3835
3762 3839 3842
3842 3835 3841
3843 3762 3842
3842 3841 3843
3843 3844 3762
3766 3762 3844
3845 3843 3841
3845 3844 3843
3846 3766 3844
3765 3766 3846
3793 3765 3846
3846 3844 3847
3793 3846 3847
3845 3847 3844
3793 3847 3819
3847 3848 3819
3847 3845 3848
3848 3812 3819
3845 3841 3849
3849 3848 3845
3834 3849 3841
3848 3850 3812
3813 3812 3850
3849 3851 3848
3834 3851 3849
3850 3848 3851
3850 3852 3813
3813 3852 3818
3834 3853 3851
3834 3820 3853
3850 3851 3854
3854 3851 3853
3850 3854 3852
3855 3853 3820
3854 3853 3855
3855 3852 3854
3855 3820 3814
3855 3856 3852
3856 3855 3814
3818 3852 3856
3856 3814 3806
3818 3856 3857
3806 3857 3856
3818 3857 3805
3806 3802 3857
3805 3857 3802
3858 3859 3860
3860 3859 3861
3860 3861 3862
3862 3861 3863
3858 3860 3864
3864 3860 3862
3862 3863 3865
3865 3863 3866
3864 3862 3867
3867 3862 3865
3865 3866 3868
3868 3866 3869
3858 3864 3870
3870 3864 3867
3867 3865 3871
3871 3865 3868
3868 3869 3872
3872 3869 3873
3870 3867 3874
3874 3867 3871
3858 3870 3875
3875 3870 3874
3871 3868 3876
3876 3868 3872
3872 3873 3877
3877 3873 3878
3858 3875 3879
3858 3879 3880
3875 3874 3881
3879 3875 3881
3874 3871 3882
3882 3871 3876
3881 3874 3882
3880 3879 3883
3879 3881 3883
3880 3883 3884
3876 3872 3885
3885 3872 3877
3877 3878 3886
3886 3878 3887
3881 3882 3888
3883 3881 3888
3884 3883 3889
3883 3888 3889
3884 3889 3890
3882 3876 3891
3888 3882 3891
3891 3876 3885
3885 3877 3892
3892 3877 3886
3886 3887 3893
3894 3893 3887
3890 3889 3895
3890 3895 3896
3889 3888 3897
3888 3891 3897
3889 3897 3895
3891 3885 3898
3897 3891 3898
3898 3885 3892
3892 3886 3899
3899 3886 3893
3896 3895 3900
3896 3900 3901
3895 3897 3902
3897 3898 3902
3895 3902 3900
3898 3892 3903
3902 3898 3903
3903 3892 3899
3899 3893 3904
3894 3904 3893
3901 3900 3905
3901 3905 3906
3900 3902 3907
3902 3903 3907
3900 3907 3905
3903 3899 3908
3908 3899 3904
3907 3903 3908
3906 3905 3909
3906 3909 3910
3905 3907 3911
3907 3908 3911
3905 3911 3909
3908 3904 3912
3911 3908 3912
3894 3912 3904
3911 3912 3913
3909 3911 3913
3894 3913 3912
3910 3909 3914
3909 3913 3914
3894 3914 3913
3910 3914 3915
3894 3915 3914
3916 3917 3918
3918 3917 3919
3918 3919 3920
3920 3919 3921
3916 3918 3922
3922 3918 3920
3920 3921 3923
3923 3921 3924
3922 3920 3925
3925 3920 3923
3923 3924 3926
3926 3924 3927
3916 3922 3928
3928 3922 3925
3925 3923 3929
3929 3923 3926
3926 3927 3930
3930 3927 3931
3928 3925 3932
3932 3925 3929
3916 3928 3933
3933 3928 3932
3929 3926 3934
3934 3926 3930
3930 3931 3935
3935 3931 3936
3916 3933 3937
3916 3937 3938
3933 3932 3939
3937 3933 3939
3932 3929 3940
3940 3929 3934
3939 3932 3940
3938 3937 3941
3937 3939 3941
3938 3941 3942
3934 3930 3943
3943 3930 3935
3935 3936 3944
3944 3936 3945
3939 3940 3946
3941 3939 3946
3942 3941 3947
3941 3946 3947
3942 3947 3948
3940 3934 3949
3946 3940 3949
3949 3934 3943
3943 3935 3950
3950 3935 3944
3944 3945 3951
3952 3951 3945
3948 3947 3953
3948 3953 3954
3947 3946 3955
3946 3949 3955
3947 3955 3953
3949 3943 3956
3955 3949 3956
3956 3943 3950
3950 3944 3957
3957 3944 3951
3954 3953 3958
3954 3958 3959
3953 3955 3960
3955 3956 3960
3953 3960 3958
3956 3950 3961
3960 3956 3961
3961 3950 3957
3957 3951 3962
3952 3962 3951
3959 3958 3963
3959 3963 3964
3958 3960 3965
3960 3961 3965
3958 3965 3963
3961 3957 3966
3966 3957 3962
3965 3961 3966
3964 3963 3967
3964 3967 3968
3963 3965 3969
3965 3966 3969
3963 3969 3967
3966 3962 3970
3969 3966 3970
3952 3970 3962
3969 3970 3971
3967 3969 3971
3952 3971 3970
3968 3967 3972
3967 3971 3972
3952 3972 3971
3968 3972 3973
3952 3973 3972
3974 3975 3976
3976 3975 3977
3976 3977 3978
3978 3977 3979
3974 3976 3980
3980 3976 3978
3978 3979 3981
3981 3979 3982
3980 3978 3983
3983 3978 3981
3981 3982 3984
3984 3982 3985
3974 3980 3986
3986 3980 3983
3983 3981 3987
3987 3981 3984
3984 3985 3988
3988 3985 3989
3986 3983 3990
3990 3983 3987
3974 3986 3991
3991 3986 3990
3987 3984 3992
3992 3984 3988
3988 3989 3993
3993 3989 3994
3974 3991 3995
3974 3995 3996
3991 3990 3997
3995 3991 3997
3990 3987 3998
3998 3987 3992
3997 3990 3998
3996 3995 3999
3995 3997 3999
3996 3999 4000
3992 3988 4001
4001 3988 3993
3993 3994 4002
4002 3994 4003
3997 3998 4004
3999 3997 4004
4000 3999 4005
3999 4004 4005
4000 4005 4006
3998 3992 4007
4004 3998 4007
4007 3992 4001
4001 3993 4008
4008 3993 4002
4002 4003 4009
4010 4009 4003
4006 4005 4011
4006 4011 4012
4005 4004 4013
4004 4007 4013
4005 4013 4011
4007 4001 4014
4013 4007 4014
4014 4001 4008
4008 4002 4015
4015 4002 4009
4012 4011 4016
4012 4016 4017
4011 4013 4018
4013 4014 4018
4011 4018 4016
4014 4008 4019
4018 4014 4019
4019 4008 4015
4015 4009 4020
4010 4020 4009
4017 4016 4021
4017 4021 4022
4016 4018 4023
4018 4019 4023
4016 4023 4021
4019 4015 4024
4024 4015 4020
4023 4019 4024
4022 4021 4025
4022 4025 4026
4021 4023 4027
4023 4024 4027
4021 4027 4025
4024 4020 4028
4027 4024 4028
4010 4028 4020
4027 4028 4029
4025 4027 4029
4010 4029 4028
4026 4025 4030
4025 4029 4030
4010 4030 4029
4026 4030 4031
4010 4031 4030
4032 4033 4034
4034 4033 4035
4034 4035 4036
4036 4035 4037
4032 4034 4038
4038 4034 4036
4036 4037 4039
4039 4037 4040
4038 4036 4041
4041 4036 4039
4039 4040 4042
4042 4040 4043
4032 4038 4044
4044 4038 4041
4041 4039 4045
4045 4039 4042
4042 4043 4046
4046 4043 4047
4044 4041 4048
4048 4041 4045
4032 4044 4049
4049 4044 4048
4045 4042 4050
4050 4042 4046
4046 4047 4051
4051 4047 4052
4032 4049 4053
4032 4053 4054
4049 4048 4055
4053 4049 4055
4048 4045 4056
4056 4045 4050
4055 4048 4056
4054 4053 4057
4053 4055 4057
4054 4057 4058
4050 4046 4059
4059 4046 4051
4051 4052 4060
4060 4052 4061
4055 4056 4062
4057 4055 4062
4058 4057 4063
4057 4062 4063
4058 4063 4064
4056 4050 4065
4062 4056 4065
4065 4050 4059
4059 4051 4066
4066 4051 4060
4060 4061 4067
4068 4067 4061
4064 4063 4069
4064 4069 4070
4063 4062 4071
4062 4065 4071
4063 4071 4069
4065 4059 4072
4071 4065 4072
4072 4059 4066
4066 4060 4073
4073 4060 4067
4070 4069 4074
4070 4074 4075
4069 4071 4076
4071 4072 4076
4069 4076 4074
4072 4066 4077
4076 4072 4077
4077 4066 4073
4073 4067 4078
4068 4078 4067
4075 4074 4079
4075 4079 4080
4074 4076 4081
4076 4077 4081
4074 4081 4079
4077 4073 4082
4082 4073 4078
4081 4077 4082
4080 4079 4083
4080 4083 4084
4079 4081 4085
4081 4082 4085
4079 4085 4083
4082 4078 4086
4085 4082 4086
4068 4086 4078
4085 4086 4087
4083 4085 4087
4068 4087 4086
4084 4083 4088
4083 4087 4088
4068 4088 4087
4084 4088 4089
4068 4089 4088
4090 4091 4092
4090 4092 4093
4090 4094 4091
4091 4094 4095
4091 4095 4096
4096 4095 4097
4096 4097 4098
4098 4097 4099
4098 4099 4100
4100 4099 4101
4100 4101 4102
4102 4101 4103
4102 4103 4104
4104 4103 4105
4104 4105 4106
4106 4105 4107
4106 4107 4108
4108 4107 4109
4108 4109 4110
4111 4110 4109
4111 4112 4110
4112 4111 4113
4112 4113 4114
4114 4113 4115
4114 4115 4116
4116 4115 4117
4116 4117 4118
4118 4117 4119
4118 4119 4120
4121 4120 4119
4122 4117 4115
4119 4117 4122
4113 4123 4115
4122 4115 4123
4124 4122 4123
4113 4125 4123
4125 4113 4111
4125 4124 4123
4125 4111 4126
4109 4126 4111
4121 4119 4127
4128 4121 4127
4125 4129 4124
4129 4125 4126
4109 4130 4126
4107 4130 4109
4129 4126 4131
4131 4126 4130
4107 4132 4130
4132 4107 4105
4124 4129 4133
4133 4129 4131
4131 4130 4134
4134 4130 4132
4132 4105 4135
4135 4105 4103
4133 4131 4136
4134 4136 4131
4135 4137 4132
4134 4132 4137
4135 4103 4138
4101 4138 4103
4135 4139 4137
4139 4135 4138
4140 4134 4137
4140 4137 4139
4101 4141 4138
4099 4141 4101
4139 4138 4142
4142 4138 4141
4134 4143 4136
4140 4143 4134
4140 4139 4144
4142 4144 4139
4140 4145 4143
4136 4143 4145
4140 4144 4145
4099 4146 4141
4097 4146 4099
4136 4145 4147
4147 4133 4136
4147 4148 4133
4124 4133 4148
4149 4147 4145
4148 4147 4149
4144 4150 4145
4149 4145 4150
4124 4148 4151
4148 4149 4151
4097 4152 4146
4095 4152 4097
4144 4153 4150
4142 4153 4144
4153 4142 4154
4142 4141 4154
4141 4146 4155
4141 4155 4154
4153 4154 4156
4150 4153 4156
4155 4156 4154
4157 4149 4150
4150 4156 4157
4158 4151 4149
4157 4158 4149
4095 4159 4152
4094 4159 4095
4146 4152 4160
4146 4160 4155
4155 4161 4156
4161 4157 4156
4162 4161 4155
4162 4155 4160
4152 4163 4160
4152 4159 4163
4161 4164 4157
4164 4161 4162
4157 4165 4158
4157 4164 4165
4160 4163 4166
4160 4166 4162
4167 4158 4165
4158 4167 4151
4159 4168 4163
4163 4169 4166
4163 4168 4169
4159 4170 4168
4094 4170 4159
4094 4171 4170
4094 4090 4171
4172 4168 4170
4172 4170 4171
4173 4172 4171
4174 4171 4090
4173 4171 4174
4174 4090 4093
4175 4168 4172
4175 4169 4168
4172 4173 4175
4176 4174 4093
4176 4093 4177
4174 4178 4173
4174 4176 4178
4177 4179 4176
4177 4180 4179
4181 4178 4176
4181 4176 4179
4182 4179 4180
4182 4180 4183
4184 4182 4183
4184 4185 4182
4186 4182 4185
4179 4182 4187
4186 4187 4182
4179 4187 4181
4187 4186 4188
4187 4188 4189
4181 4187 4189
4190 4189 4188
4181 4191 4178
4173 4178 4191
4190 4192 4189
4193 4192 4190
4181 4189 4194
4181 4194 4191
4192 4194 4189
4193 4195 4192
4196 4195 4193
4196 4197 4195
4192 4198 4194
4191 4194 4198
4195 4198 4192
4197 4199 4195
4197 4200 4199
4199 4201 4195
4195 4201 4198
4202 4199 4200
4202 4201 4199
4202 4200 4203
4204 4198 4201
4202 4204 4201
4191 4198 4205
4204 4205 4198
4206 4202 4203
4206 4203 4207
4208 4191 4205
4173 4191 4208
4209 4205 4204
4208 4205 4209
4210 4204 4202
4209 4204 4210
4210 4202 4206
4211 4206 4207
4211 4207 4212
4208 4213 4173
4213 4175 4173
4208 4209 4214
4210 4214 4209
4214 4213 4208
4206 4215 4210
4206 4211 4215
4210 4215 4214
4216 4214 4215
4217 4211 4212
4217 4212 4218
4219 4217 4218
4211 4220 4215
4216 4215 4220
4211 4217 4220
4175 4213 4221
4221 4169 4175
4214 4222 4213
4216 4222 4214
4222 4221 4213
4217 4223 4220
4216 4220 4223
4219 4224 4217
4217 4224 4223
4222 4225 4221
4216 4225 4222
4221 4226 4169
4226 4221 4225
4227 4224 4219
4227 4219 4228
4224 4229 4223
4224 4227 4229
4230 4216 4223
4230 4223 4229
4226 4231 4169
4166 4169 4231
4216 4232 4225
4232 4216 4230
4226 4225 4233
4232 4233 4225
4233 4231 4226
4228 4234 4227
4228 4235 4234
4236 4229 4227
4236 4227 4234
4230 4237 4232
4232 4237 4233
4238 4230 4229
4238 4229 4236
4230 4238 4237
4239 4234 4235
4239 4235 4240
4241 4233 4237
4233 4241 4231
4242 4231 4241
4241 4237 4243
4238 4243 4237
4243 4242 4241
4236 4244 4238
4238 4244 4243
4245 4236 4234
4245 4234 4239
4236 4245 4244
4246 4239 4240
4246 4240 4247
4246 4247 4128
4248 4243 4244
4243 4248 4242
4245 4249 4244
4248 4244 4249
4239 4250 4245
4245 4250 4249
4239 4246 4250
4246 4128 4251
4128 4127 4251
4248 4249 4252
4252 4249 4250
4246 4253 4250
4246 4251 4253
4252 4250 4253
4253 4254 4252
4255 4251 4127
4255 4253 4251
4253 4255 4254
4255 4127 4119
4248 4252 4256
4256 4252 4254
4256 4242 4248
4255 4119 4257
4254 4255 4257
4119 4122 4257
4257 4122 4258
4124 4258 4122
4124 4151 4258
4257 4258 4259
4151 4259 4258
4254 4257 4259
4151 4167 4259
4167 4254 4259
4167 4260 4254
4256 4254 4260
4167 4165 4260
4260 4261 4256
4260 4165 4261
4256 4261 4242
4261 4165 4164
4261 4164 4262
4242 4261 4262
4164 4162 4262
4242 4262 4263
4162 4263 4262
4242 4263 4231
4162 4166 4263
4263 4166 4231
4264 4265 4266
4264 4267 4265
4267 4268 4265
4269 4264 4266
4269 4266 4270
4267 4271 4268
4271 4272 4268
4273 4269 4270
4273 4270 4274
4275 4273 4274
4275 4269 4273
4275 4274 4276
4277 4264 4269
4275 4277 4269
4278 4275 4276
4278 4277 4275
4278 4276 4279
4280 4278 4279
4278 4280 4277
4280 4279 4281
4277 4282 4264
4280 4282 4277
4267 4264 4282
4283 4280 4281
4280 4283 4282
4283 4281 4284
4267 4282 4285
4283 4285 4282
4271 4267 4285
4286 4283 4284
4283 4286 4285
4286 4284 4287
4271 4285 4288
4286 4288 4285
4289 4286 4287
4286 4289 4288
4289 4287 4290
4291 4271 4288
4271 4291 4272
4291 4292 4272
4293 4288 4289
4291 4288 4293
4294 4289 4290
4293 4289 4294
4294 4290 4295
4291 4296 4292
4296 4291 4293
4296 4297 4292
4296 4293 4298
4296 4298 4297
4298 4293 4294
4298 4299 4297
4300 4294 4295
4298 4294 4300
4298 4300 4299
4300 4295 4299
