byte offset: 0
first index: 0
index count: 12897
topology: trianglelist
format: DXGI_FORMAT_R16_UINT

0 1 2
0 2 3
3 2 4
3 4 5
6 7 8
6 8 9
10 11 12
10 12 13
4 13 12
4 12 5
14 15 16
14 16 17
16 15 18
16 18 19
20 21 22
22 21 23
24 25 26
24 26 27
25 24 28
25 28 29
14 30 31
14 31 15
15 31 32
15 32 18
18 33 34
18 34 19
34 33 35
34 35 36
14 17 37
37 38 30
37 30 14
1 9 39
1 39 2
2 39 40
2 40 4
35 1 0
35 0 36
41 37 42
41 42 43
41 44 38
41 38 37
45 46 47
45 47 48
49 50 51
51 52 53
51 53 54
55 10 13
55 13 56
40 56 13
40 13 4
57 58 59
57 59 60
9 8 61
9 61 39
62 63 64
62 64 65
66 62 65
66 65 67
68 69 70
68 70 71
72 73 74
72 74 75
67 68 71
67 71 66
56 76 77
56 77 55
40 78 76
40 76 56
79 8 7
79 7 80
77 76 81
77 81 82
76 78 83
76 83 81
23 21 84
85 86 87
85 87 88
88 89 90
88 90 85
91 92 93
91 93 94
95 90 89
95 89 96
97 98 99
97 99 100
101 102 103
101 103 104
105 106 70
105 70 69
70 106 107
70 107 108
70 108 109
70 109 71
71 109 110
71 110 66
107 111 108
112 113 114
112 114 115
115 114 116
115 116 117
61 118 83
61 83 78
8 79 118
8 118 61
80 7 25
80 25 29
7 6 26
7 26 25
92 119 120
92 120 93
27 121 86
27 86 85
27 85 90
27 90 24
24 90 95
24 95 28
122 123 124
122 124 125
124 116 126
124 126 125
117 116 124
117 124 127
127 124 123
127 123 128
129 130 131
129 131 132
130 129 133
130 133 134
121 27 135
53 101 104
53 104 54
136 120 119
136 119 137
138 139 140
138 140 141
131 141 140
131 140 132
63 62 142
63 142 143
110 142 62
110 62 66
107 144 145
107 145 111
145 144 113
145 113 112
49 146 114
49 114 113
116 114 146
116 146 126
147 148 149
147 149 150
105 52 51
105 51 106
104 103 151
104 151 152
149 148 72
149 72 75
54 104 152
54 152 153
154 155 156
111 157 158
159 112 115
159 115 160
160 115 117
160 117 161
117 127 162
117 162 161
127 128 163
127 163 162
164 165 147
164 147 150
166 167 168
166 168 169
169 168 170
169 170 171
172 173 174
110 175 176
110 176 142
142 176 177
142 177 143
109 108 158
109 158 178
109 178 175
109 175 110
145 112 159
145 159 179
145 179 157
145 157 111
73 167 166
73 166 74
98 165 164
98 164 99
44 41 180
41 43 180
134 133 181
182 163 128
123 122 182
128 123 182
45 48 151
45 151 103
94 154 156
94 156 91
88 87 20
88 20 22
22 23 89
22 89 88
172 174 97
172 97 100
46 45 103
46 103 102
23 84 96
23 96 89
107 106 50
113 144 50
113 50 49
33 183 184
33 184 35
32 183 33
32 33 18
26 185 135
106 51 50
186 187 188
189 190 191
189 191 192
193 194 195
193 195 196
192 191 194
192 194 193
195 197 198
195 198 199
200 201 202
200 202 203
204 200 203
204 203 205
205 206 207
205 207 204
208 202 201
208 201 209
210 191 190
210 190 211
197 195 194
197 194 212
212 194 191
212 191 210
199 213 196
199 196 195
214 215 205
216 206 215
216 215 217
218 219 198
205 203 220
205 220 214
203 202 221
203 221 220
208 222 221
208 221 202
223 224 225
226 227 228
226 228 229
219 218 229
230 231 232
230 232 233
234 235 236
234 236 237
234 230 233
234 233 235
237 238 239
237 239 240
241 242 243
241 243 244
245 246 242
245 242 241
247 248 249
247 249 250
239 238 251
239 251 252
253 254 255
251 256 249
251 249 257
258 259 260
258 260 261
262 263 260
262 260 259
262 252 251
264 265 189
264 189 192
266 193 196
266 196 267
266 264 192
266 192 193
268 269 198
268 198 197
270 271 272
270 272 273
274 270 273
274 273 275
276 277 213
276 213 217
278 272 271
278 271 279
280 281 210
280 210 211
282 268 197
282 197 212
281 282 212
281 212 210
196 213 267
283 284 214
284 276 217
284 217 215
269 285 218
269 218 198
283 214 220
283 220 286
287 286 220
287 220 221
288 227 289
288 289 290
291 292 293
294 289 227
294 227 226
295 296 297
285 294 226
285 226 218
244 298 299
244 299 241
241 299 300
241 300 245
245 300 257
245 257 249
253 255 301
302 303 230
240 304 234
240 234 237
304 305 230
304 230 234
237 236 306
237 306 238
238 306 256
238 256 251
307 233 232
307 232 308
309 236 235
309 235 310
310 235 233
310 233 307
311 240 239
311 239 312
270 313 314
270 314 271
274 315 313
274 313 270
316 315 274
316 274 317
318 256 306
318 306 319
320 303 302
320 302 321
322 304 240
322 240 311
321 302 304
321 304 322
319 306 236
319 236 309
256 318 250
256 250 249
312 239 252
312 252 323
324 262 259
324 259 325
323 252 262
323 262 324
326 327 258
291 293 328
329 279 330
331 332 222
224 333 228
224 228 225
258 261 326
288 290 223
292 334 293
258 327 325
258 325 259
328 293 296
328 296 295
208 209 331
222 208 331
254 298 244
254 244 255
278 279 329
301 255 244
301 244 243
330 279 271
330 271 314
222 332 287
222 287 221
335 336 337
335 337 338
199 216 213
267 213 277
339 336 340
275 341 317
275 317 274
342 297 296
342 296 334
343 344 345
346 347 342
343 348 317
317 348 316
229 228 333
229 333 349
350 219 229
350 229 349
225 228 227
225 227 288
223 225 288
351 337 336
199 219 350
198 219 199
342 347 297
352 353 188
6 184 185
6 185 26
184 1 35
1 184 9
9 184 6
186 354 187
49 51 54
214 284 215
293 334 296
355 356 357
355 357 358
359 360 361
359 361 362
363 364 365
366 367 368
369 370 371
372 373 374
372 374 375
376 377 378
379 380 381
379 381 382
383 384 361
385 386 387
385 387 388
389 390 391
392 393 394
392 394 395
396 397 398
399 400 396
399 396 401
356 402 357
403 404 405
405 406 407
405 407 403
408 409 407
410 411 412
395 413 392
414 413 395
414 395 415
390 416 391
417 418 419
417 419 420
378 421 422
378 422 423
401 424 399
357 387 425
387 426 427
376 428 377
383 429 430
383 430 384
381 376 431
381 431 432
381 380 428
433 434 435
434 436 435
382 437 438
432 367 437
439 440 413
366 368 441
356 416 390
356 390 402
442 443 441
444 445 446
409 447 448
435 436 449
450 449 439
450 439 368
425 403 444
450 435 449
433 451 434
429 383 452
453 361 360
453 360 422
436 434 454
455 453 456
393 392 457
458 459 460
410 461 462
463 464 465
369 438 370
466 467 468
401 398 418
398 401 396
469 470 386
469 386 385
465 471 462
379 375 380
372 472 473
474 475 423
360 359 474
360 474 423
476 477 394
394 477 415
394 415 395
438 369 473
438 473 472
478 358 446
478 446 467
424 401 479
424 479 480
432 431 481
432 481 367
389 482 469
385 402 389
385 389 469
483 482 411
483 411 484
365 485 486
362 487 488
432 437 382
432 382 381
388 402 385
388 357 402
489 490 458
486 485 491
492 493 375
492 375 374
492 494 493
481 495 480
451 481 480
496 393 457
496 457 365
497 498 499
416 356 355
416 355 500
431 376 501
475 501 423
460 502 458
477 489 458
375 379 472
503 504 505
378 423 501
376 378 501
370 437 367
506 507 508
454 434 479
454 479 417
391 509 510
510 410 412
450 451 433
448 445 409
498 511 490
498 490 489
512 513 514
515 400 474
515 474 359
494 377 428
494 428 493
452 455 456
365 516 485
364 517 365
367 451 450
367 481 451
427 425 387
425 404 403
413 414 442
442 441 413
483 484 471
483 471 518
519 491 485
495 424 480
511 497 520
519 508 491
521 410 510
521 522 410
503 517 364
503 364 504
471 465 464
519 506 508
457 392 363
411 389 391
411 391 412
411 482 389
523 524 522
462 461 524
384 487 362
525 526 407
525 407 406
425 444 357
439 413 441
439 441 368
485 527 519
444 358 357
444 446 358
513 512 528
465 529 463
504 364 436
454 504 436
361 453 455
511 520 513
511 513 528
488 530 397
488 397 515
431 501 495
408 531 409
429 452 492
390 389 402
409 445 407
440 392 413
392 449 532
392 532 363
524 529 465
524 465 462
357 388 387
533 534 512
463 535 464
383 361 455
455 452 383
457 363 365
409 531 447
362 488 515
362 515 359
411 410 462
514 507 512
536 535 537
452 456 494
492 452 494
422 360 423
534 459 458
523 529 524
538 506 519
487 384 430
372 539 373
462 471 484
411 462 484
499 496 486
499 486 491
501 475 495
509 416 500
509 391 416
513 520 508
508 520 491
439 449 440
440 449 392
421 456 453
421 453 422
502 414 415
482 540 469
482 483 540
456 421 377
456 377 494
367 366 370
480 479 434
480 434 451
375 493 380
499 498 393
499 393 496
476 394 393
355 358 478
445 403 407
445 444 403
498 477 476
498 476 393
532 364 363
391 510 412
534 533 541
534 541 459
450 433 435
461 410 522
522 524 461
428 380 493
404 425 427
463 529 542
520 497 491
420 504 454
420 454 417
502 415 477
477 458 502
517 516 365
469 540 470
489 477 498
468 446 445
468 445 448
378 377 421
396 400 515
396 515 397
400 399 475
400 475 474
399 424 495
399 495 475
417 479 401
417 401 418
499 491 497
507 514 508
534 528 512
542 537 463
366 441 443
511 528 490
511 498 497
528 534 490
361 384 362
463 537 535
536 537 542
419 418 398
436 364 532
431 495 481
379 382 438
379 438 472
438 437 370
375 472 372
371 370 366
371 366 443
368 367 450
365 486 496
485 516 527
458 490 534
381 428 376
408 407 526
468 467 446
449 436 532
543 544 545
543 545 546
547 548 544
547 544 543
549 550 551
549 551 552
553 554 550
553 550 549
555 556 554
555 554 553
557 558 556
557 556 555
559 560 558
559 558 557
546 545 560
546 560 559
561 562 563
561 563 564
565 566 567
565 567 568
569 566 565
569 565 570
568 567 571
569 570 572
573 564 563
573 563 574
573 574 575
562 561 576
107 50 144
37 17 42
577 578 579
577 579 580
581 582 583
581 583 584
585 586 587
585 587 588
589 590 591
589 591 592
593 594 595
596 597 598
588 599 600
588 600 601
602 603 604
602 604 584
590 589 605
590 605 606
607 608 609
607 609 610
611 612 613
614 615 616
614 616 617
614 617 618
614 618 619
620 621 622
620 622 623
624 625 626
624 626 627
628 626 625
629 630 631
585 632 593
632 585 588
585 595 633
585 633 586
634 588 587
635 636 621
635 621 620
637 638 639
637 639 640
634 583 599
634 599 588
641 592 602
641 602 642
642 602 643
644 645 646
644 646 647
648 649 650
618 617 651
651 617 652
651 652 653
652 654 655
652 655 653
656 657 658
656 658 659
608 607 660
608 660 587
610 661 662
610 662 607
660 634 587
596 663 597
664 665 604
664 604 666
648 650 605
648 605 667
668 669 670
668 670 671
672 673 674
672 674 675
674 673 676
674 676 677
678 679 680
678 680 681
681 680 682
681 682 683
684 685 686
684 686 687
688 689 690
688 690 691
692 693 694
692 694 695
696 697 698
696 698 699
700 701 702
703 704 705
706 707 705
706 705 704
691 690 708
691 708 709
710 711 712
710 712 713
714 715 716
714 716 717
718 719 720
718 720 721
722 723 724
722 724 725
726 727 728
726 728 729
703 730 731
703 731 704
732 733 734
732 734 735
701 700 709
701 709 708
736 737 738
739 740 737
735 694 741
735 741 742
743 744 745
743 745 746
747 748 749
747 749 750
751 752 753
751 753 754
755 756 757
755 757 758
686 703 705
686 705 687
684 759 760
684 760 685
761 762 763
761 763 764
694 735 765
694 765 766
766 765 703
767 768 769
767 769 770
679 678 768
679 768 767
689 688 771
689 771 772
695 694 766
695 766 703
593 632 651
593 651 653
601 618 651
634 643 584
634 584 583
592 641 773
592 773 589
605 589 773
605 773 667
592 591 774
592 774 602
602 774 603
606 605 650
606 650 775
584 643 602
776 660 607
776 607 662
643 634 776
776 634 660
601 600 777
601 777 618
778 619 618
778 618 777
779 714 717
615 656 659
615 659 616
780 781 782
783 784 655
783 655 654
785 786 787
785 787 788
716 715 733
716 733 732
789 790 791
789 791 792
723 793 794
723 794 724
627 795 796
627 796 624
797 798 799
797 799 631
741 727 726
741 726 742
595 594 635
595 635 620
595 620 623
595 623 633
692 755 758
692 758 693
719 800 801
719 801 720
750 749 753
750 753 752
609 802 803
609 803 610
803 804 661
803 661 610
713 698 697
713 697 710
760 759 761
760 761 764
805 806 807
805 807 808
809 810 811
811 812 813
814 815 816
814 816 817
814 817 818
814 818 819
820 810 821
820 821 822
823 824 825
826 827 828
826 828 829
830 831 832
619 833 834
619 834 614
614 834 835
614 835 615
836 837 838
836 838 839
840 841 842
840 842 843
844 841 845
846 847 848
810 820 849
810 849 812
812 849 824
812 824 823
810 809 850
810 850 821
851 839 838
851 838 852
823 853 813
835 834 854
835 854 855
834 833 854
855 856 857
855 857 835
858 657 656
858 656 859
827 826 860
827 860 861
861 860 813
861 813 862
862 813 853
862 853 805
828 827 863
828 863 864
865 866 867
865 867 868
868 867 869
868 869 870
871 872 873
874 875 876
877 878 879
877 879 880
881 882 883
884 885 886
884 886 887
888 889 731
888 731 730
870 869 889
890 891 892
890 892 893
894 878 895
894 895 896
873 897 898
873 898 899
900 901 902
900 902 903
858 904 782
858 782 657
905 906 907
905 907 908
866 865 909
866 909 910
911 912 913
873 872 914
873 914 897
914 872 888
914 888 730
888 872 871
888 871 870
915 916 917
915 917 918
919 824 849
920 919 849
920 849 820
806 805 853
806 853 921
862 805 808
862 808 922
861 862 922
861 922 923
827 861 923
827 923 863
816 815 924
816 924 925
926 856 855
926 855 920
920 855 854
920 854 919
919 854 833
919 833 824
824 833 927
824 927 825
928 914 730
833 619 778
833 778 927
835 859 656
835 656 615
780 782 904
856 843 929
856 929 857
930 879 878
930 878 898
926 840 843
926 843 856
931 932 840
931 840 926
847 846 933
847 933 934
898 878 894
898 894 899
821 839 851
821 851 822
850 836 839
850 839 821
935 916 915
935 915 936
885 884 937
885 937 938
906 939 940
906 940 907
941 829 828
941 828 942
942 828 864
942 864 943
911 910 909
911 909 912
925 924 944
925 944 945
600 599 946
600 946 947
599 583 582
599 582 946
777 600 947
777 947 948
949 778 777
949 777 948
853 825 950
853 950 921
825 927 951
825 951 950
927 778 949
927 949 951
952 819 818
952 818 953
665 581 584
665 584 604
954 955 956
706 704 957
706 957 958
704 731 959
704 959 957
731 889 960
731 960 959
889 961 962
889 962 960
952 953 963
952 963 964
666 604 603
666 603 965
965 603 966
965 966 967
670 967 966
670 966 671
968 969 669
968 669 668
970 971 972
970 972 973
973 972 974
973 974 975
975 974 976
975 976 977
977 976 978
977 978 979
650 649 775
980 677 676
980 676 981
982 980 981
982 981 707
983 902 901
983 901 984
985 986 987
985 987 988
989 900 903
744 743 740
744 740 739
990 789 792
990 792 991
791 956 955
791 955 792
992 993 737
992 737 740
994 995 996
997 998 743
997 743 746
640 639 999
640 999 1000
1001 1002 647
1001 647 646
645 644 1003
645 1003 1004
1005 1004 1003
1005 1003 1006
1007 1008 1002
1007 1002 1001
1000 999 1009
1000 1009 1010
1010 1009 1011
1010 1011 1012
1013 1014 1015
1013 1015 1016
1016 1015 1017
1016 1017 1018
1019 1020 1021
1019 1021 905
875 874 1014
875 1014 1013
991 792 955
991 955 1022
1007 1023 1008
1024 979 978
578 1025 1026
578 1026 579
1027 1028 1026
1027 1026 1025
1029 696 699
1030 1031 1032
1033 718 721
1034 751 754
1035 1036 1037
994 1038 995
1039 1040 1041
1042 877 880
1043 1044 1045
844 842 841
1046 1047 1048
1049 1050 1051
939 1052 1053
939 1053 940
803 802 598
803 598 597
804 803 597
804 597 663
763 762 1054
1032 1012 1011
1032 1011 1030
784 783 613
784 613 612
790 789 995
790 995 1038
788 787 1039
788 1039 1041
789 990 996
789 996 995
929 843 832
929 832 831
1045 987 986
1045 986 1043
941 942 1055
942 943 1055
945 944 1056
838 837 1057
852 838 1057
918 917 1058
887 886 1059
1053 1052 1060
841 840 932
841 932 845
896 895 1061
934 933 1049
934 1049 1051
892 891 883
892 883 882
746 745 1062
729 728 1063
799 798 1037
799 1037 1036
722 725 1064
622 621 1065
621 636 1065
757 756 1066
740 743 998
740 998 992
746 1062 997
682 1067 1068
682 1068 683
1069 1070 1068
1069 1068 1067
672 675 1071
969 968 1072
1028 1027 1073
765 735 734
730 765 928
914 1074 897
1075 794 793
1075 793 1076
631 630 797
1077 801 1078
1078 801 800
897 1074 930
897 930 898
1079 983 984
1079 984 1080
1081 985 1082
1082 985 988
593 653 796
593 796 795
1083 1084 786
1083 786 785
970 1085 1086
970 1086 971
1087 1088 577
1087 577 580
593 595 585
1089 938 937
1089 937 1090
820 931 926
1018 1017 1091
1018 1091 1092
1019 905 908
739 737 736
747 1093 1094
747 1094 748
1095 1096 712
1095 712 711
695 703 686
1097 1070 1069
1074 734 890
1074 890 893
734 1074 928
871 873 935
871 935 936
772 771 705
772 705 707
707 706 982
889 869 961
870 889 888
601 651 632
632 588 601
734 928 765
928 1074 914
703 765 730
657 782 781
657 781 658
1047 1098 1099
1047 1099 1048
1100 1101 1102
1100 1102 1103
1103 1102 1104
813 812 823
823 825 853
514 513 508
205 215 206
186 188 353
135 27 26
49 54 153
811 810 812
848 847 1105
820 926 920
262 251 263
111 158 108
229 218 226
230 303 231
1106 1107 1108
1106 1108 1109
1110 1111 1112
1110 1112 1113
1113 1112 1114
1113 1114 1115
1116 1117 1118
1116 1118 1119
1120 1121 1122
1123 1124 1125
1126 1127 1128
1126 1128 1129
1130 1131 1132
1120 1133 1121
1134 1135 1136
1136 1137 1134
1138 1139 1140
1140 1141 1138
1142 1143 1144
1145 1146 1147
1145 1147 1148
1149 1150 1151
1149 1151 1152
1151 1153 1154
1151 1154 1152
1155 1149 1152
1155 1152 1156
1149 1157 1158
1149 1158 1150
1150 1158 1159
1150 1159 1160
1161 1150 1160
1161 1160 1162
1135 1163 1164
1135 1164 1136
1165 1166 1167
1165 1167 1168
1166 1144 1143
1166 1143 1167
1169 1170 1171
1172 1173 1174
1175 1171 1170
1174 1176 1177
1174 1177 1178
1179 1180 1181
1182 1183 1184
1182 1184 1185
1186 1187 1188
1186 1188 1189
1183 1187 1186
1183 1186 1190
1191 1192 1193
1191 1193 1194
1195 1196 1197
1195 1197 1198
1195 1198 1199
1195 1199 1200
1201 1195 1200
1201 1200 1202
1196 1195 1201
1201 1202 1203
1201 1203 1204
1201 1204 1205
1206 1207 1208
1209 1210 1206
1209 1206 1208
1211 1212 1213
1211 1213 1214
1215 1216 1217
1211 1214 1216
1211 1216 1215
1216 1218 1217
1219 1218 1216
1219 1216 1214
1220 1221 1222
1223 1224 1225
1226 1227 1228
1226 1228 1224
1229 1230 1231
1232 1233 1234
1235 1236 1237
1235 1237 1238
1235 1238 1239
1238 1237 1240
1238 1240 1241
1237 1236 1242
1237 1242 1243
1237 1243 1244
1237 1244 1240
1245 1246 1247
1245 1247 1248
1242 1236 1249
1242 1249 1250
1251 1252 1253
1251 1253 1254
1255 1256 1257
1255 1257 1258
1259 1260 1261
1259 1261 1262
1263 1264 1265
1266 1262 1261
1267 1268 1269
1267 1269 1270
1271 1272 1273
1271 1273 1274
1275 1268 1267
1275 1267 1276
1277 1278 1275
1277 1275 1276
1279 1280 1281
1279 1281 1282
1283 1278 1277
1283 1277 1284
1281 1285 1286
1281 1286 1282
1280 1287 1288
1280 1288 1281
1289 1290 1291
1289 1291 1292
1293 1294 1295
1293 1295 1296
1297 1298 1299
1248 1247 1300
1248 1300 1301
1295 1302 1303
1295 1303 1304
1292 1291 1305
1292 1305 1306
1307 1308 1309
1307 1309 1270
1310 1311 1309
1310 1309 1308
1306 1305 1312
1306 1312 1313
1286 1307 1270
1286 1270 1282
1314 1286 1285
1314 1285 1315
1316 1307 1317
1316 1317 1318
1319 1313 1312
1320 1321 1322
1247 1246 1321
1247 1321 1320
1322 1323 1320
1247 1320 1323
1247 1323 1300
1324 1325 1326
1327 1328 1329
1330 1331 1332
1333 1334 1335
1336 1335 1337
1338 1335 1339
1340 1341 1342
1340 1342 1343
1340 1343 1344
1340 1344 1345
1343 1346 1347
1342 1348 1349
1342 1349 1343
1349 1348 1350
1349 1350 1351
1352 1353 1354
1352 1354 1355
1354 1356 1355
1357 1358 1359
1360 1361 1362
1360 1362 1359
1363 1360 1359
1363 1359 1358
1362 1357 1359
1364 1365 1366
1367 1368 1366
1367 1366 1365
1369 1370 1371
1369 1371 1372
1341 1340 1372
1341 1372 1371
1373 1341 1371
1373 1371 1374
1375 1376 1342
1375 1342 1373
1341 1373 1342
1377 1378 1379
1380 1381 1382
1383 1384 1382
1383 1382 1381
1385 1386 1387
1385 1387 1388
1389 1390 1391
1389 1391 1383
1389 1383 1392
1383 1391 1393
1383 1393 1384
1394 1395 1396
1394 1396 1397
1395 1368 1367
1395 1367 1396
1379 1378 1398
1379 1398 1399
1400 1401 1402
1400 1402 1403
1404 1392 1405
1404 1405 1406
1363 1406 1405
1363 1405 1360
1352 1400 1407
1352 1407 1353
1330 1408 1409
1410 1411 1409
1410 1409 1408
1412 1413 1414
1415 1412 1416
1417 1418 1419
1420 1421 1422
1420 1422 1423
1424 1425 1426
1424 1426 1427
1428 1429 1430
1431 1432 1433
1434 1435 1436
1434 1436 1437
1432 1435 1438
1432 1431 1439
1431 1433 1440
1431 1440 1441
1440 1442 1443
1440 1443 1441
1444 1445 1446
1444 1447 1448
1449 1450 1451
1452 1453 1454
1455 1456 1457
1455 1457 1458
1459 1460 1461
1462 1463 1464
1462 1464 1465
1465 1466 1467
1465 1467 1462
1468 1469 1470
1468 1470 1471
1468 1472 1473
1468 1473 1469
1469 1473 1474
1469 1474 1475
1475 1474 1476
1475 1476 1477
1478 1479 1480
1478 1480 1477
1481 1482 1478
1481 1478 1483
1484 1485 1486
1484 1486 1487
1486 1485 1488
1486 1488 1489
1482 1481 1490
1482 1491 1479
1482 1479 1478
1492 1493 1494
1492 1494 1495
1496 1497 1493
1496 1493 1492
1477 1476 1483
1477 1483 1478
1498 1499 1500
1498 1500 1501
1498 1501 1484
1498 1484 1487
1475 1477 1480
1475 1480 1502
1503 1495 1494
1503 1494 1504
1505 1506 1507
1505 1507 1508
1505 1508 1509
1505 1509 1510
1503 1504 1467
1503 1467 1466
1469 1475 1502
1469 1502 1470
1511 1512 1513
1511 1513 1514
1515 1511 1514
1515 1514 1516
1517 1461 1460
1518 1519 1517
1518 1517 1460
1516 1520 1515
1521 1522 1523
1522 1521 1472
1522 1472 1468
1508 1524 1525
1508 1525 1509
1518 1509 1525
1518 1525 1519
1499 1513 1512
1499 1512 1500
1526 1522 1468
1526 1468 1471
1522 1526 1523
1527 1464 1463
1528 1510 1509
1528 1509 1518
1528 1518 1460
1528 1460 1459
1148 1147 1529
1121 1133 1116
1121 1116 1119
1106 1109 1530
1531 1532 1533
1531 1533 1534
1535 1536 1532
1535 1532 1531
1537 1531 1534
1537 1534 1538
1141 1140 1539
1141 1539 1540
1541 1542 1543
1541 1543 1544
1545 1175 1546
1545 1546 1547
1548 1549 1183
1548 1183 1190
1183 1549 1184
1549 1550 1551
1549 1551 1552
1550 1549 1548
1550 1548 1553
1554 1555 1556
1554 1556 1557
1558 1559 1220
1558 1220 1222
1560 1205 1204
1560 1204 1230
1230 1229 1560
1561 1562 1563
1249 1236 1235
1564 1565 1242
1564 1242 1250
1566 1565 1564
1566 1564 1567
1568 1569 1570
1568 1570 1571
1570 1572 1573
1570 1573 1571
1568 1574 1569
1326 1325 1311
1326 1311 1310
1315 1285 1575
1315 1575 1576
1256 1327 1329
1256 1329 1257
1369 1372 1577
1369 1577 1578
1579 1369 1578
1579 1578 1580
1372 1340 1345
1372 1345 1577
1581 1582 1386
1581 1386 1385
1583 1584 1347
1351 1350 1585
1351 1585 1586
1585 1587 1586
1361 1360 1405
1361 1405 1588
1387 1589 1388
1590 1390 1591
1590 1591 1592
1390 1590 1393
1390 1393 1391
1390 1389 1593
1390 1593 1594
1593 1595 1596
1593 1596 1594
1591 1390 1594
1591 1594 1597
1593 1389 1404
1598 1593 1404
1598 1404 1599
1600 1601 1602
1600 1602 1603
1408 1330 1604
1605 1604 1332
1410 1606 1607
1410 1607 1411
1608 1609 1606
1608 1606 1610
1611 1612 1613
1614 1615 1616
1614 1616 1617
1615 1618 1612
1615 1612 1616
1619 1620 1621
1619 1621 1622
1623 1624 1429
1623 1429 1625
1626 1449 1451
1626 1451 1627
1456 1628 1629
1456 1629 1457
1630 1629 1628
1630 1628 1631
1539 1140 1139
1539 1139 1632
1633 1634 1542
1633 1542 1541
1635 1535 1634
1635 1634 1633
1636 1158 1157
1636 1157 1637
1638 1157 1149
1638 1149 1155
1639 1640 1641
1642 1556 1555
1642 1555 1643
1547 1642 1643
1547 1643 1545
1640 1639 1178
1640 1178 1177
1644 1645 1646
1644 1646 1647
1648 1649 1650
1648 1650 1651
1232 1191 1194
1232 1194 1233
1652 1653 1654
1652 1654 1655
1656 1657 1548
1656 1548 1190
1199 1198 1658
1659 1660 1197
1661 1662 1663
1661 1663 1664
1274 1665 1666
1274 1666 1271
1667 1666 1665
1667 1665 1668
1669 1670 1667
1669 1667 1668
1567 1671 1672
1567 1672 1566
1673 1294 1293
1673 1293 1674
1675 1676 1673
1675 1673 1674
1675 1677 1678
1675 1678 1676
1239 1238 1241
1296 1295 1304
1296 1304 1679
1680 1681 1682
1680 1682 1683
1409 1411 1684
1409 1684 1685
1686 1687 1339
1688 1689 1690
1688 1690 1336
1690 1335 1336
1691 1579 1580
1691 1580 1692
1579 1691 1693
1579 1693 1694
1694 1370 1369
1694 1369 1579
1695 1696 1697
1695 1697 1698
1699 1375 1373
1700 1701 1702
1700 1702 1703
1598 1704 1593
1427 1705 1706
1427 1706 1424
1707 1418 1417
1707 1417 1708
1709 1710 1711
1712 1713 1714
1715 1708 1716
1715 1716 1717
1718 1719 1720
1718 1720 1721
1631 1443 1442
1631 1442 1630
1722 1507 1723
1722 1723 1724
1725 1724 1723
1725 1723 1726
1725 1726 1727
1725 1727 1728
1728 1727 1729
1730 1727 1731
1730 1731 1732
1727 1726 1733
1727 1733 1731
1723 1734 1733
1723 1733 1726
1734 1723 1507
1734 1507 1506
1496 1735 1736
1496 1736 1497
1736 1735 1737
1736 1737 1738
1488 1739 1740
1488 1740 1489
1507 1722 1524
1507 1524 1508
1741 1213 1641
1742 1626 1627
1742 1627 1743
1744 1745 1746
1744 1746 1747
1748 1448 1447
1562 1561 1749
1750 1751 1752
1750 1752 1753
1333 1754 1755
1756 1757 1758
1756 1437 1436
1756 1436 1757
1759 1760 1757
1759 1757 1436
1758 1757 1760
1758 1760 1761
1762 1759 1436
1762 1436 1435
1763 1764 1119
1763 1119 1118
1122 1121 1119
1122 1119 1764
1765 1766 1767
1765 1767 1768
1769 1770 1538
1769 1538 1534
1769 1534 1533
1769 1533 1771
1772 1536 1535
1772 1535 1635
1773 1532 1536
1773 1536 1774
1536 1772 1775
1536 1775 1774
1775 1776 1777
1775 1777 1774
1778 1779 1159
1778 1159 1780
1780 1159 1158
1780 1158 1636
1778 1780 1781
1778 1781 1782
1783 1636 1438
1783 1438 1434
1636 1783 1781
1636 1781 1780
1784 1781 1783
1784 1783 1785
1786 1787 1788
1786 1788 1789
1437 1787 1785
1437 1785 1434
1788 1787 1437
1788 1437 1756
1178 1639 1790
1178 1790 1791
1212 1790 1639
1212 1639 1213
1792 1174 1178
1792 1178 1791
1792 1793 1172
1792 1172 1174
1663 1794 1795
1663 1795 1664
1796 1645 1644
1796 1644 1797
1798 1550 1553
1798 1553 1799
1550 1798 1800
1550 1800 1551
1801 1798 1799
1801 1799 1802
1803 1804 1802
1803 1802 1799
1657 1805 1553
1657 1553 1548
1553 1805 1803
1553 1803 1799
1806 1796 1797
1806 1797 1807
1808 1809 1810
1808 1810 1181
1811 1812 1210
1811 1210 1209
1811 1813 1814
1811 1814 1812
1815 1816 1227
1815 1227 1226
1203 1231 1230
1203 1230 1204
1817 1189 1562
1817 1562 1749
1259 1672 1671
1259 1671 1260
1818 1819 1239
1751 1750 1820
1821 1822 1823
1821 1823 1824
1824 1825 1826
1824 1826 1821
1827 1828 1823
1827 1823 1822
1265 1264 1283
1265 1283 1284
1827 1829 1828
1573 1572 1826
1573 1826 1825
1678 1820 1239
1678 1239 1676
1830 1831 1832
1833 1834 1835
1288 1800 1575
1800 1684 1411
1800 1411 1607
1575 1285 1281
1575 1281 1288
1288 1287 1800
1371 1370 1836
1371 1836 1374
1694 1837 1836
1694 1836 1370
1838 1839 1373
1838 1373 1374
1836 1840 1838
1836 1838 1374
1837 1841 1840
1837 1840 1836
1842 1618 1843
1842 1843 1844
1843 1693 1691
1843 1691 1844
1592 1591 1608
1592 1608 1845
1604 1846 1847
1848 1604 1847
1848 1847 1849
1850 1410 1408
1850 1408 1848
1613 1851 1416
1852 1853 1854
1855 1856 1615
1855 1615 1614
1857 1858 1715
1857 1715 1859
1860 1861 1439
1860 1439 1622
1432 1862 1762
1432 1762 1435
1622 1621 1863
1622 1863 1860
1864 1865 1866
1864 1866 1867
1868 1869 1718
1868 1718 1721
1445 1448 1870
1871 1872 1870
1871 1870 1873
1452 1454 1874
1452 1874 1875
1874 1706 1705
1874 1705 1875
1656 1190 1186
1656 1186 1876
1678 1877 1751
1678 1751 1820
1686 1755 1752
1686 1752 1878
1879 1880 1881
1879 1881 1882
1881 1880 1680
1881 1680 1683
1831 1830 1879
1883 1884 1582
1883 1582 1581
1885 1886 1887
1885 1887 1888
1774 1777 1889
1774 1889 1773
1890 1533 1532
1890 1532 1773
1777 1891 1892
1777 1892 1889
1890 1773 1889
1890 1889 1893
1894 1895 1893
1890 1895 1771
1890 1771 1533
1894 1893 1896
1894 1896 1897
1694 1693 1898
1694 1898 1837
1843 1856 1898
1843 1898 1693
1898 1899 1841
1898 1841 1837
1900 1901 1902
1900 1902 1692
1615 1856 1843
1615 1843 1618
1903 1904 1905
1903 1905 1906
1907 1884 1883
1907 1883 1908
1909 1910 1911
1909 1911 1912
1910 1909 1903
1910 1903 1906
1130 1529 1913
1130 1913 1131
1768 1767 1914
1768 1914 1915
1114 1112 1538
1114 1538 1770
1125 1124 1916
1125 1916 1917
1918 1917 1916
1918 1916 1919
1920 1154 1128
1920 1128 1127
1915 1914 1921
1915 1921 1922
1923 1160 1159
1923 1159 1779
1154 1153 1129
1154 1129 1128
1788 1756 1924
1924 1758 1846
1924 1846 1925
1789 1788 1924
1789 1924 1926
1816 1815 1809
1816 1809 1808
1814 1813 1651
1814 1651 1650
1927 1928 1659
1927 1659 1662
1928 1927 1929
1928 1929 1930
1659 1928 1931
1662 1659 1663
1932 1933 1806
1932 1806 1807
1927 1662 1934
1876 1186 1189
1876 1189 1817
1798 1801 1684
1798 1684 1800
1935 1936 1937
1938 1331 1685
1938 1685 1936
1685 1684 1801
1685 1801 1936
1801 1802 1937
1801 1937 1936
1939 1940 1941
1942 1943 1944
1942 1944 1945
1946 1947 1948
1946 1948 1670
1946 1670 1669
1949 1687 1878
1678 1677 1949
1678 1949 1877
1950 1951 1699
1950 1699 1839
1908 1905 1904
1908 1904 1907
1845 1608 1610
1845 1610 1952
1953 1952 1610
1953 1610 1850
1850 1848 1849
1850 1849 1953
1954 1955 1956
1954 1956 1957
1576 1609 1597
1576 1597 1958
1594 1596 1958
1594 1958 1597
1959 1960 1961
1606 1609 1576
1606 1576 1607
1606 1410 1850
1606 1850 1610
1597 1609 1608
1597 1608 1591
1955 1962 1960
1604 1605 1846
1899 1898 1856
1899 1856 1855
1612 1618 1842
1612 1842 1963
1964 1859 1715
1964 1715 1717
1965 1966 1867
1965 1867 1866
1967 1968 1969
1967 1969 1714
1968 1967 1871
1968 1871 1873
1712 1714 1969
1712 1969 1419
1970 1419 1969
1970 1969 1971
1417 1419 1970
1417 1970 1972
1873 1973 1974
1873 1974 1968
1974 1971 1969
1974 1969 1968
1975 1976 1977
1975 1977 1978
1979 1870 1748
1873 1870 1973
1746 1980 1981
1746 1981 1747
1872 1982 1446
1872 1446 1445
1983 1982 1872
1983 1872 1871
1984 1983 1871
1984 1871 1967
1984 1967 1714
1984 1714 1985
1986 1987 1976
1986 1976 1975
1978 1977 1988
1978 1988 1989
1990 1743 1421
1990 1421 1420
1925 1846 1991
1761 1847 1846
1761 1846 1758
1784 1785 1787
1784 1787 1786
1784 1786 1992
1784 1992 1993
1782 1781 1784
1782 1784 1993
1994 1891 1777
1994 1777 1776
1992 1786 1789
1992 1789 1995
1996 1891 1994
1996 1994 1997
1995 1789 1926
1995 1926 1998
1924 1925 1999
1924 1999 1926
1660 1931 2000
1660 2000 1658
2001 2000 1931
2001 1931 2002
2003 2002 1930
2003 1930 2004
2004 2005 2006
2004 2006 2003
2002 2003 2007
2002 2007 2001
1931 1928 1930
1931 1930 2002
2008 1937 1802
2008 1802 1804
1333 1755 1334
2009 1954 1957
2009 1957 2010
1841 2011 2012
1841 2012 1840
2012 2013 1838
2014 2015 1981
2014 1981 1980
2014 1887 1886
2014 1886 2015
1892 1896 1893
1892 1893 1889
2016 1896 1892
2016 1892 2017
2017 1892 1891
2017 1891 1996
2017 1996 2018
2017 2018 2019
2016 2020 1896
1997 2021 2018
1997 2018 1996
2022 2020 2016
2022 2016 2023
2019 2023 2016
2019 2016 2017
2024 2025 2026
2024 2026 2027
1999 2028 1998
1999 1998 1926
1925 1991 2029
1925 2029 2030
1927 1934 1929
1940 2004 1929
2031 2032 2033
2031 2033 2034
1939 2032 2031
1939 2031 1940
2034 2035 2005
2034 2005 2031
2005 2004 1940
2005 1940 2031
2005 2035 2006
2035 2034 2036
2035 2036 2037
2035 2037 2038
2035 2038 2039
2040 2041 2038
2040 2038 2037
2040 2042 2043
2040 2043 2041
2044 2039 2045
2003 2006 2007
2046 2047 2048
2046 2048 2049
2033 2050 2036
2033 2036 2034
2051 2049 2048
2051 2048 2052
2053 2054 2036
2053 2036 2050
2055 2056 2057
2037 2036 2054
1935 2058 1938
1935 1938 1936
2008 2059 1935
2008 1935 1937
2044 2060 2006
2044 2006 2039
2061 2058 1935
2061 1935 2059
1950 1839 2013
1911 2062 2063
1911 2063 1912
2054 2057 2042
2043 2064 2065
2043 2065 2041
2043 2066 2064
2067 2066 2043
2067 2043 2042
2042 2057 2068
2042 2068 2067
2041 2065 2045
2041 2045 2038
2069 2058 2061
2069 2061 2070
2029 1991 1605
2029 1605 2071
2029 2072 2073
2030 2029 2073
2030 2073 2074
2075 2076 2077
2075 2077 2078
2074 2079 2030
2080 2078 2077
2080 2077 2081
2075 2078 2082
2026 2025 2083
2026 2083 2084
2085 2025 2024
2085 2024 2082
2085 2086 2083
2085 2083 2025
2087 2083 2086
2087 2086 2088
2089 2087 2056
2084 2083 2087
2084 2087 2089
2090 2091 2092
2093 2094 2091
2093 2091 2090
2094 2093 2051
2094 2051 2052
2080 2086 2085
2088 2086 2095
2066 2067 2095
2067 2068 2088
2096 2097 2066
2096 2066 2095
2071 2098 2072
2071 2072 2029
2096 2095 2080
2057 2054 2053
2057 2053 2055
2099 2069 2100
2069 2099 1938
2069 1938 2058
2099 1332 1331
2099 1331 1938
2100 2101 2099
2069 2070 2102
2069 2102 2100
2071 1605 1332
2071 1332 2101
2102 2103 2101
2102 2101 2100
2101 2103 2098
2101 2098 2071
1738 1737 2104
1616 1612 1611
1414 1611 1416
1414 1416 1412
1617 1616 1414
1617 1414 1413
1297 2105 2106
1297 2106 1298
1709 1711 1428
1709 1428 1430
1972 1716 1708
1972 1708 1417
1888 1720 1719
1888 1719 1885
1439 1861 1862
1622 1439 1431
1622 1431 1619
1707 1708 1715
1707 1715 1858
1853 2107 1729
1853 1729 1730
1854 1853 1732
1392 1383 1588
1392 1588 1405
2108 2109 2110
2108 2110 2111
1925 2030 1999
2024 2027 2022
2024 2022 2023
2023 2019 2082
2023 2082 2024
2030 2079 2028
2030 2028 1999
2018 2021 2076
2018 2076 2075
2019 2018 2075
2019 2075 2082
1614 2112 1855
2112 2113 1899
2112 1899 1855
2113 2011 1841
2113 1841 1899
1337 1335 1338
2114 2115 2116
2114 2116 2117
2118 2119 2115
2118 2115 2114
2120 2119 2118
2121 2122 2123
2124 2125 2126
2124 2127 2128
2124 2128 2125
2127 2129 2130
2127 2130 2128
2111 2110 2130
2111 2130 2129
2116 2131 2117
2132 1943 1942
2132 1942 2133
1945 1944 2047
1945 2047 2046
1333 1690 1689
1333 1689 1754
1415 1416 2134
1877 1878 1752
1877 1752 1751
2135 1753 1752
2135 1752 1755
1336 2123 1688
2121 2123 1337
1852 2136 2107
1852 2107 1853
2137 1740 1739
2136 1852 2138
2139 2140 2141
2140 2142 2143
1345 1344 2144
1345 2144 2145
1344 1347 1584
1344 1584 2144
1578 1577 2146
1578 2146 2147
1580 1578 2147
1580 2147 2148
1577 1345 2145
1577 2145 2146
1692 1580 2148
1692 2148 1900
1692 1902 1844
1692 1844 1691
2141 1902 1901
2141 1901 2139
2149 1447 1444
2142 2150 2151
1336 1337 2123
2152 2153 2154
2152 2154 2155
2156 2157 2158
1744 2159 1745
2062 2160 2063
1439 1862 1432
1583 1347 1346
1702 1701 1695
1702 1695 1698
1595 1704 2161
1593 1704 1595
1535 1531 1634
2162 2163 1542
2162 1542 1634
1112 1111 1537
1112 1537 1538
1146 1108 1107
1146 1107 2164
2164 2165 1147
2164 1147 1146
1529 1147 1913
1913 1147 2165
2166 1540 1539
2166 1539 1543
2167 1137 1136
2167 1136 1164
1544 1543 1539
1544 1539 1632
2163 2166 1543
2163 1543 1542
1113 1118 1117
1113 1117 1110
1920 2168 1154
1113 1115 1763
1113 1763 1118
1918 1919 1922
1918 1922 1921
2169 2167 1164
2169 1164 1162
1161 1162 1164
1161 1164 1163
2169 1162 1160
2169 1160 1923
1235 1819 2170
1648 1647 1646
1648 1646 1649
1172 1793 1795
1172 1795 1794
1184 2171 2172
1184 2172 1185
2173 2174 1810
2173 1810 1809
1809 1815 2175
1809 2175 2173
1270 1269 1279
1270 1279 1282
2176 1185 2172
2176 2172 1179
1180 1179 2172
2177 2178 2172
2179 2176 1810
2179 1810 2180
1187 1185 2176
1187 2176 2181
1433 1637 1157
1433 1157 1440
1157 2182 1442
1157 1442 1440
1442 2182 2183
1442 2183 1630
1630 2183 2184
1630 2184 1629
1629 2184 1458
1629 1458 1457
2185 1987 1986
2186 2157 2156
2186 2156 2187
2187 1766 1765
2187 1765 2186
1712 2188 2189
1712 2189 1713
2188 2190 2191
2188 2191 2189
2190 1423 1422
2190 1422 2191
2192 2193 1426
2192 1426 1425
1430 1429 1624
1430 1624 2194
2195 2196 2197
1175 1170 1546
2198 2199 1794
2199 1173 1172
1197 2199 2198
1659 1197 2198
1197 1660 1198
1170 2200 1546
1235 1239 1819
1241 2201 1294
1241 1294 1673
2201 1302 1295
2201 1295 1294
2202 2106 2105
1244 1243 1301
1248 1243 1242
1676 1241 1673
1239 1241 1676
1878 1687 1686
1949 1878 1877
1404 1389 1392
1343 1347 1344
1317 1307 1286
1317 1286 1314
2203 2204 2205
2206 1989 1988
1433 1438 1637
2143 2142 2151
1852 2207 2208
2209 2210 2109
2209 2109 2108
1973 1870 1979
2090 2092 2209
2209 2092 2210
2134 1416 1851
2095 2067 2088
2057 2056 2068
2198 1794 1663
1634 1531 2162
2088 2068 2087
2056 2087 2068
2141 2140 2143
1756 1758 1924
1438 1435 1434
1783 1434 1785
1433 1432 1438
1438 1636 1637
1151 1150 2211
1815 1226 2212
1226 1224 1223
1226 1223 2213
1225 1224 1228
1575 1800 1607
1575 1607 1576
1184 1549 1552
1184 1552 2171
2099 2101 1332
1331 1330 1409
1331 1409 1685
1408 1604 1848
1846 1605 1991
1152 2168 1156
1154 2168 1152
1339 1335 1334
1688 2123 2122
1444 1448 1445
1831 1879 1882
2132 2133 1933
2132 1933 1932
2214 2215 2216
2217 2215 2214
2217 2214 2218
2217 2218 2219
2220 2221 2222
1552 2177 2171
1180 2172 2178
1179 1810 2176
1179 1181 1810
1332 1604 1330
1482 1490 2223
2141 1844 1902
1482 2223 1491
1842 1844 2141
1833 2224 2225
1833 1835 2224
1638 1155 2226
1748 1870 1448
1732 1853 1730
1419 1418 1712
1852 1854 2207
1852 2208 2227
2138 1852 2227
1613 1416 1611
1445 1870 1872
1248 1242 1245
1301 1243 1248
1249 1235 2170
2228 2229 2230
2228 2230 2231
2232 2233 2234
2232 2234 2235
1818 1239 1820
2236 2237 2238
2236 2238 2239
2240 2241 2242
2240 2242 2243
2244 2219 2245
2177 2172 2171
1955 1960 1956
1959 1961 2246
1831 1882 2247
1333 1335 1690
1686 1339 1334
1616 1611 1414
1613 1612 1963
1729 1727 1730
1929 2004 1930
1941 1940 1929
2007 2006 2060
1663 1659 2198
1934 1662 1661
2006 2035 2039
2037 2054 2040
2054 2042 2040
1714 1713 1985
1214 1213 1741
1214 1741 1219
1554 1557 1559
1554 1559 1558
1815 2212 2175
2212 1226 2213
1639 1641 1213
1929 1934 1941
2013 1839 1838
2012 1838 1840
1174 1173 1176
2199 1172 1794
1659 1931 1660
1658 1198 1660
2082 2078 2085
2080 2085 2078
2064 2066 2097
2095 2086 2080
1755 1754 2135
1896 2020 1897
1893 1895 1890
2045 2039 2038
1201 1205 2248
1196 1201 2248
1699 1373 1839
1334 1755 1686
1820 1750 1818
2249 2250 2251
2249 2251 2252
2253 2254 2255
2253 2255 2256
2257 2258 2259
2257 2259 2260
2261 2251 2260
2261 2260 2262
2262 2260 2259
2262 2259 2263
2264 2259 2258
2264 2258 2265
2266 2267 2268
2266 2268 2269
2267 2266 2270
2267 2270 2271
2267 2271 2272
2267 2272 2273
2273 2274 2275
2273 2275 2276
2274 2273 2272
2274 2272 2277
2278 2279 2280
2278 2280 2281
2280 2279 2282
2280 2282 2283
2282 2284 2285
2282 2285 2283
2284 2286 2287
2284 2287 2285
2288 2289 2290
2291 2292 2293
2294 2295 2296
2297 2298 2299
2300 2301 2302
2300 2302 2303
2300 2303 2304
2262 2263 2305
2306 2307 2308
2306 2308 2309
2256 2310 2261
2253 2256 2311
2253 2311 2312
2253 2313 2254
2253 2312 2313
2314 2315 2316
2317 2318 2319
2320 2321 2322
2323 2324 2325
2326 2327 2328
2326 2328 2329
2330 2331 2332
2330 2332 2333
2334 2335 2336
2334 2336 2337
2338 2339 2340
2338 2340 2341
2342 2343 2344
2345 2346 2347
2345 2347 2348
2349 2346 2350
2351 2252 2352
2351 2352 2353
2354 2353 2355
2356 2357 2358
2359 2360 2361
2362 2363 2364
2268 2267 2273
2268 2273 2276
2365 2366 2367
2368 2369 2370
2371 2269 2372
2309 2373 2374
2309 2308 2373
2314 2375 2376
2377 2378 2379
2251 2261 2310
2251 2310 2252
2321 2320 2380
2318 2381 2319
2252 2351 2382
2252 2382 2249
2259 2264 2383
2259 2383 2263
2250 2257 2260
2250 2260 2251
2384 2385 2292
2386 2387 2306
2388 2319 2321
2388 2321 2380
2322 2321 2319
2322 2319 2381
2261 2262 2318
2261 2318 2317
2318 2305 2314
2359 2389 2390
2359 2390 2360
2281 2363 2362
2281 2362 2278
2314 2316 2375
2391 2392 2393
2394 2391 2395
2396 2392 2391
2397 2398 2394
2397 2394 2399
2400 2396 2398
2400 2398 2397
2401 2402 2403
2404 2405 2406
2404 2406 2407
2408 2397 2399
2408 2399 2409
2410 2409 2406
2410 2406 2411
2408 2409 2410
2408 2410 2412
2413 2414 2415
2413 2415 2416
2417 2400 2414
2418 2396 2400
2418 2400 2417
2392 2419 2420
2392 2420 2393
2412 2410 2421
2412 2421 2422
2423 2416 2415
2422 2421 2424
2422 2424 2425
2426 2423 2427
2426 2427 2428
2425 2424 2429
2425 2429 2430
2428 2431 2432
2433 2429 2434
2429 2433 2430
2435 2436 2437
2435 2437 2438
2431 2439 2440
2431 2440 2432
2434 2441 2442
2434 2442 2433
2443 2433 2442
2443 2442 2444
2435 2438 2445
2435 2445 2446
2447 2448 2449
2447 2449 2450
2451 2450 2449
2451 2449 2452
2421 2410 2411
2421 2411 2453
2424 2421 2453
2424 2453 2454
2455 2429 2424
2455 2424 2454
2456 2457 2458
2456 2458 2459
2458 2460 2461
2458 2461 2459
2460 2462 2463
2460 2463 2461
2463 2462 2464
2463 2464 2465
2466 2467 2468
2466 2468 2469
2470 2471 2472
2470 2472 2473
2469 2468 2474
2469 2474 2475
2394 2476 2407
2394 2407 2399
2407 2406 2409
2407 2409 2399
2477 2411 2406
2477 2406 2405
2412 2478 2415
2478 2479 2428
2478 2428 2427
2479 2480 2431
2480 2481 2482
2482 2481 2483
2482 2483 2484
2485 2486 2487
2485 2487 2488
2436 2479 2437
2478 2422 2425
2478 2425 2479
2425 2489 2437
2489 2490 2438
2489 2438 2437
2490 2491 2445
2490 2445 2438
2492 2493 2494
2495 2496 2497
2498 2499 2500
2498 2500 2501
2502 2503 2504
2502 2504 2505
2506 2507 2508
2506 2508 2509
2509 2508 2510
2511 2512 2513
2511 2513 2514
2515 2516 2512
2515 2512 2511
2517 2518 2516
2517 2516 2515
2519 2520 2518
2519 2518 2517
2520 2519 2521
2522 2523 2524
2522 2524 2525
2526 2527 2523
2526 2523 2522
2528 2529 2527
2528 2527 2526
2530 2531 2529
2530 2529 2528
2531 2530 2532
2533 2534 2535
2533 2535 2532
2534 2533 2536
2534 2536 2537
2537 2536 2538
2537 2538 2539
2539 2538 2540
2539 2540 2418
2418 2540 2392
2522 2525 2541
2522 2541 2542
2543 2544 2545
2526 2543 2528
2528 2546 2530
2530 2547 2548
2530 2548 2532
2532 2548 2549
2550 2538 2536
2551 2540 2538
2551 2538 2550
2419 2540 2551
2552 2393 2553
2393 2420 2553
2554 2555 2556
2535 2557 2555
2534 2416 2557
2534 2557 2535
2453 2411 2456
2459 2558 2453
2461 2559 2558
2463 2560 2559
2463 2559 2461
2561 2562 2563
2561 2563 2564
2565 2566 2567
2568 2565 2569
2568 2569 2570
2571 2568 2570
2571 2570 2556
2555 2572 2571
2539 2417 2413
2539 2413 2537
2418 2417 2539
2524 2573 2574
2524 2574 2525
2525 2574 2575
2525 2575 2541
2576 2577 2578
2579 2580 2581
2579 2581 2582
2583 2582 2581
2583 2581 2584
2585 2583 2584
2585 2584 2586
2587 2548 2547
2587 2547 2588
2589 2549 2548
2589 2548 2587
2590 2591 2549
2590 2549 2589
2592 2550 2591
2592 2591 2590
2593 2551 2592
2594 2595 2596
2594 2596 2597
2598 2595 2594
2598 2594 2599
2600 2598 2601
2602 2603 2601
2602 2601 2604
2605 2588 2603
2606 2587 2588
2606 2588 2605
2607 2589 2606
2608 2590 2589
2608 2589 2607
2609 2592 2590
2609 2590 2608
2419 2551 2593
2419 2593 2610
2611 2612 2613
2611 2613 2614
2611 2614 2615
2611 2615 2616
2616 2615 2617
2605 2618 2619
2606 2619 2620
2607 2620 2621
2607 2621 2608
2608 2621 2622
2608 2622 2609
2593 2609 2622
2593 2622 2623
2593 2623 2624
2420 2610 2624
2420 2624 2625
2420 2625 2553
2626 2627 2628
2626 2628 2629
2630 2631 2632
2633 2634 2635
2633 2635 2636
2636 2635 2637
2636 2637 2638
2638 2637 2639
2638 2639 2640
2641 2642 2643
2644 2645 2646
2647 2644 2648
2649 2647 2648
2649 2648 2650
2649 2650 2651
2652 2624 2651
2624 2652 2653
2654 2655 2656
2654 2656 2657
2657 2656 2658
2659 2660 2661
2659 2661 2662
2662 2661 2663
2662 2663 2664
2664 2663 2665
2664 2665 2666
2666 2665 2667
2668 2667 2669
2668 2669 2670
2671 2668 2670
2671 2670 2672
2673 2671 2672
2673 2672 2674
2675 2673 2674
2675 2674 2676
2677 2652 2675
2677 2675 2676
2678 2679 2680
2681 2678 2682
2681 2682 2683
2684 2685 2686
2685 2687 2688
2685 2688 2686
2689 2690 2691
2689 2691 2692
2588 2547 2603
2603 2693 2694
2603 2694 2601
2694 2681 2683
2695 2514 2513
2695 2513 2696
2697 2698 2699
2697 2699 2700
2701 2702 2703
2704 2705 2706
2704 2706 2707
2708 2709 2710
2711 2712 2713
2711 2713 2714
2715 2716 2714
2715 2714 2717
2718 2719 2720
2718 2720 2721
2632 2631 2722
2632 2722 2723
2591 2536 2533
2591 2533 2549
2697 2700 2724
2697 2724 2725
2703 2702 2726
2682 2727 2728
2682 2728 2729
2683 2682 2729
2683 2729 2600
2704 2707 2730
2704 2730 2731
2732 2733 2734
2732 2734 2735
2736 2737 2738
2738 2739 2736
2740 2741 2742
2743 2744 2745
2746 2747 2748
2749 2750 2751
2749 2751 2752
2753 2754 2755
2753 2755 2756
2757 2758 2759
2757 2759 2760
2761 2749 2752
2761 2752 2762
2679 2705 2704
2749 2761 2763
2764 2765 2766
2764 2766 2767
2766 2765 2768
2721 2769 2718
2719 2770 2771
2719 2771 2720
2567 2772 2773
2567 2773 2774
2773 2775 2755
2773 2755 2774
2775 2776 2756
2775 2756 2755
2777 2778 2779
2777 2779 2780
2781 2782 2783
2783 2784 2785
2783 2785 2786
2787 2788 2789
2790 2791 2465
2790 2465 2466
2790 2466 2469
2790 2469 2792
2793 2469 2475
2793 2475 2794
2475 2474 2795
2794 2475 2795
2796 2797 2798
2799 2800 2801
2799 2801 2802
2803 2804 2805
2803 2805 2806
2807 2808 2809
2716 2493 2711
2716 2711 2714
2714 2713 2810
2714 2810 2717
2803 2806 2811
2812 2813 2814
2812 2814 2815
2561 2816 2817
2561 2817 2562
2817 2816 2813
2817 2813 2812
2817 2818 2819
2817 2819 2562
2820 2821 2822
2823 2824 2825
2823 2825 2826
2552 2395 2391
2552 2391 2393
2827 2828 2829
2830 2828 2827
2830 2827 2831
2832 2830 2831
2832 2831 2833
2834 2835 2836
2834 2836 2837
2834 2837 2838
2834 2838 2839
2840 2838 2841
2840 2841 2842
2843 2840 2842
2843 2842 2844
2845 2846 2847
2845 2847 2848
2849 2850 2851
2852 2853 2854
2855 2854 2856
2855 2856 2857
2858 2859 2857
2858 2857 2856
2860 2861 2862
2860 2862 2863
2860 2864 2865
2860 2865 2861
2866 2865 2864
2866 2864 2867
2868 2866 2869
2870 2871 2872
2873 2874 2875
2853 2876 2877
2853 2877 2854
2877 2878 2856
2877 2856 2854
2879 2856 2878
2880 2881 2882
2880 2882 2883
2884 2883 2882
2884 2882 2885
2886 2884 2885
2886 2885 2887
2888 2886 2887
2888 2887 2889
2890 2888 2889
2890 2889 2891
2892 2893 2894
2895 2896 2897
2895 2897 2898
2896 2899 2900
2896 2900 2897
2899 2901 2902
2899 2902 2900
2901 2903 2904
2901 2904 2902
2905 2906 2891
2907 2908 2909
2909 2908 2910
2909 2910 2911
2866 2868 2912
2913 2914 2915
2913 2915 2916
2917 2918 2919
2917 2919 2872
2920 2921 2922
2920 2922 2923
2924 2919 2925
2920 2926 2921
2910 2927 2911
2927 2928 2929
2930 2931 2932
2930 2932 2933
2934 2935 2936
2934 2936 2937
2937 2936 2938
2939 2938 2940
2939 2940 2941
2942 2943 2944
2942 2944 2945
2945 2944 2946
2945 2946 2947
2838 2840 2948
2840 2843 2949
2840 2949 2948
2848 2847 2950
2848 2950 2951
2952 2953 2954
2954 2955 2952
2956 2957 2958
2959 2960 2961
2962 2963 2964
2877 2876 2965
2878 2877 2965
2878 2965 2966
2967 2878 2966
2967 2966 2968
2969 2882 2881
2969 2881 2970
2885 2882 2969
2885 2969 2971
2887 2885 2971
2887 2971 2972
2889 2887 2972
2889 2972 2973
2891 2889 2973
2891 2973 2905
2891 2906 2890
2839 2948 2974
2974 2948 2975
2974 2975 2976
2977 2978 2979
2977 2979 2980
2981 2982 2983
2981 2983 2984
2982 2981 2985
2982 2985 2986
2985 2987 2986
2979 2978 2962
2979 2962 2964
2953 2950 2847
2953 2847 2954
2954 2847 2846
2954 2846 2955
2932 2931 2957
2932 2957 2956
2858 2856 2879
2860 2863 2880
2860 2880 2883
2864 2860 2883
2864 2883 2884
2867 2864 2884
2867 2884 2988
2869 2867 2988
2869 2988 2989
2872 2869 2990
2872 2990 2917
2872 2919 2924
2872 2924 2870
2925 2919 2918
2991 2992 2993
2992 2994 2995
2992 2995 2464
2996 2997 2998
2999 3000 3001
3002 3003 3004
3002 3004 3001
2994 3004 2995
2999 3001 3004
2999 3004 3005
3001 3000 3002
3006 3007 3008
3006 3008 3009
3009 3010 3006
2997 3011 3012
3013 3014 3015
3013 3016 3014
3017 3018 3019
3017 3020 3021
3017 3021 3018
2824 2823 3022
3023 3024 3025
3023 3025 3026
3027 3028 2741
3027 2741 3029
2576 2578 3030
2576 3030 3031
2542 2541 3032
2542 3032 2544
3032 2541 2575
3032 2575 3027
2737 2736 3033
3027 2575 3034
3027 3034 3035
2574 2573 2739
2574 2739 2738
2695 2696 2744
2695 2744 2743
2544 3032 3036
3037 3038 3039
3039 3038 3040
3041 3042 3043
2638 3044 2636
2636 3044 3045
2636 3045 2633
2633 3045 3046
2633 3046 2629
3046 3047 2629
2641 3048 3049
3049 3048 3050
3049 3050 3051
3051 3050 3052
3051 3052 3053
3053 3052 3054
3053 3054 3055
2618 2605 3056
2618 3056 3057
3057 3056 3058
3058 3059 3060
3060 3059 3061
3062 3061 3063
3062 3063 3064
3065 3066 3067
3064 3063 3068
3064 3068 3069
3070 3071 3072
2613 2612 3073
2613 3073 3074
3073 3075 3076
3073 3076 3074
3075 3077 3078
3075 3078 3076
3079 3080 3081
3082 3083 3084
3085 3061 3086
2645 2619 2618
2644 2620 2619
2647 2621 2620
2647 2620 2644
2649 2622 2621
3087 3060 3088
3088 3060 3061
3088 3061 3062
3089 3090 3091
3089 3092 3093
3089 3093 3090
3094 3095 3096
2629 2628 2634
2629 2634 2633
2677 3097 2653
2677 2653 2652
3098 3099 3097
3100 3101 3102
3100 3102 3103
3104 2660 3101
3104 3101 3100
3105 2661 2660
3105 2660 3104
3106 2663 2661
3106 2661 3105
3107 2665 2663
3107 2663 3106
3108 3109 3110
2660 2659 3111
2660 3111 3101
3101 3111 3112
3101 3112 3102
3113 3109 3108
2659 3114 3115
2659 3115 3116
3116 3115 3117
3116 3117 3118
3119 3120 3121
3114 2634 3115
3115 3122 3117
3123 3120 3119
3124 3125 3126
3124 3126 3127
3128 3125 3124
2697 2596 2728
2697 2728 2698
2595 2598 2600
2595 2600 2729
2601 2598 2604
3129 3130 3131
3129 3131 3132
3133 3134 2369
3133 2369 2368
2734 3135 3136
2735 2734 3136
2766 3137 3138
2766 3138 2767
2766 2768 3137
3139 3140 3141
3142 3143 3140
3142 3140 3139
3144 3145 3146
3147 3148 3149
3147 3149 3150
3151 3152 3153
3154 3155 3156
3154 3156 3157
3158 3159 3160
3158 3160 3161
3154 3157 3162
3163 3164 3047
3165 3166 3167
3168 3169 3170
3168 3170 3171
3172 3173 3174
3175 3176 3177
3178 3179 3180
3178 3180 3181
2499 3182 3183
2499 3183 2500
2439 3184 3185
2439 3185 2440
3186 3187 3188
3186 3188 3189
3190 3191 3192
3193 3194 3195
3193 3195 3196
2432 2440 3197
2432 3197 3198
2440 3185 3199
2440 3199 3197
3200 3186 3189
3200 3189 3201
2426 2428 2432
2426 2432 3198
3192 3191 3202
3203 3204 3205
3206 3207 3208
3209 3210 3211
3212 3213 3214
3212 3214 3215
2488 2487 3216
2488 3216 3217
3205 3204 3218
2480 2482 2431
2431 2482 3219
2684 3220 3221
2397 2408 2414
2397 2414 2400
2408 2412 2415
2408 2415 2414
2779 2778 3222
2784 3223 3224
2785 2784 3224
2806 2805 3225
3226 3227 3228
3025 3024 3229
3230 3069 3072
3230 3072 3231
3096 3093 3092
3096 3092 3094
3127 3126 3232
3127 3232 3233
2412 2422 2478
2875 3234 3235
2875 3235 2873
2852 2829 3234
2855 2827 2829
2855 2829 2852
2831 2827 2855
2831 2855 3236
2833 2831 3236
2833 3236 3237
2837 2836 3238
2838 2837 3239
3240 3241 3242
3240 3242 3243
3244 3245 3246
3247 3248 3245
3247 3245 3244
2473 3249 3250
2473 3250 2470
2822 3251 2820
2815 3252 3253
3254 3255 3256
3257 3258 3259
3260 3015 2472
3260 2472 2471
3254 3261 3262
3254 3262 3255
3263 3264 3265
3263 3265 3266
3263 3266 3267
3099 2625 2653
2553 2625 3099
2851 2874 2873
2851 2873 3268
2873 3235 3268
2537 2413 2416
2537 2416 2534
2420 2419 2610
2585 2586 3269
3270 3271 2626
2627 2626 3271
2627 3271 3272
3273 3274 3275
3273 3275 3276
2664 2637 2635
2664 2635 2662
2666 2639 2637
2666 2637 2664
2667 3277 2639
2667 2639 2666
2668 2646 3277
2668 3277 2667
2648 2646 2668
2648 2668 2671
2650 2648 2671
2650 2671 2673
2635 2634 3114
2635 3114 2662
2662 3114 2659
3278 3279 3280
3281 3282 3283
3284 3285 3286
3287 3288 3289
3287 3289 3290
2935 2934 3291
2935 3291 3292
3293 3294 3295
3293 3295 3296
3294 3297 3295
3298 3299 3300
3301 3302 3303
3301 3303 3304
3304 3303 3305
3306 3307 3308
3306 3308 3309
3308 3310 3311
3308 3311 3309
2450 2442 2441
2450 2441 2447
2444 2442 2450
2444 2450 2451
3312 3313 2434
2798 2797 2802
3314 3315 3316
3306 3317 3318
3306 3318 3307
3317 3319 3318
2434 2429 2455
3320 3321 3322
3323 3320 3322
3324 3325 3326
2490 3327 2563
2490 2563 2491
2463 2465 2791
2463 2791 2560
3250 3249 3328
2564 2563 3327
2564 3327 3329
2466 2465 2464
2466 2464 2467
3330 3331 3332
3331 3330 3021
3331 3021 3020
2866 2912 2865
2556 2570 3333
2556 3333 3334
2570 2569 3335
2570 3335 3333
2569 2708 3335
2569 2565 2567
3336 3337 3338
2701 3339 3340
2701 3340 2702
3340 3341 2726
3340 2726 2702
3342 3343 3152
3342 3152 3151
3344 3345 3346
3347 3348 3349
3350 3351 3352
3350 3352 3353
3349 3348 3354
3355 3356 3357
3355 3357 3358
3359 3358 3357
3360 3361 3362
2678 2680 2727
2678 2727 2682
3363 3364 3365
3363 3365 3366
3365 3367 3366
3357 3368 3369
3357 3369 3370
3359 3357 3370
2544 2543 2542
2542 2543 2526
2542 2526 2522
3371 3372 3373
3371 3373 3374
3374 3373 3375
3031 3030 2580
3031 2580 2579
3032 3027 3029
3032 3029 3036
3029 2741 2740
3029 2740 3376
3036 3029 3376
3036 3376 3377
2742 2741 3028
2544 3036 2545
2545 3036 3377
3378 3379 3364
3378 3364 3363
3380 3381 3382
3383 3381 3384
3383 3384 3385
3386 3387 3388
3386 3388 3389
3390 3379 3384
3391 3368 3392
3391 3392 3393
3392 3356 3394
3360 3392 3394
3394 3356 3355
3394 3355 3361
3360 3394 3361
3357 3356 3368
2507 2506 2502
2507 2502 2505
2489 3395 3327
2489 3327 2490
2425 3395 2489
2449 2448 3321
2449 3321 3320
2452 2449 3320
2452 3320 3323
2801 2800 3325
2801 3325 3324
3396 3397 3398
3396 3398 3399
3396 3400 3401
3396 3401 3397
3402 3403 3404
3402 3404 3405
3402 3405 3406
3407 3408 3409
3410 3411 3412
3413 3410 3412
3413 3412 3414
3415 3416 3417
3418 3419 3420
3418 3420 3421
3419 3404 3403
3419 3403 3420
3422 3401 3400
3422 3400 3423
3399 3398 3413
3399 3413 3414
3424 3422 3423
3409 3408 3421
3425 3426 3427
2562 3428 2563
3180 3215 3214
3180 3214 3181
2488 2484 2483
2488 2483 2485
2688 2687 2689
2688 2689 2692
3217 3429 2484
3217 2484 2488
2482 2484 3219
3430 3213 3212
2780 2757 2760
2780 2760 2777
2707 2706 3431
2707 3431 2733
2733 2732 2730
2733 2730 2707
2767 3138 2762
2767 2762 2752
3132 3131 3134
2752 2751 2764
2752 2764 2767
2809 2771 2770
2809 2770 2807
2756 2776 2783
2786 2753 2756
2786 2756 2783
3390 3384 3381
3390 3381 3380
3382 3381 3383
3216 2487 3204
3216 3204 3203
2691 2690 3207
2691 3207 3206
3196 3195 3210
3196 3210 3209
2487 2486 3218
2487 3218 3204
3432 3433 3434
3432 3434 3435
3436 3437 3438
3436 3438 3435
3439 3440 3142
3441 3442 3438
3441 3438 3437
3443 3442 3441
3435 3434 3444
3435 3444 3436
3435 3438 3445
3435 3445 3432
3446 3444 3434
3446 3434 3433
3350 3353 3347
3350 3347 3349
3177 3176 3179
3177 3179 3178
2495 2497 3183
2495 3183 3182
3190 3192 3189
3190 3189 3188
3192 3202 3201
3192 3201 3189
3447 3350 3349
3447 3349 3354
2815 2814 3251
2815 3251 2822
2821 3252 2815
2821 2815 2822
3448 3449 3450
3451 3452 3449
3451 3449 3448
3453 3454 3452
3453 3452 3451
3090 3455 3091
3067 3066 3079
3078 3077 3083
3078 3083 3082
3080 3456 3085
3066 3065 3457
3066 3457 3456
3066 3456 3080
3081 3080 3085
3458 3459 3460
3460 3459 3461
3460 3461 3462
3463 3062 3064
3463 3064 3464
3464 3064 3069
3464 3069 3230
3465 3088 3062
3465 3062 3463
3070 3072 3069
3070 3069 3068
3072 3071 3231
3466 3467 3468
3466 3468 3469
3470 3467 3466
3253 3471 2812
3472 3473 3474
3472 3474 3475
3476 3477 3478
3478 3477 3473
3478 3473 3472
3479 3480 3235
2694 2683 2600
2694 2600 2601
3481 3482 3483
3481 3483 3484
3485 3486 3483
3487 3488 3489
3487 3489 3490
3487 3490 3491
3491 3492 3493
3494 3495 3496
3497 3498 3494
2789 2788 2715
3499 3445 3438
3499 3438 3442
2788 2787 2446
3350 3447 3497
3350 3497 3351
2503 2498 2501
2503 2501 2504
3200 3199 3185
3200 3185 3186
3186 3185 3187
2445 2494 2788
2445 2788 2446
2494 2445 2491
2494 2491 2492
3500 2810 2713
3500 2713 2803
2803 2713 2712
2803 2712 2804
3501 3022 3023
3501 3023 3026
2812 3471 2817
2716 2788 2494
3388 3502 3503
3388 3503 3389
2737 3034 2738
3035 3034 2737
3035 2737 3033
2574 3034 2575
2738 3034 2574
3369 3368 3391
3504 3503 3502
2546 2543 3505
2528 2543 2546
3488 3506 3489
3085 3086 3081
3271 3270 3037
3271 3037 3039
3272 3271 3039
3272 3039 3040
3276 3275 3166
3276 3166 3165
3278 3280 3282
3278 3282 3281
3507 3508 3118
3507 3118 3117
3509 3507 3510
2723 2722 3511
3512 3513 3172
3512 3172 3174
3508 3507 3121
3123 3119 3507
3123 3507 3509
2294 3514 3515
2294 3515 2295
3169 3168 3513
3169 3513 3512
3516 3057 3087
3516 3087 3517
3087 3088 3517
3518 2618 3057
3518 3057 3516
3103 3102 3108
3103 3108 3110
3102 3112 3113
3102 3113 3108
2655 2654 3041
2655 3041 3043
3519 3479 3235
3519 3235 3234
3520 3519 3234
2395 3521 2476
3521 2404 2407
3521 2407 2476
2675 2650 2673
3058 3060 3087
3517 3088 3465
2629 3047 2626
3233 3232 3055
3233 3055 3054
3277 2645 2640
3277 2640 2639
3490 3522 3492
3453 3523 3454
2641 3049 2642
3093 3524 3455
3093 3455 3090
3523 3525 3454
3481 3484 3492
3481 3492 3526
3525 3527 3452
3525 3452 3454
3492 3484 3493
3484 3483 3486
3484 3486 3493
3485 3483 3482
3527 3526 3449
3527 3449 3452
3093 3528 3524
3529 3462 3461
3526 3522 3450
3526 3450 3449
3530 3448 3450
2626 3047 3531
2494 2493 2716
2715 2788 2716
2787 2789 3532
2597 2596 2697
2597 2697 2725
2749 2710 2709
2749 2709 2750
2728 2727 2731
2758 2748 2747
2758 2747 2759
2729 2728 2596
2729 2596 2595
3533 3130 3129
2727 2680 2704
2754 3534 2774
2754 2774 2755
2708 2567 2774
2708 2774 3534
3494 3498 3495
2904 2903 2930
2904 2930 2933
2984 2983 2976
2984 2976 2975
2843 2844 2845
2843 2845 2848
2949 2843 2848
2949 2848 2951
2961 2960 2977
2961 2977 2980
3293 3296 3292
3293 3292 3291
2724 2700 3340
2724 3340 3339
2700 3535 3341
2700 3341 3340
3536 3537 3343
3536 3343 3342
3161 3160 3156
3161 3156 3155
3492 3522 3526
2815 3253 2812
3538 3539 3540
2819 3428 2562
2826 2825 3540
2826 3540 3539
2811 2806 3541
3542 2808 3227
3542 3227 3226
3541 2806 3225
2803 2811 3500
2477 2457 2456
2832 2833 2836
2832 2836 2835
2894 2893 2895
2894 2895 2898
2879 2967 2881
2879 2881 2880
2859 2858 2863
2859 2863 2862
2941 2940 2943
2941 2943 2942
2967 2968 2970
2967 2970 2881
2858 2879 2880
2858 2880 2863
2833 3237 2836
2563 3428 2491
3259 3258 3261
2469 2793 2792
2479 2431 2428
3159 3158 3543
2299 3544 2297
3545 3546 3547
3545 3547 3548
3549 3550 3551
3549 3551 3552
3546 3549 3552
3546 3552 3547
3553 3554 3555
3556 3557 3558
3559 3556 3558
3559 3558 3560
2305 2386 2315
3561 3562 3551
2307 2306 2387
2307 2387 3563
3564 2268 3548
3565 3566 2302
3567 3132 3568
2993 2462 2460
3569 2992 2464
2993 2992 2462
2269 3570 3571
2269 3571 2266
2266 3571 3572
2266 3572 2270
3573 3574 3575
3573 3575 3553
3574 3576 3575
2289 2288 3577
2289 3577 3578
3577 2299 2298
3577 2298 3578
3579 3580 3577
3579 3577 2288
2367 2292 2385
3565 3581 2292
2367 2366 3582
3580 3544 2299
3580 2299 3577
3047 3164 3531
3583 3584 3273
3157 3585 3162
2268 3564 2372
3584 3586 3274
3587 2377 2379
3587 2379 3588
3589 3283 3282
3590 3591 3592
3593 3594 3595
3593 3595 3560
3596 3595 2275
3555 3597 3598
3573 3553 3555
3573 3555 3598
3514 3590 3592
3514 3592 3515
3273 3584 3274
2390 2372 3564
2390 3564 3599
2372 2390 2389
2372 2389 2371
2360 2390 3599
2360 3599 3600
2361 2360 3600
3601 2809 3542
2809 2808 3542
2817 3471 2818
2710 2763 3602
3290 3289 3285
3290 3285 3284
2374 3603 2306
2374 2306 2309
2784 2782 3223
2783 2782 2784
3604 3015 3014
3013 3015 3260
2256 2255 2310
3605 3267 3266
2383 2264 3571
2383 3571 3570
3571 2264 2265
3571 2265 3572
2824 3022 3501
3606 2354 2355
3606 2355 3607
3608 2355 2352
3609 3607 2355
3609 2355 3608
2358 2357 3610
3008 3007 3611
2992 2991 2994
3612 3613 3004
3612 3614 3613
3142 3440 3143
2347 2346 2349
2347 2349 3615
2350 2346 2345
2330 2351 2326
2347 3615 3616
3616 2326 2347
3617 3618 3619
3612 3004 2994
3620 3621 3622
3620 3622 3623
3622 3621 3624
3622 3624 3625
3625 3624 2343
3625 2343 2342
3626 2339 2338
3627 3620 3623
3560 3558 3628
3560 3628 3593
3559 3560 3595
3559 3595 3596
3558 3557 3628
2330 2333 2382
2330 2382 2351
3629 3135 2734
3629 2734 2733
2293 2292 2367
3150 3149 3145
3150 3145 3144
3629 2733 3431
2293 2367 3582
2303 2302 3566
2303 3566 3630
2304 2303 3630
2387 2263 2383
2387 2383 3565
2708 2710 3602
3312 3631 3313
3408 3407 3632
3311 3310 3315
3311 3315 3314
3313 3631 3633
3312 2434 3634
3635 3636 3637
3636 3638 3637
3261 3639 3262
3261 3258 3639
2567 2566 2772
3352 3351 3494
3352 3494 3496
3351 3497 3494
3469 3468 3640
3469 3640 3641
3148 3147 3642
3148 3642 3643
2700 2699 3535
2731 2727 2704
3568 3132 3134
3568 3134 3133
2604 2598 2599
3537 3536 3644
3491 3490 3492
3645 3646 3644
3647 3132 3567
2367 2385 2365
3648 3649 3650
3648 3650 3651
3652 3653 3654
3652 3654 3655
3654 3656 3655
3657 3658 3649
3659 3660 3650
3659 3650 3661
3662 3663 3664
3662 3664 3660
3665 3663 3666
3666 3667 3668
3651 3660 3664
3669 3662 3660
3669 3660 3659
3670 3671 3672
3670 3672 3669
3661 3650 3649
3661 3649 3658
3657 3649 3648
3660 3651 3650
3673 3298 3300
3674 3675 3676
3677 3678 3679
3677 3679 3680
3681 3678 3677
3680 3679 3664
3680 3664 3682
3652 3683 3653
3664 3663 3665
3664 3665 3682
3548 3547 3684
3548 3684 3564
3552 3551 3562
3552 3562 3685
3547 3552 3685
3547 3685 3684
3121 3507 3119
3561 3551 3550
2268 2276 3548
3548 2276 3545
3686 2290 3570
3686 3570 2269
3154 3162 3687
3688 2911 2929
2425 2437 2479
3418 3421 3689
2783 2776 2781
2911 2927 2929
3667 3663 3662
3666 3663 3667
3668 3667 3690
3690 3671 3670
2458 2993 2460
2995 3004 3003
3690 3691 3668
3384 3379 3378
3384 3378 3385
3520 3234 2829
2401 2947 2946
2401 2946 2402
2392 2540 2419
2802 2797 2799
2829 2828 3520
2256 2261 2311
2262 2305 2318
3356 3392 3368
2372 2269 2268
2275 3595 2276
2276 3595 3594
2288 3686 3579
2288 2290 3686
3581 3565 2383
3581 2383 3570
3565 2292 2291
2292 3581 2384
3565 2302 2387
2387 2302 2301
2386 2306 3603
2318 2314 2376
2305 2315 2314
2317 2319 2388
3692 2353 2352
2386 2263 2387
2305 2263 2386
2330 2326 2341
2326 2351 2327
2875 2853 2852
2876 2874 3693
2875 2876 2853
3268 3235 3480
2456 2411 2477
2592 2551 2550
2593 2592 2609
2649 2651 2623
2649 2623 2622
2651 2624 2623
2396 2391 2398
2392 2396 2418
2391 2394 2398
2394 2395 2476
2535 2555 2554
2555 2557 2572
2651 2650 2675
2849 2851 3268
2667 2665 2669
2669 2665 3107
2879 2878 2967
2594 2597 3694
3689 3421 3417
3417 3421 3408
3408 3632 3417
3417 3632 3415
3079 3066 3080
2684 2686 3220
2430 2433 2443
2434 2455 3634
2459 2453 2456
2937 2938 2939
3187 3185 3184
2461 2558 2459
2543 2545 3505
3335 2708 3602
2569 2567 2708
3219 2484 3429
2652 2651 2675
2593 2624 2610
2624 2653 2625
3097 3099 2653
2849 3268 3480
2852 2854 2855
2852 3234 2875
2875 2874 2876
3695 2914 2913
2329 2328 2348
2329 2348 2347
2916 2915 2923
2916 2923 2922
3696 2998 3697
2869 2871 2868
2872 2871 2869
2869 2866 2867
3004 3613 3005
3008 3611 2323
2323 3611 2324
2998 2997 3012
2996 2998 3696
2994 2991 3612
2838 3239 2841
2965 2876 3693
2836 3237 3238
2837 3238 3239
2838 2948 2839
3644 3536 3645
2679 2704 2680
2749 2763 2710
3061 3059 3086
3270 2626 3531
3115 2634 3122
3510 3507 3117
3117 3122 3510
2417 2414 2413
2096 2080 2081
2423 2415 2427
2550 2536 2591
2649 2621 2647
2648 2644 2646
2646 2645 3277
2605 2619 2606
2645 2618 3518
3057 3058 3087
2603 2547 2693
2605 2603 2602
2530 2546 2547
2555 2571 2556
2554 2556 3334
2531 2532 2535
2415 2478 2427
2606 2620 2607
2606 2589 2587
2644 2619 2645
2532 2549 2533
