byte offset: 0
first index: 7089
index count: 171
topology: trianglelist
format: DXGI_FORMAT_R16_UINT

2679 2680 2681
2679 2681 2682
2683 2684 2685
2683 2685 2686
2687 2688 2689
2687 2689 2690
2690 2689 2680
2690 2680 2679
2691 2692 2693
2691 2693 2694
2691 2695 2696
2691 2696 2697
2698 2699 2700
2698 2700 2694
2682 2681 2701
2682 2701 2702
2686 2685 2688
2686 2688 2687
2703 2704 2705
2705 2704 2702
2705 2702 2701
2703 2705 2706
2699 2707 2708
2699 2708 2700
2707 2709 2710
2707 2710 2708
2703 2706 2711
2703 2711 2712
2703 2712 2693
2693 2712 2713
2714 2715 2692
2714 2692 2697
2716 2717 2718
2695 2716 2718
2695 2718 2696
2716 2719 2720
2716 2720 2717
2720 2719 2721
2698 2694 2693
2693 2713 2698
2722 2723 2724
2722 2724 2725
2722 2725 2726
2722 2726 2727
2726 2725 2728
2726 2728 2729
2728 2725 2730
2728 2730 2731
2732 2733 2734
2732 2734 2735
2736 2737 2733
2736 2733 2732
2738 2733 2737
2738 2737 2739
2736 2732 2740
2736 2740 2741
2697 2692 2691
