byte offset: 0
first index: 10578
index count: 984
topology: trianglelist
format: DXGI_FORMAT_R16_UINT

2427 2428 2429
2430 2431 2432
2430 2432 2433
2433 2432 2434
2433 2434 2435
2435 2434 2436
2435 2436 2437
2436 2438 2439
2436 2439 2437
2438 2440 2441
2438 2441 2439
2440 2442 2443
2440 2443 2441
2442 2444 2445
2442 2445 2443
2444 2446 2447
2444 2447 2445
2448 2449 2447
2450 2451 2452
2453 2454 2455
2453 2455 2456
2454 2457 2458
2454 2458 2455
2457 2459 2460
2457 2460 2458
2460 2459 2461
2460 2461 2462
2462 2461 2463
2462 2463 2464
2465 2430 2466
2449 2452 2466
2445 2447 2466
2467 2456 2466
2458 2460 2466
2462 2466 2460
2441 2443 2466
2437 2439 2466
2433 2435 2466
2467 2451 2468
2452 2451 2467
2467 2468 2453
2469 2470 2471
2467 2453 2456
2464 2463 2472
2473 2474 2475
2476 2473 2475
2477 2478 2475
2479 2480 2475
2481 2482 2475
2483 2484 2475
2485 2486 2475
2487 2488 2475
2489 2490 2475
2491 2489 2475
2492 2475 2474
2493 2473 2494
2495 2476 2496
2478 2477 2497
2478 2497 2498
2477 2480 2499
2477 2499 2497
2480 2479 2500
2480 2500 2499
2500 2479 2482
2500 2482 2501
2501 2482 2481
2501 2481 2502
2502 2481 2484
2502 2484 2503
2503 2484 2483
2503 2483 2504
2504 2483 2486
2504 2486 2505
2506 2486 2485
2507 2488 2508
2509 2490 2489
2509 2489 2510
2510 2489 2491
2510 2491 2511
2511 2491 2427
2511 2427 2429
2427 2492 2428
2472 2469 2464
2492 2474 2512
2492 2512 2428
2476 2475 2478
2485 2475 2488
2483 2475 2486
2487 2475 2490
2491 2475 2427
2492 2427 2475
2481 2475 2484
2479 2475 2482
2477 2475 2480
2487 2513 2508
2488 2487 2508
2487 2490 2509
2487 2509 2513
2474 2493 2512
2493 2474 2473
2473 2495 2494
2495 2473 2476
2486 2506 2505
2506 2485 2514
2485 2488 2507
2485 2507 2514
2496 2476 2478
2496 2478 2498
2469 2466 2464
2465 2466 2469
2433 2466 2430
2437 2466 2435
2441 2466 2439
2445 2466 2443
2449 2466 2447
2467 2466 2452
2455 2466 2456
2458 2466 2455
2462 2464 2466
2472 2470 2469
2471 2515 2465
2471 2465 2469
2447 2446 2448
2448 2516 2449
2449 2516 2450
2449 2450 2452
2515 2431 2430
2515 2430 2465
2517 2518 2519
2519 2518 2520
2520 2518 2521
2521 2518 2522
2522 2518 2523
2523 2518 2524
2524 2518 2525
2525 2518 2526
2526 2518 2527
2527 2518 2528
2528 2518 2529
2529 2518 2530
2530 2518 2531
2531 2518 2532
2532 2518 2533
2533 2518 2534
2534 2518 2535
2535 2518 2536
2536 2518 2537
2537 2518 2538
2538 2518 2539
2539 2518 2540
2540 2518 2541
2541 2518 2517
2542 2543 2544
2543 2545 2544
2545 2546 2544
2546 2547 2544
2547 2548 2544
2548 2549 2544
2549 2550 2544
2550 2551 2544
2551 2552 2544
2552 2553 2544
2553 2554 2544
2554 2555 2544
2555 2556 2544
2556 2557 2544
2557 2558 2544
2558 2559 2544
2559 2560 2544
2560 2561 2544
2561 2562 2544
2562 2563 2544
2563 2564 2544
2564 2565 2544
2565 2566 2544
2566 2542 2544
2567 2568 2569
2567 2569 2570
2571 2572 2573
2571 2573 2574
2575 2576 2577
2575 2577 2578
2579 2580 2568
2579 2568 2567
2579 2581 2582
2579 2582 2580
2583 2584 2585
2583 2585 2586
2587 2588 2589
2587 2589 2590
2591 2592 2593
2591 2593 2594
2592 2583 2586
2592 2586 2593
2595 2591 2594
2595 2594 2596
2597 2595 2596
2597 2596 2598
2599 2597 2598
2599 2598 2600
2584 2587 2590
2584 2590 2585
2588 2601 2602
2588 2602 2589
2603 2599 2600
2603 2604 2605
2603 2605 2606
2603 2600 2604
2607 2608 2572
2607 2572 2571
2574 2573 2576
2574 2576 2575
2609 2610 2611
2609 2611 2612
2612 2611 2608
2612 2608 2607
2613 2614 2610
2613 2610 2609
2570 2569 2614
2570 2614 2613
2615 2616 2617
2618 2619 2620
2621 2622 2623
2621 2623 2624
2625 2626 2627
2625 2627 2628
2625 2628 2629
2630 2631 2632
2630 2632 2633
2631 2634 2635
2631 2635 2632
2634 2615 2636
2634 2636 2635
2615 2617 2636
2616 2637 2638
2616 2638 2617
2637 2639 2640
2637 2640 2638
2641 2642 2640
2641 2640 2639
2643 2644 2642
2643 2642 2641
2622 2621 2645
2630 2633 2627
2630 2627 2626
2624 2623 2644
2624 2644 2643
2646 2647 2648
2646 2648 2649
2650 2651 2652
2650 2652 2653
2652 2654 2653
2655 2656 2657
2655 2657 2658
2659 2660 2656
2659 2656 2655
2620 2619 2660
2620 2660 2659
2618 2661 2619
2662 2663 2661
2662 2661 2618
2664 2665 2663
2664 2663 2662
2666 2665 2664
2666 2664 2667
2668 2666 2667
2668 2667 2669
2647 2670 2648
2657 2651 2650
2657 2650 2658
2649 2668 2669
2649 2669 2646
2671 2672 2673
2671 2673 2674
2675 2676 2677
2678 2679 2680
2681 2682 2683
2681 2683 2684
2685 2686 2687
2685 2687 2688
2686 2689 2690
2686 2690 2687
2691 2692 2693
2691 2693 2694
2677 2676 2695
2677 2695 2696
2697 2698 2699
2678 2700 2679
2697 2696 2695
2697 2695 2698
2675 2677 2701
2702 2675 2701
2702 2701 2703
2702 2703 2704
2705 2706 2707
2705 2707 2708
2709 2710 2711
2709 2708 2707
2709 2707 2710
2712 2706 2705
2712 2705 2713
2714 2712 2713
2714 2713 2715
2714 2715 2716
2689 2681 2684
2689 2684 2690
2682 2717 2718
2682 2718 2683
2717 2719 2720
2717 2720 2718
2719 2692 2691
2719 2691 2720
2721 2722 2694
2721 2694 2693
2723 2724 2725
2672 2726 2727
2672 2727 2673
2723 2728 2724
2728 2729 2730
2728 2730 2724
2729 2700 2678
2729 2678 2730
2731 2732 2680
2731 2680 2679
2726 2723 2725
2726 2725 2727
2733 2671 2674
2733 2674 2734
