byte offset: 0
first index: 46683
index count: 318
topology: trianglelist
format: DXGI_FORMAT_R16_UINT

11185 11186 11187
11185 11187 11188
11189 11190 11191
11189 11191 11192
11193 11194 11195
11196 11197 11198
11196 11198 11199
11200 11201 11202
11203 11204 11205
11206 11207 11208
11209 11210 11211
11212 11213 11214
11215 11216 11217
11218 11219 11220
11221 11222 11223
11224 11225 11226
11227 11228 11229
11227 11229 11230
11231 11232 11233
11234 11235 11236
11237 11238 11239
11240 11241 11242
11243 11244 11245
11246 11247 11248
11249 11250 11251
11252 11253 11254
11252 11254 11255
11256 11257 11258
11256 11258 11259
11260 11261 11262
11263 11264 11265
11266 11267 11268
11269 11270 11271
11272 11273 11274
11272 11274 11275
11276 11277 11278
11276 11278 11279
11280 11281 11282
11283 11284 11285
11286 11287 11288
11289 11290 11291
11292 11293 11294
11295 11296 11297
11298 11299 11300
11298 11300 11301
11302 11303 11304
11305 11306 11307
11308 11309 11310
11311 11312 11313
11314 11315 11316
11314 11316 11317
11318 11319 11320
11321 11322 11323
11324 11325 11326
11327 11328 11329
11330 11331 11332
11333 11334 11335
11336 11337 11338
11339 11340 11341
11342 11343 11344
11345 11346 11347
11348 11349 11350
11351 11352 11353
11354 11355 11356
11357 11358 11359
11360 11361 11362
11360 11362 11363
11364 11365 11366
11367 11368 11369
11370 11371 11372
11370 11372 11373
11374 11375 11376
11377 11378 11379
11380 11381 11382
11383 11384 11385
11386 11387 11388
11389 11390 11391
11389 11391 11392
11393 11394 11395
11396 11397 11398
11399 11400 11401
11402 11403 11404
11405 11406 11407
11408 11409 11410
11408 11410 11411
11412 11413 11414
11415 11416 11417
11415 11417 11418
11419 11420 11421
11422 11423 11424
11425 11426 11427
11428 11429 11430
11431 11432 11433
11434 11435 11436
11437 11438 11439
11440 11441 11442
11443 11444 11445
11446 11447 11448
11449 11450 11451
11452 11453 11454
11455 11456 11457
11458 11459 11460
11461 11462 11463
11464 11465 11466
11467 11468 11469
11470 11471 11472
