byte offset: 0
first index: 0
index count: 12570
topology: trianglelist
format: DXGI_FORMAT_R16_UINT

0 1 2
0 2 3
4 5 6
4 6 7
8 9 10
8 10 11
12 13 14
12 14 15
16 17 18
16 18 19
20 16 19
20 19 21
22 23 24
22 24 25
26 27 28
26 28 29
30 27 26
30 26 31
23 30 31
23 31 24
32 33 34
32 34 35
8 36 37
8 37 9
38 39 40
41 39 42
41 42 43
41 43 44
44 45 46
44 43 45
40 39 41
38 40 47
38 47 48
49 50 48
49 48 47
38 48 51
50 49 52
52 53 54
52 49 53
54 53 55
54 55 56
55 57 58
55 58 56
58 57 59
59 60 61
59 61 58
62 63 64
62 64 65
66 67 68
66 68 69
70 71 72
70 72 73
74 75 76
74 76 77
78 79 75
78 75 74
80 81 79
80 79 78
37 36 82
37 82 83
84 85 86
84 86 87
88 89 85
88 85 84
90 91 89
90 89 88
73 72 92
73 92 93
86 29 28
86 28 87
94 95 96
97 98 96
99 98 97
99 97 100
100 101 102
100 102 99
95 97 96
103 95 94
103 94 104
105 103 104
105 104 106
94 107 104
106 108 105
108 109 110
108 110 105
111 110 109
111 109 112
111 112 113
111 113 114
113 115 114
116 117 115
116 115 113
118 119 120
118 120 121
122 123 124
122 124 125
126 127 128
126 128 129
121 120 130
121 130 131
132 133 134
132 134 135
136 137 138
136 138 139
140 141 136
140 136 139
137 142 143
137 143 138
143 142 144
145 146 144
146 147 148
147 149 148
150 151 152
150 152 153
154 155 125
154 125 124
156 119 118
156 118 157
158 159 160
158 160 161
162 163 164
162 164 165
166 167 168
163 169 170
163 170 164
169 171 172
169 172 170
173 174 175
173 175 176
177 173 176
177 176 178
171 177 178
171 178 172
179 156 157
179 157 180
181 158 161
181 161 182
167 183 184
167 184 185
186 187 188
186 188 189
190 187 186
190 186 191
189 188 192
189 192 193
192 194 193
195 194 196
196 194 197
198 197 199
200 201 202
200 202 203
204 205 206
206 205 207
206 207 208
208 207 209
209 207 210
209 210 211
211 210 212
212 210 213
212 213 214
213 215 216
213 216 214
215 217 218
215 218 216
218 217 219
219 217 220
221 222 223
223 222 224
225 226 227
227 226 228
229 230 231
231 230 232
231 232 233
233 232 234
233 234 235
234 236 237
234 237 235
237 236 238
238 236 239
238 239 240
240 239 241
241 239 242
241 242 243
243 242 244
244 242 245
244 245 246
246 245 247
247 245 248
247 248 249
249 248 250
250 248 251
250 251 252
252 251 253
253 251 254
253 254 255
255 254 256
256 254 257
256 257 258
258 257 259
259 257 205
259 205 204
260 261 262
260 262 263
264 265 266
264 266 267
268 264 267
268 267 269
270 268 269
270 269 271
272 271 273
274 275 276
277 278 279
277 279 280
281 280 282
283 281 282
283 282 284
285 286 287
285 287 288
289 290 291
289 291 292
293 294 295
293 295 296
297 294 293
297 293 298
299 297 298
299 298 300
301 299 300
301 300 302
303 301 302
303 302 304
305 306 307
305 307 308
309 310 311
309 311 312
207 205 313
207 313 314
210 207 314
210 314 315
210 315 213
234 232 316
236 234 317
239 236 317
239 317 318
242 239 318
245 242 318
245 318 319
248 245 319
251 248 319
251 319 320
254 251 320
257 254 320
257 320 313
205 257 313
313 321 322
313 322 314
314 322 323
314 323 315
324 315 323
325 324 326
327 325 326
327 326 328
329 327 328
330 329 328
330 328 331
316 330 331
317 316 331
317 331 332
317 332 333
317 333 318
318 333 334
318 334 319
320 319 334
320 334 335
313 320 335
313 335 321
336 337 338
336 338 339
340 341 342
340 342 343
344 345 346
344 346 347
348 349 350
348 350 351
352 353 354
355 354 353
355 353 356
356 357 355
358 355 357
358 357 359
359 360 358
361 358 360
361 360 362
361 362 363
361 363 364
364 363 365
364 365 366
365 367 366
368 369 370
371 372 373
374 375 376
376 377 374
378 379 380
380 381 378
382 378 381
382 381 383
384 382 383
384 383 385
384 385 386
384 386 387
386 388 387
389 387 388
389 388 390
390 391 389
392 389 391
392 391 393
393 394 392
395 392 394
395 394 396
396 397 395
398 395 397
398 397 399
399 400 398
401 398 400
401 400 402
402 403 401
404 401 403
404 403 405
405 406 404
407 404 406
407 406 408
408 409 407
354 407 409
354 409 352
410 310 309
410 309 411
263 262 410
263 410 411
412 261 260
412 260 413
414 415 412
414 412 413
266 265 415
266 415 414
275 416 272
275 272 273
417 418 283
417 283 284
287 286 418
287 418 417
419 420 285
419 285 288
421 422 420
421 420 419
423 424 422
423 422 421
425 426 424
425 424 423
292 291 426
292 426 425
295 290 289
295 289 296
307 303 304
307 304 308
311 306 305
311 305 312
427 354 355
427 355 428
358 428 355
358 361 429
358 429 428
384 430 431
387 430 384
430 387 389
430 389 432
392 432 389
432 392 395
432 395 433
398 433 395
433 398 401
433 401 434
404 434 401
434 404 407
434 407 427
354 427 407
427 428 435
427 435 436
428 429 437
428 437 435
438 439 437
440 439 438
439 440 441
439 441 442
443 442 441
442 443 444
442 444 445
431 445 444
445 431 430
445 430 446
430 432 447
430 447 446
432 433 448
432 448 447
448 433 434
448 434 449
449 434 427
449 427 436
450 451 452
450 452 453
342 454 455
342 455 343
455 454 456
455 456 457
458 459 460
458 460 461
462 463 464
462 464 465
465 464 466
465 466 467
467 466 468
467 468 469
469 468 470
469 470 471
471 470 472
471 472 473
473 472 474
473 474 475
324 323 326
438 437 429
321 476 322
322 476 323
323 476 326
326 476 328
328 476 331
331 476 332
332 476 333
333 476 334
334 476 335
335 476 321
435 477 436
436 477 449
449 477 448
448 477 447
447 477 446
446 477 445
445 477 442
442 477 439
439 477 437
437 477 435
234 316 317
384 431 382
478 479 480
478 480 481
482 483 484
482 484 485
486 487 481
486 481 480
488 489 490
488 490 491
492 493 479
492 479 478
494 495 496
494 496 497
498 499 500
498 500 501
502 503 497
502 497 496
504 505 506
504 506 507
508 509 495
508 495 494
510 511 512
510 512 513
514 515 516
514 516 517
518 519 513
518 513 512
520 521 522
520 522 523
524 525 511
524 511 510
526 527 528
526 528 529
530 531 532
530 532 533
534 535 529
534 529 528
536 537 538
536 538 539
540 541 527
540 527 526
542 543 544
542 544 545
546 547 548
546 548 549
550 551 545
550 545 544
552 553 554
552 554 555
556 557 543
556 543 542
558 559 560
558 560 561
562 563 564
562 564 565
566 567 561
566 561 560
568 569 570
568 570 571
572 573 559
572 559 558
574 575 576
574 576 577
578 579 580
578 580 581
582 583 577
582 577 576
584 585 586
584 586 587
588 589 575
588 575 574
590 591 592
590 592 593
594 595 596
594 596 597
598 599 593
598 593 592
600 601 602
600 602 603
604 605 591
604 591 590
606 607 608
606 608 609
610 611 612
610 612 613
614 615 609
614 609 608
616 617 618
616 618 619
620 621 607
620 607 606
622 623 624
622 624 625
626 627 628
626 628 629
630 631 625
630 625 624
632 633 634
632 634 635
636 637 623
636 623 622
638 639 640
638 640 641
642 643 644
642 644 645
646 647 641
646 641 640
648 649 650
648 650 651
652 653 639
652 639 638
654 655 656
654 656 657
658 659 660
658 660 661
662 663 657
662 657 656
664 665 666
664 666 667
668 669 655
668 655 654
670 671 672
670 672 673
674 675 676
674 676 677
678 679 673
678 673 672
680 681 682
680 682 683
684 685 671
684 671 670
686 687 688
686 688 689
690 691 692
690 692 693
694 695 689
694 689 688
696 697 698
696 698 699
700 701 687
700 687 686
702 703 704
702 704 705
706 707 708
706 708 709
710 711 705
710 705 704
712 713 714
712 714 715
716 717 703
716 703 702
718 719 720
718 720 721
722 723 724
722 724 725
726 727 721
726 721 720
728 729 730
728 730 731
732 733 719
732 719 718
734 735 736
734 736 737
738 739 740
738 740 741
742 743 737
742 737 736
744 745 746
744 746 747
748 749 735
748 735 734
750 751 752
750 752 753
754 755 756
754 756 757
757 756 758
757 758 759
759 758 760
759 760 761
762 763 764
763 762 765
765 762 766
766 762 767
751 768 769
751 769 752
768 755 754
768 754 769
770 771 772
770 773 774
770 774 775
770 775 776
777 778 779
777 779 780
781 782 783
781 783 784
785 786 787
785 787 788
789 790 791
789 791 792
793 794 795
793 795 796
797 798 799
797 799 800
801 802 803
801 803 804
805 806 807
805 807 808
809 810 811
809 811 812
813 814 815
813 815 816
817 818 787
817 787 819
789 820 821
789 821 822
787 786 819
790 789 822
819 786 823
790 822 824
825 826 827
825 827 828
829 830 831
829 831 832
833 834 785
833 785 788
835 836 837
835 837 791
838 794 793
838 793 839
840 841 842
840 842 843
844 845 846
844 846 847
848 849 850
848 850 851
852 853 854
852 854 855
815 856 857
815 857 816
858 859 833
858 833 860
861 862 863
861 863 864
833 859 834
837 862 861
859 865 834
837 866 862
867 868 786
867 786 785
790 869 870
790 870 791
834 871 872
834 872 785
861 792 791
861 791 837
873 874 875
873 875 876
874 877 878
874 878 875
877 879 880
877 880 878
879 881 882
879 882 880
881 883 884
881 884 882
883 885 886
883 886 884
885 887 888
885 888 886
887 889 890
887 890 888
889 891 892
889 892 890
891 893 894
891 894 892
893 895 896
893 896 894
895 897 898
895 898 896
897 899 900
897 900 898
899 901 902
899 902 900
901 903 904
901 904 902
903 905 906
903 906 904
905 907 908
905 908 906
907 909 910
907 910 908
909 911 912
909 912 910
911 913 914
911 914 912
913 915 916
913 916 914
915 917 918
915 918 916
917 919 920
917 920 918
919 921 922
919 922 920
923 924 925
923 925 926
924 927 928
924 928 925
927 929 930
927 930 928
929 931 932
929 932 930
931 933 934
931 934 932
933 935 936
933 936 934
935 937 938
935 938 936
937 939 940
937 940 938
939 941 942
939 942 940
941 873 876
941 876 942
943 944 945
943 945 946
946 945 947
946 947 948
948 947 949
948 949 950
950 949 951
950 951 952
952 951 953
952 953 954
954 953 955
954 955 956
956 955 957
956 957 958
958 957 959
958 959 960
960 959 961
960 961 962
962 961 963
962 963 964
964 963 965
964 965 966
966 965 967
966 967 968
968 967 969
968 969 970
970 969 971
970 971 972
972 971 973
972 973 974
974 973 975
974 975 976
976 975 977
976 977 978
978 977 979
978 979 980
980 979 981
980 981 982
982 981 983
982 983 984
984 983 985
984 985 986
986 985 987
986 987 988
988 987 989
988 989 990
990 989 991
990 991 992
993 994 995
993 995 996
996 995 997
996 997 998
998 997 999
998 999 1000
1000 999 1001
1000 1001 1002
1002 1001 1003
1002 1003 1004
1004 1003 1005
1004 1005 1006
1006 1005 1007
1006 1007 1008
1008 1007 1009
1008 1009 1010
1010 1009 1011
1010 1011 1012
1012 1011 944
1012 944 943
1013 1014 1015
1013 1015 1016
1014 1017 1018
1014 1018 1015
1017 1019 1020
1017 1020 1018
1019 1021 1022
1019 1022 1020
1021 1023 1024
1021 1024 1022
1023 1025 1026
1023 1026 1024
1025 1027 1028
1025 1028 1026
1027 1029 1030
1027 1030 1028
1029 1031 1032
1029 1032 1030
1031 1033 1034
1031 1034 1032
1033 1035 1036
1033 1036 1034
1035 1037 1038
1035 1038 1036
1037 1039 1040
1037 1040 1038
1039 1041 1042
1039 1042 1040
1041 1043 1044
1041 1044 1042
1043 1045 1046
1043 1046 1044
1045 1047 1048
1045 1048 1046
1047 1049 1050
1047 1050 1048
1049 1051 1052
1049 1052 1050
1051 1053 1054
1051 1054 1052
1053 1055 1056
1053 1056 1054
1055 1057 1058
1055 1058 1056
1057 1059 1060
1057 1060 1058
1059 1061 1062
1059 1062 1060
1063 1064 1065
1063 1065 1066
1064 1067 1068
1064 1068 1065
1067 1069 1070
1067 1070 1068
1069 1071 1072
1069 1072 1070
1071 1073 1074
1071 1074 1072
1073 1075 1076
1073 1076 1074
1075 1077 1078
1075 1078 1076
1077 1079 1080
1077 1080 1078
1079 1081 1082
1079 1082 1080
1081 1013 1016
1081 1016 1082
1083 1084 1085
1083 1085 1086
1087 1088 1089
1087 1089 1090
1091 1092 1093
1091 1093 1094
1095 1096 1092
1095 1092 1091
1097 1098 1096
1097 1096 1095
1099 1100 1098
1099 1098 1097
1101 1102 1100
1101 1100 1099
1103 1104 1105
1103 1105 1106
1107 1108 1104
1107 1104 1103
1109 1110 1108
1109 1108 1107
1111 1112 1110
1111 1110 1109
1094 1093 1112
1094 1112 1111
1113 1114 1093
1113 1093 1092
1115 1113 1092
1115 1092 1096
1116 1115 1096
1116 1096 1098
1117 1116 1098
1117 1098 1100
1118 1117 1100
1118 1100 1102
1119 1120 1105
1119 1105 1104
1121 1119 1104
1121 1104 1108
1122 1121 1108
1122 1108 1110
1123 1122 1110
1123 1110 1112
1114 1123 1112
1114 1112 1093
1124 1125 1126
1127 1125 1124
1128 1125 1127
1129 1125 1128
1130 1125 1129
1131 1125 1132
1133 1125 1131
1134 1125 1133
1135 1125 1134
1126 1125 1135
1136 1137 1138
1138 1137 1139
1140 1137 1141
1141 1137 1142
1142 1137 1143
1143 1137 1144
1144 1137 1145
1145 1137 1136
1146 1147 1148
1146 1148 1149
1146 1149 1150
1146 1150 1151
1146 1152 1153
1146 1153 1147
1154 1155 1156
1154 1156 1157
1154 1157 1158
1154 1158 1159
1154 1160 1161
1154 1161 1155
1162 1163 1164
1162 1164 1165
1162 1165 1166
1162 1166 1167
1162 1168 1169
1162 1169 1163
1170 1171 1172
1170 1172 1173
1170 1173 1174
1170 1174 1175
1170 1176 1177
1170 1177 1171
1178 1179 1180
1178 1180 1181
1178 1181 1182
1178 1182 1183
1178 1184 1185
1178 1185 1179
1186 1187 1188
1186 1188 1189
1186 1189 1190
1186 1190 1191
1186 1192 1193
1186 1193 1187
1194 1195 1196
1194 1196 1197
1198 1194 1197
1198 1197 1199
1200 1198 1199
1200 1199 1201
1202 1200 1201
1202 1201 1203
1204 1205 1206
1204 1206 1207
1208 1204 1207
1208 1207 1209
1210 1208 1209
1210 1209 1211
1212 1210 1211
1212 1211 1213
1214 1212 1213
1214 1213 1215
1216 1214 1215
1216 1215 1217
1218 1216 1217
1218 1217 1219
1195 1218 1219
1195 1219 1196
1220 1221 1222
1220 1222 1223
1224 1225 1221
1224 1221 1220
1226 1227 1225
1226 1225 1224
1228 1229 1227
1228 1227 1226
1230 1231 1232
1230 1232 1233
1234 1235 1231
1234 1231 1230
1236 1237 1235
1236 1235 1234
1238 1239 1237
1238 1237 1236
1240 1241 1239
1240 1239 1238
1242 1243 1241
1242 1241 1240
1244 1245 1243
1244 1243 1242
1223 1222 1245
1223 1245 1244
1246 1247 1248
1246 1248 1249
1250 1251 1252
1250 1252 1253
1247 1254 1255
1247 1255 1248
1256 1250 1253
1256 1253 1257
1254 1258 1259
1254 1259 1255
1260 1256 1257
1260 1257 1261
1258 1262 1263
1258 1263 1259
1264 1260 1261
1264 1261 1265
1266 1267 1268
1266 1268 1269
1270 1271 1272
1270 1272 1273
1267 1274 1275
1267 1275 1268
1276 1270 1273
1276 1273 1277
1274 1278 1279
1274 1279 1275
1280 1276 1277
1280 1277 1281
1278 1282 1283
1278 1283 1279
1284 1280 1281
1284 1281 1285
1282 1286 1287
1282 1287 1283
1288 1284 1285
1288 1285 1289
1286 1290 1291
1286 1291 1287
1292 1288 1289
1292 1289 1293
1290 1294 1295
1290 1295 1291
1296 1292 1293
1296 1293 1297
1294 1246 1249
1294 1249 1295
1251 1296 1297
1251 1297 1252
1298 1299 1300
1298 1300 1301
1302 1303 1304
1302 1304 1305
1303 1306 1307
1303 1307 1304
1306 1298 1301
1306 1301 1307
1308 1309 1310
1308 1310 1311
1309 1312 1313
1309 1313 1310
1314 1315 1316
1314 1316 1317
1315 1308 1311
1315 1311 1316
1318 1319 1320
1318 1320 1321
1321 1320 1322
1322 1320 1323
1323 1320 1324
1323 1324 1325
1326 1327 1324
1326 1324 1328
1326 1328 1329
1329 1328 1330
1329 1330 1331
1331 1330 1332
1332 1330 1333
1332 1333 1334
1334 1333 1335
1335 1333 1336
1336 1337 1338
1338 1337 1339
1338 1339 1340
1340 1339 1341
1319 1318 1342
1343 1344 1345
1343 1345 1346
1344 1347 1348
1344 1348 1345
1347 1349 1350
1347 1350 1351
1352 1353 1354
1352 1354 1355
1355 1354 1356
1355 1356 1357
1357 1356 1358
1357 1358 1359
1359 1358 1360
1359 1360 1361
1361 1360 1362
1361 1362 1363
1363 1362 1364
1363 1364 1365
1365 1364 1366
1365 1366 1367
1367 1366 1368
1367 1368 1369
1370 1371 1369
1372 1373 1374
1375 1376 1377
1378 1379 1380
1381 1378 1380
1382 1381 1380
1320 1319 1379
1379 1324 1320
1328 1324 1379
1328 1379 1378
1328 1378 1330
1330 1378 1381
1330 1381 1333
1381 1337 1333
1381 1382 1339
1381 1339 1337
1383 1384 1385
1383 1385 1386
1387 1388 1389
1387 1389 1390
1391 1388 1387
1391 1387 1392
1393 1391 1392
1393 1392 1394
1395 1393 1394
1395 1394 1396
1397 1395 1396
1397 1396 1398
1399 1397 1398
1399 1398 1400
1399 1400 1401
1399 1401 1402
1403 1404 1405
1403 1405 1406
1407 1403 1406
1407 1406 1408
1404 1383 1386
1404 1386 1405
1409 1410 1411
1409 1411 1412
1413 1414 1415
1416 1417 1418
1416 1418 1419
1420 1421 1422
1420 1422 1423
1424 1420 1423
1424 1423 1425
1426 1424 1425
1426 1425 1427
1428 1426 1427
1428 1427 1429
1428 1429 1430
1428 1430 1431
1431 1430 1432
1431 1432 1433
1433 1432 1434
1433 1434 1435
1436 1437 1416
1436 1416 1419
1438 1439 1440
1438 1440 1441
1416 1437 1439
1416 1439 1438
1339 1319 1341
1442 1372 1443
1380 1379 1382
1442 1444 1445
1442 1445 1446
1369 1368 1447
1369 1447 1370
1442 1443 1448
1442 1448 1444
1443 1370 1447
1443 1447 1448
1446 1445 1449
1374 1371 1372
1450 1376 1375
1450 1375 1451
1408 1412 1411
1408 1411 1407
1324 1327 1325
1350 1353 1352
1350 1352 1351
1390 1389 1410
1390 1410 1409
1438 1441 1422
1438 1422 1421
1372 1371 1370
1372 1370 1443
1347 1344 1349
1452 1453 1454
1452 1454 1455
1456 1457 1458
1459 1460 1461
1462 1463 1464
1462 1464 1465
1466 1467 1468
1466 1468 1469
1465 1466 1469
1465 1469 1462
1470 1471 1472
1470 1472 1473
1472 1474 1475
1472 1475 1473
1474 1476 1477
1474 1477 1475
1455 1478 1479
1455 1479 1452
1478 1464 1463
1478 1463 1479
1480 1481 1415
1480 1415 1482
1415 1481 1483
1415 1483 1413
1484 1485 1486
1484 1486 1487
1488 1484 1489
1490 1484 1488
1490 1488 1491
1490 1492 1493
1490 1493 1494
1495 1494 1493
1496 1494 1495
1496 1495 1497
1498 1496 1497
1499 1496 1498
1499 1498 1500
1501 1499 1500
1502 1499 1503
1504 1502 1503
1505 1502 1504
1505 1504 1506
1505 1506 1507
1486 1485 1508
1509 1510 1511
1509 1511 1512
1510 1509 1513
1510 1513 1514
1515 1516 1514
1515 1514 1517
1518 1519 1520
1518 1520 1521
1522 1518 1521
1522 1521 1523
1524 1522 1523
1524 1523 1525
1526 1524 1525
1526 1525 1527
1528 1526 1527
1528 1527 1529
1530 1528 1529
1530 1529 1531
1532 1530 1531
1532 1531 1533
1534 1532 1533
1534 1533 1535
1536 1535 1537
1538 1539 1540
1539 1541 1542
1543 1544 1545
1546 1544 1543
1547 1544 1546
1484 1545 1485
1545 1484 1490
1545 1490 1494
1545 1494 1543
1543 1494 1496
1546 1543 1496
1546 1496 1499
1546 1499 1502
1546 1502 1505
1546 1505 1547
1548 1549 1550
1548 1550 1551
1552 1553 1554
1552 1554 1555
1554 1553 1556
1554 1556 1557
1557 1556 1558
1557 1558 1559
1559 1558 1560
1559 1560 1561
1561 1560 1562
1561 1562 1563
1563 1562 1564
1563 1564 1565
1564 1566 1567
1564 1567 1565
1568 1569 1570
1568 1570 1571
1571 1570 1572
1571 1572 1573
1548 1551 1569
1548 1569 1568
1574 1575 1576
1574 1576 1577
1483 1481 1578
1579 1580 1581
1579 1581 1582
1583 1584 1585
1583 1585 1586
1587 1588 1584
1587 1584 1583
1589 1590 1588
1589 1588 1587
1591 1592 1590
1591 1590 1589
1591 1593 1594
1591 1594 1592
1593 1595 1596
1593 1596 1594
1595 1597 1598
1595 1598 1596
1581 1599 1600
1581 1600 1582
1601 1602 1603
1601 1603 1604
1602 1599 1581
1602 1581 1603
1505 1507 1485
1605 1606 1607
1505 1485 1547
1605 1608 1609
1605 1609 1610
1611 1534 1535
1611 1535 1536
1612 1606 1605
1612 1605 1610
1611 1536 1606
1611 1606 1612
1608 1613 1609
1542 1541 1614
1542 1614 1615
1574 1577 1573
1574 1573 1572
1491 1492 1490
1520 1519 1515
1520 1515 1517
1575 1552 1555
1575 1555 1576
1603 1586 1585
1603 1585 1604
1607 1606 1536
1607 1536 1537
1514 1516 1510
1550 1549 1616
1550 1616 1617
1545 1544 1547
1485 1545 1547
1339 1382 1319
1319 1382 1379
1618 1619 1620
1618 1620 1621
1622 1623 1619
1622 1619 1618
1624 1625 1623
1624 1623 1622
1626 1627 1625
1626 1625 1624
1628 1629 1627
1628 1627 1626
1630 1631 1629
1630 1629 1628
1632 1633 1631
1632 1631 1630
1634 1635 1633
1634 1633 1632
1636 1637 1635
1636 1635 1634
1638 1639 1637
1638 1637 1636
1640 1641 1639
1640 1639 1638
1642 1621 1620
1642 1620 1643
1644 1645 1646
1643 1647 1648
1643 1648 1642
1649 1650 1651
1649 1651 1652
1653 1649 1652
1653 1652 1654
1655 1653 1654
1655 1654 1656
1657 1655 1656
1657 1656 1658
1659 1657 1658
1659 1658 1660
1661 1659 1660
1661 1660 1662
1663 1661 1662
1663 1662 1664
1665 1663 1664
1665 1664 1666
1667 1665 1666
1667 1666 1668
1669 1667 1668
1669 1668 1670
1671 1672 1669
1671 1669 1670
1650 1673 1674
1650 1674 1651
1674 1673 1675
1674 1675 1676
1677 1678 1679
1677 1679 1680
1647 1681 1682
1683 1684 1672
1683 1672 1671
1685 1681 1641
1685 1641 1640
1686 1687 1688
1686 1688 1689
1687 1690 1691
1687 1691 1688
1690 1692 1693
1690 1693 1691
1692 1694 1695
1692 1695 1693
1694 1696 1697
1694 1697 1695
1696 1698 1699
1696 1699 1697
1698 1700 1701
1698 1701 1699
1700 1702 1703
1700 1703 1701
1702 1704 1705
1702 1705 1703
1704 1706 1707
1704 1707 1705
1706 1708 1709
1706 1709 1707
1708 1710 1711
1708 1711 1709
1710 1712 1713
1710 1713 1711
1712 1714 1715
1712 1715 1713
1714 1716 1717
1714 1717 1715
1716 1686 1689
1716 1689 1717
1718 1719 1720
1721 1722 1723
1721 1723 1724
1725 1726 1727
1725 1727 1728
1721 1724 1727
1721 1727 1726
1723 1722 1729
1723 1729 1730
1730 1729 1731
1730 1731 1732
1732 1731 1733
1732 1733 1734
1734 1733 1735
1736 1737 1738
1736 1738 1739
1737 1740 1741
1737 1741 1738
1740 1742 1743
1740 1743 1741
1742 1744 1745
1742 1745 1743
1744 1746 1747
1744 1747 1745
1746 1748 1749
1746 1749 1747
1748 1750 1751
1748 1751 1749
1750 1752 1753
1750 1753 1751
1752 1754 1755
1752 1755 1753
1754 1756 1757
1754 1757 1755
1756 1758 1759
1756 1759 1757
1760 1761 1736
1760 1736 1739
1762 1763 1764
1762 1764 1765
1766 1767 1761
1766 1761 1760
1768 1769 1770
1768 1770 1771
1771 1770 1772
1771 1772 1773
1773 1772 1774
1773 1774 1775
1775 1774 1776
1775 1776 1777
1777 1776 1778
1777 1778 1779
1779 1778 1780
1779 1780 1781
1781 1780 1782
1781 1782 1783
1783 1782 1784
1783 1784 1785
1785 1784 1786
1785 1786 1787
1787 1786 1788
1787 1788 1789
1788 1790 1791
1788 1791 1789
1792 1793 1769
1792 1769 1768
1794 1793 1792
1794 1792 1795
1796 1797 1798
1796 1798 1799
1800 1801 1802
1800 1759 1758
1800 1758 1801
1803 1791 1790
1803 1790 1804
1805 1806 1807
1805 1807 1808
1809 1810 1806
1809 1806 1805
1811 1812 1810
1811 1810 1809
1813 1814 1812
1813 1812 1811
1815 1816 1814
1815 1814 1813
1817 1818 1816
1817 1816 1815
1819 1820 1818
1819 1818 1817
1821 1822 1820
1821 1820 1819
1823 1824 1822
1823 1822 1821
1825 1826 1824
1825 1824 1823
1827 1828 1826
1827 1826 1825
1829 1830 1828
1829 1828 1827
1831 1832 1830
1831 1830 1829
1833 1834 1832
1833 1832 1831
1835 1836 1834
1835 1834 1833
1808 1807 1836
1808 1836 1835
1837 1838 1839
1837 1839 1840
1841 1842 1843
1841 1843 1844
1845 1846 1847
1845 1847 1848
1845 1844 1843
1845 1843 1846
1849 1842 1841
1849 1841 1850
1851 1849 1850
1851 1850 1852
1853 1851 1852
1853 1852 1854
1854 1855 1853
144 142 145
193 194 195
1856 1857 1858
1856 1858 1859
1860 1861 1862
1860 1863 1858
1860 1858 1861
1864 1858 1863
1859 1858 1864
1865 1866 1867
1868 1869 1870
1865 1871 1872
1865 1872 1866
1873 1874 1875
1873 1875 1876
1877 1878 1879
1877 1879 1880
1881 1882 1883
1884 1885 1886
1886 1885 1887
1859 1864 1888
1886 1887 1889
1890 1887 1885
1890 1885 1891
1881 1883 1885
1881 1885 1884
1892 1893 1894
1892 1894 1895
1896 1897 1898
1896 1899 1894
1896 1894 1897
1900 1894 1899
1895 1894 1900
1901 1902 1903
1904 1905 1906
1901 1907 1908
1901 1908 1902
1909 1910 1911
1909 1911 1912
1913 1914 1915
1913 1915 1916
1917 1918 1919
1920 1921 1922
1922 1921 1923
1895 1900 1924
1922 1923 1925
1926 1923 1921
1926 1921 1927
1917 1919 1921
1917 1921 1920
1928 1929 1930
1928 1930 1931
1932 1933 1934
1932 1935 1930
1932 1930 1933
1936 1930 1935
1931 1930 1936
1937 1938 1939
1940 1941 1942
1937 1943 1944
1937 1944 1938
1945 1946 1947
1945 1947 1948
1949 1950 1951
1949 1951 1952
1953 1954 1955
1956 1957 1958
1958 1957 1959
1931 1936 1960
1958 1959 1961
1962 1959 1957
1962 1957 1963
1953 1955 1957
1953 1957 1956
1964 1965 1966
1964 1966 1967
1968 1969 1970
1968 1971 1966
1968 1966 1969
1972 1966 1971
1967 1966 1972
1973 1974 1975
1976 1977 1978
1973 1979 1980
1973 1980 1974
1981 1982 1983
1981 1983 1984
1985 1986 1987
1985 1987 1988
1989 1990 1991
1992 1993 1994
1994 1993 1995
1967 1972 1996
1994 1995 1997
1998 1995 1993
1998 1993 1999
1989 1991 1993
1989 1993 1992
2000 2001 2002
2000 2002 2003
2004 2005 2006
2004 2007 2002
2004 2002 2005
2008 2002 2007
2003 2002 2008
2009 2010 2011
2012 2013 2014
2009 2015 2016
2009 2016 2010
2017 2018 2019
2017 2019 2020
2021 2022 2023
2021 2023 2024
2025 2026 2027
2028 2029 2030
2030 2029 2031
2003 2008 2032
2030 2031 2033
2034 2031 2029
2034 2029 2035
2025 2027 2029
2025 2029 2028
2036 2037 2038
2036 2038 2039
2040 2041 2042
2040 2043 2038
2040 2038 2041
2044 2038 2043
2039 2038 2044
2045 2046 2047
2048 2049 2050
2045 2051 2052
2045 2052 2046
2053 2054 2055
2053 2055 2056
2057 2058 2059
2057 2059 2060
2061 2062 2063
2064 2065 2066
2066 2065 2067
2039 2044 2068
2066 2067 2069
2070 2067 2065
2070 2065 2071
2061 2063 2065
2061 2065 2064
2072 2073 2074
2072 2074 2075
2076 2077 2078
2076 2079 2074
2076 2074 2077
2080 2074 2079
2075 2074 2080
2081 2082 2083
2084 2085 2086
2081 2087 2088
2081 2088 2082
2089 2090 2091
2089 2091 2092
2093 2094 2095
2093 2095 2096
2097 2098 2099
2100 2101 2102
2102 2101 2103
2075 2080 2104
2102 2103 2105
2106 2103 2101
2106 2101 2107
2097 2099 2101
2097 2101 2100
2108 2109 2110
2108 2110 2111
2112 2113 2114
2112 2115 2110
2112 2110 2113
2116 2110 2115
2111 2110 2116
2117 2118 2119
2120 2121 2122
2117 2123 2124
2117 2124 2118
2125 2126 2127
2125 2127 2128
2129 2130 2131
2129 2131 2132
2133 2134 2135
2136 2137 2138
2138 2137 2139
2111 2116 2140
2138 2139 2141
2142 2139 2137
2142 2137 2143
2133 2135 2137
2133 2137 2136
2144 2145 2146
2144 2146 2147
2148 2149 2150
2148 2151 2146
2148 2146 2149
2152 2146 2151
2147 2146 2152
2153 2154 2155
2156 2157 2158
2153 2159 2160
2153 2160 2154
2161 2162 2163
2161 2163 2164
2165 2166 2167
2165 2167 2168
2169 2170 2171
2172 2173 2174
2174 2173 2175
2147 2152 2176
2174 2175 2177
2178 2175 2173
2178 2173 2179
2169 2171 2173
2169 2173 2172
2180 2181 2182
2180 2182 2183
2184 2185 2186
2184 2187 2182
2184 2182 2185
2188 2182 2187
2183 2182 2188
2189 2190 2191
2192 2193 2194
2189 2195 2196
2189 2196 2190
2197 2198 2199
2197 2199 2200
2201 2202 2203
2201 2203 2204
2205 2206 2207
2208 2209 2210
2210 2209 2211
2183 2188 2212
2210 2211 2213
2214 2211 2209
2214 2209 2215
2205 2207 2209
2205 2209 2208
2216 2217 2218
2216 2218 2219
2220 2221 2222
2220 2223 2218
2220 2218 2221
2224 2218 2223
2219 2218 2224
2225 2226 2227
2228 2229 2230
2225 2231 2232
2225 2232 2226
2233 2234 2235
2233 2235 2236
2237 2238 2239
2237 2239 2240
2241 2242 2243
2244 2245 2246
2246 2245 2247
2219 2224 2248
2246 2247 2249
2250 2247 2245
2250 2245 2251
2241 2243 2245
2241 2245 2244
2252 2253 2254
2252 2254 2255
2256 2257 2258
2256 2259 2254
2256 2254 2257
2260 2254 2259
2255 2254 2260
2261 2262 2263
2264 2265 2266
2261 2267 2268
2261 2268 2262
2269 2270 2271
2269 2271 2272
2273 2274 2275
2273 2275 2276
2277 2278 2279
2280 2281 2282
2282 2281 2283
2255 2260 2284
2282 2283 2285
2286 2283 2281
2286 2281 2287
2277 2279 2281
2277 2281 2280
2288 2289 2290
2288 2290 2291
2292 2293 2294
2292 2295 2290
2292 2290 2293
2296 2290 2295
2291 2290 2296
2297 2298 2299
2300 2301 2302
2297 2303 2304
2297 2304 2298
2305 2306 2307
2305 2307 2308
2309 2310 2311
2309 2311 2312
2313 2314 2315
2316 2317 2318
2318 2317 2319
2291 2296 2320
2318 2319 2321
2322 2319 2317
2322 2317 2323
2313 2315 2317
2313 2317 2316
2324 2325 2326
2324 2326 2327
2328 2329 2330
2328 2331 2326
2328 2326 2329
2332 2326 2331
2327 2326 2332
2333 2334 2335
2336 2337 2338
2333 2339 2340
2333 2340 2334
2341 2342 2343
2341 2343 2344
2345 2346 2347
2345 2347 2348
2349 2350 2351
2352 2353 2354
2354 2353 2355
2327 2332 2356
2354 2355 2357
2358 2355 2353
2358 2353 2359
2349 2351 2353
2349 2353 2352
2360 2361 2362
2360 2362 2363
2364 2365 2366
2364 2367 2362
2364 2362 2365
2368 2362 2367
2363 2362 2368
2369 2370 2371
2372 2373 2374
2369 2375 2376
2369 2376 2370
2377 2378 2379
2377 2379 2380
2381 2382 2383
2381 2383 2384
2385 2386 2387
2388 2389 2390
2390 2389 2391
2363 2368 2392
2390 2391 2393
2394 2391 2389
2394 2389 2395
2385 2387 2389
2385 2389 2388
2396 2397 2398
2396 2398 2399
2400 2401 2402
2400 2403 2398
2400 2398 2401
2404 2398 2403
2399 2398 2404
2405 2406 2407
2408 2409 2410
2405 2411 2412
2405 2412 2406
2413 2414 2415
2413 2415 2416
2417 2418 2419
2417 2419 2420
2421 2422 2423
2424 2425 2426
2426 2425 2427
2399 2404 2428
2426 2427 2429
2430 2427 2425
2430 2425 2431
2421 2423 2425
2421 2425 2424
2432 2433 2434
2432 2434 2435
2436 2437 2438
2436 2439 2434
2436 2434 2437
2440 2434 2439
2435 2434 2440
2441 2442 2443
2444 2445 2446
2441 2447 2448
2441 2448 2442
2449 2450 2451
2449 2451 2452
2453 2454 2455
2453 2455 2456
2457 2458 2459
2460 2461 2462
2462 2461 2463
2435 2440 2464
2462 2463 2465
2466 2463 2461
2466 2461 2467
2457 2459 2461
2457 2461 2460
1418 1417 2468
1418 2468 2469
1579 2470 2471
1579 2471 1580
1384 2472 2473
1384 2473 1385
1343 1346 1449
1343 1449 1445
1613 1512 1511
1613 1511 1609
2474 2475 2476
2474 2477 2475
2474 2478 2477
2474 2479 2478
2474 2476 2479
2475 2480 2481
2475 2481 2476
2475 2482 2480
2477 2483 2482
2477 2482 2475
2477 2484 2483
2478 2485 2484
2478 2484 2477
2478 2486 2485
2479 2487 2486
2479 2486 2478
2479 2488 2487
2476 2489 2488
2476 2488 2479
2476 2481 2489
2480 2490 2491
2480 2491 2481
2482 2492 2490
2482 2490 2480
2483 2493 2492
2483 2492 2482
2484 2494 2493
2484 2493 2483
2485 2495 2494
2485 2494 2484
2486 2496 2495
2486 2495 2485
2487 2497 2496
2487 2496 2486
2488 2498 2497
2488 2497 2487
2489 2499 2498
2489 2498 2488
2481 2491 2499
2481 2499 2489
2500 2501 2502
2500 2502 2503
2500 2503 2504
2500 2504 2505
2500 2505 2506
2500 2506 2507
2500 2507 2508
2500 2508 2509
2510 2511 2512
2510 2513 2511
2510 2514 2513
2510 2515 2514
2510 2512 2515
2511 2516 2517
2511 2517 2512
2511 2518 2516
2513 2519 2518
2513 2518 2511
2513 2520 2519
2514 2521 2520
2514 2520 2513
2514 2522 2521
2515 2523 2522
2515 2522 2514
2515 2524 2523
2512 2525 2524
2512 2524 2515
2512 2517 2525
2516 2526 2527
2516 2527 2517
2518 2528 2526
2518 2526 2516
2519 2529 2528
2519 2528 2518
2520 2530 2529
2520 2529 2519
2521 2531 2530
2521 2530 2520
2522 2532 2531
2522 2531 2521
2523 2533 2532
2523 2532 2522
2524 2534 2533
2524 2533 2523
2525 2535 2534
2525 2534 2524
2517 2527 2535
2517 2535 2525
2536 2537 2538
2536 2538 2539
2536 2539 2540
2536 2540 2541
2536 2541 2542
2536 2542 2543
2536 2543 2544
2536 2544 2545
2546 2547 2548
2546 2548 2549
2550 2551 2547
2550 2547 2546
2552 2553 2554
2552 2554 2555
2549 2548 2553
2549 2553 2552
2556 2557 2558
2556 2558 2559
2556 2559 2560
2556 2560 2561
2556 2561 2557
2562 2563 2558
2562 2558 2557
2558 2563 2564
2564 2565 2559
2564 2559 2558
2559 2565 2566
2566 2567 2560
2566 2560 2559
2560 2567 2568
2568 2569 2561
2568 2561 2560
2561 2569 2570
2570 2571 2557
2570 2557 2561
2557 2571 2562
2572 2573 2563
2572 2563 2562
2573 2574 2564
2573 2564 2563
2574 2575 2565
2574 2565 2564
2575 2576 2566
2575 2566 2565
2576 2577 2567
2576 2567 2566
2577 2578 2568
2577 2568 2567
2578 2579 2569
2578 2569 2568
2579 2580 2570
2579 2570 2569
2580 2581 2571
2580 2571 2570
2581 2572 2562
2581 2562 2571
2582 2583 2584
2582 2585 2583
2582 2586 2585
2582 2587 2586
2582 2588 2587
2582 2589 2588
2582 2590 2589
2582 2591 2590
2592 2593 2594
2592 2594 2595
2593 2596 2597
2593 2597 2594
2598 2599 2600
2598 2600 2601
2599 2592 2595
2599 2595 2600
2602 2603 2604
2602 2605 2603
2602 2606 2605
2602 2607 2606
2602 2604 2607
2603 2608 2609
2603 2609 2604
2603 2610 2608
2605 2611 2610
2605 2610 2603
2605 2612 2611
2606 2613 2612
2606 2612 2605
2606 2614 2613
2607 2615 2614
2607 2614 2606
2607 2616 2615
2604 2617 2616
2604 2616 2607
2604 2609 2617
2608 2618 2619
2608 2619 2609
2610 2620 2618
2610 2618 2608
2611 2621 2620
2611 2620 2610
2612 2622 2621
2612 2621 2611
2613 2623 2622
2613 2622 2612
2614 2624 2623
2614 2623 2613
2615 2625 2624
2615 2624 2614
2616 2626 2625
2616 2625 2615
2617 2627 2626
2617 2626 2616
2609 2619 2627
2609 2627 2617
2628 2629 2630
2628 2630 2631
2628 2631 2632
2628 2632 2633
2628 2633 2634
2628 2634 2635
2628 2635 2636
2628 2636 2637
2638 2639 2640
2638 2640 2641
2642 2643 2644
2642 2644 2645
2646 2647 2648
2646 2648 2649
2650 2651 2652
2650 2652 2653
2654 2655 2656
2654 2656 2657
2658 2659 2660
2658 2660 2661
2662 2663 2664
2662 2665 2663
2662 2666 2665
2667 2668 2669
2667 2669 2670
2671 2669 2668
2672 2673 2669
2672 2669 2671
2674 2673 2672
2674 2675 2676
2674 2676 2673
2675 2677 2676
2678 2679 2680
2681 2682 2679
2681 2683 2682
2684 2685 2683
2684 2683 2681
2684 2686 2685
2687 2688 2684
2689 2681 2678
2689 2678 2690
2691 2684 2681
2691 2681 2689
2692 2687 2684
2692 2684 2691
2693 2694 2695
2693 2695 2696
2693 2696 2697
2693 2697 2698
2693 2698 2699
2693 2700 2701
2693 2701 2702
2693 2702 2694
2703 2704 2705
2705 2704 2706
2706 2704 2707
2707 2704 2708
2708 2704 2709
2710 2704 2711
2711 2704 2712
2712 2704 2703
2679 2713 2714
2679 2714 2680
2682 2715 2713
2682 2713 2679
2683 2716 2715
2683 2715 2682
2685 2717 2716
2685 2716 2683
2686 2718 2717
2686 2717 2685
2688 2719 2718
2688 2718 2686
2670 2669 2720
2670 2720 2721
2669 2673 2722
2669 2722 2720
2673 2676 2723
2673 2723 2722
2713 2668 2667
2713 2667 2714
2715 2671 2668
2715 2668 2713
2716 2672 2671
2716 2671 2715
2717 2674 2672
2717 2672 2716
2718 2675 2674
2718 2674 2717
2719 2677 2675
2719 2675 2718
2662 2664 2724
2662 2724 2725
2662 2725 2666
2670 2726 2667
2727 2728 2726
2727 2726 2670
2729 2728 2727
2730 2729 2727
2730 2727 2731
2732 2730 2731
2733 2734 2732
2733 2732 2731
2680 2735 2736
2735 2737 2736
2737 2738 2739
2737 2739 2736
2738 2740 2739
2740 2741 2739
2741 2742 2743
2678 2736 2744
2678 2744 2690
2736 2739 2745
2736 2745 2744
2739 2743 2746
2739 2746 2745
2747 2748 2749
2747 2750 2748
2747 2751 2750
2747 2752 2751
2747 2753 2752
2747 2754 2755
2747 2756 2754
2747 2749 2756
2757 2758 2759
2758 2760 2759
2760 2761 2759
2761 2762 2759
2762 2763 2759
2764 2765 2759
2765 2766 2759
2766 2757 2759
2714 2767 2735
2714 2735 2680
2767 2768 2737
2767 2737 2735
2768 2769 2738
2768 2738 2737
2769 2770 2740
2769 2740 2738
2770 2771 2741
2770 2741 2740
2771 2772 2742
2771 2742 2741
2773 2727 2670
2773 2670 2721
2774 2731 2727
2774 2727 2773
2775 2733 2731
2775 2731 2774
2667 2726 2767
2667 2767 2714
2726 2728 2768
2726 2768 2767
2728 2729 2769
2728 2769 2768
2729 2730 2770
2729 2770 2769
2730 2732 2771
2730 2771 2770
2732 2734 2772
2732 2772 2771
2776 2777 2778
2776 2778 2779
2778 2777 2780
2778 2780 2781
2780 2782 2783
2780 2783 2781
2784 2785 2786
2784 2786 2787
2786 2785 2788
2786 2788 2789
2789 2788 2776
2789 2776 2779
2790 2791 2792
2790 2792 2793
2794 2790 2793
2794 2793 2795
2796 2794 2795
2795 2797 2796
2798 2799 2800
2798 2800 2801
2802 2798 2801
2802 2801 2803
2791 2802 2803
2803 2792 2791
2804 2805 2806
2804 2806 2807
2808 2805 2804
2808 2804 2809
2810 2811 2812
2810 2812 2813
2807 2806 2811
2807 2811 2810
2814 2815 2816
2817 2818 2819
2819 2820 2821
2821 2822 2814
2823 2824 2825
2823 2825 2826
2823 2827 2824
2828 2824 2827
2827 2829 2828
2830 2831 2832
2830 2832 2833
2830 2834 2831
2825 2831 2834
2834 2826 2825
2835 2836 2837
2835 2837 2838
2838 2839 2835
2839 2838 2840
2840 2841 2839
2842 2843 2844
2842 2844 2845
2845 2846 2842
2846 2845 2837
2837 2836 2846
2847 2848 2849
2850 2851 2848
2850 2848 2847
2850 2852 2851
2853 2854 2855
2855 2856 2853
2857 2858 2856
2857 2856 2855
2857 2849 2858
2849 2857 2847
2859 2860 2861
2861 2860 2862
2862 2860 2863
2863 2860 2864
2864 2860 2865
2865 2860 2859
2866 2867 2868
2866 2868 2869
2869 2868 2870
2869 2870 2871
2872 2873 2874
2872 2874 2875
2872 2876 2877
2872 2877 2873
2866 2878 2877
2866 2877 2867
2879 2880 2881
2879 2881 2882
2883 2884 2882
2883 2882 2881
2885 2886 2887
2885 2887 2888
2889 2890 2891
2889 2891 2892
2893 2889 2892
2893 2892 2894
2895 2896 2897
2895 2897 2898
2899 2900 2896
2899 2896 2895
2901 2902 2903
2901 2903 2904
2905 2901 2904
2905 2904 2906
2907 2905 2906
2907 2906 2897
2908 2909 2910
2908 2910 2911
2909 2908 2912
2909 2912 2913
2914 2915 2916
2914 2916 2917
2918 2917 2916
2918 2916 2919
2910 2918 2919
2910 2919 2911
2920 2921 2922
2920 2922 2923
2924 2925 2926
2924 2926 2927
2928 2929 2930
2928 2930 2931
2932 2928 2931
2932 2931 2933
2923 2922 2934
2923 2934 2935
2936 2937 2938
2936 2938 2939
2940 2939 2938
2940 2938 2941
2942 2943 2944
2942 2944 2945
2946 2942 2945
2946 2945 2947
2946 2947 2937
2946 2937 2936
2925 2948 2949
2925 2949 2950
2925 2924 2951
2925 2951 2948
2929 2928 2952
2929 2952 2953
2928 2932 2954
2928 2954 2952
2950 2949 2954
2950 2954 2932
2955 2956 2957
2955 2957 2958
2959 2958 2957
2959 2957 2960
2961 2962 2963
2961 2963 2964
2965 2961 2964
2965 2964 2966
2965 2966 2956
2965 2956 2955
2909 2967 2968
2909 2968 2910
2967 2909 2913
2967 2913 2969
2970 2914 2917
2970 2917 2971
2917 2918 2972
2917 2972 2971
2973 2876 2974
2973 2974 2975
2936 2939 2976
2936 2976 2977
2939 2940 2978
2939 2978 2976
2942 2979 2980
2942 2980 2943
2942 2946 2981
2942 2981 2979
2936 2977 2981
2936 2981 2946
2982 2983 2984
2985 2986 2987
2985 2987 2988
2989 2990 2991
2992 2984 2993
2994 2995 2996
2997 2998 2999
2997 2999 3000
3000 2999 2988
3000 2988 2987
3001 3002 2983
3001 2983 2982
3003 3004 3002
3003 3002 3001
3005 3006 3007
3005 3007 3008
3009 3010 3011
3009 3011 3012
2998 2997 2991
2998 2991 2990
3013 3014 3015
3014 3016 3017
3014 3017 3018
3019 3020 3021
3019 3021 3022
3023 3024 3025
3023 3025 3026
2985 3023 3026
2985 3026 2986
3024 3027 3028
3024 3028 3025
3029 3030 3031
3029 3031 3032
3010 3033 3034
3010 3009 3033
3010 3034 3035
3010 3035 3036
3032 3031 3021
3032 3021 3020
3012 3011 3037
3012 3037 3038
3037 3011 3039
3040 3041 3042
3043 3011 3044
3042 3045 3040
3039 3011 3043
3042 3041 3046
3044 3011 3047
3045 3048 3049
3042 3048 3045
3015 3018 3050
3050 3018 3051
3050 3048 3042
3050 3042 3015
2982 2984 2992
3013 3015 3052
3052 3015 3053
3015 3014 3018
3054 3055 3056
3057 3058 3059
3057 3059 3060
3061 3062 3063
3064 3065 3055
3066 3067 3068
3069 3070 3071
3069 3071 3072
3058 3069 3072
3058 3072 3059
3073 3054 3056
3073 3056 3074
3075 3073 3074
3075 3074 3076
3077 3078 3079
3077 3079 3080
3081 3082 3083
3081 3083 3084
3070 3063 3062
3070 3062 3071
3085 3086 3087
3087 3088 3089
3087 3089 3090
3091 3092 3093
3091 3093 3094
3095 3096 3097
3095 3097 3098
3096 3095 3057
3096 3057 3060
3099 3100 3098
3099 3098 3097
3101 3102 3103
3101 3103 3104
3082 3105 3106
3082 3106 3083
3082 3107 3105
3082 3108 3107
3102 3094 3093
3102 3093 3103
3084 3109 3081
3084 3110 3109
3081 3109 3111
3081 3112 3113
3114 3115 3116
3111 3112 3081
3114 3117 3118
3113 3119 3081
3116 3120 3121
3114 3116 3121
3086 3122 3088
3122 3123 3088
3122 3086 3114
3122 3114 3121
3054 3064 3055
3085 3124 3086
3124 3125 3086
3086 3088 3087
3126 3127 3128
3129 3130 3131
3129 3131 3132
3127 3133 3134
3127 3134 3128
3135 3136 3134
3135 3134 3133
3137 3138 3139
3137 3139 3140
3141 3142 3143
3141 3143 3144
3145 3146 3147
3145 3147 3148
3149 3150 3151
3149 3151 3152
3150 3149 3153
3150 3153 3154
3154 3153 3155
3154 3155 3156
3156 3155 3157
3156 3157 3158
3159 3160 3161
3159 3161 3162
3160 3159 3163
3160 3163 3164
3165 3164 3163
3165 3163 3166
3166 3167 3168
3166 3168 3165
3169 3170 3171
3169 3171 3172
3173 3146 3145
3173 3145 3174
3167 3175 3176
3167 3176 3168
3177 3178 3171
3177 3171 3170
3175 3179 3180
3175 3180 3176
3177 3181 3182
3177 3182 3178
3142 3141 3183
3184 3185 3186
3184 3186 3187
3132 3131 3186
3132 3186 3185
3188 3189 3148
3188 3148 3151
3190 3191 3150
3190 3150 3154
3192 3190 3154
3192 3154 3156
3193 3192 3156
3193 3156 3158
3194 3161 3160
3194 3160 3195
3143 3196 3144
3183 3197 3198
3183 3198 3142
3199 3200 3201
3202 3168 3176
3202 3176 3203
3203 3176 3180
3203 3180 3204
3205 3206 3207
3205 3207 3208
3209 3210 3201
3209 3201 3200
3211 3210 3209
3211 3209 3212
3213 3214 3215
3213 3215 3216
3217 3198 3218
3217 3218 3219
3220 3221 3222
3220 3222 3189
3188 3191 3223
3188 3223 3224
3225 3223 3191
3225 3191 3190
3190 3192 3226
3190 3226 3225
3192 3193 3227
3192 3227 3226
3228 3229 3194
3228 3194 3195
3195 3230 3231
3195 3231 3228
3232 3233 3231
3232 3231 3230
3233 3232 3202
3233 3202 3234
3235 3236 3237
3235 3237 3238
3222 3221 3239
3222 3239 3240
3203 3241 3234
3203 3234 3202
3242 3236 3235
3242 3235 3243
3204 3244 3241
3204 3241 3203
3245 3246 3242
3245 3242 3243
3198 3197 3218
3247 3248 3249
3247 3249 3250
3247 3205 3208
3247 3208 3248
3251 3252 3253
3251 3253 3254
3148 3189 3222
3148 3222 3145
3255 3256 3257
3255 3257 3258
3259 3260 3261
3259 3261 3262
3169 3237 3236
3169 3236 3170
3240 3237 3169
3240 3169 3174
3236 3242 3177
3236 3177 3170
3242 3246 3181
3242 3181 3177
3217 3263 3196
3217 3196 3143
3217 3219 3263
3264 3265 3266
3264 3266 3267
3268 3269 3270
3268 3270 3271
3272 3273 3274
3272 3274 3275
3276 3277 3278
3276 3278 3279
3280 3281 3282
3280 3282 3283
3284 3285 3286
3284 3286 3287
3264 3284 3287
3264 3287 3265
3130 3129 3127
3130 3127 3126
3172 3173 3174
3172 3174 3169
3206 3199 3201
3206 3201 3207
3238 3237 3240
3238 3240 3239
3262 3261 3256
3262 3256 3255
3145 3222 3240
3145 3240 3174
3277 3276 3272
3277 3272 3275
3139 3136 3135
3139 3135 3140
3148 3147 3152
3148 3152 3151
3162 3161 3158
3162 3158 3157
3150 3191 3188
3150 3188 3151
3193 3158 3161
3193 3161 3194
3215 3214 3211
3215 3211 3212
3189 3188 3224
3189 3224 3220
3193 3194 3229
3193 3229 3227
3288 3289 3290
3288 3290 3291
3292 3293 3294
3292 3295 3296
3292 3296 3293
3297 3296 3295
3297 3298 3299
3297 3299 3296
3300 3299 3298
3300 3301 3291
3300 3291 3299
3288 3291 3301
3291 3290 3302
3291 3302 3303
3293 3304 3305
3293 3296 3306
3293 3306 3304
3296 3307 3306
3296 3299 3308
3296 3308 3307
3299 3309 3308
3299 3291 3310
3299 3310 3309
3291 3303 3310
3311 3312 3313
3314 3315 3316
3317 3318 3319
3319 3318 3320
3321 3320 3322
3322 3320 3323
3324 3325 3326
3327 3290 3289
3294 3293 3328
3294 3328 3329
3329 3328 3330
3329 3330 3331
3330 3332 3333
3330 3333 3331
3332 3334 3335
3332 3335 3333
3334 3336 3337
3334 3337 3335
3337 3336 3338
3336 3290 3327
3336 3327 3338
3339 3328 3293
3340 3334 3332
3302 3290 3341
3305 3342 3339
3305 3339 3293
3343 3334 3340
3343 3340 3344
3345 3336 3334
3345 3334 3343
3346 3336 3345
3346 3341 3290
3346 3290 3336
3347 3348 3349
3347 3349 3350
3350 3351 3352
3350 3352 3353
3354 3355 3356
3325 3324 3357
3358 3359 3360
3358 3360 3361
3359 3362 3363
3359 3363 3360
3364 3365 3366
3364 3366 3367
3364 3367 3368
3364 3368 3369
3370 3371 3372
3370 3372 3373
3374 3375 3376
3377 3378 3379
3377 3379 3380
3381 3382 3383
3381 3383 3384
3385 3386 3387
3385 3387 3388
3387 3389 3390
3387 3390 3388
3391 3392 3393
3391 3393 3394
3395 3396 3394
3395 3394 3393
3396 3395 3397
3396 3397 3398
3399 3400 3401
3402 3403 3404
3402 3404 3405
3406 3407 3408
3408 3409 3410
3408 3410 3406
3411 3412 3413
3411 3413 3414
3411 3415 3416
3411 3416 3412
3374 3417 3418
3387 3386 3419
3387 3419 3420
3420 3421 3389
3420 3389 3387
3379 3393 3392
3379 3392 3422
3378 3395 3393
3378 3393 3379
3423 3397 3395
3423 3395 3378
3424 3425 3426
3424 3426 3427
3428 3377 3403
3377 3380 3429
3380 3430 3431
3380 3431 3429
3432 3433 3434
3432 3434 3435
3378 3377 3428
3378 3428 3423
3379 3422 3430
3379 3430 3380
3436 3437 3438
3436 3438 3439
3419 3440 3436
3419 3436 3420
3383 3382 3418
3397 3423 3441
3397 3441 3399
3442 3441 3423
3442 3423 3428
3399 3401 3398
3399 3398 3397
3386 3385 3384
3386 3384 3383
3383 3417 3419
3383 3419 3386
3376 3440 3419
3376 3419 3417
3415 3443 3444
3415 3444 3416
3392 3391 3390
3392 3390 3389
3389 3421 3422
3389 3422 3392
3439 3430 3422
3439 3422 3421
3409 3414 3413
3409 3413 3410
3445 3446 3447
3445 3447 3448
3449 3450 3451
3449 3451 3452
3453 3449 3452
3453 3452 3454
3455 3456 3453
3455 3453 3454
3457 3458 3456
3457 3456 3455
3459 3460 3458
3459 3458 3457
3446 3445 3460
3446 3460 3459
3448 3447 3461
3450 3462 3463
3450 3463 3451
3464 3465 3463
3464 3463 3462
3464 3466 3467
3464 3467 3465
3466 3468 3469
3466 3469 3467
3468 3470 3471
3468 3471 3469
3471 3470 3472
3471 3472 3473
3474 3475 3473
3474 3473 3472
3476 3477 3478
3476 3478 3479
3480 3481 3482
3480 3482 3483
3479 3478 3484
3479 3484 3400
3485 3486 3487
3485 3487 3475
3480 3483 3425
3480 3425 3424
3400 3399 3488
3489 3490 3371
3489 3371 3370
3353 3355 3354
3353 3352 3355
3373 3372 3491
3373 3491 3492
3356 3312 3354
3313 3312 3356
3362 3492 3491
3362 3491 3363
3311 3323 3312
3322 3323 3311
3319 3320 3321
3493 3358 3361
3493 3361 3494
3316 3315 3317
3317 3315 3318
3365 3493 3494
3365 3494 3366
3324 3326 3314
3314 3326 3315
3325 3348 3347
3325 3357 3348
3369 3368 3490
3369 3490 3489
3350 3349 3351
3495 3496 3497
3497 3496 3498
3498 3496 3499
3499 3496 3500
3500 3496 3501
3501 3496 3502
3502 3496 3503
3503 3496 3504
3504 3496 3505
3429 3404 3403
3485 3475 3474
3476 3432 3435
3476 3435 3477
3506 3441 3442
3506 3442 3507
3508 3509 3510
3508 3510 3511
3476 3488 3432
3506 3433 3441
3439 3421 3420
3439 3420 3436
3440 3512 3437
3440 3437 3436
3513 3512 3440
3513 3440 3376
3438 3431 3430
3438 3430 3439
3377 3429 3403
3374 3376 3417
3514 3513 3376
3514 3376 3375
3418 3417 3383
3515 3444 3443
3515 3443 3516
3517 3506 3507
3517 3507 3518
3517 3434 3433
3517 3433 3506
3485 3511 3510
3485 3510 3519
3488 3433 3432
3486 3485 3519
3475 3487 3520
3521 3427 3507
3521 3507 3442
3402 3405 3522
3402 3522 3523
3524 3525 3526
3524 3526 3527
3528 3524 3527
3528 3527 3529
3402 3523 3530
3402 3530 3403
3530 3428 3403
3530 3442 3428
3480 3521 3481
3521 3442 3530
3400 3488 3479
3479 3488 3476
3531 3532 3533
3534 3532 3531
3475 3532 3534
3427 3426 3518
3427 3518 3507
3427 3521 3480
3427 3480 3424
3475 3520 3532
3441 3433 3488
3441 3488 3399
3535 3536 3537
3535 3537 3538
3539 3540 3541
3542 3543 3539
3542 3539 3541
3544 3543 3542
3545 3546 3544
3545 3544 3542
3547 3546 3545
3538 3548 3547
3538 3547 3545
3537 3548 3538
3549 3535 3538
3549 3538 3550
3541 3551 3552
3553 3542 3541
3553 3541 3552
3542 3553 3554
3555 3545 3542
3555 3542 3554
3545 3555 3556
3557 3538 3545
3557 3545 3556
3538 3557 3550
3558 3559 3560
3561 3562 3563
3564 3565 3566
3565 3567 3566
3568 3569 3567
3569 3570 3567
3571 3572 3573
3535 3574 3536
3575 3541 3540
3575 3540 3576
3577 3575 3576
3577 3576 3578
3577 3578 3579
3577 3579 3580
3580 3579 3581
3580 3581 3582
3582 3581 3583
3582 3583 3584
3584 3583 3585
3574 3535 3584
3574 3584 3585
3586 3541 3575
3587 3580 3582
3549 3588 3535
3586 3589 3551
3586 3551 3541
3590 3591 3587
3590 3587 3582
3592 3590 3582
3592 3582 3584
3593 3592 3584
3535 3588 3593
3535 3593 3584
3594 3595 3596
3594 3597 3595
3597 3598 3599
3597 3600 3598
3601 3602 3603
3573 3604 3571
3605 3606 3607
3605 3607 3608
3609 3610 3606
3609 3606 3605
3611 3612 3613
3611 3613 3614
3613 3615 3616
3613 3616 3614
3617 3618 3619
3617 3619 3620
3621 3622 3623
3624 3625 3626
3624 3626 3627
3628 3629 3630
3628 3630 3631
3632 3633 3634
3632 3634 3635
3636 3637 3632
3636 3632 3635
3638 3639 3640
3638 3640 3641
3642 3638 3641
3642 3641 3643
3644 3642 3643
3644 3643 3645
3646 3647 3648
3649 3650 3651
3649 3651 3652
3653 3654 3655
3656 3657 3654
3656 3654 3653
3658 3659 3660
3658 3660 3661
3658 3661 3662
3658 3662 3663
3621 3664 3665
3632 3666 3667
3632 3667 3633
3637 3668 3666
3637 3666 3632
3624 3669 3639
3624 3639 3638
3625 3624 3638
3625 3638 3642
3670 3625 3642
3670 3642 3644
3671 3672 3673
3671 3673 3674
3675 3652 3626
3626 3676 3627
3677 3678 3627
3677 3627 3676
3679 3680 3681
3679 3681 3682
3675 3626 3625
3675 3625 3670
3678 3669 3624
3678 3624 3627
3683 3684 3685
3683 3685 3686
3683 3687 3667
3683 3667 3666
3629 3628 3664
3644 3646 3688
3644 3688 3670
3689 3675 3670
3689 3670 3688
3645 3647 3646
3645 3646 3644
3633 3628 3631
3633 3631 3634
3628 3633 3667
3628 3667 3665
3667 3687 3622
3667 3622 3665
3690 3691 3663
3690 3663 3662
3639 3637 3636
3639 3636 3640
3637 3639 3669
3637 3669 3668
3669 3678 3684
3669 3684 3668
3660 3659 3657
3660 3657 3656
3692 3693 3694
3692 3694 3695
3696 3697 3698
3696 3698 3699
3700 3701 3697
3700 3697 3696
3700 3702 3703
3700 3703 3701
3702 3704 3705
3702 3705 3703
3704 3706 3707
3704 3707 3705
3706 3692 3695
3706 3695 3707
3693 3708 3694
3709 3710 3699
3709 3699 3698
3711 3710 3709
3711 3709 3712
3711 3712 3713
3711 3713 3714
3714 3713 3715
3714 3715 3716
3717 3718 3716
3717 3716 3715
3719 3718 3717
3719 3717 3720
3721 3719 3720
3721 3720 3722
3723 3724 3725
3723 3725 3726
3727 3728 3729
3727 3729 3730
3724 3648 3731
3724 3731 3725
3732 3733 3734
3732 3734 3722
3729 3671 3674
3729 3674 3730
3648 3735 3646
3736 3617 3620
3736 3620 3737
3600 3601 3603
3600 3603 3598
3618 3738 3739
3618 3739 3619
3602 3601 3560
3559 3602 3560
3739 3738 3610
3739 3610 3609
3558 3560 3570
3569 3558 3570
3565 3568 3567
3608 3607 3740
3608 3740 3741
3562 3564 3563
3564 3566 3563
3741 3740 3612
3741 3612 3611
3571 3561 3572
3561 3563 3572
3573 3594 3596
3573 3596 3604
3615 3736 3737
3615 3737 3616
3597 3599 3595
3742 3743 3744
3743 3745 3744
3745 3746 3744
3746 3747 3744
3747 3748 3744
3748 3749 3744
3749 3750 3744
3750 3751 3744
3751 3752 3744
3676 3652 3651
3734 3721 3722
3680 3679 3723
3680 3723 3726
3689 3688 3753
3689 3753 3754
3755 3756 3757
3755 3757 3758
3723 3679 3735
3753 3688 3682
3666 3668 3684
3666 3684 3683
3686 3759 3687
3686 3687 3683
3687 3759 3760
3687 3760 3622
3685 3684 3678
3685 3678 3677
3626 3652 3676
3621 3665 3622
3761 3623 3622
3761 3622 3760
3664 3628 3665
3762 3763 3691
3762 3691 3690
3764 3765 3754
3764 3754 3753
3682 3681 3764
3682 3764 3753
3757 3756 3734
3757 3734 3766
3735 3679 3682
3733 3766 3734
3722 3767 3732
3754 3672 3768
3754 3768 3689
3649 3769 3770
3649 3770 3650
3771 3772 3773
3771 3773 3774
3775 3776 3772
3775 3772 3771
3649 3652 3777
3649 3777 3769
3777 3652 3675
3777 3675 3689
3729 3728 3768
3768 3777 3689
3648 3724 3735
3724 3723 3735
3778 3779 3780
3781 3778 3780
3722 3781 3780
3672 3754 3765
3672 3765 3673
3672 3671 3729
3672 3729 3768
3722 3780 3767
3688 3735 3682
3688 3646 3735
153 149 150
148 149 153
168 167 185
199 197 201
199 201 200
3401 3400 3484
3648 3647 3731
3782 764 3783
772 771 3784
767 3785 3786
3787 776 3788
1375 1377 1373
1539 1542 1540
1374 1373 1377
1538 1540 1607
1538 1607 1537
1453 1452 3789
1455 1454 3790
1341 1319 1342
1485 1507 1508
1489 1484 1487
1336 1333 1337
1503 1499 1501
2681 2679 2678
2680 2736 2678
2684 2688 2686
2739 2741 2743
146 148 144
196 197 198
3791 3792 3793
3794 3795 3796
3794 3796 3797
3797 3796 3798
3799 3800 3801
3799 3801 3802
3803 3804 3805
3803 3805 3806
3807 3808 3809
3807 3809 3810
3811 3812 3813
3811 3813 3814
3815 3811 3814
3815 3814 3816
3817 3818 3819
3817 3819 3820
3821 3800 3798
3822 3823 3824
3822 3824 3825
3823 3822 3806
3823 3806 3805
3826 3827 3828
3826 3828 3829
3810 3809 3828
3810 3828 3827
3813 3812 3808
3813 3808 3807
3819 3830 3820
3830 3831 3832
3831 3821 3832
3833 3834 3796
3833 3796 3795
3797 3835 3836
3797 3836 3794
3835 3797 3837
3835 3837 3838
3839 3840 3817
3839 3817 3834
3841 3842 3793
3843 3844 3845
3792 3846 3841
3843 3847 3844
3841 3846 3795
3841 3795 3794
3800 3799 3837
3800 3837 3798
3838 3837 3799
3836 3842 3841
3836 3841 3794
3795 3846 3844
3795 3844 3833
3796 3834 3820
3817 3840 3818
3792 3841 3793
3848 3849 3850
3851 3839 3834
3851 3834 3833
3851 3833 3844
3851 3844 3847
3852 3853 3854
3854 3853 3855
3855 3853 3856
3856 3853 3857
3857 3853 3858
3858 3853 3859
3859 3853 3860
3860 3853 3861
3861 3853 3862
3862 3853 3863
3864 3853 3865
3865 3853 3852
3801 3825 3824
3801 3824 3802
3803 3826 3829
3803 3829 3804
3818 3815 3816
3818 3816 3819
3845 3844 3846
3866 3867 3846
3866 3846 3792
3868 3869 3870
3868 3870 3871
3872 3873 3874
3872 3874 3875
3876 3877 3878
3879 3880 3878
3879 3878 3877
3881 3882 3883
3883 3884 3885
3886 3887 3888
3888 3889 3890
3891 3892 3893
3894 3895 3896
3897 3898 3899
3897 3899 3900
3898 3901 3902
3898 3902 3899
3902 3901 3876
3879 3882 3881
3879 3881 3880
3886 3903 3887
3888 3887 3889
3897 3900 3896
3897 3896 3895
3904 3905 3906
3904 3906 3907
3908 3904 3907
3908 3907 3909
3910 3908 3909
3910 3909 3911
3912 3910 3911
3912 3911 3913
3914 3912 3913
3914 3913 3915
3916 3914 3915
3916 3915 3917
3918 3916 3917
3918 3917 3919
3920 3918 3919
3920 3919 3921
3922 3920 3921
3922 3921 3923
3924 3922 3923
3924 3923 3925
3926 3924 3925
3926 3925 3927
3928 3926 3927
3928 3927 3929
3930 3928 3929
3930 3929 3931
3905 3930 3931
3905 3931 3906
3894 3932 3895
3894 3892 3932
3891 3889 3892
3876 3901 3877
3830 3832 3820
3832 3821 3798
3883 3882 3884
3885 3933 3934
3885 3884 3933
3934 3903 3886
3934 3933 3903
3890 3889 3891
3893 3892 3894
3935 3936 3937
3935 3938 3936
3939 3940 3936
3939 3936 3938
3940 3939 3941
3940 3941 3942
3941 3943 3942
3944 3945 3942
3944 3942 3943
3944 3946 3947
3944 3947 3945
3948 3949 3946
3948 3950 3949
3946 3949 3947
3951 3952 3950
3951 3950 3948
3953 3954 3952
3953 3952 3951
3955 3956 3954
3955 3954 3953
3957 3958 3959
3957 3959 3960
3850 3849 3961
3850 3961 3845
3792 3791 3866
3866 3962 3963
3866 3791 3962
3958 3957 3964
3958 3965 3956
3958 3956 3955
3869 3868 3966
3869 3966 3967
3873 3967 3966
3873 3966 3874
3968 3969 3970
3968 3970 3971
3972 3973 3974
3958 3964 3965
3975 3976 3977
3978 3971 3970
3846 3867 3979
3980 3846 3979
3850 3845 3846
3850 3846 3980
3843 3845 3961
3798 3796 3832
3796 3820 3832
3797 3798 3837
3820 3834 3817
3981 3982 3983
3984 3985 3986
3984 3986 3987
3985 3988 3986
3989 3990 3991
3989 3991 3992
3993 3994 3995
3993 3995 3996
3997 3998 3999
3997 3999 4000
4001 4002 4003
4001 4003 4004
4004 4003 4005
4004 4005 4006
4007 4008 4009
4007 4009 4010
4011 3988 3992
4012 4013 4014
4012 4014 4015
4015 3995 3994
4015 3994 4012
4016 4017 4018
4016 4018 4019
3998 4017 4016
3998 4016 3999
4001 3997 4000
4001 4000 4002
4007 4010 4020
4020 4021 4022
4022 4021 4011
4023 3987 3986
4023 3986 4024
3985 3984 4025
3985 4025 4026
4026 4027 4028
4026 4028 3985
4029 4024 4009
4029 4009 4030
4031 3982 4032
4033 4034 4035
3983 4031 4036
4033 4035 4037
3987 4036 4031
3987 4031 3984
3992 3988 4028
3992 4028 3989
4027 3989 4028
4025 3984 4031
4025 4031 4032
4035 4036 3987
4035 3987 4023
3986 4010 4024
4009 4008 4030
3983 3982 4031
4038 4039 4040
4041 4023 4024
4041 4024 4029
4041 4037 4035
4041 4035 4023
4042 4043 4044
4043 4045 4044
4045 4046 4044
4046 4047 4044
4047 4048 4044
4048 4049 4044
4049 4050 4044
4050 4051 4044
4051 4052 4044
4052 4053 4044
4054 4055 4044
4055 4042 4044
4014 4013 3991
4014 3991 3990
4019 4018 3993
4019 3993 3996
4006 4005 4008
4006 4008 4007
4034 4036 4035
4056 3983 4036
4056 4036 4057
4058 4059 4060
4058 4060 4061
4062 4063 4064
4062 4064 4065
4066 4067 4068
4069 4068 4067
4069 4067 4070
4071 4072 4073
4072 4074 4075
4076 4077 4078
4077 4079 4080
4081 4082 4083
4084 4085 4086
4087 4088 4089
4087 4089 4090
4090 4089 4091
4090 4091 4092
4091 4066 4092
4069 4070 4071
4069 4071 4073
4076 4078 4093
4077 4080 4078
4087 4086 4085
4087 4085 4088
4094 4095 4096
4094 4096 4097
4098 4099 4095
4098 4095 4094
4100 4101 4099
4100 4099 4098
4102 4103 4101
4102 4101 4100
4104 4105 4103
4104 4103 4102
4106 4107 4105
4106 4105 4104
4108 4109 4107
4108 4107 4106
4110 4111 4109
4110 4109 4108
4112 4113 4111
4112 4111 4110
4114 4115 4113
4114 4113 4112
4116 4117 4115
4116 4115 4114
4118 4119 4117
4118 4117 4116
4120 4121 4119
4120 4119 4118
4097 4096 4121
4097 4121 4120
4084 4086 4122
4084 4122 4083
4081 4083 4080
4066 4068 4092
4020 4010 4021
4021 3988 4011
4072 4075 4073
4074 4123 4124
4074 4124 4075
4123 4076 4093
4123 4093 4124
4079 4081 4080
4082 4084 4083
4125 4126 4127
4125 4127 4128
4129 4128 4127
4129 4127 4130
4130 4131 4132
4130 4132 4129
4132 4131 4133
4134 4133 4131
4134 4131 4135
4134 4135 4136
4134 4136 4137
4138 4137 4139
4138 4139 4140
4137 4136 4139
4141 4138 4140
4141 4140 4142
4143 4141 4142
4143 4142 4144
4145 4143 4144
4145 4144 4146
4147 4148 4149
4147 4149 4150
4039 4151 4040
4039 4034 4151
3983 4056 3981
4056 4152 4153
4056 4153 3981
4148 4154 4149
4148 4145 4146
4148 4146 4155
4061 4156 4157
4061 4157 4058
4065 4064 4157
4065 4157 4156
4158 4159 4160
4158 4160 4161
4162 4163 4164
4148 4155 4154
4165 4166 4167
4168 4160 4159
4036 4169 4057
4170 4169 4036
4036 4034 4039
4036 4039 4170
4033 4151 4034
3988 4021 3986
3986 4021 4010
3985 4028 3988
4010 4009 4024
1647 1682 1648
1682 1681 1685
1802 1767 1766
1802 1801 1767
3114 3118 3115
349 344 347
349 347 350
461 348 351
461 351 458
345 457 456
345 456 346
227 228 229
280 281 277
4171 379 4172
380 379 4171
229 228 230
223 224 225
275 274 416
372 375 4173
376 375 372
225 224 226
271 272 270
219 220 221
367 369 366
370 369 367
221 220 222
4174 4175 4176
4174 4176 4177
4178 4179 4180
4178 4180 4181
4175 4182 4183
4175 4183 4176
4179 4184 4185
4179 4185 4180
4182 4186 4187
4182 4187 4183
4184 4188 4189
4184 4189 4185
4186 4190 4191
4186 4191 4187
4188 4192 4193
4188 4193 4189
4190 4194 4195
4190 4195 4191
4192 1840 1839
4192 1839 4193
4194 1718 1720
4194 1720 4195
1838 1837 4196
4174 4177 4197
4178 4181 4198
4199 4200 4201
4199 4201 4202
4203 4204 4205
4203 4205 4206
4199 4202 4207
4203 4206 4208
4200 4209 4210
4200 4210 4201
4204 4211 4212
4204 4212 4205
4209 4213 4214
4209 4214 4210
4211 4215 4216
4211 4216 4212
4213 4217 4218
4213 4218 4214
4215 4219 4220
4215 4220 4216
4217 4221 4222
4217 4222 4218
4219 1765 1764
4219 1764 4220
4221 1644 1646
4221 1646 4222
1763 1762 4223
762 764 3782
767 762 3785
770 772 773
770 776 3787
2894 4224 4225
2894 4225 4226
4226 4225 4227
4226 4227 4228
4229 4230 4231
4229 4231 2891
4232 4231 2886
4232 2886 4233
4224 4232 4233
4224 4233 2879
4234 4235 4236
4234 4236 4237
4238 4239 4235
4238 4235 4234
4240 4241 4242
4240 4242 4243
4244 4241 4240
4244 4240 4245
4236 4244 4245
4236 4245 4237
4246 4247 4248
4246 4248 2926
4249 4248 2921
4249 2921 4250
4251 4252 4253
4251 4253 4254
4255 4251 4254
4255 4254 2934
2933 4255 4247
2933 4247 4246
4256 4257 4258
4256 4258 4259
4260 4257 4256
4260 4256 4261
4262 4263 4264
4262 4264 4265
4266 4262 4265
4266 4265 4267
4259 4258 4266
4259 4266 4267
4268 4269 4270
4268 4270 4271
4270 4272 4273
4270 4273 4271
4274 4275 4276
4274 4276 4277
4275 4278 4279
4275 4279 4276
4279 4278 4269
4279 4269 4268
4280 4281 4282
4280 4282 4283
4284 4281 4280
4284 4280 4285
4286 4287 4288
4286 4288 4289
4290 4286 4289
4290 4289 4291
4283 4282 4290
4283 4290 4291
2975 4292 4293
2975 4293 4294
4294 4293 4295
4294 4295 4296
4297 4298 4299
4297 4299 4300
4300 4299 4301
4300 4301 2974
4292 4301 2972
4292 2972 2968
4302 4303 4304
4302 4304 4305
4305 4304 4306
4305 4306 4307
4308 4309 4310
4308 4310 4311
4309 4312 4313
4309 4313 4310
4313 4312 4303
4313 4303 4302
4314 2868 2867
4314 2867 2973
4315 2870 2868
4315 2868 4314
4316 2874 2873
4316 2873 4317
4317 2873 2877
4317 2877 2878
2867 2877 2876
2867 2876 2973
4224 2879 2882
4224 2882 4225
4225 2882 2884
4225 2884 4227
4230 2887 2886
4230 2886 4231
2892 2891 4231
2892 4231 4232
2894 2892 4232
2894 4232 4224
2907 2897 2896
2907 2896 4318
4318 2896 2900
4318 2900 4319
2904 2903 4320
2904 4320 4321
2906 2904 4321
2906 4321 4322
2898 2897 2906
2898 2906 4322
4235 2908 2911
4235 2911 4236
4239 2912 2908
4239 2908 4235
4241 2916 2915
4241 2915 4242
2919 2916 4241
2919 4241 4244
2911 2919 4244
2911 4244 4236
4247 2922 2921
4247 2921 4248
2927 2926 4248
2927 4248 4249
2931 2930 4252
2931 4252 4251
2933 2931 4251
2933 4251 4255
4255 2934 2922
4255 2922 4247
4257 2938 2937
4257 2937 4258
2941 2938 4257
2941 4257 4260
2945 2944 4263
2945 4263 4262
2947 2945 4262
2947 4262 4266
4258 2937 2947
4258 2947 4266
4269 2949 2948
4269 2948 4270
2948 2951 4272
2948 4272 4270
2953 2952 4275
2953 4275 4274
2952 2954 4278
2952 4278 4275
4278 2954 2949
4278 2949 4269
4281 2957 2956
4281 2956 4282
2960 2957 4281
2960 4281 4284
2964 2963 4287
2964 4287 4286
2966 2964 4286
2966 4286 4290
4282 2956 2966
4282 2966 4290
4292 2968 2967
4292 2967 4293
4293 2967 2969
4293 2969 4295
4298 2970 2971
4298 2971 4299
4299 2971 2972
4299 2972 4301
2975 2974 4301
2975 4301 4292
4303 2977 2976
4303 2976 4304
2976 2978 4306
2976 4306 4304
4308 2980 2979
4308 2979 4309
2979 2981 4312
2979 4312 4309
4312 2981 2977
4312 2977 4303
2893 2894 4226
2893 4226 4323
4323 4226 4228
4323 4228 4324
4325 4229 2891
4325 2891 2890
4233 2886 2885
4233 2885 4326
2879 4233 4326
2879 4326 2880
4323 4234 4237
4323 4237 2893
4324 4238 4234
4324 4234 4323
2890 4240 4243
2890 4243 4325
4245 4240 2890
4245 2890 2889
4237 4245 2889
4237 2889 2893
2950 4246 2926
2950 2926 2925
4250 2921 2920
4250 2920 4327
4328 4254 4253
4328 4253 4329
2934 4254 4328
2934 4328 2935
2932 2933 4246
2932 4246 2950
2958 4256 4259
2958 4259 2955
4261 4256 2958
4261 2958 2959
4265 4264 2962
4265 2962 2961
4267 4265 2961
4267 2961 2965
2955 4259 4267
2955 4267 2965
4330 4268 4271
4330 4271 4331
4271 4273 4332
4271 4332 4331
4277 4276 4333
4277 4333 4334
4276 4279 4335
4276 4335 4333
4335 4279 4268
4335 4268 4330
4331 4280 4283
4331 4283 4330
4285 4280 4331
4285 4331 4332
4289 4288 4334
4289 4334 4333
4291 4289 4333
4291 4333 4335
4330 4283 4291
4330 4291 4335
2973 2975 4294
2973 4294 4314
4294 4296 4315
4294 4315 4314
2875 4297 4300
2875 4300 2872
2872 4300 2974
2872 2974 2876
2968 2972 2918
2968 2918 2910
2898 4302 4305
2898 4305 2895
2895 4305 4307
2895 4307 2899
4311 4310 4321
4311 4321 4320
4310 4313 4322
4310 4322 4321
4322 4313 4302
4322 4302 2898
