byte offset: 0
first index: 0
index count: 11964
topology: trianglelist
format: DXGI_FORMAT_R16_UINT

0 1 2
0 2 3
4 5 6
4 6 7
8 6 5
8 5 9
3 10 11
3 11 0
12 13 14
12 14 7
13 15 16
13 16 14
15 17 18
15 18 16
6 19 12
6 12 7
8 20 19
8 19 6
11 20 8
11 8 0
21 22 23
21 23 24
24 25 26
24 26 21
27 28 29
27 29 30
31 30 29
31 29 32
26 25 28
26 28 27
22 33 34
22 34 23
35 21 26
36 37 27
36 27 30
36 30 31
36 31 38
35 26 27
35 27 37
39 40 41
39 41 42
43 44 45
43 45 46
47 48 49
50 51 52
53 54 55
56 55 51
57 43 58
57 58 59
46 60 58
58 60 61
58 61 62
54 47 49
63 64 47
63 47 53
65 66 55
65 55 56
42 41 65
42 65 56
67 68 69
62 61 40
62 40 39
54 53 47
49 70 52
49 52 54
42 50 39
62 50 59
71 44 43
71 43 57
72 69 73
72 73 74
72 74 75
59 50 52
52 51 54
76 72 75
76 75 77
78 79 80
81 80 79
42 56 51
42 51 50
82 83 84
85 45 82
84 83 86
67 87 88
39 50 62
52 89 86
76 77 79
76 79 78
82 84 85
52 57 59
52 71 57
90 91 80
90 80 81
90 92 91
13 93 94
13 94 15
95 93 13
95 13 12
96 11 10
96 10 97
94 98 17
94 17 15
10 99 100
10 100 97
101 102 24
101 24 23
103 25 24
104 105 106
104 106 107
108 109 110
108 110 111
103 112 113
103 113 25
114 115 116
101 117 118
101 119 117
28 120 29
121 102 101
96 122 20
96 20 11
98 123 124
98 124 17
107 106 125
107 125 111
95 12 19
95 19 126
19 20 122
19 122 126
98 94 107
98 107 111
93 104 107
93 107 94
127 104 128
127 128 129
130 129 126
130 126 122
120 130 122
120 122 96
97 29 120
97 120 96
115 114 131
127 114 104
118 132 121
125 108 111
110 109 133
110 133 134
34 135 23
104 116 105
101 118 121
113 28 25
23 135 119
23 119 101
110 98 111
52 83 71
44 71 83
44 83 82
86 83 52
67 88 68
63 53 55
63 55 66
52 70 89
87 67 136
47 64 48
0 8 9
0 9 1
4 7 14
4 14 16
3 2 137
3 137 138
10 3 138
10 138 99
17 124 139
17 139 18
98 110 134
98 134 123
100 32 29
100 29 97
140 73 69
68 140 69
141 142 143
141 143 144
145 146 147
145 147 148
149 150 148
149 148 147
142 141 151
142 151 152
153 146 154
153 154 155
155 154 156
155 156 157
157 156 158
157 158 159
147 146 153
147 153 160
149 147 160
149 160 161
151 141 149
151 149 161
162 163 164
162 164 165
163 162 166
163 166 167
168 169 170
168 170 171
172 173 170
172 170 169
166 168 171
166 171 167
165 164 174
165 174 175
176 166 162
177 169 168
177 168 178
177 179 172
177 172 169
176 178 168
176 168 166
180 181 182
180 182 183
184 185 186
187 188 189
190 191 192
193 189 191
194 195 196
181 180 196
196 197 198
196 198 199
192 185 184
200 190 184
200 184 201
202 193 191
202 191 203
204 193 202
204 202 205
206 207 208
197 204 205
197 205 198
190 192 184
185 192 188
185 188 209
197 196 195
210 194 180
210 180 183
211 212 207
211 213 212
195 188 187
188 192 189
214 215 213
214 213 211
216 217 218
219 218 217
204 187 189
204 189 193
220 221 222
223 220 182
221 224 222
206 225 226
204 197 187
188 224 227
214 216 218
214 218 215
220 223 221
188 195 194
188 194 210
228 219 217
228 217 229
228 229 230
155 157 231
155 231 232
233 153 155
233 155 232
234 235 152
234 152 151
231 157 159
231 159 236
152 235 237
152 237 238
239 163 240
239 164 163
241 240 242
241 242 243
244 245 246
244 246 247
248 249 250
248 250 251
252 167 253
252 253 254
243 255 256
239 257 258
239 258 259
171 170 260
241 239 240
234 151 161
234 161 261
236 159 262
236 262 263
245 249 264
245 264 246
233 265 160
233 160 153
160 265 261
160 261 161
236 249 245
236 245 231
232 231 245
232 245 244
266 267 244
266 268 267
269 261 265
269 265 268
260 234 261
260 261 269
235 234 260
235 260 170
243 270 241
257 241 270
264 249 248
250 271 272
250 272 251
174 164 273
244 247 274
239 241 257
171 253 167
164 239 259
164 259 273
250 249 236
188 210 222
183 220 222
183 222 210
224 188 222
206 208 225
200 203 191
200 191 190
188 227 209
226 275 206
184 186 201
141 144 150
141 150 149
145 156 154
145 154 146
142 276 277
142 277 143
152 238 276
152 276 142
159 158 278
159 278 262
236 263 271
236 271 250
237 235 170
237 170 173
279 207 212
208 207 279
102 121 131
102 131 280
115 131 132
132 131 121
102 280 112
102 112 103
24 102 103
126 129 128
126 128 95
128 93 95
280 131 114
280 114 127
120 28 113
120 113 130
130 113 112
130 112 129
129 112 280
129 280 127
114 116 104
128 104 93
232 267 233
267 268 265
267 265 233
274 255 244
255 266 244
255 274 256
243 256 270
243 242 266
243 266 255
253 171 260
253 260 269
268 266 242
268 242 254
242 240 252
242 252 254
244 267 232
240 163 252
268 254 253
268 253 269
252 163 167
191 189 192
197 195 187
194 196 180
182 220 183
181 196 199
51 55 54
82 45 44
46 58 43
62 59 58
281 282 283
281 283 284
285 286 287
285 287 288
289 290 291
289 291 292
293 289 292
293 292 294
295 296 297
295 297 298
299 300 301
299 301 302
303 304 305
303 305 306
304 301 307
304 307 305
308 307 301
308 301 300
308 300 298
308 298 309
310 309 298
310 298 297
311 312 313
311 313 314
315 304 303
315 303 316
304 315 302
304 302 301
300 299 295
300 295 298
312 311 317
312 317 318
319 320 316
319 316 303
321 322 323
321 323 324
288 325 285
313 312 326
313 326 327
326 312 318
326 318 328
329 330 287
329 287 286
331 332 333
331 333 334
335 336 332
335 332 331
335 281 284
335 284 336
337 283 282
337 282 338
295 331 334
295 334 296
335 299 302
335 302 281
281 302 315
281 315 282
315 316 338
315 338 282
291 290 337
291 337 338
299 335 331
299 331 295
323 292 291
323 291 320
292 323 322
292 322 294
318 287 330
318 330 328
288 287 318
288 318 317
291 338 316
291 316 320
306 339 319
306 319 303
323 320 319
323 319 324
340 324 319
340 319 339
321 324 340
321 340 341
314 310 297
314 297 311
311 297 296
311 296 317
317 296 334
317 334 288
334 333 325
334 325 288
342 343 344
342 344 345
346 347 348
346 348 349
350 351 352
350 352 353
354 355 351
354 351 350
356 357 358
356 358 359
360 361 362
360 362 363
364 365 366
364 366 367
367 366 368
367 368 362
369 363 362
369 362 368
369 370 357
369 357 363
371 358 357
371 357 370
372 373 374
372 374 375
376 377 364
376 364 367
367 362 361
367 361 376
363 357 356
363 356 360
378 374 373
378 373 379
380 364 377
380 377 381
382 383 384
382 384 385
349 348 386
372 387 388
372 388 373
388 389 379
388 379 373
390 347 346
390 346 391
392 393 394
392 394 395
396 392 395
396 395 397
396 397 343
396 343 342
398 399 345
398 345 344
356 359 393
356 393 392
396 342 361
396 361 360
342 345 376
342 376 361
376 345 399
376 399 377
352 399 398
352 398 353
360 356 392
360 392 396
384 381 352
384 352 351
351 355 385
351 385 384
379 389 391
379 391 346
379 346 349
379 349 378
352 381 377
352 377 399
365 364 380
365 380 400
384 383 380
384 380 381
401 400 380
401 380 383
382 402 401
382 401 383
358 371 375
358 375 374
359 358 374
359 374 378
393 359 378
393 378 349
393 349 386
393 386 394
403 404 405
403 405 406
407 408 409
407 409 410
403 406 411
403 411 412
411 409 408
411 408 412
413 414 415
416 417 418
416 418 419
420 421 422
420 422 423
404 422 421
404 421 405
424 425 426
424 426 427
428 429 430
428 430 431
432 433 434
432 434 435
424 436 437
424 437 438
439 436 424
439 424 427
440 439 427
440 427 430
427 426 431
427 431 430
428 441 442
428 442 429
443 438 437
443 437 444
440 430 429
440 429 445
446 447 448
446 448 449
450 432 435
450 435 451
452 445 429
452 429 442
445 422 404
445 404 440
433 432 419
433 419 453
416 419 432
416 432 450
448 447 415
448 415 414
408 407 444
408 444 437
437 436 412
437 412 408
439 403 412
439 412 436
404 403 439
404 439 440
453 419 418
453 418 454
446 443 447
447 444 407
447 407 415
455 456 457
455 457 458
452 423 422
452 422 445
455 459 460
455 460 456
438 461 425
438 425 424
462 461 438
462 438 443
463 464 446
463 446 449
462 443 464
435 465 466
435 466 451
467 468 434
455 458 433
455 433 453
455 453 454
455 454 459
469 470 467
458 469 434
458 434 433
471 470 469
471 469 472
469 458 457
469 457 472
434 468 473
467 434 469
434 473 435
435 473 465
464 443 446
447 443 444
474 475 476
474 476 477
478 479 480
478 480 481
482 483 484
485 486 487
485 487 488
489 490 488
489 488 487
491 492 493
491 493 494
495 496 497
495 497 498
499 500 501
499 501 502
491 494 503
491 503 504
505 506 507
505 507 508
509 510 511
509 511 512
501 500 513
501 513 514
515 516 517
515 517 498
518 519 520
521 522 523
521 523 524
525 526 527
525 527 528
529 530 531
529 531 532
533 534 535
533 535 536
537 504 503
537 503 538
539 540 508
539 508 507
541 542 510
541 510 509
543 544 545
514 513 533
514 533 536
546 530 517
546 517 516
527 526 547
527 547 548
549 550 518
551 552 553
554 555 556
554 556 557
558 559 553
558 553 560
561 562 563
561 563 564
565 566 567
565 567 568
569 570 571
569 571 572
573 574 575
573 575 576
577 578 579
577 579 580
581 582 583
581 583 584
585 586 587
554 588 589
554 589 555
590 587 559
590 559 558
591 592 593
563 594 595
563 595 564
596 597 565
596 565 598
599 600 601
599 601 602
603 524 582
603 582 581
604 605 606
604 606 607
608 609 610
611 612 613
614 615 605
614 605 604
616 609 608
616 608 617
618 619 620
618 620 621
622 623 624
622 624 625
626 627 628
626 628 629
548 547 630
548 630 631
632 633 634
632 634 635
636 550 549
637 638 639
637 639 640
641 642 643
641 643 644
645 646 615
645 615 614
616 617 647
616 647 648
649 650 651
649 651 652
653 654 655
643 642 625
643 625 624
637 640 628
637 628 656
657 658 659
657 659 660
659 661 662
659 662 663
664 665 635
664 635 634
636 666 667
636 667 550
658 668 669
658 669 659
670 671 672
670 672 673
674 675 676
674 676 677
678 679 680
678 680 681
682 683 684
682 684 685
686 687 670
686 670 673
688 689 690
688 690 691
688 692 662
688 662 661
693 694 695
693 695 696
697 698 699
697 699 666
700 701 702
700 702 703
698 675 704
698 704 705
678 706 707
678 707 679
708 709 710
694 687 703
694 703 711
689 712 713
689 713 690
714 695 694
714 694 711
715 669 716
717 718 719
717 719 720
721 722 723
721 723 724
725 726 727
725 727 728
729 730 731
729 731 732
733 734 735
733 735 736
737 738 739
737 739 740
735 741 742
735 742 736
743 744 745
743 745 746
747 748 749
747 749 750
723 751 752
723 752 724
743 753 754
743 754 755
756 757 725
756 725 728
758 759 760
758 760 761
762 763 764
762 764 765
753 743 746
753 746 766
767 603 768
767 768 769
770 477 771
770 771 772
773 774 775
773 775 776
777 775 774
778 729 732
778 732 779
772 778 780
772 780 770
781 782 783
781 783 784
785 786 787
788 789 790
788 790 560
560 790 791
560 791 558
792 793 794
792 794 590
791 792 590
791 590 558
795 796 797
795 797 798
799 800 801
799 801 802
611 803 804
611 804 805
806 649 611
806 611 805
664 807 808
664 808 665
650 649 806
650 806 809
810 693 696
810 696 811
678 681 812
678 812 813
714 711 814
714 814 815
813 816 706
813 706 678
817 818 819
817 819 820
821 822 819
821 819 818
823 821 686
823 686 673
824 825 679
824 679 707
672 826 823
672 823 673
827 828 674
827 674 677
829 830 831
829 831 515
515 831 832
515 832 516
546 525 528
546 528 833
516 832 525
516 525 546
834 609 604
834 604 607
656 835 836
656 836 657
637 656 657
637 657 660
837 838 556
837 556 839
840 839 556
840 556 555
567 572 571
567 571 568
589 841 842
589 842 843
843 840 555
843 555 589
844 568 571
844 571 845
846 524 847
526 848 547
848 630 547
849 533 513
849 513 850
513 500 851
513 851 850
851 852 496
851 496 495
853 854 624
853 624 623
854 855 643
854 643 624
856 612 857
856 857 858
859 588 860
859 860 861
596 862 863
596 863 597
587 860 864
587 864 559
863 865 866
863 866 867
864 554 557
864 557 868
551 553 868
551 868 869
870 871 872
870 872 873
874 875 876
874 876 873
877 878 879
877 879 880
881 882 883
881 883 884
885 886 887
885 887 888
888 887 889
888 889 890
891 892 893
891 893 894
895 896 892
895 892 891
897 733 736
897 736 898
899 898 736
899 736 742
900 901 902
900 902 903
904 905 759
904 759 758
762 906 907
762 907 763
908 900 903
908 903 909
910 911 717
910 717 720
912 913 914
912 914 915
728 727 916
728 916 917
918 919 747
918 747 750
913 724 752
913 752 920
728 917 921
728 921 756
922 923 579
922 579 924
779 732 925
779 925 926
927 713 712
927 712 928
929 930 872
929 872 871
875 931 932
875 932 876
565 597 933
565 933 566
844 598 565
844 565 568
934 935 557
588 859 936
495 498 517
495 517 937
529 937 517
529 517 530
627 835 656
627 656 628
640 938 629
640 629 628
726 725 903
726 903 902
725 757 909
725 909 903
938 640 639
938 639 939
940 795 501
940 501 514
514 536 800
514 800 940
562 866 865
562 865 563
941 594 563
941 563 865
625 634 633
625 633 622
642 664 634
642 634 625
693 670 687
693 687 694
686 700 703
686 703 687
800 536 535
800 535 801
642 641 807
642 807 664
693 810 671
693 671 670
831 523 522
831 522 832
526 525 832
526 832 522
570 846 845
570 845 571
657 836 630
657 630 658
942 943 944
942 944 945
768 581 584
768 584 946
581 768 603
924 947 948
924 948 922
524 603 767
524 767 521
582 570 569
582 569 583
524 846 570
524 570 582
716 669 668
716 668 945
579 923 949
579 949 580
767 769 943
767 943 942
950 951 952
780 778 779
780 779 953
926 954 953
926 953 779
760 955 956
760 956 761
957 735 734
957 734 958
959 561 564
959 564 960
564 595 961
564 961 960
792 791 870
792 870 932
871 870 791
871 791 790
790 789 929
790 929 871
962 963 599
962 599 964
963 965 600
963 600 599
931 793 792
931 792 932
966 796 795
966 795 940
800 799 966
800 966 940
967 880 879
967 879 968
797 796 784
797 784 783
785 969 970
785 970 971
971 972 973
971 973 785
974 799 802
974 802 975
882 881 976
882 976 977
896 895 978
896 978 979
980 981 982
980 982 983
984 985 986
984 986 987
988 989 990
988 990 991
886 885 992
886 992 993
990 994 995
990 995 996
997 991 990
997 990 996
665 808 985
665 985 984
888 890 809
888 809 806
805 885 888
805 888 806
885 805 804
885 804 992
998 999 1000
998 1000 1001
1002 1003 1004
1002 1004 1005
881 884 1006
881 1006 1007
883 878 877
883 877 1008
544 1009 1010
544 1010 545
1011 1012 974
1011 974 975
1013 1014 889
1013 889 887
1013 887 886
1013 886 993
891 1015 978
891 978 895
894 893 1016
894 1016 1017
1018 1019 1020
1018 1020 1021
1015 891 894
1015 894 1017
1022 890 889
1022 889 1014
714 815 1018
714 1018 1021
816 813 892
816 892 896
812 893 892
812 892 813
684 811 696
684 696 685
1023 980 1024
1023 1024 1025
981 980 1023
981 1023 1026
569 572 1027
569 1027 1028
1027 572 567
1027 567 1029
566 1030 1029
566 1029 567
1031 867 866
1031 866 1032
1032 866 562
1032 562 1033
959 1034 1035
959 1035 561
574 1034 959
574 959 575
1035 1033 562
1035 562 561
1036 1037 1038
1036 1038 537
605 615 636
605 636 549
645 1039 1040
645 1040 646
933 1041 1030
933 1030 566
727 1042 1043
727 1043 916
1044 1042 727
1044 727 726
1045 902 901
1045 901 1046
1047 1046 901
1047 901 1048
1049 1050 1051
1049 1051 1052
1053 925 732
1053 732 731
897 898 719
897 719 718
907 723 722
907 722 899
748 751 906
748 906 905
904 749 748
904 748 905
1045 1044 726
1045 726 902
1001 1000 908
1001 908 1054
1055 1054 908
1055 908 909
1055 909 757
1055 757 1056
756 1057 1056
756 1056 757
1057 756 921
1057 921 1058
1059 1060 1061
702 814 711
702 711 703
1062 1063 705
1062 705 704
1064 824 1065
1064 1065 1066
707 706 1067
706 816 1068
706 1068 1069
896 979 1068
896 1068 816
1004 961 1070
1004 1070 1005
1070 961 595
1070 595 1071
595 594 1072
595 1072 1071
1073 1072 594
1073 594 941
1074 1075 862
1074 862 596
598 1076 1074
598 1074 596
1077 1076 598
1077 598 844
845 1078 1077
845 1077 844
1078 845 846
1078 846 1079
847 1080 1079
847 1079 846
1080 847 523
1080 523 1081
530 546 833
530 833 531
501 795 798
501 798 502
512 1082 967
512 967 968
1083 1082 512
1084 1085 506
1084 506 1086
506 505 1087
494 493 1088
494 1088 505
831 830 1081
831 1081 523
1060 1059 1089
1060 1089 716
944 1060 716
944 716 945
944 1090 1061
944 1061 1060
476 1090 943
476 769 768
476 768 477
768 946 771
768 771 477
538 540 1091
538 1091 1092
1093 1091 540
542 541 1094
1095 1096 541
1095 541 976
976 881 1007
976 1007 1095
660 659 663
660 663 1097
1098 1099 836
1098 836 835
627 1100 1098
627 1098 835
626 1101 1100
626 1100 627
853 1102 1101
853 1101 626
623 622 1103
623 1103 1104
633 1105 1103
633 1103 622
633 632 1106
633 1106 1105
619 1106 632
619 632 620
631 630 836
631 836 1099
648 647 1107
651 650 1108
1109 650 809
1109 809 1110
1110 809 890
1110 890 1022
1111 1112 1089
1111 1089 1113
1114 1115 1116
1114 1116 1117
699 698 705
699 705 1115
1118 1119 1120
1118 1120 691
893 812 1121
893 1121 1016
1122 1121 812
1122 812 681
681 680 1123
1124 680 1125
1124 1125 1126
677 676 1127
677 1127 1128
855 938 939
855 939 1129
1130 1131 1132
1130 1132 647
1130 647 617
1130 617 1133
652 1133 857
652 857 612
604 609 616
604 616 614
977 976 541
977 541 509
849 529 532
849 532 1134
539 1135 1136
539 1136 1137
1138 1135 539
1138 539 507
1085 1138 507
1085 507 506
540 538 503
540 503 508
503 494 505
503 505 508
515 498 497
515 497 829
934 556 838
934 557 556
560 552 788
553 552 560
612 611 649
612 649 652
585 590 794
585 587 590
589 936 841
588 936 589
721 720 719
721 719 722
763 742 741
763 741 764
763 907 899
763 899 742
912 910 720
912 720 721
898 899 722
898 722 719
482 1139 1140
482 1140 483
523 847 524
630 848 668
630 668 658
942 945 668
942 668 848
942 848 521
942 521 767
526 522 521
526 521 848
659 669 661
688 661 669
1112 715 716
1112 716 1089
751 748 747
751 747 752
765 760 759
765 759 762
762 759 905
762 905 906
920 919 1141
920 1141 1142
907 906 751
907 751 723
760 765 1143
760 1143 955
1144 764 741
1144 741 1145
1113 1089 1059
1113 1059 1146
1059 486 1146
1147 1148 1149
1150 1151 1152
1150 1152 1149
1153 1154 1139
1153 1139 1155
1156 1154 1153
1156 1153 1157
950 1157 1158
950 1158 951
1159 520 578
1159 578 577
518 520 491
518 491 504
1160 1161 1159
1160 1159 1162
1160 492 491
1160 491 1161
537 549 518
537 518 504
537 538 1092
537 1092 1036
606 605 1038
606 1038 1037
636 615 646
636 646 666
1163 1164 646
1163 646 1040
667 666 699
667 699 1165
699 1115 1114
699 1114 1165
1166 697 1164
1166 1164 1163
491 520 1161
537 1038 549
666 646 1164
874 873 872
874 872 930
870 873 876
870 876 932
884 883 1008
884 1008 1006
512 968 977
512 977 509
977 968 879
977 879 882
882 879 878
882 878 883
654 1167 1168
731 730 1169
731 1169 1170
1171 479 478
1171 478 1172
1053 731 1170
1053 1170 1173
1052 1051 1174
1052 1174 1175
1155 1176 1177
1155 1177 1178
1177 1176 1049
1177 1049 1052
578 520 519
578 519 1179
1145 741 735
1145 735 957
764 1144 1143
764 1143 765
1144 1145 1180
1144 1180 1181
958 1180 1145
958 1145 957
1181 1182 1143
1181 1143 1144
1183 1184 1185
1183 1185 1186
956 955 1143
956 1143 1182
479 1171 1169
479 1169 730
483 1140 1187
483 1187 1188
1189 583 569
1189 569 1028
1190 584 583
1190 583 1189
1190 1191 946
1190 946 584
924 579 578
924 578 1179
771 946 1191
771 1191 481
910 1175 1174
910 1174 911
913 912 721
913 721 724
916 1170 1169
916 1169 917
919 918 1192
919 1192 1141
914 913 920
914 920 1142
917 1169 1171
917 1171 921
1173 1170 916
1173 916 1043
1058 921 1171
1058 1171 1172
912 915 1175
912 1175 910
747 919 920
747 920 752
1157 1193 1194
1157 1194 1158
482 1176 1155
482 1155 1139
484 1195 1050
484 1050 1049
729 778 772
729 772 480
1177 915 914
1177 914 1178
915 1177 1052
915 1052 1175
1142 1196 1178
1142 1178 914
1117 1197 777
1117 777 1114
774 1165 1114
774 1114 777
667 773 951
667 951 550
550 951 1158
550 1158 519
1158 1194 1179
1158 1179 519
947 1194 1193
947 1193 1198
474 1199 1200
474 1200 475
474 770 1201
474 1201 1199
1202 1201 780
1202 780 953
475 1200 1203
475 1203 1204
1203 1205 1206
1203 1206 1204
479 730 729
479 729 480
1207 1202 953
1207 953 954
1208 1187 1209
1208 1209 1210
1211 1212 483
1211 483 1188
772 771 481
772 481 480
474 477 770
481 1191 1213
1090 476 475
1090 475 1204
1206 1061 1090
1206 1090 1204
487 486 1061
487 1061 1206
1205 489 487
1205 487 1206
1142 1141 1214
1142 1214 1196
1215 1198 1214
1215 1214 1216
1192 1216 1214
1192 1214 1141
1198 1193 1196
1198 1196 1214
770 780 1201
705 1063 1116
705 1116 1115
928 712 1112
928 1112 1111
712 689 715
712 715 1112
669 715 689
669 689 688
950 1156 1157
860 587 586
860 586 861
865 863 862
865 862 941
554 864 860
554 860 588
863 867 933
863 933 597
559 864 868
559 868 553
869 868 557
869 557 935
867 1031 1041
867 1041 933
941 862 1075
941 1075 1073
1217 1218 1219
776 775 1151
776 1151 1220
1221 1152 777
1146 486 485
1157 1153 1196
1157 1196 1193
1196 1153 1155
1196 1155 1178
1222 1156 950
1222 950 952
1208 1210 1219
1208 1219 1218
701 700 818
701 818 817
821 818 700
821 700 686
822 821 823
822 823 1223
824 1064 828
824 828 825
823 826 1224
823 1224 1223
1125 680 679
1125 679 825
824 707 1225
824 1225 1065
1126 1125 827
1126 827 1226
629 854 853
629 853 626
854 629 938
854 938 855
1227 858 857
1227 857 608
1102 853 623
1102 623 1104
855 1129 644
855 644 643
1130 651 1228
1130 1228 1131
652 651 1130
652 1130 1133
608 857 1133
608 1133 617
638 637 660
638 660 1097
1229 1039 645
1229 645 648
645 614 616
645 616 648
529 849 850
529 850 937
495 937 850
495 850 851
499 852 851
499 851 500
511 1085 1084
511 1084 1230
1134 534 533
1134 533 849
1136 1135 542
1136 542 1231
1135 1138 510
1135 510 542
511 510 1138
511 1138 1085
608 610 1227
610 609 834
648 1107 1229
1107 647 1132
651 1108 1228
1108 650 1109
611 613 803
613 612 856
681 1123 1122
1123 680 1124
707 1067 1225
1067 706 1069
1083 512 511
1083 511 1230
542 1094 1231
1094 541 1096
506 1087 1086
1087 505 1088
1093 540 539
1093 539 1137
843 842 1162
843 1162 1159
843 1159 577
843 577 840
580 839 840
580 840 577
580 949 837
580 837 839
666 1164 697
549 1038 605
1161 520 1159
1232 1233 820
1232 820 819
822 1234 1232
822 1232 819
1125 825 828
1125 828 827
1235 1064 1066
1235 1066 1236
1234 822 1223
1234 1223 1118
1064 1235 674
1064 674 828
1118 1223 1224
1118 1224 1119
1226 827 677
1226 677 1128
698 697 676
698 676 675
690 1234 1118
690 1118 691
674 1235 704
674 704 675
713 1232 1234
713 1234 690
927 1233 1232
927 1232 713
1235 1236 1062
1235 1062 704
692 688 691
692 691 1120
1127 676 697
1127 697 1166
1194 947 924
1194 924 1179
481 1213 478
1198 1215 948
1198 948 947
476 943 769
943 1090 944
1049 1176 482
1049 482 484
484 1212 1195
518 550 519
1154 1209 1140
1154 1140 1139
1210 1209 1154
1210 1154 1156
1219 1210 1156
1219 1156 1222
1219 1222 1220
1219 1220 1217
1209 1187 1140
484 483 1212
1197 1221 777
776 952 951
776 951 773
1165 774 773
1165 773 667
1150 1148 1218
1150 1218 1217
952 776 1220
952 1220 1222
1217 1220 1151
1217 1151 1150
1221 1237 1149
1221 1149 1152
1147 1149 1237
1149 1148 1150
777 1152 775
775 1152 1151
1059 1061 486
1238 1239 1240
1238 1240 1241
1239 1242 1243
1239 1243 1240
1242 1244 1245
1242 1245 1243
1245 1244 999
1245 999 998
1246 1247 755
1246 755 754
740 1248 1249
576 1250 1251
576 1251 573
1251 1250 1003
1251 1003 1002
1252 1253 602
1252 602 601
1254 593 592
781 1255 1256
781 1256 782
1256 1255 1012
1256 1012 1011
787 786 1257
787 1257 1258
621 1259 1260
621 1260 618
1260 1259 987
1260 987 986
1261 1262 989
1261 989 988
1263 1264 983
1263 983 982
682 1265 1266
682 1266 683
1266 1265 1020
1266 1020 1019
407 410 413
407 413 415
599 1267 1268
599 1268 964
1267 1269 1270
1267 1270 1268
599 602 1267
1267 602 1253
1267 1253 1269
592 591 1271
1254 592 1272
592 1271 1273
544 543 1274
544 1274 1275
785 787 1276
785 1276 969
787 1258 1277
787 1277 1276
1278 1257 786
1278 786 1279
1279 786 785
1279 785 973
990 1280 1281
990 1281 994
1280 1282 1283
1280 1283 1281
990 989 1280
1280 989 1262
1280 1262 1282
654 653 1284
654 1168 655
654 1284 1285
980 1286 1287
980 1287 1024
1286 1288 1289
1286 1289 1287
980 983 1286
1286 983 1264
1286 1264 1288
1290 710 709
1290 709 1291
709 708 1292
709 1292 1293
743 1294 1295
743 1295 744
1294 1296 1297
1294 1297 1295
743 755 1294
1294 755 1247
1294 1247 1296
1298 1248 1299
1298 1299 1300
740 1249 737
1249 1248 1298
1301 1302 1303
1301 1303 1304
1305 1306 1307
1305 1307 1308
1301 1309 1310
1301 1310 1302
1310 1309 1308
1310 1308 1307
1311 1312 1313
1314 1315 1316
1314 1316 1317
1318 1319 1320
1318 1320 1321
1304 1303 1321
1304 1321 1320
1322 1323 1324
1322 1324 1325
1326 1327 1328
1326 1328 1329
1330 1331 1332
1330 1332 1333
1322 1334 1335
1322 1335 1336
1337 1323 1322
1337 1322 1336
1338 1328 1323
1338 1323 1337
1323 1328 1327
1323 1327 1324
1326 1329 1339
1326 1339 1340
1341 1342 1335
1341 1335 1334
1338 1343 1329
1338 1329 1328
1344 1345 1346
1344 1346 1347
1348 1349 1331
1348 1331 1330
1350 1339 1329
1350 1329 1343
1343 1338 1304
1343 1304 1320
1333 1351 1315
1333 1315 1330
1314 1348 1330
1314 1330 1315
1346 1313 1312
1346 1312 1347
1308 1335 1342
1308 1342 1305
1335 1308 1309
1335 1309 1336
1337 1336 1309
1337 1309 1301
1304 1338 1337
1304 1337 1301
1351 1352 1316
1351 1316 1315
1344 1347 1341
1347 1312 1305
1347 1305 1342
1353 1354 1355
1353 1355 1356
1350 1343 1320
1350 1320 1319
1353 1356 1357
1353 1357 1358
1334 1322 1325
1334 1325 1359
1360 1341 1334
1360 1334 1359
1361 1345 1344
1361 1344 1362
1360 1362 1341
1331 1349 1363
1331 1363 1364
1365 1332 1366
1353 1351 1333
1353 1333 1354
1353 1358 1352
1353 1352 1351
1367 1365 1368
1354 1333 1332
1354 1332 1367
1369 1370 1367
1369 1367 1368
1367 1370 1355
1367 1355 1354
1332 1371 1366
1365 1367 1332
1332 1331 1371
1331 1364 1371
1362 1344 1341
1347 1342 1341
1372 1373 1374
1372 1374 1375
1376 1377 1378
1376 1378 1379
1380 1381 1382
1383 1384 1385
1383 1385 1386
1387 1385 1384
1387 1384 1388
1389 1390 1391
1389 1391 1392
1393 1394 1395
1393 1395 1396
1397 1398 1399
1397 1399 1400
1389 1401 1402
1389 1402 1390
1403 1404 1405
1403 1405 1406
1407 1408 1409
1407 1409 1410
1399 1411 1412
1399 1412 1400
1413 1394 1414
1413 1414 1415
1416 1417 1418
1419 1420 1421
1419 1421 1422
1423 1424 1425
1423 1425 1426
1427 1428 1429
1427 1429 1430
1431 1432 1433
1431 1433 1434
1435 1436 1402
1435 1402 1401
1437 1405 1404
1437 1404 1438
1439 1407 1410
1439 1410 1440
1441 1442 1443
1411 1432 1431
1411 1431 1412
1444 1415 1414
1444 1414 1430
1425 1445 1446
1425 1446 1426
1447 1416 1448
1449 1450 1451
1452 1453 1454
1452 1454 1455
1456 1457 1450
1456 1450 1458
1459 1460 1461
1459 1461 1462
1463 1464 1465
1463 1465 1466
1467 1468 1469
1467 1469 1470
1471 1472 1473
1471 1473 1474
1475 1476 1477
1475 1477 1478
1479 1480 1481
1479 1481 1482
1483 1484 1485
1452 1455 1486
1452 1486 1487
1488 1456 1458
1488 1458 1484
1489 1490 1491
1461 1460 1492
1461 1492 1493
1494 1495 1463
1494 1463 1496
1497 1498 1499
1497 1499 1500
1501 1479 1482
1501 1482 1420
1502 1503 1504
1502 1504 1505
1506 1507 1508
1509 1510 1511
1512 1502 1505
1512 1505 1513
1514 1515 1506
1514 1506 1508
1516 1517 1518
1516 1518 1519
1520 1521 1522
1520 1522 1523
1524 1525 1526
1524 1526 1527
1445 1528 1529
1445 1529 1446
1530 1531 1532
1530 1532 1533
1534 1447 1448
1535 1536 1537
1535 1537 1538
1539 1540 1541
1539 1541 1542
1543 1512 1513
1543 1513 1544
1514 1545 1546
1514 1546 1515
1547 1548 1549
1547 1549 1550
1551 1552 1553
1541 1522 1521
1541 1521 1542
1535 1554 1526
1535 1526 1536
1555 1556 1557
1555 1557 1558
1557 1559 1560
1557 1560 1561
1562 1532 1531
1562 1531 1563
1534 1448 1564
1534 1564 1565
1558 1557 1566
1558 1566 1567
1568 1569 1570
1568 1570 1571
1572 1573 1574
1572 1574 1575
1576 1577 1578
1576 1578 1579
1580 1581 1582
1580 1582 1583
1584 1569 1568
1584 1568 1585
1586 1587 1588
1586 1588 1589
1586 1561 1560
1586 1560 1590
1591 1592 1593
1591 1593 1594
1595 1565 1596
1595 1596 1597
1598 1599 1600
1598 1600 1601
1597 1602 1603
1597 1603 1575
1576 1579 1604
1576 1604 1605
1606 1607 1608
1594 1609 1599
1594 1599 1585
1589 1588 1610
1589 1610 1611
1612 1609 1594
1612 1594 1593
1613 1614 1566
1615 1616 1617
1615 1617 1618
1619 1620 1621
1619 1621 1622
1623 1624 1625
1623 1625 1626
1627 1628 1629
1627 1629 1630
1631 1632 1633
1631 1633 1634
1635 1636 1637
1635 1637 1638
1633 1632 1639
1633 1639 1640
1641 1642 1643
1641 1643 1644
1645 1646 1647
1645 1647 1648
1621 1620 1649
1621 1649 1650
1641 1651 1652
1641 1652 1653
1654 1624 1623
1654 1623 1655
1656 1657 1658
1656 1658 1659
1660 1661 1662
1660 1662 1663
1653 1664 1642
1653 1642 1641
1665 1666 1667
1665 1667 1501
1668 1669 1670
1668 1670 1373
1671 1672 1673
1671 1673 1674
1675 1674 1673
1676 1677 1628
1676 1628 1627
1669 1668 1678
1669 1678 1676
1679 1680 1681
1679 1681 1682
1683 1684 1685
1686 1457 1687
1686 1687 1688
1457 1456 1689
1457 1689 1687
1690 1488 1691
1690 1691 1692
1689 1456 1488
1689 1488 1690
1693 1694 1695
1693 1695 1696
1697 1698 1699
1697 1699 1700
1509 1701 1702
1509 1702 1703
1704 1701 1509
1704 1509 1547
1562 1563 1705
1562 1705 1706
1550 1707 1704
1550 1704 1547
1708 1709 1592
1708 1592 1591
1576 1710 1711
1576 1711 1577
1612 1712 1713
1612 1713 1609
1710 1576 1605
1710 1605 1714
1715 1716 1717
1715 1717 1718
1719 1718 1717
1719 1717 1720
1721 1569 1584
1721 1584 1719
1722 1604 1579
1722 1579 1723
1570 1569 1721
1570 1721 1724
1725 1573 1572
1725 1572 1726
1727 1413 1728
1727 1728 1729
1413 1415 1730
1413 1730 1728
1444 1731 1424
1444 1424 1423
1415 1444 1423
1415 1423 1730
1732 1503 1502
1732 1502 1508
1554 1555 1733
1554 1733 1734
1535 1556 1555
1535 1555 1554
1735 1736 1454
1735 1454 1737
1738 1455 1454
1738 1454 1736
1465 1464 1469
1465 1469 1468
1486 1739 1740
1486 1740 1741
1739 1486 1455
1739 1455 1738
1742 1743 1469
1742 1469 1464
1744 1745 1420
1426 1446 1746
1746 1446 1529
1747 1748 1412
1747 1412 1431
1412 1748 1749
1412 1749 1400
1749 1393 1396
1749 1396 1750
1751 1523 1522
1751 1522 1752
1752 1522 1541
1752 1541 1753
1754 1755 1756
1754 1756 1511
1757 1758 1759
1757 1759 1487
1494 1496 1760
1494 1760 1761
1484 1458 1762
1484 1762 1759
1760 1763 1764
1760 1764 1765
1762 1766 1453
1762 1453 1452
1449 1767 1766
1449 1766 1450
1768 1769 1770
1768 1770 1771
1772 1769 1773
1772 1773 1774
1775 1776 1777
1775 1777 1778
1779 1780 1781
1779 1781 1782
1783 1784 1785
1783 1785 1786
1784 1787 1788
1784 1788 1785
1789 1790 1791
1789 1791 1792
1793 1789 1792
1793 1792 1794
1795 1796 1632
1795 1632 1631
1797 1639 1632
1797 1632 1796
1798 1799 1800
1798 1800 1801
1802 1656 1659
1802 1659 1803
1660 1663 1804
1660 1804 1805
1806 1807 1799
1806 1799 1798
1808 1616 1615
1808 1615 1809
1810 1811 1812
1810 1812 1813
1624 1814 1815
1624 1815 1625
1816 1646 1645
1816 1645 1817
1813 1818 1649
1813 1649 1620
1624 1654 1819
1624 1819 1814
1820 1821 1477
1820 1477 1822
1677 1823 1824
1677 1824 1628
1825 1826 1611
1825 1611 1610
1827 1771 1770
1827 1770 1828
1774 1773 1829
1774 1829 1830
1463 1466 1831
1463 1831 1496
1742 1464 1463
1742 1463 1495
1832 1453 1833
1487 1834 1757
1393 1835 1414
1393 1414 1394
1427 1430 1414
1427 1414 1835
1527 1526 1554
1527 1554 1734
1536 1526 1525
1536 1525 1836
1626 1800 1799
1626 1799 1623
1623 1799 1807
1623 1807 1655
1836 1837 1537
1836 1537 1536
1838 1411 1399
1838 1399 1693
1411 1838 1700
1411 1700 1432
1462 1461 1765
1462 1765 1764
1839 1765 1461
1839 1461 1493
1521 1520 1533
1521 1533 1532
1542 1521 1532
1542 1532 1562
1591 1594 1585
1591 1585 1568
1584 1585 1599
1584 1599 1598
1700 1699 1433
1700 1433 1432
1542 1562 1706
1542 1706 1539
1591 1568 1571
1591 1571 1708
1728 1730 1422
1728 1422 1421
1426 1422 1730
1426 1730 1423
1470 1469 1743
1470 1743 1744
1555 1558 1529
1555 1529 1733
1840 1841 1842
1840 1842 1843
1667 1844 1480
1667 1480 1479
1479 1501 1667
1821 1820 1845
1821 1845 1846
1420 1419 1665
1420 1665 1501
1482 1481 1467
1482 1467 1470
1420 1482 1470
1420 1470 1744
1614 1841 1567
1614 1567 1566
1477 1476 1847
1477 1847 1822
1665 1840 1843
1665 1843 1666
1848 1849 1850
1678 1851 1677
1678 1677 1676
1823 1677 1851
1823 1851 1852
1658 1657 1853
1658 1853 1854
1855 1856 1634
1855 1634 1633
1857 1858 1460
1857 1460 1459
1460 1858 1859
1460 1859 1492
1690 1829 1768
1690 1768 1689
1771 1687 1689
1771 1689 1768
1687 1771 1827
1687 1827 1688
1860 1861 1497
1860 1497 1862
1862 1497 1500
1862 1500 1863
1830 1829 1690
1830 1690 1692
1864 1838 1693
1864 1693 1696
1700 1838 1864
1700 1864 1697
1865 1866 1777
1865 1777 1776
1695 1681 1680
1695 1680 1696
1683 1867 1868
1683 1868 1869
1867 1683 1870
1867 1870 1871
1872 1873 1698
1872 1698 1697
1782 1874 1875
1782 1875 1779
1794 1876 1877
1794 1877 1793
1878 1879 1880
1878 1880 1881
1882 1883 1884
1882 1884 1885
1886 1887 1888
1886 1888 1889
1786 1890 1891
1786 1891 1783
1888 1892 1893
1888 1893 1894
1895 1892 1888
1895 1888 1887
1563 1882 1885
1563 1885 1705
1784 1704 1707
1784 1707 1787
1701 1704 1784
1701 1784 1783
1783 1891 1702
1783 1702 1701
1896 1897 1898
1896 1898 1899
1900 1901 1902
1900 1902 1903
1779 1904 1905
1779 1905 1780
1781 1906 1775
1781 1775 1778
1907 1908 1443
1907 1443 1442
1909 1873 1872
1909 1872 1910
1911 1785 1788
1911 1788 1912
1911 1890 1786
1911 1786 1785
1789 1793 1877
1789 1877 1913
1790 1914 1915
1790 1915 1791
1916 1917 1918
1916 1918 1919
1913 1914 1790
1913 1790 1789
1920 1912 1788
1920 1788 1787
1612 1917 1916
1612 1916 1712
1714 1794 1792
1714 1792 1710
1711 1710 1792
1711 1792 1791
1582 1581 1592
1582 1592 1709
1921 1922 1923
1921 1923 1880
1879 1924 1921
1879 1921 1880
1467 1925 1926
1467 1926 1468
1926 1927 1465
1926 1465 1468
1466 1465 1927
1466 1927 1928
1929 1930 1764
1929 1764 1763
1930 1931 1462
1930 1462 1764
1857 1459 1932
1857 1932 1933
1474 1473 1857
1474 1857 1933
1932 1459 1462
1932 1462 1931
1934 1435 1935
1934 1935 1936
1505 1447 1534
1505 1534 1513
1543 1544 1937
1543 1937 1938
1831 1466 1928
1831 1928 1939
1625 1815 1940
1625 1940 1941
1942 1626 1625
1942 1625 1941
1943 1944 1801
1943 1801 1800
1945 1946 1801
1945 1801 1944
1947 1948 1949
1947 1949 1950
1951 1629 1628
1951 1628 1824
1795 1618 1617
1795 1617 1796
1804 1797 1622
1804 1622 1621
1648 1803 1805
1648 1805 1650
1802 1803 1648
1802 1648 1647
1943 1800 1626
1943 1626 1942
1897 1952 1806
1897 1806 1898
1953 1807 1806
1953 1806 1952
1953 1954 1655
1953 1655 1807
1654 1655 1954
1654 1954 1955
1955 1956 1819
1955 1819 1654
1957 1958 1959
1600 1599 1609
1600 1609 1713
1960 1603 1602
1960 1602 1961
1962 1963 1964
1962 1964 1722
1604 1965 1605
1605 1966 1967
1605 1967 1714
1794 1714 1967
1794 1967 1876
1902 1901 1968
1902 1968 1859
1968 1969 1492
1968 1492 1859
1492 1969 1970
1492 1970 1493
1971 1839 1493
1971 1493 1970
1972 1494 1761
1972 1761 1973
1495 1494 1972
1495 1972 1974
1975 1742 1495
1975 1495 1974
1743 1742 1975
1743 1975 1976
1976 1977 1744
1976 1744 1743
1745 1744 1977
1745 1977 1978
1978 1979 1421
1978 1421 1745
1430 1429 1731
1430 1731 1444
1399 1398 1694
1399 1694 1693
1408 1866 1865
1408 1865 1980
1981 1408 1980
1982 1983 1406
1982 1406 1984
1406 1985 1403
1390 1403 1986
1390 1986 1391
1728 1421 1979
1728 1979 1729
1959 1614 1987
1959 1987 1957
1842 1841 1614
1842 1614 1959
1842 1959 1958
1842 1958 1988
1374 1843 1988
1374 1373 1667
1374 1667 1666
1667 1373 1670
1667 1670 1844
1436 1989 1990
1436 1990 1438
1991 1438 1990
1440 1992 1439
1993 1875 1439
1993 1439 1994
1875 1993 1904
1875 1904 1779
1556 1995 1559
1556 1559 1557
1996 1734 1733
1996 1733 1997
1527 1734 1996
1527 1996 1998
1524 1527 1998
1524 1998 1999
1751 1524 1999
1751 1999 2000
1523 2001 2002
1523 2002 1520
1533 1520 2002
1533 2002 2003
1533 2003 2004
1533 2004 1530
1519 1518 1530
1519 1530 2004
1528 1997 1733
1528 1733 1529
1545 2005 1546
1549 2006 1550
2007 2008 1707
2007 1707 1550
2008 1920 1787
2008 1787 1707
2009 2010 1987
2009 1987 2011
2012 2013 2014
2012 2014 2015
1596 2015 1602
1596 1602 1597
2016 1587 2017
2016 2017 2018
1791 1915 2019
1791 2019 1711
2020 1577 1711
2020 1711 2019
1577 2021 1578
2022 2023 2024
2022 2024 1578
1573 2025 2026
1573 2026 1574
1753 2027 1837
1753 1837 1836
2028 1546 2029
2028 2029 2030
2028 2031 1515
2028 1515 1546
1548 1511 1756
1548 1756 2031
1502 1512 1514
1502 1514 1508
1874 1407 1439
1874 1439 1875
1747 2032 1428
1747 1428 1427
1437 2033 2034
1437 2034 2035
2036 1405 1437
2036 1437 2035
1984 1406 1405
1984 1405 2036
1438 1404 1402
1438 1402 1436
1402 1404 1403
1402 1403 1390
1413 1727 1395
1413 1395 1394
1832 1737 1454
1832 1454 1453
1457 1686 1451
1450 1457 1451
1511 1548 1547
1511 1547 1509
1483 1691 1488
1483 1488 1484
1486 1741 1834
1487 1486 1834
1619 1622 1617
1619 1617 1616
1663 1662 1640
1663 1640 1639
1663 1639 1797
1663 1797 1804
1810 1619 1616
1810 1616 1808
1796 1617 1622
1796 1622 1797
1380 1382 2037
1380 2037 2038
1421 1420 1745
1529 1558 1567
1529 1567 1746
1840 1746 1567
1840 1567 1841
1840 1665 1419
1840 1419 1746
1426 1746 1419
1426 1419 1422
1557 1561 1566
1586 1566 1561
2011 1987 1614
2011 1614 1613
1650 1649 1645
1650 1645 1648
1661 1660 1659
1661 1659 1658
1660 1805 1803
1660 1803 1659
1818 2039 2040
1818 2040 1817
1804 1621 1650
1804 1650 1805
1658 1854 2041
1658 2041 1661
2042 2043 1640
2042 1640 1662
2010 2044 1957
2010 1957 1987
1957 2044 1386
2045 2046 2047
2048 2046 2049
2048 2049 2050
2051 2052 2038
2051 2038 2053
2054 2055 2051
2054 2051 2053
1848 1850 2056
1848 2056 2055
2057 1475 1478
2057 1478 1417
1416 1401 1389
1416 1389 1417
2058 2059 2057
2058 2057 2060
2058 2060 1389
2058 1389 1392
1435 1401 1416
1435 1416 1447
1435 1934 1989
1435 1989 1436
1504 1936 1935
1504 1935 1505
1534 1565 1544
1534 1544 1513
2061 1937 1544
2061 1544 2062
1564 2063 1596
1564 1596 1565
1596 2063 2012
1596 2012 2015
2064 2061 2062
2064 2062 1595
1389 2060 1417
1435 1447 1935
1565 2062 1544
1772 1828 1770
1772 1770 1769
1768 1829 1773
1768 1773 1769
1780 1905 1906
1780 1906 1781
1408 1407 1874
1408 1874 1866
1874 1782 1777
1874 1777 1866
1782 1781 1778
1782 1778 1777
1553 2065 2066
1629 2067 2068
1629 2068 1630
2069 2070 1376
2069 1376 1379
1951 2071 2067
1951 2067 1629
1948 2072 2073
1948 2073 1949
2052 2074 2075
2052 2075 2076
2075 1948 1947
2075 1947 2076
1478 2077 1418
1478 1418 1417
2043 1855 1633
2043 1633 1640
1662 1661 2041
1662 2041 2042
2042 2078 2079
2042 2079 2043
1856 1855 2043
1856 2043 2079
2078 2042 2041
2078 2041 2080
2081 2082 1946
2081 1946 1945
1853 2080 2041
1853 2041 1854
1379 1630 2068
1379 2068 2069
1382 2083 2084
1382 2084 2037
2085 1925 1467
2085 1467 1481
2086 2085 1481
2086 1481 1480
2086 1480 1844
2086 1844 2087
1821 2077 1478
1821 1478 1477
1670 1377 2087
1670 2087 1844
1808 1809 2073
1808 2073 2072
1813 1620 1619
1813 1619 1810
1815 1814 2068
1815 2068 2067
1817 2040 2088
1817 2088 1816
1812 2039 1818
1812 1818 1813
1814 1819 2069
1814 2069 2068
2071 1940 1815
2071 1815 2067
1956 2070 2069
1956 2069 1819
1810 1808 2072
1810 2072 1811
1645 1649 1818
1645 1818 1817
2055 2056 2089
2055 2089 2090
1380 2038 2052
1380 2052 2076
1381 1947 1950
1381 1950 2091
1627 1378 1669
1627 1669 1676
2075 2074 1812
2075 1812 1811
1811 2072 1948
1811 1948 2075
2039 1812 2074
2039 2074 2092
2013 2012 1675
2013 1675 2093
1674 1675 2012
1674 2012 2063
1564 1448 1850
1564 1850 1671
1448 1418 2056
1448 2056 1850
2056 1418 2077
2056 2077 2089
1846 2094 2090
1846 2090 2089
1372 1375 2095
1372 2095 2096
1372 2096 2097
1372 2097 1668
2098 1851 1678
2098 1678 2097
1375 2099 2100
1375 2100 2095
2100 2099 2101
2100 2101 2102
1379 1378 1627
1379 1627 1630
2103 1852 1851
2103 1851 2098
2104 2105 2106
2104 2106 2084
2107 2083 1382
2107 1382 2108
1669 1378 1377
1669 1377 1670
1372 1668 1373
1377 2109 2087
1988 2099 1375
1988 1375 1374
2101 2099 1988
2101 1988 1958
1385 2101 1958
1385 1958 1386
2102 2101 1385
2102 1385 1387
2039 2092 2110
2039 2110 2040
2111 2112 2110
2111 2110 2094
2088 2040 2110
2088 2110 2112
2094 2110 2092
2094 2092 2090
1668 2097 1678
1602 2015 2014
1602 2014 1961
1826 2009 2011
1826 2011 1611
1611 2011 1613
1611 1613 1589
1566 1586 1589
1566 1589 1613
1848 2055 2054
1759 1758 1485
1759 1485 1484
1765 1839 1761
1765 1761 1760
1452 1487 1759
1452 1759 1762
1760 1496 1831
1760 1831 1763
1458 1450 1766
1458 1766 1762
1767 1833 1453
1767 1453 1766
1763 1831 1939
1763 1939 1929
1839 1971 1973
1839 1973 1761
2113 2114 2115
1672 2116 2050
1672 2050 1673
2117 1675 2049
2044 1383 1386
2055 2090 2092
2055 2092 2051
2092 2074 2052
2092 2052 2051
2118 1849 1848
2118 1848 2054
2104 2115 2114
2104 2114 2105
1601 1715 1718
1601 1718 1598
1719 1584 1598
1719 1598 1718
1720 2119 1721
1720 1721 1719
1722 1723 1726
1722 1726 1962
1721 2119 2120
1721 2120 1724
2024 1723 1579
2024 1579 1578
1722 1964 2121
1722 2121 1604
2023 2122 1725
2023 1725 2024
1525 1524 1751
1525 1751 1752
1752 1753 1836
1752 1836 1525
2123 1506 1756
2123 1756 1755
2000 2001 1523
2000 1523 1751
1753 1541 1540
1753 1540 2027
2028 2030 2124
2028 2124 1549
1548 2031 2028
1548 2028 1549
1506 1515 2031
1506 2031 1756
1538 1995 1556
1538 1556 1535
2125 1545 1543
2125 1543 1938
1543 1545 1514
1543 1514 1512
1427 1835 1748
1427 1748 1747
1393 1749 1748
1393 1748 1835
1397 1400 1749
1397 1749 1750
1409 2126 1982
1409 1982 1984
2032 1747 1431
2032 1431 1434
2034 2127 1440
2034 1440 2035
2035 1440 1410
2035 1410 2036
1409 1984 2036
1409 2036 1410
1506 2123 1507
1507 1732 1508
1545 2125 2005
2005 2029 1546
1549 2124 2006
2006 2007 1550
1509 1703 1510
1510 1754 1511
1577 2020 2021
2021 2022 1578
1604 2121 1965
1965 1966 1605
1981 1409 1408
1981 2126 1409
1440 2127 1992
1992 1994 1439
1406 1983 1985
1985 1986 1403
1991 1437 1438
1991 2033 1437
1739 2057 2059
1739 2059 1740
1739 1738 1475
1739 1475 2057
1476 1475 1738
1476 1738 1736
1476 1736 1735
1476 1735 1847
1565 1595 2062
1447 1505 1935
2060 2057 1417
2128 1717 1716
2128 1716 2129
1720 1717 2128
1720 2128 2130
2024 1725 1726
2024 1726 1723
2131 2132 1963
2131 1963 1962
2130 2016 2119
2130 2119 1720
1962 1726 1572
1962 1572 2131
2016 2018 2120
2016 2120 2119
2122 2025 1573
2122 1573 1725
1597 1575 1574
1597 1574 1595
1588 1587 2016
1588 2016 2130
1572 1575 1603
1572 1603 2131
1610 1588 2130
1610 2130 2128
1825 1610 2128
1825 2128 2129
2131 1603 1960
2131 1960 2132
1590 2017 1587
1590 1587 1586
2026 2064 1595
2026 1595 1574
2089 2077 1821
2089 1821 1846
1377 1376 2109
2094 1846 1845
2094 1845 2111
1374 1666 1843
1843 1842 1988
1947 1381 1380
1947 1380 2076
1381 2091 2108
1416 1418 1448
2053 2038 2037
2053 2037 2106
2105 2054 2053
2105 2053 2106
2114 2118 2054
2114 2054 2105
2114 2113 2116
2114 2116 2118
2106 2037 2084
1381 2108 1382
2093 1675 2117
1672 1671 1850
1672 1850 1849
2063 1564 1671
2063 1671 1674
2048 2113 2115
2048 2115 2047
1849 2118 2116
1849 2116 1672
2113 2048 2050
2113 2050 2116
2117 2049 2046
2117 2046 2133
2045 2133 2046
2046 2048 2047
1675 1673 2049
1673 2050 2049
1957 1386 1958
2082 2081 2134
2082 2134 2135
2135 2134 2136
2135 2136 2137
2137 2136 2138
2137 2138 2139
1899 2139 2138
1899 2138 1896
1651 2140 2141
1651 2141 1652
1638 2142 2143
1472 1471 2144
1472 2144 2145
1903 2145 2144
1903 2144 1900
1498 2146 2147
1498 2147 1499
2148 1491 1490
1679 1682 2149
1679 2149 2150
1910 2150 2149
1910 2149 1909
1684 2151 2152
1684 2152 1685
1517 1516 2153
1517 2153 2154
1883 2154 2153
1883 2153 1884
1889 2155 2156
1889 2156 1886
1881 2157 2158
1881 2158 1878
1580 1583 2159
1580 2159 2160
1918 2160 2159
1918 2159 1919
1305 1312 1311
1305 1311 1306
1497 1861 2161
1497 2161 2162
2162 2161 2163
2162 2163 2164
1497 2162 1498
2146 1498 2162
2146 2162 2164
1491 2165 1489
2148 2166 1491
1491 2167 2165
1443 2168 2169
1443 2169 1441
1683 1869 2170
1683 2170 1684
1684 2170 2171
1684 2171 2151
1685 2152 2172
1685 2172 2173
1683 1685 2173
1683 2173 1870
1888 1894 2174
1888 2174 2175
2175 2174 2176
2175 2176 2177
1888 2175 1889
2155 1889 2175
2155 2175 2177
1553 2178 1551
1553 1552 2065
1553 2179 2178
1880 1923 2180
1880 2180 2181
2181 2180 2182
2181 2182 2183
1880 2181 1881
2157 1881 2181
2157 2181 2183
1608 1607 2184
1608 2184 2185
1608 2186 2187
1608 2187 1606
1641 1644 2188
1641 2188 2189
2189 2188 2190
2189 2190 2191
1641 2189 1651
2140 1651 2189
2140 2189 2191
2192 2193 2194
2192 2194 2143
1638 1637 2142
2142 2192 2143
2195 2196 2197
2195 2197 2198
2199 2200 2201
2199 2201 2202
2203 2204 2205
2203 2205 2206
2207 2208 2196
2207 2196 2195
2196 2209 2210
2196 2210 2197
2201 2200 2211
2201 2211 2212
2213 2214 2215
2213 2215 2208
2208 2215 2209
2208 2209 2196
2216 2217 2218
2216 2218 2219
2220 2221 2222
2220 2222 2223
2224 2220 2223
2224 2223 2225
2219 2218 2226
2219 2226 2227
2223 2222 2228
2223 2228 2229
2225 2223 2229
2225 2229 2230
2231 2232 2233
2231 2233 2234
2235 2236 2237
2235 2237 2238
2239 2240 2241
2239 2241 2242
2232 2243 2244
2232 2244 2233
2238 2237 2245
2238 2245 2246
2247 2248 2249
2247 2249 2240
2240 2249 2243
2240 2243 2241
2246 2245 2250
2246 2250 2251
2248 2252 2253
2248 2253 2249
2249 2253 2254
2249 2254 2243
2251 2250 2255
2251 2255 2256
2252 2257 2258
2252 2258 2253
2253 2258 2259
2253 2259 2254
2259 2260 2261
2259 2261 2262
2255 2263 2264
2255 2264 2256
2257 2265 2266
2257 2266 2258
2258 2266 2260
2258 2260 2259
2260 2267 2268
2260 2268 2261
2261 2268 2269
2261 2269 2263
2263 2269 2270
2263 2270 2264
2265 2271 2272
2265 2272 2266
2266 2272 2267
2266 2267 2260
2267 2273 2274
2267 2274 2268
2268 2274 2275
2268 2275 2269
2269 2275 2276
2269 2276 2270
2271 2277 2278
2271 2278 2272
2272 2278 2273
2272 2273 2267
2203 2279 2280
2203 2280 2204
2281 2282 2283
2281 2283 2284
2285 2286 2287
2285 2287 2288
2283 2289 2290
2283 2290 2284
2286 2291 2287
2289 2292 2290
2293 2294 2295
2293 2295 2296
2297 2298 2299
2297 2299 2300
2301 2302 2303
2301 2303 2304
2305 2306 2307
2305 2307 2308
2309 2310 2311
2309 2311 2312
2313 2314 2315
2313 2315 2316
2317 2318 2319
2317 2319 2320
2321 2322 2323
2321 2323 2324
2310 2325 2311
2313 2316 2326
2320 2319 2327
2322 2328 2323
2329 2330 2331
2329 2331 2332
2274 2273 2333
2274 2333 2334
2274 2335 2336
2274 2336 2275
2276 2275 2336
2276 2336 2337
2277 2338 2339
2277 2339 2278
2278 2339 2340
2336 2335 2341
2336 2341 2342
2338 2343 2344
2338 2344 2339
2337 2336 2342
2337 2342 2345
2346 2347 2342
2346 2342 2341
2348 2349 2350
2348 2350 2351
2342 2347 2345
2352 2347 2346
2353 2354 2355
2356 2357 2353
2356 2353 2355
2358 2356 2359
2358 2359 2360
2359 2361 2362
2348 2343 2363
2348 2363 2364
2351 2344 2343
2351 2343 2348
2365 2366 2367
2368 2369 2370
2340 2371 2369
2340 2369 2333
2274 2334 2335
2368 2372 2373
2278 2340 2333
2374 2375 2371
2358 2349 2376
2358 2376 2377
2360 2350 2349
2360 2349 2358
2378 2379 2362
2378 2362 2361
2359 2362 2360
2362 2379 2350
2362 2350 2360
2339 2344 2371
2339 2371 2340
2335 2334 2368
2335 2368 2341
2380 2346 2341
2380 2341 2365
2341 2368 2365
2380 2381 2382
2383 2282 2384
2383 2384 2385
2282 2239 2386
2282 2386 2384
2282 2281 2247
2281 2387 2248
2281 2248 2247
2281 2388 2387
2239 2282 2247
2239 2247 2240
2389 2390 2244
2244 2390 2250
2244 2250 2245
2390 2391 2255
2390 2255 2250
2391 2262 2261
2391 2261 2263
2262 2391 2392
2392 2259 2262
2392 2389 2254
2392 2254 2259
2389 2244 2243
2389 2243 2254
2380 2367 2381
2393 2346 2380
2394 2395 2378
2394 2378 2396
2315 2314 2297
2315 2297 2300
2318 2317 2301
2318 2301 2304
2312 2295 2294
2312 2294 2309
2308 2307 2321
2308 2321 2324
2369 2368 2334
2369 2334 2333
2397 2224 2225
2397 2225 2398
2398 2225 2230
2398 2230 2399
2400 2397 2398
2400 2398 2401
2401 2398 2399
2401 2399 2402
2226 2402 2403
2226 2403 2404
2227 2226 2404
2227 2404 2405
2229 2228 2406
2229 2406 2407
2230 2229 2407
2230 2407 2408
2228 2409 2410
2228 2410 2406
2399 2230 2408
2399 2408 2411
2402 2399 2411
2402 2411 2403
2243 2232 2241
2241 2232 2231
2241 2231 2242
2199 2198 2197
2199 2197 2200
2200 2197 2210
2200 2210 2211
2217 2400 2401
2217 2401 2218
2218 2401 2402
2218 2402 2226
2234 2233 2237
2234 2237 2236
2233 2244 2245
2233 2245 2237
2351 2374 2371
2351 2371 2344
2368 2370 2372
2412 2386 2239
2412 2239 2242
2413 2412 2242
2413 2242 2231
2414 2413 2231
2414 2231 2234
2415 2414 2234
2415 2234 2236
2416 2405 2404
2416 2404 2415
2408 2407 2386
2408 2386 2412
2411 2408 2412
2411 2412 2413
2403 2411 2413
2403 2413 2414
2404 2403 2414
2404 2414 2415
2384 2386 2407
2384 2407 2406
2220 2332 2417
2220 2417 2221
2224 2329 2332
2224 2332 2220
2221 2417 2418
2221 2418 2419
2420 2421 2422
2420 2422 2423
2417 2424 2425
2417 2425 2418
2332 2331 2424
2332 2424 2417
2422 2426 2397
2422 2397 2400
2426 2427 2330
2426 2330 2329
2397 2426 2329
2397 2329 2224
2423 2422 2400
2423 2400 2217
2421 2427 2426
2421 2426 2422
2331 2215 2214
2331 2214 2424
2330 2209 2215
2330 2215 2331
2424 2214 2428
2424 2428 2425
2211 2210 2421
2211 2421 2420
2210 2209 2427
2210 2427 2421
2209 2330 2427
2378 2375 2374
2378 2374 2379
2379 2374 2351
2379 2351 2350
2375 2429 2430
2375 2378 2429
2431 2375 2430
2368 2373 2365
2373 2432 2433
2365 2373 2433
2375 2431 2369
2431 2434 2435
2375 2369 2371
2359 2355 2436
2359 2436 2437
2355 2359 2356
2396 2378 2361
2396 2361 2438
2361 2359 2437
2361 2437 2438
2439 2428 2214
2439 2214 2213
2221 2419 2440
2221 2440 2222
2387 2441 2252
2387 2252 2248
2441 2442 2257
2441 2257 2252
2442 2443 2265
2442 2265 2257
2265 2443 2444
2265 2444 2271
2271 2444 2445
2271 2445 2277
2282 2383 2446
2282 2446 2283
2285 2288 2447
2285 2447 2448
2283 2446 2449
2283 2449 2289
2449 2292 2289
2445 2450 2338
2445 2338 2277
2450 2363 2343
2450 2343 2338
2364 2376 2349
2364 2349 2348
2377 2357 2356
2377 2356 2358
2369 2435 2370
2430 2434 2431
2380 2382 2451
2373 2372 2432
2380 2451 2393
2365 2433 2366
2236 2235 2416
2236 2416 2415
2406 2410 2385
2406 2385 2384
2217 2216 2452
2217 2452 2423
2423 2452 2453
2423 2453 2420
2420 2453 2212
2420 2212 2211
2395 2429 2378
2354 2436 2355
2454 2455 2456
2454 2456 2457
2458 2459 2460
2458 2460 2461
2462 2463 2464
2462 2464 2465
2466 2454 2457
2466 2457 2467
2457 2456 2468
2457 2468 2469
2470 2461 2460
2470 2460 2471
2472 2467 2473
2472 2473 2474
2467 2457 2469
2467 2469 2473
2475 2476 2477
2475 2477 2478
2479 2480 2481
2479 2481 2482
2482 2481 2483
2482 2483 2484
2485 2475 2478
2485 2478 2486
2487 2479 2482
2487 2482 2488
2488 2482 2484
2488 2484 2489
2490 2491 2492
2490 2492 2493
2494 2495 2496
2494 2496 2497
2498 2499 2500
2498 2500 2501
2493 2492 2502
2493 2502 2503
2504 2494 2497
2504 2497 2505
2506 2501 2507
2506 2507 2508
2501 2500 2503
2501 2503 2507
2509 2504 2505
2509 2505 2510
2508 2507 2511
2508 2511 2512
2507 2503 2513
2507 2513 2511
2514 2509 2510
2514 2510 2515
2512 2511 2516
2512 2516 2517
2511 2513 2518
2511 2518 2516
2518 2519 2520
2518 2520 2521
2514 2515 2522
2514 2522 2523
2517 2516 2524
2517 2524 2525
2516 2518 2521
2516 2521 2524
2521 2520 2526
2521 2526 2527
2520 2523 2528
2520 2528 2526
2523 2522 2529
2523 2529 2528
2525 2524 2530
2525 2530 2531
2524 2521 2527
2524 2527 2530
2527 2526 2532
2527 2532 2533
2526 2528 2534
2526 2534 2532
2528 2529 2535
2528 2535 2534
2531 2530 2536
2531 2536 2537
2530 2527 2533
2530 2533 2536
2538 2539 2462
2538 2462 2465
2540 2541 2542
2540 2542 2543
2544 2288 2287
2544 2287 2545
2540 2543 2546
2540 2546 2547
2545 2287 2291
2547 2546 2292
2548 2549 2550
2548 2550 2551
2552 2553 2554
2552 2554 2555
2556 2557 2558
2556 2558 2559
2560 2561 2562
2560 2562 2563
2564 2565 2566
2564 2566 2567
2568 2569 2570
2568 2570 2571
2572 2573 2574
2572 2574 2575
2576 2577 2578
2576 2578 2579
2567 2566 2580
2570 2581 2571
2573 2582 2574
2579 2578 2583
2584 2585 2586
2584 2586 2587
2588 2533 2532
2588 2532 2589
2532 2534 2590
2532 2590 2591
2590 2534 2535
2590 2535 2592
2537 2536 2593
2537 2593 2594
2536 2595 2593
2596 2591 2590
2596 2590 2597
2594 2593 2598
2594 2598 2599
2597 2590 2592
2597 2592 2600
2597 2601 2602
2597 2602 2596
2603 2604 2605
2603 2605 2606
2597 2600 2601
2607 2608 2609
2610 2611 2612
2613 2611 2610
2613 2610 2614
2615 2613 2616
2615 2616 2617
2615 2618 2619
2620 2599 2603
2620 2603 2621
2599 2598 2604
2599 2604 2603
2622 2623 2624
2625 2626 2627
2627 2628 2595
2627 2595 2588
2532 2591 2589
2629 2625 2630
2595 2536 2533
2595 2533 2588
2631 2628 2632
2633 2606 2616
2633 2616 2634
2606 2605 2617
2606 2617 2616
2635 2619 2618
2635 2618 2636
2615 2617 2618
2618 2617 2605
2618 2605 2636
2628 2598 2593
2628 2593 2595
2625 2589 2591
2625 2591 2596
2596 2602 2637
2596 2637 2624
2596 2624 2625
2638 2637 2639
2383 2385 2640
2383 2640 2541
2541 2640 2641
2541 2641 2498
2541 2506 2542
2542 2506 2508
2542 2508 2642
2542 2642 2643
2506 2541 2498
2506 2498 2501
2644 2502 2645
2509 2645 2502
2509 2502 2504
2645 2509 2514
2645 2514 2646
2646 2514 2523
2519 2647 2646
2647 2519 2518
2647 2518 2513
2647 2513 2644
2644 2513 2503
2644 2503 2502
2638 2622 2637
2648 2637 2602
2649 2635 2650
2649 2651 2635
2568 2555 2554
2568 2554 2569
2575 2559 2558
2575 2558 2572
2551 2550 2565
2551 2565 2564
2563 2577 2576
2563 2576 2560
2627 2588 2589
2627 2589 2625
2484 2483 2652
2484 2652 2653
2489 2484 2653
2489 2653 2654
2653 2652 2655
2653 2655 2656
2654 2653 2656
2654 2656 2657
2485 2658 2659
2485 2659 2657
2486 2660 2658
2486 2658 2485
2488 2661 2662
2488 2662 2487
2489 2663 2661
2489 2661 2488
2487 2662 2410
2487 2410 2409
2654 2664 2663
2654 2663 2489
2657 2659 2664
2657 2664 2654
2503 2500 2493
2490 2493 2500
2490 2500 2499
2456 2455 2458
2456 2458 2461
2468 2456 2461
2468 2461 2470
2656 2655 2476
2656 2476 2475
2657 2656 2475
2657 2475 2485
2491 2495 2494
2491 2494 2492
2492 2494 2504
2492 2504 2502
2604 2598 2628
2604 2628 2631
2625 2629 2626
2665 2499 2498
2665 2498 2641
2666 2490 2499
2666 2499 2665
2667 2491 2490
2667 2490 2666
2668 2495 2491
2668 2491 2667
2658 2660 2669
2658 2669 2668
2663 2665 2641
2663 2641 2661
2664 2666 2665
2664 2665 2663
2659 2667 2666
2659 2666 2664
2658 2668 2667
2658 2667 2659
2640 2662 2661
2640 2661 2641
2670 2585 2481
2670 2481 2480
2585 2584 2483
2585 2483 2481
2418 2670 2480
2418 2480 2419
2671 2672 2673
2671 2673 2674
2425 2675 2670
2425 2670 2418
2675 2586 2585
2675 2585 2670
2673 2655 2652
2673 2652 2676
2587 2677 2676
2587 2676 2584
2584 2676 2652
2584 2652 2483
2672 2476 2655
2672 2655 2673
2674 2673 2676
2674 2676 2677
2474 2473 2586
2474 2586 2675
2473 2469 2587
2473 2587 2586
2428 2474 2675
2428 2675 2425
2470 2671 2674
2470 2674 2468
2468 2674 2677
2468 2677 2469
2469 2677 2587
2631 2632 2635
2631 2635 2636
2604 2631 2636
2604 2636 2605
2632 2678 2679
2632 2679 2635
2680 2678 2632
2625 2624 2630
2630 2681 2682
2624 2681 2630
2632 2627 2680
2680 2627 2683
2680 2683 2684
2632 2628 2627
2685 2611 2615
2685 2615 2686
2611 2613 2615
2619 2635 2651
2619 2651 2687
2619 2687 2686
2619 2686 2615
2439 2472 2474
2439 2474 2428
2440 2419 2480
2440 2480 2479
2479 2487 2409
2479 2409 2440
2642 2508 2512
2642 2512 2688
2688 2512 2517
2688 2517 2689
2689 2517 2525
2689 2525 2690
2691 2690 2525
2691 2525 2531
2692 2691 2531
2692 2531 2537
2446 2383 2541
2446 2541 2540
2447 2288 2544
2447 2544 2693
2449 2446 2540
2449 2540 2547
2449 2547 2292
2692 2537 2594
2692 2594 2694
2694 2594 2599
2694 2599 2620
2621 2603 2606
2621 2606 2633
2634 2616 2613
2634 2613 2614
2683 2627 2626
2684 2678 2680
2639 2637 2695
2682 2629 2630
2695 2637 2648
2623 2681 2624
2669 2496 2495
2669 2495 2668
2385 2410 2662
2385 2662 2640
2696 2477 2476
2696 2476 2672
2697 2696 2672
2697 2672 2671
2471 2697 2671
2471 2671 2470
2679 2650 2635
2685 2612 2611
2352 2346 2393
2698 2602 2601
2222 2440 2409
2222 2409 2228
2391 2263 2255
2646 2523 2520
2646 2520 2519
2699 2700 2701
2702 2703 2704
2702 2704 2705
2706 2707 2708
2709 2710 2711
2709 2711 2712
2713 2714 2715
2608 2706 2708
2608 2708 2609
2716 2717 2718
2716 2718 2719
2717 2720 2721
2717 2721 2718
2722 2715 2714
2722 2714 2723
2724 2725 2726
2724 2726 2727
2719 2728 2729
2719 2729 2716
2705 2730 2731
2705 2731 2702
2732 2733 2734
2732 2734 2735
2736 2737 2738
2736 2738 2739
2740 2741 2742
2740 2742 2743
2701 2721 2720
2701 2720 2699
2744 2745 2746
2744 2746 2747
2748 2749 2750
2748 2750 2751
2752 2711 2710
2752 2710 2753
2725 2754 2755
2725 2755 2726
2698 2648 2602
2435 2369 2431
2365 2367 2380
2622 2624 2637
2278 2333 2273
