byte offset: 0
first index: 0
index count: 10812
topology: trianglelist
format: DXGI_FORMAT_R16_UINT

0 1 2
0 2 3
4 0 3
4 3 5
6 4 5
6 5 7
8 6 7
8 7 9
10 11 12
10 12 13
14 10 13
14 13 15
16 14 15
16 15 17
1 16 17
1 17 2
18 19 20
18 20 21
5 3 22
5 22 23
7 5 23
7 23 24
9 7 24
15 13 25
17 15 25
17 25 26
2 17 26
2 26 27
2 27 22
2 22 3
23 22 28
23 28 29
9 24 30
9 30 31
13 12 32
13 32 33
25 13 33
25 33 34
26 25 34
26 34 19
27 26 19
27 19 18
22 27 18
22 18 28
30 29 35
30 35 36
29 28 37
29 37 35
23 29 30
23 30 24
31 30 36
31 36 38
33 32 39
33 39 40
34 33 40
34 40 41
19 34 41
19 41 20
18 21 37
18 37 28
20 42 43
20 43 21
37 21 43
37 43 44
35 37 44
35 44 45
38 36 46
38 46 47
40 39 48
40 48 49
41 40 49
41 49 50
20 41 50
20 50 42
36 35 45
36 45 46
44 43 51
44 51 52
45 44 52
45 52 53
46 45 53
46 53 54
47 46 54
47 54 55
49 48 56
49 56 57
50 49 57
50 57 58
42 50 58
42 58 59
43 42 59
43 59 51
52 51 60
52 60 61
53 52 61
53 61 62
54 53 62
54 62 63
55 54 63
55 63 64
57 56 65
57 65 66
58 57 66
58 66 67
59 58 67
59 67 68
51 59 68
51 68 60
69 70 71
69 71 72
62 61 72
62 72 73
63 62 73
63 73 74
64 63 74
64 74 75
66 65 76
66 76 77
67 66 77
67 77 78
68 67 78
68 78 79
60 68 79
60 79 69
61 60 69
61 69 72
73 72 71
73 71 80
74 73 80
74 80 81
78 77 82
78 82 83
79 78 83
79 83 84
69 79 84
69 84 70
75 74 81
75 81 85
77 76 86
77 86 82
71 70 87
71 87 88
80 71 88
80 88 89
85 81 90
85 90 91
82 86 92
82 92 93
83 82 93
83 93 94
84 83 94
84 94 95
70 84 95
70 95 87
88 87 96
88 96 97
89 88 97
89 97 98
99 90 100
99 100 101
102 103 104
102 104 105
106 102 105
106 105 107
95 106 107
95 107 108
98 100 90
98 90 89
109 110 111
109 111 112
113 109 112
113 112 114
115 113 114
115 114 116
117 115 116
117 116 118
119 120 121
119 121 122
123 119 122
123 122 124
125 123 124
125 124 126
110 125 126
110 126 111
112 111 127
112 127 128
114 112 128
114 128 129
116 114 129
116 129 130
118 116 130
118 130 131
132 121 133
124 122 132
124 132 134
126 124 134
126 134 135
111 135 127
132 133 136
134 132 136
134 136 137
135 134 137
128 127 138
130 129 139
140 130 139
136 133 141
136 141 142
137 136 142
137 142 143
135 137 143
135 143 144
142 141 145
143 142 145
143 145 146
144 143 146
144 146 147
95 94 106
94 93 148
93 92 148
91 90 99
148 102 106
148 106 94
92 103 102
92 102 148
90 81 80
90 80 89
87 95 108
87 108 96
138 144 147
127 144 138
135 144 127
131 130 140
126 135 111
122 121 132
149 150 151
149 151 152
153 154 155
153 155 156
157 158 159
157 159 160
158 149 152
158 152 159
161 162 163
161 163 164
150 153 156
150 156 151
165 166 167
165 167 168
169 157 160
169 160 170
171 169 170
171 170 172
173 174 175
173 175 176
177 178 179
180 171 172
180 172 181
182 183 184
182 184 185
186 163 162
186 162 187
188 189 190
188 190 191
154 192 193
154 193 155
166 179 178
166 178 167
194 195 196
194 196 197
164 180 181
164 181 161
175 186 187
175 187 176
185 184 188
185 188 191
190 189 174
190 174 173
198 199 200
198 200 201
202 203 204
200 205 206
200 206 207
207 206 202
207 202 204
208 198 201
208 201 209
210 211 212
210 212 213
211 208 209
211 209 212
214 215 216
214 216 217
218 165 219
218 219 220
221 218 220
221 220 222
221 222 223
221 223 224
224 223 195
224 195 194
168 225 165
165 225 219
200 226 205
199 226 200
227 228 229
227 229 230
231 232 233
231 233 234
235 236 237
235 237 238
238 237 228
238 228 227
239 240 241
239 241 242
230 229 232
230 232 231
243 244 245
243 245 246
247 248 236
247 236 235
249 250 248
249 248 247
251 252 253
251 253 254
255 256 257
258 259 250
258 250 249
260 261 262
260 262 263
264 265 242
264 242 241
266 267 268
266 268 269
234 233 270
234 270 271
246 245 257
246 257 256
272 273 274
272 274 275
240 239 259
240 259 258
253 252 265
253 265 264
261 267 266
261 266 262
268 251 254
268 254 269
276 277 278
276 278 279
280 281 282
278 283 284
278 284 285
283 281 280
283 280 284
286 287 277
286 277 276
288 289 290
288 290 291
292 293 287
292 287 286
294 295 296
294 296 297
298 299 300
298 300 243
301 302 299
301 299 298
301 303 304
301 304 302
303 272 275
303 275 304
244 243 305
243 300 305
278 285 306
279 278 306
307 308 309
307 309 310
311 312 313
311 313 314
315 316 317
315 317 318
319 320 321
319 321 322
323 324 308
323 308 307
325 326 320
325 320 319
314 313 324
314 324 323
322 321 316
322 316 315
327 328 329
327 329 330
331 332 333
331 333 334
335 336 337
335 337 338
339 340 328
339 328 327
330 329 341
330 341 342
334 333 336
334 336 335
338 337 343
338 343 344
345 346 340
345 340 339
337 347 348
337 348 343
346 349 350
346 350 340
328 351 352
328 352 329
332 353 354
332 354 333
336 355 347
336 347 337
340 350 351
340 351 328
329 352 356
329 356 341
333 354 355
333 355 336
357 358 359
357 359 360
361 362 363
361 363 364
365 366 367
365 367 368
369 370 371
369 371 372
373 374 358
373 358 357
360 359 362
360 362 361
375 376 366
375 366 365
368 367 370
368 370 369
367 377 378
367 378 370
358 379 380
358 380 359
362 381 382
362 382 363
366 383 377
366 377 367
370 378 384
370 384 371
374 385 379
374 379 358
359 380 381
359 381 362
376 386 383
376 383 366
380 387 381
378 388 389
390 388 383
391 387 379
388 392 389
390 392 388
386 390 383
383 388 377
379 387 380
381 393 382
387 394 393
391 394 387
385 391 379
377 388 378
387 393 381
378 389 384
355 368 369
355 369 347
353 375 365
353 365 354
351 360 361
351 361 352
349 373 357
349 357 350
347 369 372
347 372 348
354 365 368
354 368 355
352 361 364
352 364 356
350 357 360
350 360 351
312 345 339
312 339 313
316 338 344
316 344 317
320 334 335
320 335 321
308 330 342
308 342 309
313 339 327
313 327 324
321 335 338
321 338 316
326 331 334
326 334 320
324 327 330
324 330 308
395 396 397
395 397 398
399 400 401
399 401 402
403 404 405
403 405 406
407 408 409
407 409 410
411 412 396
411 396 395
413 414 408
413 408 407
402 401 412
402 412 411
410 409 404
410 404 403
415 416 417
415 417 418
419 420 421
419 421 422
423 424 425
423 425 426
427 428 416
427 416 415
418 417 429
418 429 430
422 421 424
422 424 423
426 425 431
426 431 432
433 434 428
433 428 427
425 435 436
425 436 431
434 437 438
434 438 428
416 439 440
416 440 417
420 441 442
420 442 421
424 443 435
424 435 425
428 438 439
428 439 416
417 440 444
417 444 429
421 442 443
421 443 424
445 446 447
445 447 448
449 450 451
449 451 452
453 454 455
453 455 456
457 458 459
457 459 460
461 462 446
461 446 445
448 447 450
448 450 449
463 464 454
463 454 453
456 455 458
456 458 457
455 465 466
455 466 458
446 467 468
446 468 447
450 469 470
450 470 451
454 471 465
454 465 455
458 466 472
458 472 459
462 473 467
462 467 446
447 468 469
447 469 450
464 474 471
464 471 454
468 475 469
466 476 477
478 476 471
479 475 467
476 480 477
478 480 476
474 478 471
471 476 465
467 475 468
469 481 470
475 482 481
479 482 475
473 479 467
465 476 466
475 481 469
466 477 472
443 456 457
443 457 435
441 463 453
441 453 442
439 448 449
439 449 440
437 461 445
437 445 438
435 457 460
435 460 436
442 453 456
442 456 443
440 449 452
440 452 444
438 445 448
438 448 439
400 433 427
400 427 401
404 426 432
404 432 405
408 422 423
408 423 409
396 418 430
396 430 397
401 427 415
401 415 412
409 423 426
409 426 404
414 419 422
414 422 408
412 415 418
412 418 396
483 484 485
483 485 486
487 488 489
487 489 490
491 492 493
491 493 494
495 496 497
495 497 498
499 500 484
499 484 483
501 502 496
501 496 495
490 489 500
490 500 499
498 497 492
498 492 491
503 504 505
503 505 506
507 508 509
507 509 510
511 512 513
511 513 514
515 516 504
515 504 503
506 505 517
506 517 518
510 509 512
510 512 511
514 513 519
514 519 520
521 522 516
521 516 515
513 523 524
513 524 519
522 525 526
522 526 516
504 527 528
504 528 505
508 529 530
508 530 509
512 531 523
512 523 513
516 526 527
516 527 504
505 528 532
505 532 517
509 530 531
509 531 512
533 534 535
533 535 536
537 538 539
537 539 540
541 542 543
541 543 544
545 546 547
545 547 548
549 550 534
549 534 533
536 535 538
536 538 537
551 552 542
551 542 541
544 543 546
544 546 545
543 553 554
543 554 546
534 555 556
534 556 535
538 557 558
538 558 539
542 559 553
542 553 543
546 554 560
546 560 547
550 561 555
550 555 534
535 556 557
535 557 538
552 562 559
552 559 542
556 563 557
554 564 565
566 564 559
567 563 555
564 568 565
566 568 564
562 566 559
559 564 553
555 563 556
557 569 558
563 570 569
567 570 563
561 567 555
553 564 554
563 569 557
554 565 560
531 544 545
531 545 523
529 551 541
529 541 530
527 536 537
527 537 528
525 549 533
525 533 526
523 545 548
523 548 524
530 541 544
530 544 531
528 537 540
528 540 532
526 533 536
526 536 527
488 521 515
488 515 489
492 514 520
492 520 493
496 510 511
496 511 497
484 506 518
484 518 485
489 515 503
489 503 500
497 511 514
497 514 492
502 507 510
502 510 496
500 503 506
500 506 484
571 572 573
571 573 574
575 576 577
575 577 578
579 580 581
579 581 582
583 584 585
583 585 586
587 571 574
587 574 588
589 583 586
589 586 590
576 587 588
576 588 577
584 579 582
584 582 585
591 592 593
591 593 594
595 596 597
595 597 598
599 600 601
599 601 602
603 591 594
603 594 604
592 605 606
592 606 593
596 599 602
596 602 597
600 607 608
600 608 601
609 603 604
609 604 610
601 608 611
601 611 612
610 604 613
610 613 614
594 593 615
594 615 616
598 597 617
598 617 618
602 601 612
602 612 619
604 594 616
604 616 613
593 606 620
593 620 615
597 602 619
597 619 617
621 622 623
621 623 624
625 626 627
625 627 628
629 630 631
629 631 632
633 634 635
633 635 636
637 621 624
637 624 638
622 625 628
622 628 623
639 629 632
639 632 640
630 633 636
630 636 631
631 636 641
631 641 642
624 623 643
624 643 644
628 627 645
628 645 646
632 631 642
632 642 647
636 635 648
636 648 641
638 624 644
638 644 649
623 628 646
623 646 643
640 632 647
640 647 650
643 646 651
641 652 653
654 647 653
655 644 651
653 652 656
654 653 656
650 647 654
647 642 653
644 643 651
646 645 657
651 657 658
655 651 658
649 644 655
642 641 653
651 646 657
641 648 652
619 612 633
619 633 630
618 617 629
618 629 639
616 615 625
616 625 622
614 613 621
614 621 637
612 611 634
612 634 633
617 619 630
617 630 629
615 620 626
615 626 625
613 616 622
613 622 621
578 577 603
578 603 609
582 581 607
582 607 600
586 585 599
586 599 596
574 573 605
574 605 592
577 588 591
577 591 603
585 582 600
585 600 599
590 586 596
590 596 595
588 574 592
588 592 591
659 660 661
659 661 662
663 664 665
663 665 666
667 668 669
667 669 670
671 672 673
671 673 674
675 659 662
675 662 676
677 671 674
677 674 678
664 675 676
664 676 665
672 667 670
672 670 673
679 680 681
679 681 682
683 684 685
683 685 686
687 688 689
687 689 690
691 679 682
691 682 692
680 693 694
680 694 681
684 687 690
684 690 685
688 695 696
688 696 689
697 691 692
697 692 698
689 696 699
689 699 700
698 692 701
698 701 702
682 681 703
682 703 704
686 685 705
686 705 706
690 689 700
690 700 707
692 682 704
692 704 701
681 694 708
681 708 703
685 690 707
685 707 705
709 710 711
709 711 712
713 714 715
713 715 716
717 718 719
717 719 720
721 722 723
721 723 724
725 709 712
725 712 726
710 713 716
710 716 711
727 717 720
727 720 728
718 721 724
718 724 719
719 724 729
719 729 730
712 711 731
712 731 732
716 715 733
716 733 734
720 719 730
720 730 735
724 723 736
724 736 729
726 712 732
726 732 737
711 716 734
711 734 731
728 720 735
728 735 738
731 734 739
729 740 741
742 735 741
743 732 739
741 740 744
742 741 744
738 735 742
735 730 741
732 731 739
734 733 745
739 745 746
743 739 746
737 732 743
730 729 741
739 734 745
729 736 740
707 700 721
707 721 718
706 705 717
706 717 727
704 703 713
704 713 710
702 701 709
702 709 725
700 699 722
700 722 721
705 707 718
705 718 717
703 708 714
703 714 713
701 704 710
701 710 709
666 665 691
666 691 697
670 669 695
670 695 688
674 673 687
674 687 684
662 661 693
662 693 680
665 676 679
665 679 691
673 670 688
673 688 687
678 674 684
678 684 683
676 662 680
676 680 679
747 748 749
747 749 750
751 752 753
751 753 754
755 756 757
755 757 758
759 760 761
759 761 762
763 747 750
763 750 764
765 759 762
765 762 766
752 763 764
752 764 753
760 755 758
760 758 761
767 768 769
767 769 770
771 772 773
771 773 774
775 776 777
775 777 778
779 767 770
779 770 780
768 781 782
768 782 769
772 775 778
772 778 773
776 783 784
776 784 777
785 779 780
785 780 786
777 784 787
777 787 788
786 780 789
786 789 790
770 769 791
770 791 792
774 773 793
774 793 794
778 777 788
778 788 795
780 770 792
780 792 789
769 782 796
769 796 791
773 778 795
773 795 793
797 798 799
797 799 800
801 802 803
801 803 804
805 806 807
805 807 808
809 810 811
809 811 812
813 797 800
813 800 814
798 801 804
798 804 799
815 805 808
815 808 816
806 809 812
806 812 807
807 812 817
807 817 818
800 799 819
800 819 820
804 803 821
804 821 822
808 807 818
808 818 823
812 811 824
812 824 817
814 800 820
814 820 825
799 804 822
799 822 819
816 808 823
816 823 826
819 822 827
817 828 829
830 823 829
831 820 827
829 828 832
830 829 832
826 823 830
823 818 829
820 819 827
822 821 833
827 833 834
831 827 834
825 820 831
818 817 829
827 822 833
817 824 828
795 788 809
795 809 806
794 793 805
794 805 815
792 791 801
792 801 798
790 789 797
790 797 813
788 787 810
788 810 809
793 795 806
793 806 805
791 796 802
791 802 801
789 792 798
789 798 797
754 753 779
754 779 785
758 757 783
758 783 776
762 761 775
762 775 772
750 749 781
750 781 768
753 764 767
753 767 779
761 758 776
761 776 775
766 762 772
766 772 771
764 750 768
764 768 767
835 836 837
835 837 838
839 840 841
839 841 842
843 844 845
843 845 846
847 848 849
847 849 850
851 852 853
851 853 854
855 856 857
855 857 858
859 855 858
859 858 860
861 859 860
861 860 862
863 861 862
863 862 864
865 863 864
865 864 866
867 865 866
867 866 868
869 867 868
869 868 870
871 872 873
871 873 874
856 871 874
856 874 857
875 876 877
878 876 875
879 876 878
880 876 879
881 876 882
883 876 881
884 876 883
877 876 884
885 886 887
888 885 887
889 888 887
890 889 887
891 892 887
893 891 887
894 893 887
886 894 887
872 895 896
872 896 873
897 898 899
897 899 900
901 897 900
901 900 902
903 901 902
903 902 904
905 903 904
905 904 906
907 905 906
907 906 908
909 907 908
909 908 910
911 909 910
911 910 912
913 914 915
913 915 916
898 913 916
898 916 899
917 918 919
920 918 917
921 918 920
922 918 921
923 918 924
925 918 923
926 918 925
919 918 926
927 928 929
930 927 929
931 930 929
932 931 929
933 934 929
935 933 929
936 935 929
928 936 929
914 937 938
914 938 915
939 940 941
939 941 942
943 939 942
943 942 944
945 943 944
945 944 946
947 945 946
947 946 948
949 947 948
949 948 950
951 949 950
951 950 952
953 951 952
953 952 954
955 956 957
955 957 958
940 955 958
940 958 941
959 960 961
962 960 959
963 960 962
964 960 963
965 960 966
967 960 965
968 960 967
961 960 968
969 970 971
972 969 971
973 972 971
974 973 971
975 976 971
977 975 971
978 977 971
970 978 971
956 979 980
956 980 957
981 982 983
981 983 984
985 986 982
985 982 981
987 988 986
987 986 985
989 990 988
989 988 987
991 992 990
991 990 989
993 994 992
993 992 991
995 996 994
995 994 993
997 998 999
997 999 1000
984 983 998
984 998 997
1001 1002 1003
1004 1001 1003
1005 1004 1003
1006 1005 1003
1007 1008 1003
1009 1007 1003
1010 1009 1003
1002 1010 1003
1011 1012 1013
1014 1012 1011
1015 1012 1014
1016 1012 1015
1017 1012 1018
1019 1012 1017
1020 1012 1019
1013 1012 1020
1000 999 1021
1000 1021 1022
1023 1024 1025
1023 1025 1026
1027 1028 1024
1027 1024 1023
1029 1030 1028
1029 1028 1027
1031 1032 1030
1031 1030 1029
1033 1034 1032
1033 1032 1031
1035 1036 1034
1035 1034 1033
1037 1038 1036
1037 1036 1035
1039 1040 1041
1039 1041 1042
1026 1025 1040
1026 1040 1039
1043 1044 1045
1046 1043 1045
1047 1046 1045
1048 1047 1045
1049 1050 1045
1051 1049 1045
1052 1051 1045
1044 1052 1045
1053 1054 1055
1056 1054 1053
1057 1054 1056
1058 1054 1057
1059 1054 1060
1061 1054 1059
1062 1054 1061
1055 1054 1062
1042 1041 1063
1042 1063 1064
1065 1066 1067
1065 1067 1068
1069 1070 1066
1069 1066 1065
1071 1072 1070
1071 1070 1069
1073 1074 1072
1073 1072 1071
1075 1076 1074
1075 1074 1073
1077 1078 1076
1077 1076 1075
1079 1080 1078
1079 1078 1077
1081 1082 1083
1081 1083 1084
1068 1067 1082
1068 1082 1081
1085 1086 1087
1088 1085 1087
1089 1088 1087
1090 1089 1087
1091 1092 1087
1093 1091 1087
1094 1093 1087
1086 1094 1087
1095 1096 1097
1098 1096 1095
1099 1096 1098
1100 1096 1099
1101 1096 1102
1103 1096 1101
1104 1096 1103
1097 1096 1104
1084 1083 1105
1084 1105 1106
1107 1108 1109
1107 1109 1110
1111 1112 1113
1111 1113 1114
1115 1116 1117
1115 1117 1118
1119 1120 1121
1119 1121 1122
1123 1124 1108
1123 1108 1107
1125 1126 1120
1125 1120 1119
1114 1113 1124
1114 1124 1123
1122 1121 1116
1122 1116 1115
1127 1128 1129
1127 1129 1130
1131 1132 1133
1131 1133 1134
1135 1136 1137
1135 1137 1138
1139 1140 1128
1139 1128 1127
1130 1129 1141
1130 1141 1142
1134 1133 1136
1134 1136 1135
1138 1137 1143
1138 1143 1144
1145 1146 1140
1145 1140 1139
1137 1147 1148
1137 1148 1143
1146 1149 1150
1146 1150 1140
1128 1151 1152
1128 1152 1129
1132 1153 1154
1132 1154 1133
1136 1155 1147
1136 1147 1137
1140 1150 1151
1140 1151 1128
1129 1152 1156
1129 1156 1141
1133 1154 1155
1133 1155 1136
1157 1158 1159
1157 1159 1160
1161 1162 1163
1161 1163 1164
1165 1166 1167
1165 1167 1168
1169 1170 1171
1169 1171 1172
1173 1174 1158
1173 1158 1157
1160 1159 1162
1160 1162 1161
1175 1176 1166
1175 1166 1165
1168 1167 1170
1168 1170 1169
1167 1177 1178
1167 1178 1170
1158 1179 1180
1158 1180 1159
1162 1181 1182
1162 1182 1163
1166 1183 1177
1166 1177 1167
1170 1178 1184
1170 1184 1171
1174 1185 1179
1174 1179 1158
1159 1180 1181
1159 1181 1162
1176 1186 1183
1176 1183 1166
1180 1187 1181
1178 1188 1189
1190 1188 1183
1191 1187 1179
1188 1192 1189
1190 1192 1188
1186 1190 1183
1183 1188 1177
1179 1187 1180
1181 1193 1182
1187 1194 1193
1191 1194 1187
1185 1191 1179
1177 1188 1178
1187 1193 1181
1178 1189 1184
1155 1168 1169
1155 1169 1147
1153 1175 1165
1153 1165 1154
1151 1160 1161
1151 1161 1152
1149 1173 1157
1149 1157 1150
1147 1169 1172
1147 1172 1148
1154 1165 1168
1154 1168 1155
1152 1161 1164
1152 1164 1156
1150 1157 1160
1150 1160 1151
1112 1145 1139
1112 1139 1113
1116 1138 1144
1116 1144 1117
1120 1134 1135
1120 1135 1121
1108 1130 1142
1108 1142 1109
1113 1139 1127
1113 1127 1124
1121 1135 1138
1121 1138 1116
1126 1131 1134
1126 1134 1120
1124 1127 1130
1124 1130 1108
1195 1196 1197
1195 1197 1198
1199 1200 1201
1199 1201 1202
1203 1204 1205
1203 1205 1206
1207 1208 1209
1207 1209 1210
1211 1195 1198
1211 1198 1212
1213 1207 1210
1213 1210 1214
1200 1211 1212
1200 1212 1201
1208 1203 1206
1208 1206 1209
1215 1216 1217
1215 1217 1218
1219 1220 1221
1219 1221 1222
1223 1224 1225
1223 1225 1226
1227 1215 1218
1227 1218 1228
1216 1229 1230
1216 1230 1217
1220 1223 1226
1220 1226 1221
1224 1231 1232
1224 1232 1225
1233 1227 1228
1233 1228 1234
1225 1232 1235
1225 1235 1236
1234 1228 1237
1234 1237 1238
1218 1217 1239
1218 1239 1240
1222 1221 1241
1222 1241 1242
1226 1225 1236
1226 1236 1243
1228 1218 1240
1228 1240 1237
1217 1230 1244
1217 1244 1239
1221 1226 1243
1221 1243 1241
1245 1246 1247
1245 1247 1248
1249 1250 1251
1249 1251 1252
1253 1254 1255
1253 1255 1256
1257 1258 1259
1257 1259 1260
1261 1245 1248
1261 1248 1262
1246 1249 1252
1246 1252 1247
1263 1253 1256
1263 1256 1264
1254 1257 1260
1254 1260 1255
1255 1260 1265
1255 1265 1266
1248 1247 1267
1248 1267 1268
1252 1251 1269
1252 1269 1270
1256 1255 1266
1256 1266 1271
1260 1259 1272
1260 1272 1265
1262 1248 1268
1262 1268 1273
1247 1252 1270
1247 1270 1267
1264 1256 1271
1264 1271 1274
1267 1270 1275
1265 1276 1277
1278 1271 1277
1279 1268 1275
1277 1276 1280
1278 1277 1280
1274 1271 1278
1271 1266 1277
1268 1267 1275
1270 1269 1281
1275 1281 1282
1279 1275 1282
1273 1268 1279
1266 1265 1277
1275 1270 1281
1265 1272 1276
1243 1236 1257
1243 1257 1254
1242 1241 1253
1242 1253 1263
1240 1239 1249
1240 1249 1246
1238 1237 1245
1238 1245 1261
1236 1235 1258
1236 1258 1257
1241 1243 1254
1241 1254 1253
1239 1244 1250
1239 1250 1249
1237 1240 1246
1237 1246 1245
1202 1201 1227
1202 1227 1233
1206 1205 1231
1206 1231 1224
1210 1209 1223
1210 1223 1220
1198 1197 1229
1198 1229 1216
1201 1212 1215
1201 1215 1227
1209 1206 1224
1209 1224 1223
1214 1210 1220
1214 1220 1219
1212 1198 1216
1212 1216 1215
1283 1284 1285
1283 1285 1286
1287 1288 1284
1287 1284 1283
1289 1290 1288
1289 1288 1287
1291 1292 1290
1291 1290 1289
1293 1294 1295
1293 1295 1296
1297 1298 1294
1297 1294 1293
1299 1300 1298
1299 1298 1297
1286 1285 1300
1286 1300 1299
1301 1302 1303
1301 1303 1304
1288 1305 1306
1288 1306 1284
1290 1307 1305
1290 1305 1288
1292 1307 1290
1298 1308 1294
1300 1309 1308
1300 1308 1298
1285 1310 1309
1285 1309 1300
1285 1284 1306
1285 1306 1310
1305 1311 1312
1305 1312 1306
1292 1313 1314
1292 1314 1307
1294 1315 1316
1294 1316 1295
1308 1317 1315
1308 1315 1294
1309 1304 1317
1309 1317 1308
1310 1301 1304
1310 1304 1309
1306 1312 1301
1306 1301 1310
1314 1318 1319
1314 1319 1311
1311 1319 1320
1311 1320 1312
1305 1307 1314
1305 1314 1311
1313 1321 1318
1313 1318 1314
1315 1322 1323
1315 1323 1316
1317 1324 1322
1317 1322 1315
1304 1303 1324
1304 1324 1317
1301 1312 1320
1301 1320 1302
1303 1302 1325
1303 1325 1326
1320 1327 1325
1320 1325 1302
1319 1328 1327
1319 1327 1320
1321 1329 1330
1321 1330 1318
1322 1331 1332
1322 1332 1323
1324 1333 1331
1324 1331 1322
1303 1326 1333
1303 1333 1324
1318 1330 1328
1318 1328 1319
1327 1334 1335
1327 1335 1325
1328 1336 1334
1328 1334 1327
1330 1337 1336
1330 1336 1328
1329 1338 1337
1329 1337 1330
1331 1339 1340
1331 1340 1332
1333 1341 1339
1333 1339 1331
1326 1342 1341
1326 1341 1333
1325 1335 1342
1325 1342 1326
1334 1343 1344
1334 1344 1335
1336 1345 1343
1336 1343 1334
1337 1346 1345
1337 1345 1336
1338 1347 1346
1338 1346 1337
1339 1348 1349
1339 1349 1340
1341 1350 1348
1341 1348 1339
1342 1351 1350
1342 1350 1341
1335 1344 1351
1335 1351 1342
1352 1353 1354
1352 1354 1355
1345 1356 1353
1345 1353 1343
1346 1357 1356
1346 1356 1345
1347 1358 1357
1347 1357 1346
1348 1359 1360
1348 1360 1349
1350 1361 1359
1350 1359 1348
1351 1362 1361
1351 1361 1350
1344 1352 1362
1344 1362 1351
1343 1353 1352
1343 1352 1344
1356 1363 1354
1356 1354 1353
1357 1364 1363
1357 1363 1356
1361 1365 1366
1361 1366 1359
1362 1367 1365
1362 1365 1361
1352 1355 1367
1352 1367 1362
1358 1368 1364
1358 1364 1357
1359 1366 1369
1359 1369 1360
1354 1370 1371
1354 1371 1355
1363 1372 1370
1363 1370 1354
1368 1373 1374
1368 1374 1364
1366 1375 1376
1366 1376 1369
1365 1377 1375
1365 1375 1366
1367 1378 1377
1367 1377 1365
1355 1371 1378
1355 1378 1367
1370 1379 1380
1370 1380 1371
1372 1381 1379
1372 1379 1370
1382 1383 1384
1382 1384 1374
1385 1386 1387
1385 1387 1388
1389 1390 1386
1389 1386 1385
1378 1391 1390
1378 1390 1389
1381 1372 1374
1381 1374 1384
1392 1393 1394
1392 1394 1395
1396 1397 1393
1396 1393 1392
1398 1399 1397
1398 1397 1396
1400 1401 1399
1400 1399 1398
1402 1403 1404
1402 1404 1405
1406 1407 1403
1406 1403 1402
1408 1409 1407
1408 1407 1406
1395 1394 1409
1395 1409 1408
1393 1410 1411
1393 1411 1394
1397 1412 1410
1397 1410 1393
1399 1413 1412
1399 1412 1397
1401 1414 1413
1401 1413 1399
1415 1416 1404
1407 1417 1415
1407 1415 1403
1409 1418 1417
1409 1417 1407
1394 1411 1418
1415 1419 1416
1417 1420 1419
1417 1419 1415
1418 1420 1417
1410 1421 1411
1413 1422 1412
1423 1422 1413
1419 1424 1425
1419 1425 1416
1420 1426 1424
1420 1424 1419
1418 1427 1426
1418 1426 1420
1424 1428 1425
1426 1429 1428
1426 1428 1424
1427 1430 1429
1427 1429 1426
1378 1389 1377
1377 1431 1375
1375 1431 1376
1373 1382 1374
1431 1377 1389
1431 1389 1385
1376 1431 1385
1376 1385 1388
1374 1372 1363
1374 1363 1364
1371 1380 1391
1371 1391 1378
1421 1430 1427
1411 1421 1427
1418 1411 1427
1414 1423 1413
1409 1394 1418
1403 1415 1404
1432 1433 1434
1432 1434 1435
1436 1437 1438
1436 1438 1439
1440 1441 1437
1440 1437 1436
1442 1443 1441
1442 1441 1440
1444 1445 1443
1444 1443 1442
1446 1447 1445
1446 1445 1444
1448 1449 1447
1448 1447 1446
1435 1434 1449
1435 1449 1448
1433 1450 1451
1433 1451 1434
1437 1452 1453
1437 1453 1438
1441 1454 1452
1441 1452 1437
1443 1455 1454
1443 1454 1441
1445 1456 1455
1445 1455 1443
1447 1457 1456
1447 1456 1445
1449 1458 1457
1449 1457 1447
1434 1451 1458
1434 1458 1449
1450 1459 1460
1450 1460 1451
1452 1461 1462
1452 1462 1453
1454 1463 1461
1454 1461 1452
1455 1464 1463
1455 1463 1454
1456 1465 1464
1456 1464 1455
1457 1466 1465
1457 1465 1456
1458 1467 1466
1458 1466 1457
1451 1460 1467
1451 1467 1458
1459 1468 1469
1459 1469 1460
1461 1470 1471
1461 1471 1462
1463 1472 1470
1463 1470 1461
1464 1473 1472
1464 1472 1463
1465 1474 1473
1465 1473 1464
1466 1475 1474
1466 1474 1465
1467 1476 1475
1467 1475 1466
1460 1469 1476
1460 1476 1467
1468 1477 1478
1468 1478 1469
1470 1479 1480
1470 1480 1471
1472 1481 1479
1472 1479 1470
1473 1482 1481
1473 1481 1472
1474 1483 1482
1474 1482 1473
1475 1484 1483
1475 1483 1474
1476 1485 1484
1476 1484 1475
1469 1478 1485
1469 1485 1476
1477 1486 1487
1477 1487 1478
1479 1488 1489
1479 1489 1480
1481 1490 1488
1481 1488 1479
1482 1491 1490
1482 1490 1481
1483 1492 1491
1483 1491 1482
1484 1493 1492
1484 1492 1483
1485 1494 1493
1485 1493 1484
1478 1487 1494
1478 1494 1485
1486 1495 1496
1486 1496 1487
1488 1497 1498
1488 1498 1489
1490 1499 1497
1490 1497 1488
1491 1500 1499
1491 1499 1490
1492 1501 1500
1492 1500 1491
1493 1502 1501
1493 1501 1492
1494 1503 1502
1494 1502 1493
1487 1496 1503
1487 1503 1494
1495 1504 1505
1495 1505 1496
1497 1506 1507
1497 1507 1498
1499 1508 1506
1499 1506 1497
1500 1509 1508
1500 1508 1499
1501 1510 1509
1501 1509 1500
1502 1511 1510
1502 1510 1501
1503 1512 1511
1503 1511 1502
1496 1505 1512
1496 1512 1503
1505 1513 1514
1505 1514 1512
1512 1514 1515
1512 1515 1511
1511 1515 1516
1511 1516 1510
1510 1516 1517
1510 1517 1509
1509 1517 1518
1509 1518 1508
1508 1518 1519
1508 1519 1506
1506 1519 1520
1506 1520 1507
1504 1521 1513
1504 1513 1505
1513 1522 1523
1513 1523 1514
1514 1523 1524
1514 1524 1515
1515 1524 1525
1515 1525 1516
1516 1525 1526
1516 1526 1517
1517 1526 1527
1517 1527 1518
1518 1527 1528
1518 1528 1519
1519 1528 1529
1519 1529 1520
1521 1530 1522
1521 1522 1513
1531 1532 1533
1531 1533 1534
1535 1534 1533
1535 1533 1536
1537 1535 1536
1537 1536 1538
1539 1537 1538
1539 1538 1540
1541 1542 1543
1541 1543 1544
1545 1541 1544
1545 1544 1546
1547 1545 1546
1547 1546 1548
1547 1548 1532
1547 1532 1531
1549 1550 1551
1549 1551 1552
1549 1552 1553
1549 1553 1554
1549 1554 1555
1549 1555 1556
1549 1556 1557
1549 1557 1550
1558 1559 1560
1561 1562 1563
1564 1565 1566
1564 1566 1567
1568 1559 1558
1569 1570 1563
1571 1572 1573
1574 1575 1576
1574 1576 1577
1578 1572 1579
1563 1580 1581
1582 1583 1572
1563 1581 1584
1585 1572 1586
1586 1572 1587
1563 1584 1588
1563 1588 1569
1589 1590 1591
1589 1591 1592
1563 1570 1561
1593 1594 1595
1593 1595 1596
1587 1572 1578
1566 1565 1597
1566 1597 1598
1599 1600 1601
1599 1601 1602
1603 1604 1605
1606 1603 1605
1598 1597 1607
1598 1607 1608
1580 1563 1609
1608 1607 1610
1608 1610 1611
1611 1610 1612
1611 1612 1613
1613 1612 1590
1613 1590 1589
1579 1572 1571
1592 1591 1595
1592 1595 1594
1582 1572 1585
1614 1615 1616
1614 1616 1617
1618 1619 1620
1618 1620 1621
1622 1623 1624
1622 1624 1625
1626 1627 1628
1626 1628 1629
1630 1631 1625
1630 1625 1624
1632 1633 1634
1632 1634 1635
1636 1637 1638
1636 1638 1639
1640 1641 1642
1640 1642 1643
1631 1630 1629
1631 1629 1628
1644 1645 1646
1644 1646 1647
1634 1633 1648
1634 1648 1649
1645 1644 1650
1645 1650 1651
1652 1653 1632
1652 1632 1654
1639 1638 1655
1639 1655 1656
1649 1648 1657
1649 1657 1658
1659 1660 1651
1659 1651 1650
1661 1658 1657
1661 1657 1662
1636 1663 1664
1636 1664 1637
1661 1662 1664
1661 1664 1663
1665 1666 1660
1665 1660 1659
1627 1626 1641
1627 1641 1640
1667 1668 1669
1667 1669 1670
1671 1653 1652
1670 1669 1672
1615 1620 1619
1615 1619 1616
1673 1674 1672
1673 1672 1669
1675 1668 1676
1676 1668 1667
1654 1632 1677
1677 1632 1635
1621 1678 1679
1621 1679 1618
1678 1647 1646
1678 1646 1679
1656 1655 1668
1656 1668 1675
1680 1681 1682
1680 1682 1683
1684 1685 1686
1684 1686 1687
1688 1623 1622
1688 1622 1689
1690 1691 1692
1690 1692 1693
1694 1695 1696
1694 1696 1697
1698 1699 1700
1698 1700 1701
1685 1688 1689
1685 1689 1686
1702 1703 1704
1702 1704 1705
1692 1706 1707
1692 1707 1693
1705 1708 1709
1705 1709 1702
1690 1710 1711
1690 1711 1712
1695 1713 1714
1695 1714 1696
1706 1715 1716
1706 1716 1707
1717 1709 1708
1717 1708 1718
1719 1720 1721
1719 1721 1722
1694 1697 1723
1694 1723 1724
1719 1724 1723
1719 1723 1720
1725 1717 1718
1725 1718 1726
1687 1698 1701
1687 1701 1684
1673 1727 1728
1673 1728 1729
1730 1711 1710
1729 1674 1673
1614 1617 1683
1614 1683 1682
1731 1732 1727
1732 1728 1727
1712 1733 1690
1733 1691 1690
1681 1680 1734
1681 1734 1735
1735 1734 1704
1735 1704 1703
1713 1731 1727
1713 1727 1714
1653 1671 1730
1653 1730 1710
1736 1737 1738
1736 1738 1739
1740 1741 1742
1740 1742 1743
1744 1745 1746
1744 1746 1747
1748 1749 1750
1748 1750 1751
1752 1746 1745
1752 1745 1753
1754 1755 1756
1754 1756 1757
1758 1759 1760
1758 1760 1761
1762 1763 1764
1762 1764 1765
1749 1752 1753
1749 1753 1750
1766 1767 1768
1766 1768 1769
1756 1770 1771
1756 1771 1757
1769 1772 1773
1769 1773 1766
1754 1774 1775
1754 1775 1776
1759 1777 1778
1759 1778 1760
1770 1779 1780
1770 1780 1771
1781 1773 1772
1781 1772 1782
1783 1784 1780
1783 1780 1779
1758 1761 1785
1758 1785 1786
1783 1786 1785
1783 1785 1784
1787 1781 1782
1787 1782 1788
1751 1762 1765
1751 1765 1748
1789 1790 1791
1789 1791 1792
1793 1775 1774
1792 1794 1789
1739 1738 1743
1739 1743 1742
1795 1789 1794
1795 1794 1796
1797 1798 1790
1798 1791 1790
1776 1799 1754
1799 1755 1754
1741 1740 1800
1741 1800 1801
1801 1800 1768
1801 1768 1767
1777 1797 1790
1777 1790 1778
1802 1803 1804
1802 1804 1805
1806 1807 1808
1806 1808 1809
1810 1811 1744
1810 1744 1747
1812 1813 1814
1812 1814 1815
1816 1817 1818
1816 1818 1819
1820 1821 1822
1820 1822 1823
1811 1810 1809
1811 1809 1808
1824 1825 1826
1824 1826 1827
1814 1813 1828
1814 1828 1829
1825 1824 1830
1825 1830 1831
1832 1833 1812
1832 1812 1834
1819 1818 1835
1819 1835 1836
1829 1828 1837
1829 1837 1838
1839 1840 1831
1839 1831 1830
1841 1842 1843
1841 1843 1844
1816 1845 1846
1816 1846 1817
1841 1844 1846
1841 1846 1845
1847 1848 1840
1847 1840 1839
1807 1806 1821
1807 1821 1820
1849 1850 1795
1849 1795 1851
1852 1833 1832
1851 1795 1796
1736 1804 1803
1736 1803 1737
1853 1850 1854
1854 1850 1849
1834 1812 1855
1855 1812 1815
1805 1856 1857
1805 1857 1802
1856 1827 1826
1856 1826 1857
1836 1835 1850
1836 1850 1853
1774 1833 1852
1774 1852 1793
1858 1859 1860
1861 1862 1859
1861 1859 1858
1861 1863 1862
1864 1865 1866
1864 1866 1867
1868 1869 1870
1868 1870 1871
1872 1873 1874
1872 1874 1875
1876 1877 1878
1876 1878 1879
1860 1859 1880
1860 1880 1881
1882 1883 1884
1885 1882 1884
1885 1884 1886
1885 1886 1887
1888 1889 1866
1888 1866 1865
1864 1867 1877
1864 1877 1876
1883 1890 1891
1883 1891 1884
1892 1893 1894
1895 1892 1894
1895 1894 1896
1895 1896 1897
1898 1899 1900
1898 1900 1901
1902 1903 1904
1902 1904 1905
1862 1863 1897
1862 1897 1896
1893 1906 1907
1893 1907 1894
1908 1909 1910
1911 1912 1909
1911 1909 1908
1911 1913 1912
1874 1914 1915
1874 1915 1875
1872 1898 1901
1872 1901 1873
1878 1900 1899
1878 1899 1879
1887 1886 1912
1887 1912 1913
1910 1909 1916
1910 1916 1917
1918 1919 1920
1921 1918 1920
1921 1920 1922
1921 1922 1923
1924 1925 1926
1924 1926 1927
1928 1929 1930
1928 1930 1931
1932 1933 1934
1932 1934 1935
1936 1937 1938
1936 1938 1939
1919 1940 1941
1919 1941 1920
1942 1943 1944
1945 1946 1943
1945 1943 1942
1945 1947 1946
1948 1927 1926
1948 1926 1949
1924 1936 1939
1924 1939 1925
1944 1943 1950
1944 1950 1951
1952 1953 1954
1955 1956 1953
1955 1953 1952
1955 1957 1956
1958 1959 1960
1958 1960 1961
1962 1963 1964
1962 1964 1965
1922 1956 1957
1922 1957 1923
1954 1953 1966
1954 1966 1967
1968 1969 1970
1971 1968 1970
1971 1970 1972
1971 1972 1973
1934 1933 1974
1934 1974 1975
1932 1935 1959
1932 1959 1958
1938 1937 1961
1938 1961 1960
1947 1973 1972
1947 1972 1946
1969 1976 1977
1969 1977 1970
1978 1979 1980
1978 1980 1981
1982 1983 1984
1982 1984 1985
1986 1982 1985
1986 1985 1987
1988 1986 1987
1988 1987 1989
1990 1988 1989
1990 1989 1991
1992 1990 1991
1992 1991 1993
1994 1992 1993
1994 1993 1995
1979 1994 1995
1979 1995 1980
1981 1980 1996
1981 1996 1997
1985 1984 1998
1985 1998 1999
1987 1985 1999
1987 1999 2000
1989 1987 2000
1989 2000 2001
1991 1989 2001
1991 2001 2002
1993 1991 2002
1993 2002 2003
1995 1993 2003
1995 2003 2004
1980 1995 2004
1980 2004 1996
1997 1996 2005
1997 2005 2006
1999 1998 2007
1999 2007 2008
2000 1999 2008
2000 2008 2009
2001 2000 2009
2001 2009 2010
2002 2001 2010
2002 2010 2011
2003 2002 2011
2003 2011 2012
2004 2003 2012
2004 2012 2013
1996 2004 2013
1996 2013 2005
2006 2005 2014
2006 2014 2015
2008 2007 2016
2008 2016 2017
2009 2008 2017
2009 2017 2018
2010 2009 2018
2010 2018 2019
2011 2010 2019
2011 2019 2020
2012 2011 2020
2012 2020 2021
2013 2012 2021
2013 2021 2022
2005 2013 2022
2005 2022 2014
2015 2014 2023
2015 2023 2024
2017 2016 2025
2017 2025 2026
2018 2017 2026
2018 2026 2027
2019 2018 2027
2019 2027 2028
2020 2019 2028
2020 2028 2029
2021 2020 2029
2021 2029 2030
2022 2021 2030
2022 2030 2031
2014 2022 2031
2014 2031 2023
2024 2023 2032
2024 2032 2033
2026 2025 2034
2026 2034 2035
2027 2026 2035
2027 2035 2036
2028 2027 2036
2028 2036 2037
2029 2028 2037
2029 2037 2038
2030 2029 2038
2030 2038 2039
2031 2030 2039
2031 2039 2040
2023 2031 2040
2023 2040 2032
2033 2032 2041
2033 2041 2042
2035 2034 2043
2035 2043 2044
2036 2035 2044
2036 2044 2045
2037 2036 2045
2037 2045 2046
2038 2037 2046
2038 2046 2047
2039 2038 2047
2039 2047 2048
2040 2039 2048
2040 2048 2049
2032 2040 2049
2032 2049 2041
2042 2041 2050
2042 2050 2051
2044 2043 2052
2044 2052 2053
2045 2044 2053
2045 2053 2054
2046 2045 2054
2046 2054 2055
2047 2046 2055
2047 2055 2056
2048 2047 2056
2048 2056 2057
2049 2048 2057
2049 2057 2058
2041 2049 2058
2041 2058 2050
2050 2058 2059
2050 2059 2060
2058 2057 2061
2058 2061 2059
2057 2056 2062
2057 2062 2061
2056 2055 2063
2056 2063 2062
2055 2054 2064
2055 2064 2063
2054 2053 2065
2054 2065 2064
2053 2052 2066
2053 2066 2065
2051 2050 2060
2051 2060 2067
2060 2059 2068
2060 2068 2069
2059 2061 2070
2059 2070 2068
2061 2062 2071
2061 2071 2070
2062 2063 2072
2062 2072 2071
2063 2064 2073
2063 2073 2072
2064 2065 2074
2064 2074 2073
2065 2066 2075
2065 2075 2074
2067 2060 2069
2067 2069 2076
2077 2078 2079
2077 2079 2080
2081 2082 2079
2081 2079 2078
2083 2084 2082
2083 2082 2081
2085 2086 2084
2085 2084 2083
2087 2088 2089
2087 2089 2090
2091 2092 2088
2091 2088 2087
2093 2094 2092
2093 2092 2091
2093 2077 2080
2093 2080 2094
2095 2096 2097
2095 2098 2096
2095 2099 2098
2095 2100 2099
2095 2101 2100
2095 2102 2101
2095 2103 2102
2095 2097 2103
2104 2105 2106
2104 2106 2107
2108 2109 2110
2108 2110 2111
2112 2113 2109
2112 2109 2108
2114 2115 2113
2114 2113 2112
2116 2117 2118
2116 2118 2119
2120 2121 2117
2120 2117 2116
2107 2106 2121
2107 2121 2120
2111 2110 2105
2111 2105 2104
2122 2123 2124
2125 2123 2122
2126 2123 2127
2124 2123 2128
2127 2123 2125
2128 2123 2129
2130 2131 2132
2130 2132 2133
2134 2135 2131
2134 2131 2130
2136 2137 2135
2136 2135 2134
2138 2139 2140
2138 2140 2141
2142 2143 2139
2142 2139 2138
2144 2145 2143
2144 2143 2142
2146 2147 2145
2146 2145 2144
2133 2132 2147
2133 2147 2146
2148 2149 2150
2150 2149 2151
2151 2149 2152
2153 2154 2155
2153 2155 2156
2157 2158 2159
2157 2159 2160
2161 2162 2163
2161 2163 2164
2165 2166 2167
2165 2167 2168
2156 2155 2169
2156 2169 2170
2164 2163 2158
2164 2158 2157
2171 2172 2162
2171 2162 2161
2170 2169 2166
2170 2166 2165
2173 2174 2175
2176 2177 2178
2166 2178 2167
2179 2175 2174
2169 2176 2166
2166 2176 2178
2172 2173 2162
2155 2180 2176
2162 2175 2163
2158 2179 2159
2155 2176 2169
2154 2180 2155
2162 2173 2175
2163 2175 2158
2158 2175 2179
2180 2177 2176
2181 2149 2182
2183 2149 2181
2152 2149 2183
2184 2185 2186
2184 2186 2187
2188 2189 2190
2188 2190 2191
2192 2188 2191
2192 2191 2193
2194 2192 2193
2194 2193 2195
2196 2197 2198
2196 2198 2199
2200 2196 2199
2200 2199 2201
2185 2200 2201
2185 2201 2186
2189 2184 2187
2189 2187 2190
2202 2203 2204
2205 2202 2204
2206 2207 2204
2203 2208 2204
2207 2205 2204
2208 2209 2204
2210 2211 2212
2210 2212 2213
2214 2210 2213
2214 2213 2215
2216 2214 2215
2216 2215 2217
2218 2219 2220
2218 2220 2221
2222 2218 2221
2222 2221 2223
2224 2222 2223
2224 2223 2225
2226 2224 2225
2226 2225 2227
2211 2226 2227
2211 2227 2212
2228 2229 2230
2229 2231 2230
2231 2232 2230
2233 2234 2235
2233 2235 2236
2237 2238 2239
2237 2239 2240
2241 2242 2243
2241 2243 2244
2245 2246 2247
2245 2247 2248
2234 2249 2250
2234 2250 2235
2242 2237 2240
2242 2240 2243
2251 2241 2244
2251 2244 2252
2249 2245 2248
2249 2248 2250
2253 2254 2255
2256 2257 2258
2248 2247 2257
2259 2255 2254
2250 2248 2256
2248 2257 2256
2252 2244 2253
2235 2256 2260
2244 2243 2254
2240 2239 2259
2235 2250 2256
2236 2235 2260
2244 2254 2253
2243 2240 2254
2240 2259 2254
2260 2256 2258
2261 2262 2230
2263 2261 2230
2232 2263 2230
2264 2265 2266
2264 2266 2267
2268 2269 2270
2268 2270 2271
2272 2273 2269
2272 2269 2268
2274 2275 2273
2274 2273 2272
2276 2277 2275
2276 2275 2274
2267 2266 2278
2267 2278 2279
2271 2270 2280
2271 2280 2281
2281 2280 2265
2281 2265 2264
2282 2283 2284
2282 2284 2285
2286 2287 2288
2286 2288 2289
2290 2286 2289
2290 2289 2291
2292 2290 2291
2292 2291 2293
2294 2292 2293
2294 2293 2295
2283 2296 2297
2283 2297 2284
2287 2298 2299
2287 2299 2288
2298 2282 2285
2298 2285 2299
2300 2301 2302
2300 2302 2303
2301 2304 2305
2301 2305 2302
2304 2306 2307
2304 2307 2305
2306 2308 2309
2306 2309 2307
2310 2311 2312
2310 2312 2313
2311 2314 2315
2311 2315 2312
2316 2317 2318
2316 2318 2319
2314 2320 2321
2314 2321 2315
2320 2300 2303
2320 2303 2321
2317 2322 2323
2317 2323 2318
2324 2316 2319
2324 2319 2325
2326 2324 2325
2326 2325 2327
2328 2329 2330
2328 2330 2331
2332 2328 2331
2332 2331 2333
2334 2332 2333
2334 2333 2335
2322 2334 2335
2322 2335 2323
2318 2323 2300
2318 2300 2320
2319 2318 2320
2319 2320 2314
2325 2319 2314
2325 2314 2311
2327 2325 2311
2327 2311 2310
2331 2330 2308
2331 2308 2306
2333 2331 2306
2333 2306 2304
2335 2333 2304
2335 2304 2301
2323 2335 2301
2323 2301 2300
2336 2337 2338
2336 2338 2339
2340 2341 2342
2340 2342 2343
2344 2345 2341
2344 2341 2340
2346 2347 2348
2346 2348 2349
2350 2351 2337
2350 2337 2336
2352 2353 2347
2352 2347 2346
2343 2342 2351
2343 2351 2350
2349 2348 2345
2349 2345 2344
2354 2355 2356
2357 2355 2358
2359 2355 2354
2356 2355 2360
2361 2355 2357
2358 2355 2359
2317 2362 2363
2317 2363 2322
2324 2364 2365
2324 2365 2316
2328 2366 2367
2328 2367 2329
2334 2368 2369
2334 2369 2332
2316 2365 2362
2316 2362 2317
2326 2370 2364
2326 2364 2324
2332 2369 2366
2332 2366 2328
2322 2363 2368
2322 2368 2334
2365 2371 2372
2365 2372 2362
2368 2373 2374
2368 2374 2369
2366 2375 2376
2366 2376 2367
2364 2377 2371
2364 2371 2365
2362 2372 2378
2362 2378 2363
2363 2378 2373
2363 2373 2368
2369 2374 2375
2369 2375 2366
2370 2379 2377
2370 2377 2364
2380 2381 2382
2380 2382 2383
2381 2384 2385
2381 2385 2382
2384 2386 2387
2384 2387 2385
2386 2388 2389
2386 2389 2387
2390 2391 2392
2390 2392 2393
2391 2394 2395
2391 2395 2392
2396 2397 2398
2396 2398 2399
2394 2400 2401
2394 2401 2395
2400 2380 2383
2400 2383 2401
2397 2402 2403
2397 2403 2398
2404 2396 2399
2404 2399 2405
2406 2404 2405
2406 2405 2407
2408 2409 2410
2408 2410 2411
2412 2408 2411
2412 2411 2413
2414 2412 2413
2414 2413 2415
2402 2414 2415
2402 2415 2403
2398 2403 2380
2398 2380 2400
2399 2398 2400
2399 2400 2394
2405 2399 2394
2405 2394 2391
2407 2405 2391
2407 2391 2390
2411 2410 2388
2411 2388 2386
2413 2411 2386
2413 2386 2384
2415 2413 2384
2415 2384 2381
2403 2415 2381
2403 2381 2380
2416 2417 2418
2416 2418 2419
2420 2421 2422
2420 2422 2423
2424 2425 2421
2424 2421 2420
2426 2427 2428
2426 2428 2429
2430 2431 2417
2430 2417 2416
2432 2433 2427
2432 2427 2426
2423 2422 2431
2423 2431 2430
2429 2428 2425
2429 2425 2424
2434 2435 2436
2437 2435 2438
2439 2435 2434
2436 2435 2440
2441 2435 2437
2438 2435 2439
2397 2442 2443
2397 2443 2402
2404 2444 2445
2404 2445 2396
2408 2446 2447
2408 2447 2409
2414 2448 2449
2414 2449 2412
2396 2445 2442
2396 2442 2397
2406 2450 2444
2406 2444 2404
2412 2449 2446
2412 2446 2408
2402 2443 2448
2402 2448 2414
2445 2451 2452
2445 2452 2442
2448 2453 2454
2448 2454 2449
2446 2455 2456
2446 2456 2447
2444 2457 2451
2444 2451 2445
2442 2452 2458
2442 2458 2443
2443 2458 2453
2443 2453 2448
2449 2454 2455
2449 2455 2446
2450 2459 2457
2450 2457 2444
2460 2461 2462
2460 2462 2463
2461 2464 2465
2461 2465 2462
2464 2466 2467
2464 2467 2465
2466 2468 2469
2466 2469 2467
2470 2471 2472
2470 2472 2473
2471 2474 2475
2471 2475 2472
2476 2477 2478
2476 2478 2479
2474 2480 2481
2474 2481 2475
2480 2460 2463
2480 2463 2481
2477 2482 2483
2477 2483 2478
2484 2476 2479
2484 2479 2485
2486 2484 2485
2486 2485 2487
2488 2489 2490
2488 2490 2491
2492 2488 2491
2492 2491 2493
2494 2492 2493
2494 2493 2495
2482 2494 2495
2482 2495 2483
2478 2483 2460
2478 2460 2480
2479 2478 2480
2479 2480 2474
2485 2479 2474
2485 2474 2471
2487 2485 2471
2487 2471 2470
2491 2490 2468
2491 2468 2466
2493 2491 2466
2493 2466 2464
2495 2493 2464
2495 2464 2461
2483 2495 2461
2483 2461 2460
2496 2497 2498
2496 2498 2499
2500 2501 2502
2500 2502 2503
2504 2505 2501
2504 2501 2500
2506 2507 2508
2506 2508 2509
2510 2511 2497
2510 2497 2496
2512 2513 2507
2512 2507 2506
2503 2502 2511
2503 2511 2510
2509 2508 2505
2509 2505 2504
2514 2515 2516
2517 2515 2518
2519 2515 2514
2516 2515 2520
2521 2515 2517
2518 2515 2519
2477 2522 2523
2477 2523 2482
2484 2524 2525
2484 2525 2476
2488 2526 2527
2488 2527 2489
2494 2528 2529
2494 2529 2492
2476 2525 2522
2476 2522 2477
2486 2530 2524
2486 2524 2484
2492 2529 2526
2492 2526 2488
2482 2523 2528
2482 2528 2494
2525 2531 2532
2525 2532 2522
2528 2533 2534
2528 2534 2529
2526 2535 2536
2526 2536 2527
2524 2537 2531
2524 2531 2525
2522 2532 2538
2522 2538 2523
2523 2538 2533
2523 2533 2528
2529 2534 2535
2529 2535 2526
2530 2539 2537
2530 2537 2524
2540 2541 2542
2540 2542 2543
2541 2544 2545
2541 2545 2542
2544 2546 2547
2544 2547 2545
2546 2548 2549
2546 2549 2547
2550 2551 2552
2550 2552 2553
2551 2554 2555
2551 2555 2552
2556 2557 2558
2556 2558 2559
2554 2560 2561
2554 2561 2555
2560 2540 2543
2560 2543 2561
2557 2562 2563
2557 2563 2558
2564 2556 2559
2564 2559 2565
2566 2564 2565
2566 2565 2567
2568 2569 2570
2568 2570 2571
2572 2568 2571
2572 2571 2573
2574 2572 2573
2574 2573 2575
2562 2574 2575
2562 2575 2563
2558 2563 2540
2558 2540 2560
2559 2558 2560
2559 2560 2554
2565 2559 2554
2565 2554 2551
2567 2565 2551
2567 2551 2550
2571 2570 2548
2571 2548 2546
2573 2571 2546
2573 2546 2544
2575 2573 2544
2575 2544 2541
2563 2575 2541
2563 2541 2540
2576 2577 2578
2576 2578 2579
2580 2581 2582
2580 2582 2583
2584 2585 2581
2584 2581 2580
2586 2587 2588
2586 2588 2589
2590 2591 2577
2590 2577 2576
2592 2593 2587
2592 2587 2586
2583 2582 2591
2583 2591 2590
2589 2588 2585
2589 2585 2584
2594 2595 2596
2597 2595 2598
2599 2595 2594
2596 2595 2600
2601 2595 2597
2598 2595 2599
2557 2602 2603
2557 2603 2562
2564 2604 2605
2564 2605 2556
2568 2606 2607
2568 2607 2569
2574 2608 2609
2574 2609 2572
2556 2605 2602
2556 2602 2557
2566 2610 2604
2566 2604 2564
2572 2609 2606
2572 2606 2568
2562 2603 2608
2562 2608 2574
2605 2611 2612
2605 2612 2602
2608 2613 2614
2608 2614 2609
2606 2615 2616
2606 2616 2607
2604 2617 2611
2604 2611 2605
2602 2612 2618
2602 2618 2603
2603 2618 2613
2603 2613 2608
2609 2614 2615
2609 2615 2606
2610 2619 2617
2610 2617 2604
2620 2621 2622
2620 2622 2623
2623 2622 2624
2623 2624 2625
2625 2624 2626
2625 2626 2627
2627 2626 2628
2627 2628 2629
2630 2631 2632
2630 2632 2633
2633 2632 2634
2633 2634 2635
2636 2637 2638
2636 2638 2639
2635 2634 2640
2635 2640 2641
2641 2640 2621
2641 2621 2620
2639 2638 2642
2639 2642 2643
2644 2645 2637
2644 2637 2636
2646 2647 2645
2646 2645 2644
2648 2649 2650
2648 2650 2651
2652 2653 2649
2652 2649 2648
2654 2655 2653
2654 2653 2652
2643 2642 2655
2643 2655 2654
2638 2641 2620
2638 2620 2642
2637 2635 2641
2637 2641 2638
2645 2633 2635
2645 2635 2637
2647 2630 2633
2647 2633 2645
2649 2627 2629
2649 2629 2650
2653 2625 2627
2653 2627 2649
2655 2623 2625
2655 2625 2653
2642 2620 2623
2642 2623 2655
2656 2657 2658
2656 2658 2659
2660 2661 2662
2660 2662 2663
2664 2660 2663
2664 2663 2665
2666 2667 2668
2666 2668 2669
2670 2656 2659
2670 2659 2671
2672 2666 2669
2672 2669 2673
2661 2670 2671
2661 2671 2662
2667 2664 2665
2667 2665 2668
2674 2675 2676
2677 2678 2676
2679 2674 2676
2675 2680 2676
2681 2677 2676
2678 2679 2676
2639 2643 2682
2639 2682 2683
2644 2636 2684
2644 2684 2685
2648 2651 2686
2648 2686 2687
2654 2652 2688
2654 2688 2689
2636 2639 2683
2636 2683 2684
2646 2644 2685
2646 2685 2690
2652 2648 2687
2652 2687 2688
2643 2654 2689
2643 2689 2682
2684 2683 2691
2684 2691 2692
2689 2688 2693
2689 2693 2694
2687 2686 2695
2687 2695 2696
2685 2684 2692
2685 2692 2697
2683 2682 2698
2683 2698 2691
2682 2689 2694
2682 2694 2698
2688 2687 2696
2688 2696 2693
2690 2685 2697
2690 2697 2699
2700 2701 2702
2700 2702 2703
2703 2702 2704
2703 2704 2705
2705 2704 2706
2705 2706 2707
2707 2706 2708
2707 2708 2709
2710 2711 2712
2710 2712 2713
2713 2712 2714
2713 2714 2715
2716 2717 2718
2716 2718 2719
2715 2714 2720
2715 2720 2721
2721 2720 2701
2721 2701 2700
2719 2718 2722
2719 2722 2723
2724 2725 2717
2724 2717 2716
2726 2727 2725
2726 2725 2724
2728 2729 2730
2728 2730 2731
2732 2733 2729
2732 2729 2728
2734 2735 2733
2734 2733 2732
2723 2722 2735
2723 2735 2734
2718 2721 2700
2718 2700 2722
2717 2715 2721
2717 2721 2718
2725 2713 2715
2725 2715 2717
2727 2710 2713
2727 2713 2725
2729 2707 2709
2729 2709 2730
2733 2705 2707
2733 2707 2729
2735 2703 2705
2735 2705 2733
2722 2700 2703
2722 2703 2735
2736 2737 2738
2736 2738 2739
2740 2741 2742
2740 2742 2743
2744 2740 2743
2744 2743 2745
2746 2747 2748
2746 2748 2749
2750 2736 2739
2750 2739 2751
2752 2746 2749
2752 2749 2753
2741 2750 2751
2741 2751 2742
2747 2744 2745
2747 2745 2748
2754 2755 2756
2757 2758 2756
2759 2754 2756
2755 2760 2756
2761 2757 2756
2758 2759 2756
2719 2723 2762
2719 2762 2763
2724 2716 2764
2724 2764 2765
2728 2731 2766
2728 2766 2767
2734 2732 2768
2734 2768 2769
2716 2719 2763
2716 2763 2764
2726 2724 2765
2726 2765 2770
2732 2728 2767
2732 2767 2768
2723 2734 2769
2723 2769 2762
2764 2763 2771
2764 2771 2772
2769 2768 2773
2769 2773 2774
2767 2766 2775
2767 2775 2776
2765 2764 2772
2765 2772 2777
2763 2762 2778
2763 2778 2771
2762 2769 2774
2762 2774 2778
2768 2767 2776
2768 2776 2773
2770 2765 2777
2770 2777 2779
2780 2781 2782
2780 2782 2783
2783 2782 2784
2783 2784 2785
2785 2784 2786
2785 2786 2787
2787 2786 2788
2787 2788 2789
2790 2791 2792
2790 2792 2793
2793 2792 2794
2793 2794 2795
2796 2797 2798
2796 2798 2799
2795 2794 2800
2795 2800 2801
2801 2800 2781
2801 2781 2780
2799 2798 2802
2799 2802 2803
2804 2805 2797
2804 2797 2796
2806 2807 2805
2806 2805 2804
2808 2809 2810
2808 2810 2811
2812 2813 2809
2812 2809 2808
2814 2815 2813
2814 2813 2812
2803 2802 2815
2803 2815 2814
2798 2801 2780
2798 2780 2802
2797 2795 2801
2797 2801 2798
2805 2793 2795
2805 2795 2797
2807 2790 2793
2807 2793 2805
2809 2787 2789
2809 2789 2810
2813 2785 2787
2813 2787 2809
2815 2783 2785
2815 2785 2813
2802 2780 2783
2802 2783 2815
2816 2817 2818
2816 2818 2819
2820 2821 2822
2820 2822 2823
2824 2820 2823
2824 2823 2825
2826 2827 2828
2826 2828 2829
2830 2816 2819
2830 2819 2831
2832 2826 2829
2832 2829 2833
2821 2830 2831
2821 2831 2822
2827 2824 2825
2827 2825 2828
2834 2835 2836
2837 2838 2836
2839 2834 2836
2835 2840 2836
2841 2837 2836
2838 2839 2836
2799 2803 2842
2799 2842 2843
2804 2796 2844
2804 2844 2845
2808 2811 2846
2808 2846 2847
2814 2812 2848
2814 2848 2849
2796 2799 2843
2796 2843 2844
2806 2804 2845
2806 2845 2850
2812 2808 2847
2812 2847 2848
2803 2814 2849
2803 2849 2842
2844 2843 2851
2844 2851 2852
2849 2848 2853
2849 2853 2854
2847 2846 2855
2847 2855 2856
2845 2844 2852
2845 2852 2857
2843 2842 2858
2843 2858 2851
2842 2849 2854
2842 2854 2858
2848 2847 2856
2848 2856 2853
2850 2845 2857
2850 2857 2859
2860 2861 2862
2860 2862 2863
2863 2862 2864
2863 2864 2865
2865 2864 2866
2865 2866 2867
2867 2866 2868
2867 2868 2869
2870 2871 2872
2870 2872 2873
2873 2872 2874
2873 2874 2875
2876 2877 2878
2876 2878 2879
2875 2874 2880
2875 2880 2881
2881 2880 2861
2881 2861 2860
2879 2878 2882
2879 2882 2883
2884 2885 2877
2884 2877 2876
2886 2887 2885
2886 2885 2884
2888 2889 2890
2888 2890 2891
2892 2893 2889
2892 2889 2888
2894 2895 2893
2894 2893 2892
2883 2882 2895
2883 2895 2894
2878 2881 2860
2878 2860 2882
2877 2875 2881
2877 2881 2878
2885 2873 2875
2885 2875 2877
2887 2870 2873
2887 2873 2885
2889 2867 2869
2889 2869 2890
2893 2865 2867
2893 2867 2889
2895 2863 2865
2895 2865 2893
2882 2860 2863
2882 2863 2895
2896 2897 2898
2896 2898 2899
2900 2901 2902
2900 2902 2903
2904 2900 2903
2904 2903 2905
2906 2907 2908
2906 2908 2909
2910 2896 2899
2910 2899 2911
2912 2906 2909
2912 2909 2913
2901 2910 2911
2901 2911 2902
2907 2904 2905
2907 2905 2908
2914 2915 2916
2917 2918 2916
2919 2914 2916
2915 2920 2916
2921 2917 2916
2918 2919 2916
2879 2883 2922
2879 2922 2923
2884 2876 2924
2884 2924 2925
2888 2891 2926
2888 2926 2927
2894 2892 2928
2894 2928 2929
2876 2879 2923
2876 2923 2924
2886 2884 2925
2886 2925 2930
2892 2888 2927
2892 2927 2928
2883 2894 2929
2883 2929 2922
2924 2923 2931
2924 2931 2932
2929 2928 2933
2929 2933 2934
2927 2926 2935
2927 2935 2936
2925 2924 2932
2925 2932 2937
2923 2922 2938
2923 2938 2931
2922 2929 2934
2922 2934 2938
2928 2927 2936
2928 2936 2933
2930 2925 2937
2930 2937 2939
210 213 2940
210 2940 2941
288 291 293
288 293 292
