byte offset: 0
first index: 0
index count: 8376
topology: trianglelist
format: DXGI_FORMAT_R16_UINT

0 1 2
3 4 5
6 7 8
9 10 11
12 13 14
15 16 17
18 19 20
21 22 23
24 25 26
27 28 29
30 31 32
33 34 35
36 37 38
39 40 41
42 43 44
42 44 45
45 44 46
45 46 47
47 46 48
47 48 49
49 48 50
50 48 51
49 50 52
53 50 51
49 52 54
53 51 55
55 56 53
54 52 57
54 57 58
59 56 55
57 60 58
57 61 60
61 62 60
59 55 63
62 64 60
59 64 62
63 65 59
59 65 64
66 64 65
66 65 67
67 68 66
67 69 68
70 71 72
70 72 73
74 70 73
74 73 75
76 74 75
76 75 77
76 77 78
79 80 81
79 82 80
79 83 82
84 82 83
84 85 82
86 85 84
86 84 87
88 89 90
88 91 89
92 91 88
92 93 91
92 94 93
95 94 92
93 94 96
97 94 95
96 94 98
99 94 97
94 100 98
101 94 99
100 94 102
102 94 101
103 102 101
103 104 102
105 104 103
105 103 106
107 108 109
107 109 110
111 107 110
111 110 112
111 112 113
111 113 114
115 114 113
115 113 116
115 116 117
115 117 118
118 117 119
118 119 120
121 120 119
121 119 122
121 122 123
121 123 124
125 124 123
125 123 126
127 125 126
127 126 128
127 128 129
127 129 130
130 129 131
130 131 132
133 132 131
133 131 134
133 134 135
133 135 136
136 135 137
136 137 138
138 137 139
138 139 140
140 139 141
140 141 142
143 142 141
143 141 144
145 146 147
145 148 146
149 148 145
149 150 148
151 150 149
151 152 150
150 152 153
154 152 151
155 153 152
156 152 154
157 156 154
155 152 158
152 156 158
155 158 159
157 160 156
161 160 157
162 160 161
160 162 163
164 160 163
164 156 160
158 156 164
165 158 164
165 159 158
166 159 165
166 167 159
166 168 167
168 169 167
168 170 169
171 169 170
171 172 169
173 172 171
174 171 170
171 175 173
174 176 171
171 176 175
177 176 174
175 176 178
178 176 177
179 180 181
179 181 182
183 179 182
183 182 184
185 183 184
185 184 186
186 187 185
187 188 185
186 189 187
190 188 187
186 191 189
190 192 188
192 190 193
194 189 191
194 191 195
196 192 193
197 194 195
197 198 194
198 197 199
196 200 192
199 197 201
196 199 201
200 196 202
196 201 202
202 201 203
202 203 204
204 203 205
204 205 206
207 208 209
207 209 210
210 209 211
210 211 212
212 211 213
212 213 214
213 215 214
216 217 218
219 216 218
219 220 216
219 221 220
219 222 221
221 222 223
221 223 224
225 226 227
225 227 228
229 225 228
229 228 230
229 230 231
232 229 231
230 233 231
234 232 231
233 235 231
236 234 231
231 235 237
238 236 231
237 239 231
239 238 231
240 238 239
240 239 241
242 240 241
242 243 240
244 245 246
244 246 247
247 246 248
247 248 249
248 250 249
248 251 250
250 251 252
250 252 253
252 254 253
252 255 254
255 256 254
255 257 256
256 257 258
256 258 259
258 260 259
258 261 260
260 261 262
260 262 263
263 262 264
263 264 265
264 266 265
264 267 266
267 268 266
267 269 268
268 269 270
268 270 271
270 272 271
270 273 272
273 274 272
273 275 274
275 276 274
275 277 276
277 278 276
277 279 278
278 279 280
278 280 281
282 283 284
282 284 285
286 282 285
286 285 287
288 286 287
288 287 289
287 290 289
291 288 289
289 290 292
293 291 289
293 294 291
289 292 295
289 295 293
292 296 295
293 297 294
298 294 297
299 298 297
297 300 299
297 301 300
297 293 301
295 301 293
302 301 295
302 295 296
303 302 296
303 296 304
303 304 305
306 305 304
306 307 305
308 307 306
308 306 309
310 308 309
308 311 307
308 310 312
308 313 311
308 312 313
314 311 313
312 315 313
315 314 313
316 317 318
316 319 317
320 317 319
320 319 321
322 319 316
321 319 322
323 322 316
321 322 324
323 325 322
324 322 325
326 325 323
324 325 326
327 326 323
324 326 328
329 326 327
328 326 329
330 329 327
328 329 330
331 330 327
328 330 332
331 333 330
332 330 333
334 333 331
332 333 334
335 334 331
332 334 336
335 336 334
332 336 337
338 336 335
337 336 338
339 338 335
337 338 340
339 340 338
337 340 341
342 340 339
341 340 342
343 342 339
341 342 344
343 344 342
341 344 345
346 344 343
345 344 346
347 346 343
345 346 347
347 343 348
345 347 349
350 347 348
349 347 350
351 350 348
352 349 350
351 353 350
352 350 353
354 353 351
352 353 354
355 354 351
352 354 355
355 351 356
352 355 357
358 355 356
357 355 358
359 358 356
357 358 360
359 360 358
357 360 361
362 360 359
361 360 362
363 362 359
362 364 361
363 365 362
364 362 365
365 363 366
364 365 367
368 365 366
367 365 368
369 368 366
367 368 370
369 371 368
370 368 371
372 371 369
370 371 372
373 372 369
370 372 374
373 375 372
374 372 375
376 375 373
374 375 376
377 376 373
374 376 378
377 378 376
374 378 379
379 378 380
380 378 377
381 379 380
382 380 377
381 380 382
382 377 383
384 382 383
381 382 384
385 384 383
381 384 386
385 386 384
381 386 387
388 386 385
387 386 388
389 388 385
387 388 390
389 390 388
387 390 391
392 390 389
391 390 392
393 392 389
391 392 394
393 394 392
391 394 395
396 394 393
395 394 396
397 396 393
395 396 397
397 393 398
395 397 399
400 397 398
399 397 400
401 400 398
400 402 399
403 400 401
402 400 403
404 403 401
402 403 404
404 401 405
402 404 406
407 404 405
406 404 407
406 407 408
407 405 409
408 407 410
410 407 409
411 408 410
412 410 409
411 410 412
412 409 413
411 412 414
414 412 413
415 411 414
416 414 413
416 417 414
415 414 417
418 417 416
415 417 418
419 418 416
415 418 420
419 420 418
415 420 421
422 420 419
421 420 422
423 422 419
421 422 424
423 424 422
421 424 425
426 424 423
425 424 426
427 426 423
425 426 428
427 428 426
425 428 429
430 428 427
429 428 430
431 430 427
429 430 431
431 427 432
429 431 433
434 431 432
433 431 434
435 434 432
433 434 435
435 432 436
433 435 437
437 435 438
438 435 436
437 438 439
439 438 436
440 437 439
441 439 436
440 439 441
442 441 436
440 441 443
441 442 443
440 443 444
444 443 442
445 440 444
446 444 442
446 447 444
445 444 447
448 447 446
445 447 448
449 448 446
445 448 450
449 450 448
445 450 451
452 450 449
451 450 452
453 452 449
451 452 454
453 454 452
451 454 455
456 454 453
455 454 456
457 456 453
455 456 457
457 453 458
455 457 459
460 457 458
459 457 460
461 460 458
462 459 460
461 463 460
462 460 463
464 463 461
462 463 464
465 464 461
462 464 466
465 466 464
462 466 467
468 466 465
467 466 468
469 468 465
467 468 470
469 470 468
467 470 471
472 470 469
471 470 472
473 472 469
471 472 473
473 469 474
471 473 475
476 473 474
475 473 476
477 476 474
475 476 478
477 478 476
475 478 479
480 478 477
479 478 480
481 480 477
481 482 480
479 480 482
479 482 483
484 485 486
484 486 487
487 486 488
487 488 489
489 488 490
489 490 491
491 490 492
491 492 493
493 492 494
493 494 495
495 494 496
495 496 497
498 499 500
498 501 499
502 501 498
502 503 501
504 503 502
504 505 503
506 505 504
506 507 505
508 507 506
508 509 507
510 509 508
510 511 509
512 511 510
512 513 511
514 513 512
514 515 513
516 515 514
516 517 515
518 517 516
518 519 517
520 521 522
520 522 523
524 523 522
524 522 525
526 527 528
526 528 529
530 531 532
530 532 533
534 535 536
534 536 537
538 539 540
540 541 538
541 542 538
543 544 545
543 545 546
547 548 549
547 549 550
551 547 550
551 550 552
553 554 555
556 555 554
556 557 555
557 556 558
557 558 559
560 561 562
560 562 563
563 562 564
563 564 565
564 566 565
564 567 566
568 569 570
570 569 571
570 571 572
572 571 573
572 573 574
575 576 577
578 577 576
578 579 577
579 578 580
579 580 581
582 583 584
582 584 585
585 584 586
585 586 587
586 588 587
586 589 588
590 591 592
592 591 593
592 593 594
594 593 595
594 595 596
597 598 599
597 599 600
601 602 603
601 603 604
605 606 607
605 607 608
609 610 611
609 611 612
613 614 615
613 615 616
617 618 619
617 619 620
621 622 623
622 624 623
622 625 624
624 625 626
627 628 629
627 629 630
630 629 631
630 631 632
632 631 633
632 633 634
634 633 635
634 635 636
636 635 637
636 637 638
638 637 639
638 639 640
641 642 643
641 644 642
645 644 641
645 641 646
647 648 649
647 650 648
650 651 648
650 652 651
652 653 651
652 654 653
654 655 653
654 656 655
656 657 655
656 658 657
658 659 657
658 660 659
661 662 663
661 663 664
661 664 665
661 665 666
667 668 669
667 669 670
671 672 673
671 673 674
675 676 677
675 677 678
679 680 681
679 681 682
683 684 685
683 686 684
683 687 686
686 687 688
686 688 689
690 691 692
693 691 690
694 691 693
694 693 695
696 697 698
696 699 697
699 700 697
699 701 700
700 701 702
700 702 703
703 702 704
705 706 707
705 707 708
709 710 711
709 711 712
713 714 715
713 715 716
717 718 719
719 720 717
719 721 720
722 723 724
722 724 725
726 727 728
726 728 729
730 731 732
730 732 733
734 735 736
734 736 737
738 739 740
738 740 741
742 743 744
742 744 745
746 747 748
746 749 747
750 749 746
750 751 749
752 751 750
752 753 751
754 753 752
754 755 753
756 755 754
756 757 755
758 757 756
758 759 757
760 759 758
760 761 759
762 761 760
762 763 761
764 763 762
764 765 763
766 765 764
766 767 765
768 767 766
768 769 767
770 769 768
770 771 769
772 771 770
772 773 771
774 773 772
774 775 773
776 775 774
776 777 775
778 777 776
778 779 777
780 779 778
780 781 779
782 781 780
782 783 781
784 785 786
784 787 785
787 788 785
787 789 788
789 790 788
789 791 790
791 792 790
791 793 792
793 794 792
793 795 794
795 796 794
795 797 796
796 797 798
796 798 799
800 799 798
800 798 801
802 803 804
802 805 803
805 806 803
805 807 806
807 808 806
807 809 808
810 808 809
810 811 808
812 811 810
812 810 813
814 812 813
814 813 815
816 814 815
816 815 817
818 816 817
818 817 819
820 821 822
820 822 823
823 822 824
823 824 825
825 824 826
825 826 827
827 826 828
827 828 829
829 828 830
829 830 831
831 830 832
831 832 833
834 835 836
834 837 835
837 838 835
837 839 838
839 840 838
839 841 840
841 842 840
841 843 842
843 844 842
843 845 844
845 846 844
845 847 846
847 848 846
847 849 848
849 850 848
849 851 850
852 853 854
852 854 855
855 854 856
855 856 857
857 856 858
857 858 859
859 858 860
859 860 861
861 860 862
861 862 863
863 862 864
863 864 865
865 864 866
865 866 867
867 866 868
867 868 869
870 871 872
870 873 871
874 873 870
874 875 873
876 875 874
876 877 875
878 877 876
878 879 877
880 879 878
880 881 879
882 881 880
882 883 881
884 883 882
884 885 883
886 885 884
886 887 885
888 889 890
888 890 891
891 890 892
891 892 893
893 892 894
893 894 895
895 894 896
895 896 897
897 896 898
897 898 899
899 898 900
899 900 901
901 900 902
901 902 903
903 902 904
903 904 905
906 907 908
906 908 909
909 908 910
909 910 911
911 910 912
911 912 913
913 912 914
913 914 915
915 914 916
915 916 917
917 916 918
917 918 919
919 918 920
919 920 921
921 920 922
921 922 923
924 925 926
924 926 927
928 924 927
928 927 929
930 928 929
930 929 931
932 930 931
932 931 933
934 932 933
934 933 935
936 934 935
936 935 937
938 936 937
938 937 939
940 938 939
940 939 941
942 940 941
942 941 943
944 942 943
944 943 945
946 947 948
946 948 949
946 949 950
946 950 951
952 953 954
952 954 955
955 954 956
955 956 957
958 959 960
961 960 959
961 959 962
963 961 962
963 962 964
965 966 967
965 967 968
968 969 965
968 970 969
969 970 971
969 971 972
973 974 975
974 976 975
974 977 976
978 976 977
978 977 979
980 981 982
980 982 983
984 985 986
984 987 985
988 985 987
989 988 987
988 990 985
991 985 990
992 990 988
992 988 993
989 994 988
991 990 995
996 994 989
997 996 989
997 989 998
996 999 994
1000 994 999
1000 999 1001
1002 999 996
1002 1003 999
1004 1003 1002
1004 1002 1005
1004 1006 1003
1003 1006 1007
1008 995 1009
1008 1010 995
1010 991 995
1010 1011 991
1012 991 1011
1012 1011 1013
1014 1011 1010
1014 1015 1011
1016 1015 1014
1017 1016 1014
1017 1014 1018
1016 1019 1015
1020 1015 1019
1020 1019 1021
1022 1019 1016
1022 1023 1019
1024 1023 1022
1025 1023 1024
1025 1024 1026
1024 1022 1027
1024 1027 1028
1024 1028 1029
1027 1022 1030
1030 1031 1027
1030 1032 1031
1030 1022 1033
1030 1033 1034
1035 1029 1028
1029 1035 1036
1037 1035 1028
1028 1038 1037
1039 1040 1041
1039 1042 1040
1042 1043 1040
1042 1044 1043
1045 1044 1042
1043 1044 1046
1043 1046 1047
1048 1040 1043
1048 1049 1040
1045 1050 1044
1051 1049 1048
1051 1048 1052
1051 1052 1053
1051 1054 1049
1055 1049 1054
1055 1054 1056
1057 1054 1051
1057 1058 1054
1059 1058 1057
1059 1057 1060
1059 1060 1061
1059 1062 1058
1063 1058 1062
1063 1062 1064
1065 1062 1059
1065 1066 1062
1066 1065 1067
1065 1068 1067
1065 1069 1068
1066 1067 1070
1071 1066 1070
1071 1072 1066
1071 1073 1072
1074 1071 1070
1074 1070 1075
1076 1077 1078
1076 1079 1077
1080 1077 1079
1080 1079 1081
1082 1081 1079
1080 1081 1083
1080 1083 1084
1085 1077 1080
1085 1086 1077
1082 1087 1081
1088 1086 1085
1088 1085 1089
1088 1089 1090
1088 1091 1086
1092 1086 1091
1092 1091 1093
1094 1091 1088
1094 1095 1091
1095 1094 1096
1094 1097 1096
1095 1096 1098
1095 1098 1099
1087 1100 1101
1087 1102 1100
1103 1102 1087
1103 1087 1082
1104 1103 1082
1104 1082 1105
1106 1102 1103
1106 1107 1102
1108 1107 1106
1109 1108 1106
1109 1106 1110
1108 1111 1107
1112 1111 1108
1107 1111 1113
1107 1113 1114
1112 1115 1111
1112 1116 1115
1117 1115 1116
1117 1116 1118
1112 1119 1116
1120 1119 1112
1120 1121 1119
1122 1045 1123
1122 1124 1045
1124 1050 1045
1124 1125 1050
1126 1125 1124
1050 1125 1127
1050 1127 1128
1126 1129 1125
1126 1130 1129
1130 1131 1129
1126 1132 1130
1132 1126 1133
1134 1135 1136
1134 1136 1137
1138 1139 1140
1138 1140 1141
1142 1143 1144
1142 1144 1145
1146 1147 1148
1146 1148 1149
1150 1151 1152
1150 1152 1153
1154 1155 1156
1154 1156 1157
1158 1159 1160
1158 1160 1161
1162 1163 1164
1162 1164 1165
1166 1167 1168
1166 1168 1169
1170 1171 1172
1170 1172 1173
1174 1175 1176
1174 1176 1177
1178 1179 1180
1178 1180 1181
1182 1183 1184
1182 1184 1185
1186 1187 1188
1186 1188 1189
1190 1191 1192
1190 1192 1193
1194 1195 1196
1194 1196 1197
1198 1199 1200
1198 1200 1201
1202 1203 1204
1202 1204 1205
1206 1207 1208
1206 1208 1209
1210 1211 1212
1210 1212 1213
1214 1215 1216
1214 1216 1217
1218 1219 1220
1218 1220 1221
1222 1223 1224
1222 1224 1225
1226 1227 1228
1226 1228 1229
1230 1231 1232
1230 1232 1233
1234 1235 1236
1234 1236 1237
1238 1239 1240
1238 1240 1241
1242 1243 1244
1242 1244 1245
1246 1247 1248
1246 1248 1249
1250 1251 1252
1250 1252 1253
1254 1255 1256
1254 1256 1257
1258 1259 1260
1258 1260 1261
1262 1263 1264
1262 1264 1265
1266 1267 1268
1266 1268 1269
1270 1271 1272
1270 1272 1273
1274 1275 1276
1274 1276 1277
1278 1279 1280
1278 1280 1281
1282 1283 1284
1282 1284 1285
1286 1287 1288
1286 1288 1289
1290 1291 1292
1290 1292 1293
1294 1295 1296
1294 1296 1297
1298 1299 1300
1298 1300 1301
1302 1303 1304
1303 1302 1305
1303 1305 1306
1305 1307 1306
1308 1309 1310
1310 1311 1308
1312 1313 1314
1312 1315 1313
1312 1316 1315
1316 1317 1315
1318 1319 1320
1321 1319 1318
1321 1322 1319
1322 1321 1323
1324 1325 1326
1324 1326 1327
1328 1329 1330
1328 1331 1329
1331 1332 1329
1331 1333 1332
1334 1332 1333
1334 1335 1332
1336 1337 1338
1336 1338 1339
1340 1341 1342
1340 1342 1343
1344 1345 1346
1344 1346 1347
1348 1349 1350
1348 1350 1351
1352 1353 1354
1352 1354 1355
1356 1357 1358
1356 1359 1357
1360 1359 1356
1360 1361 1359
1360 1356 1362
1360 1362 1363
1360 1363 1364
1365 1362 1356
1360 1366 1361
1365 1356 1367
1361 1366 1368
1366 1369 1368
1361 1368 1370
1370 1371 1361
1372 1365 1367
1365 1372 1373
1365 1373 1374
1372 1367 1375
1375 1367 1376
1375 1376 1377
1378 1372 1375
1378 1375 1379
1380 1378 1379
1378 1380 1381
1378 1381 1382
1380 1379 1383
1383 1379 1384
1383 1384 1385
1380 1383 1386
1380 1386 1387
1388 1387 1386
1388 1386 1389
1388 1389 1390
1388 1391 1387
1387 1391 1392
1387 1392 1393
1388 1394 1391
1388 1395 1394
1395 1396 1394
1394 1396 1397
1394 1397 1398
1395 1399 1396
1399 1395 1400
1399 1400 1401
1399 1402 1396
1399 1403 1402
1404 1402 1403
1404 1405 1402
1404 1403 1406
1403 1407 1406
1408 1409 1410
1408 1410 1411
1412 1413 1414
1412 1414 1415
1416 1417 1418
1416 1418 1419
1420 1421 1422
1420 1422 1423
1424 1425 1426
1424 1426 1427
1428 1429 1430
1428 1430 1431
1432 1433 1434
1432 1434 1435
1436 1437 1438
1436 1438 1439
1440 1441 1442
1440 1442 1443
1444 1445 1446
1444 1446 1447
1448 1449 1450
1448 1450 1451
1452 1453 1454
1452 1454 1455
1456 1457 1458
1456 1458 1459
1460 1461 1462
1460 1462 1463
1464 1465 1466
1464 1466 1467
1468 1469 1470
1468 1470 1471
1472 1473 1474
1472 1474 1475
1476 1477 1478
1476 1478 1479
1480 1481 1482
1480 1482 1483
1484 1485 1486
1484 1486 1487
1488 1489 1490
1488 1490 1491
1492 1493 1494
1492 1494 1495
1496 1497 1498
1496 1498 1499
1500 1501 1502
1500 1502 1503
1504 1505 1506
1504 1506 1507
1508 1509 1510
1508 1510 1511
1512 1513 1514
1512 1514 1515
1516 1517 1518
1516 1518 1519
1520 1521 1522
1520 1522 1523
1524 1525 1526
1524 1526 1527
1528 1529 1530
1528 1530 1531
1532 1533 1534
1532 1534 1535
1536 1537 1538
1536 1538 1539
1540 1541 1542
1540 1542 1543
1544 1545 1546
1544 1546 1547
1548 1549 1550
1548 1550 1551
1552 1553 1554
1552 1554 1555
1556 1557 1558
1556 1558 1559
1560 1561 1562
1560 1562 1563
1564 1565 1566
1564 1566 1567
1568 1569 1570
1568 1570 1571
1572 1573 1574
1575 1572 1574
1575 1574 1576
1576 1577 1575
1578 1579 1580
1578 1580 1581
1582 1583 1584
1582 1584 1585
1586 1587 1588
1587 1589 1588
1590 1591 1592
1593 1592 1591
1593 1591 1594
1595 1593 1594
1595 1594 1596
1597 1598 1599
1597 1599 1600
1600 1601 1597
1600 1602 1601
1601 1602 1603
1601 1603 1604
1605 1606 1607
1606 1608 1607
1606 1609 1608
1610 1608 1609
1610 1609 1611
1612 1613 1614
1612 1614 1615
1616 1617 1618
1616 1618 1619
1620 1621 1622
1620 1622 1623
1624 1625 1626
1624 1626 1627
1628 1629 1630
1628 1630 1631
1632 1633 1634
1632 1634 1635
1636 1637 1638
1638 1637 1639
1638 1639 1640
1640 1639 1641
1642 1643 1644
1642 1644 1645
1646 1647 1648
1646 1648 1649
1650 1651 1652
1650 1652 1653
1654 1655 1656
1654 1656 1657
1658 1659 1660
1658 1660 1661
1662 1663 1664
1662 1665 1663
1665 1666 1663
1665 1667 1666
1668 1666 1667
1668 1669 1666
1670 1669 1668
1670 1671 1669
1670 1672 1671
1670 1673 1672
1674 1672 1673
1674 1673 1675
1676 1674 1675
1676 1677 1674
1678 1679 1680
1678 1680 1681
1682 1678 1681
1682 1681 1683
1684 1682 1683
1684 1683 1685
1686 1684 1685
1686 1685 1687
1688 1686 1687
1688 1687 1689
1688 1689 1690
1688 1690 1691
1691 1690 1692
1693 1694 1695
1693 1696 1694
1697 1694 1696
1697 1698 1694
1697 1699 1698
1697 1700 1699
1701 1699 1700
1701 1700 1702
1703 1701 1702
1703 1704 1701
1704 1703 1705
1704 1705 1706
1707 1708 1709
1707 1710 1708
1710 1711 1708
1710 1712 1711
1712 1710 1713
1714 1711 1712
1710 1715 1713
1716 1711 1714
1713 1715 1717
1715 1718 1717
1718 1719 1717
1720 1716 1714
1719 1718 1721
1720 1719 1721
1722 1716 1720
1722 1720 1721
1721 1723 1722
1721 1724 1723
1725 1723 1724
1725 1726 1723
1727 1728 1729
1727 1729 1730
1731 1727 1730
1731 1730 1732
1733 1734 1735
1733 1735 1736
1737 1733 1736
1737 1736 1738
1739 1740 1741
1739 1742 1740
1742 1743 1740
1742 1744 1743
1744 1745 1743
1744 1746 1745
1746 1747 1745
1746 1748 1747
1749 1747 1748
1749 1750 1747
1751 1750 1749
1751 1752 1750
1753 1752 1751
1753 1754 1752
1753 1755 1754
1753 1756 1755
1757 1758 1759
1757 1759 1760
1760 1759 1761
1760 1761 1762
1762 1761 1763
1762 1763 1764
1764 1763 1765
1764 1765 1766
1766 1765 1767
1766 1767 1768
1767 1769 1768
1767 1770 1769
1770 1771 1769
1772 1773 1774
1772 1775 1773
1772 1776 1775
1772 1777 1776
1776 1777 1778
1776 1778 1779
1780 1779 1778
1780 1781 1779
1780 1782 1781
1780 1783 1782
1783 1784 1782
1783 1785 1784
1786 1787 1788
1786 1789 1787
1790 1789 1786
1790 1791 1789
1792 1791 1790
1791 1793 1789
1794 1792 1790
1789 1793 1795
1793 1796 1795
1795 1796 1797
1797 1796 1798
1799 1792 1794
1798 1800 1797
1799 1800 1798
1801 1799 1794
1801 1800 1799
1802 1800 1801
1802 1803 1800
1804 1803 1802
1804 1802 1805
1806 1807 1808
1806 1808 1809
1809 1808 1810
1809 1810 1811
1812 1813 1814
1812 1814 1815
1815 1814 1816
1815 1816 1817
1818 1819 1820
1818 1820 1821
1821 1820 1822
1823 1818 1821
1823 1824 1818
1821 1822 1825
1823 1821 1825
1825 1822 1826
1825 1826 1827
1827 1826 1828
1829 1824 1823
1829 1830 1824
1829 1831 1830
1823 1825 1832
1832 1825 1827
1829 1823 1833
1833 1823 1832
1834 1829 1833
1827 1828 1835
1835 1828 1836
1832 1827 1837
1837 1827 1835
1834 1833 1838
1839 1834 1838
1839 1838 1840
1833 1832 1841
1838 1833 1841
1841 1832 1837
1840 1838 1842
1838 1841 1842
1840 1842 1843
1835 1836 1844
1845 1844 1836
1845 1846 1844
1841 1837 1847
1842 1841 1847
1843 1842 1848
1842 1847 1848
1843 1848 1849
1837 1835 1850
1850 1835 1844
1847 1837 1850
1851 1844 1846
1850 1844 1851
1847 1850 1852
1848 1847 1852
1852 1850 1851
1849 1848 1853
1848 1852 1853
1849 1853 1854
1846 1855 1851
1852 1851 1855
1853 1852 1855
1846 1856 1855
1854 1853 1857
1853 1855 1857
1856 1857 1855
1854 1857 1858
1856 1859 1857
1860 1858 1857
1860 1857 1859
1861 1862 1863
1861 1863 1864
1864 1865 1861
1863 1866 1864
1863 1867 1866
1864 1868 1865
1866 1868 1864
1868 1869 1865
1868 1870 1869
1870 1871 1869
1872 1866 1867
1873 1872 1867
1873 1874 1872
1866 1875 1868
1875 1870 1868
1872 1876 1866
1876 1875 1866
1877 1876 1872
1870 1878 1871
1878 1879 1871
1875 1880 1870
1880 1878 1870
1877 1881 1876
1882 1881 1877
1882 1883 1881
1876 1884 1875
1881 1884 1876
1884 1880 1875
1883 1885 1881
1881 1885 1884
1883 1886 1885
1878 1887 1879
1888 1879 1887
1888 1887 1889
1884 1890 1880
1885 1890 1884
1886 1891 1885
1885 1891 1890
1886 1892 1891
1880 1893 1878
1893 1887 1878
1890 1893 1880
1894 1889 1887
1893 1894 1887
1890 1895 1893
1891 1895 1890
1895 1894 1893
1892 1896 1891
1891 1896 1895
1892 1897 1896
1898 1889 1894
1895 1898 1894
1896 1898 1895
1898 1899 1889
1897 1900 1896
1896 1900 1898
1899 1898 1900
1897 1901 1900
1899 1900 1902
1903 1900 1901
1903 1902 1900
1904 1905 1906
1904 1906 1907
1907 1906 1908
1907 1908 1909
1910 1909 1908
1910 1908 1911
1911 1912 1910
1913 1912 1911
1913 1914 1912
1915 1914 1913
1910 1912 1916
1910 1916 1917
1917 1916 1918
1918 1919 1917
1918 1920 1919
1920 1921 1919
1922 1921 1920
1922 1923 1921
1922 1924 1923
1922 1925 1924
1925 1926 1924
1921 1923 1927
1921 1927 1928
1928 1927 1929
1928 1929 1930
1929 1931 1930
1929 1932 1931
1933 1934 1935
1933 1935 1936
1936 1935 1937
1936 1937 1938
1938 1937 1939
1938 1939 1940
1940 1939 1941
1940 1941 1942
1943 1944 1945
1943 1946 1944
1943 1947 1946
1948 1946 1947
1948 1949 1946
1950 1949 1948
1950 1948 1951
1952 1953 1954
1952 1954 1955
1956 1952 1955
1956 1955 1957
1957 1958 1956
1958 1957 1959
1956 1958 1960
1961 1958 1959
1962 1960 1958
1962 1958 1961
1963 1960 1962
1962 1961 1964
1963 1962 1965
1966 1963 1965
1962 1964 1967
1967 1964 1968
1967 1968 1969
1970 1969 1968
1970 1971 1969
1971 1970 1972
1972 1970 1973
1974 1971 1972
1974 1972 1975
1974 1975 1976
1974 1976 1977
1977 1976 1978
1972 1979 1975
1972 1980 1979
1980 1981 1979
1980 1982 1981
1981 1982 1983
1981 1983 1984
1985 1986 1987
1985 1988 1986
1988 1989 1986
1988 1990 1989
1990 1991 1989
1990 1992 1991
1992 1993 1991
1992 1994 1993
1995 1996 1997
1998 1995 1997
1998 1999 1995
1998 2000 1999
1998 2001 2000
2000 2001 2002
2000 2002 2003
2004 2005 2006
2004 2007 2005
2008 2005 2007
2008 2007 2009
2010 2007 2004
2009 2007 2010
2011 2010 2004
2009 2010 2012
2011 2013 2010
2012 2010 2013
2014 2013 2011
2012 2013 2014
2015 2014 2011
2012 2014 2016
2017 2014 2015
2016 2014 2017
2018 2017 2015
2016 2017 2018
2019 2018 2015
2016 2018 2020
2019 2021 2018
2020 2018 2021
2022 2021 2019
2020 2021 2022
2023 2022 2019
2020 2022 2024
2023 2024 2022
2020 2024 2025
2026 2024 2023
2025 2024 2026
2027 2026 2023
2025 2026 2028
2027 2028 2026
2025 2028 2029
2030 2028 2027
2029 2028 2030
2031 2030 2027
2029 2030 2032
2031 2032 2030
2029 2032 2033
2034 2032 2031
2033 2032 2034
2035 2034 2031
2033 2034 2035
2035 2031 2036
2033 2035 2037
2038 2035 2036
2037 2035 2038
2039 2038 2036
2040 2037 2038
2039 2041 2038
2040 2038 2041
2042 2041 2039
2040 2041 2042
2043 2042 2039
2040 2042 2043
2043 2039 2044
2040 2043 2045
2046 2043 2044
2045 2043 2046
2047 2046 2044
2045 2046 2048
2047 2048 2046
2045 2048 2049
2050 2048 2047
2049 2048 2050
2051 2050 2047
2050 2052 2049
2051 2053 2050
2052 2050 2053
2053 2051 2054
2052 2053 2055
2056 2053 2054
2055 2053 2056
2057 2056 2054
2055 2056 2058
2057 2059 2056
2058 2056 2059
2060 2059 2057
2058 2059 2060
2061 2060 2057
2058 2060 2062
2061 2063 2060
2062 2060 2063
2064 2063 2061
2062 2063 2064
2065 2064 2061
2062 2064 2066
2065 2066 2064
2062 2066 2067
2067 2066 2068
2068 2066 2065
2069 2067 2068
2070 2068 2065
2069 2068 2070
2070 2065 2071
2072 2070 2071
2069 2070 2072
2073 2072 2071
2069 2072 2074
2073 2074 2072
2069 2074 2075
2076 2074 2073
2075 2074 2076
2077 2076 2073
2075 2076 2078
2077 2078 2076
2075 2078 2079
2080 2078 2077
2079 2078 2080
2081 2080 2077
2079 2080 2082
2081 2082 2080
2079 2082 2083
2084 2082 2081
2083 2082 2084
2085 2084 2081
2083 2084 2085
2085 2081 2086
2083 2085 2087
2088 2085 2086
2087 2085 2088
2089 2088 2086
2088 2090 2087
2091 2088 2089
2090 2088 2091
2092 2091 2089
2090 2091 2092
2092 2089 2093
2090 2092 2094
2095 2092 2093
2094 2092 2095
2094 2095 2096
2095 2093 2097
2096 2095 2098
2098 2095 2097
2099 2096 2098
2100 2098 2097
2099 2098 2100
2100 2097 2101
2099 2100 2102
2102 2100 2101
2103 2099 2102
2104 2102 2101
2104 2105 2102
2103 2102 2105
2106 2105 2104
2103 2105 2106
2107 2106 2104
2103 2106 2108
2107 2108 2106
2103 2108 2109
2110 2108 2107
2109 2108 2110
2111 2110 2107
2109 2110 2112
2111 2112 2110
2109 2112 2113
2114 2112 2111
2113 2112 2114
2115 2114 2111
2113 2114 2116
2115 2116 2114
2113 2116 2117
2118 2116 2115
2117 2116 2118
2119 2118 2115
2117 2118 2119
2119 2115 2120
2117 2119 2121
2122 2119 2120
2121 2119 2122
2123 2122 2120
2121 2122 2123
2123 2120 2124
2121 2123 2125
2125 2123 2126
2126 2123 2124
2125 2126 2127
2127 2126 2124
2128 2125 2127
2129 2127 2124
2128 2127 2129
2130 2129 2124
2128 2129 2131
2129 2130 2131
2128 2131 2132
2132 2131 2130
2133 2128 2132
2134 2132 2130
2134 2135 2132
2133 2132 2135
2136 2135 2134
2133 2135 2136
2137 2136 2134
2133 2136 2138
2137 2138 2136
2133 2138 2139
2140 2138 2137
2139 2138 2140
2141 2140 2137
2139 2140 2142
2141 2142 2140
2139 2142 2143
2144 2142 2141
2143 2142 2144
2145 2144 2141
2143 2144 2145
2145 2141 2146
2143 2145 2147
2148 2145 2146
2147 2145 2148
2149 2148 2146
2150 2147 2148
2149 2151 2148
2150 2148 2151
2152 2151 2149
2150 2151 2152
2153 2152 2149
2150 2152 2154
2153 2154 2152
2150 2154 2155
2156 2154 2153
2155 2154 2156
2157 2156 2153
2155 2156 2158
2157 2158 2156
2155 2158 2159
2160 2158 2157
2159 2158 2160
2161 2160 2157
2159 2160 2161
2161 2157 2162
2159 2161 2163
2164 2161 2162
2163 2161 2164
2165 2164 2162
2163 2164 2166
2165 2166 2164
2163 2166 2167
2168 2166 2165
2167 2166 2168
2169 2168 2165
2169 2170 2168
2167 2168 2170
2167 2170 2171
2172 2173 2174
2172 2174 2175
2175 2174 2176
2175 2176 2177
2177 2176 2178
2177 2178 2179
2179 2178 2180
2179 2180 2181
2181 2180 2182
2181 2182 2183
2183 2182 2184
2183 2184 2185
2186 2187 2188
2186 2189 2187
2190 2187 2189
2190 2189 2191
2192 2189 2186
2191 2189 2192
2193 2192 2186
2191 2192 2194
2193 2195 2192
2194 2192 2195
2196 2195 2193
2194 2195 2196
2197 2196 2193
2194 2196 2198
2199 2196 2197
2198 2196 2199
2200 2199 2197
2198 2199 2200
2201 2200 2197
2198 2200 2202
2201 2203 2200
2202 2200 2203
2204 2203 2201
2202 2203 2204
2205 2204 2201
2202 2204 2206
2205 2206 2204
2202 2206 2207
2208 2206 2205
2207 2206 2208
2209 2208 2205
2207 2208 2210
2209 2210 2208
2207 2210 2211
2212 2210 2209
2211 2210 2212
2213 2212 2209
2211 2212 2214
2213 2214 2212
2211 2214 2215
2216 2214 2213
2215 2214 2216
2217 2216 2213
2215 2216 2217
2217 2213 2218
2215 2217 2219
2220 2217 2218
2219 2217 2220
2221 2220 2218
2222 2219 2220
2221 2223 2220
2222 2220 2223
2224 2223 2221
2222 2223 2224
2225 2224 2221
2222 2224 2225
2225 2221 2226
2222 2225 2227
2228 2225 2226
2227 2225 2228
2229 2228 2226
2227 2228 2230
2229 2230 2228
2227 2230 2231
2232 2230 2229
2231 2230 2232
2233 2232 2229
2232 2234 2231
2233 2235 2232
2234 2232 2235
2235 2233 2236
2234 2235 2237
2238 2235 2236
2237 2235 2238
2239 2238 2236
2237 2238 2240
2239 2241 2238
2240 2238 2241
2242 2241 2239
2240 2241 2242
2243 2242 2239
2240 2242 2244
2243 2245 2242
2244 2242 2245
2246 2245 2243
2244 2245 2246
2247 2246 2243
2244 2246 2248
2247 2248 2246
2244 2248 2249
2249 2248 2250
2250 2248 2247
2251 2249 2250
2252 2250 2247
2251 2250 2252
2252 2247 2253
2254 2252 2253
2251 2252 2254
2255 2254 2253
2251 2254 2256
2255 2256 2254
2251 2256 2257
2258 2256 2255
2257 2256 2258
2259 2258 2255
2257 2258 2260
2259 2260 2258
2257 2260 2261
2262 2260 2259
2261 2260 2262
2263 2262 2259
2261 2262 2264
2263 2264 2262
2261 2264 2265
2266 2264 2263
2265 2264 2266
2267 2266 2263
2265 2266 2267
2267 2263 2268
2265 2267 2269
2270 2267 2268
2269 2267 2270
2271 2270 2268
2270 2272 2269
2273 2270 2271
2272 2270 2273
2274 2273 2271
2272 2273 2274
2274 2271 2275
2272 2274 2276
2277 2274 2275
2276 2274 2277
2276 2277 2278
2277 2275 2279
2278 2277 2280
2280 2277 2279
2281 2278 2280
2282 2280 2279
2281 2280 2282
2282 2279 2283
2281 2282 2284
2284 2282 2283
2285 2281 2284
2286 2284 2283
2286 2287 2284
2285 2284 2287
2288 2287 2286
2285 2287 2288
2289 2288 2286
2285 2288 2290
2289 2290 2288
2285 2290 2291
2292 2290 2289
2291 2290 2292
2293 2292 2289
2291 2292 2294
2293 2294 2292
2291 2294 2295
2296 2294 2293
2295 2294 2296
2297 2296 2293
2295 2296 2298
2297 2298 2296
2295 2298 2299
2300 2298 2297
2299 2298 2300
2301 2300 2297
2299 2300 2301
2301 2297 2302
2299 2301 2303
2304 2301 2302
2303 2301 2304
2305 2304 2302
2303 2304 2305
2305 2302 2306
2303 2305 2307
2307 2305 2308
2308 2305 2306
2307 2308 2309
2309 2308 2306
2310 2307 2309
2311 2309 2306
2310 2309 2311
2312 2311 2306
2310 2311 2313
2311 2312 2313
2310 2313 2314
2314 2313 2312
2315 2310 2314
2316 2314 2312
2316 2317 2314
2315 2314 2317
2318 2317 2316
2315 2317 2318
2319 2318 2316
2315 2318 2320
2319 2320 2318
2315 2320 2321
2322 2320 2319
2321 2320 2322
2323 2322 2319
2321 2322 2324
2323 2324 2322
2321 2324 2325
2326 2324 2323
2325 2324 2326
2327 2326 2323
2325 2326 2327
2327 2323 2328
2325 2327 2329
2330 2327 2328
2329 2327 2330
2331 2330 2328
2332 2329 2330
2331 2333 2330
2332 2330 2333
2334 2333 2331
2332 2333 2334
2335 2334 2331
2332 2334 2336
2335 2336 2334
2332 2336 2337
2338 2336 2335
2337 2336 2338
2339 2338 2335
2337 2338 2340
2339 2340 2338
2337 2340 2341
2342 2340 2339
2341 2340 2342
2343 2342 2339
2341 2342 2343
2343 2339 2344
2341 2343 2345
2346 2343 2344
2345 2343 2346
2347 2346 2344
2345 2346 2348
2347 2348 2346
2345 2348 2349
2350 2348 2347
2349 2348 2350
2351 2350 2347
2351 2352 2350
2349 2350 2352
2349 2352 2353
2354 2355 2356
2354 2356 2357
2357 2356 2358
2357 2358 2359
2359 2358 2360
2359 2360 2361
2361 2360 2362
2361 2362 2363
2363 2362 2364
2363 2364 2365
2365 2364 2366
2365 2366 2367
2368 2369 2370
2368 2371 2369
2372 2369 2371
2372 2371 2373
2374 2371 2368
2373 2371 2374
2375 2374 2368
2373 2374 2376
2375 2377 2374
2376 2374 2377
2378 2377 2375
2376 2377 2378
2379 2378 2375
2376 2378 2380
2381 2378 2379
2380 2378 2381
2382 2381 2379
2380 2381 2382
2383 2382 2379
2380 2382 2384
2383 2385 2382
2384 2382 2385
2386 2385 2383
2384 2385 2386
2387 2386 2383
2384 2386 2388
2387 2388 2386
2384 2388 2389
2390 2388 2387
2389 2388 2390
2391 2390 2387
2389 2390 2392
2391 2392 2390
2389 2392 2393
2394 2392 2391
2393 2392 2394
2395 2394 2391
2393 2394 2396
2395 2396 2394
2393 2396 2397
2398 2396 2395
2397 2396 2398
2399 2398 2395
2397 2398 2399
2399 2395 2400
2397 2399 2401
2402 2399 2400
2401 2399 2402
2403 2402 2400
2404 2401 2402
2403 2405 2402
2404 2402 2405
2406 2405 2403
2404 2405 2406
2407 2406 2403
2404 2406 2407
2407 2403 2408
2404 2407 2409
2410 2407 2408
2409 2407 2410
2411 2410 2408
2409 2410 2412
2411 2412 2410
2409 2412 2413
2414 2412 2411
2413 2412 2414
2415 2414 2411
2414 2416 2413
2415 2417 2414
2416 2414 2417
2417 2415 2418
2416 2417 2419
2420 2417 2418
2419 2417 2420
2421 2420 2418
2419 2420 2422
2421 2423 2420
2422 2420 2423
2424 2423 2421
2422 2423 2424
2425 2424 2421
2422 2424 2426
2425 2427 2424
2426 2424 2427
2428 2427 2425
2426 2427 2428
2429 2428 2425
2426 2428 2430
2429 2430 2428
2426 2430 2431
2431 2430 2432
2432 2430 2429
2433 2431 2432
2434 2432 2429
2433 2432 2434
2434 2429 2435
2436 2434 2435
2433 2434 2436
2437 2436 2435
2433 2436 2438
2437 2438 2436
2433 2438 2439
2440 2438 2437
2439 2438 2440
2441 2440 2437
2439 2440 2442
2441 2442 2440
2439 2442 2443
2444 2442 2441
2443 2442 2444
2445 2444 2441
2443 2444 2446
2445 2446 2444
2443 2446 2447
2448 2446 2445
2447 2446 2448
2449 2448 2445
2447 2448 2449
2449 2445 2450
2447 2449 2451
2452 2449 2450
2451 2449 2452
2453 2452 2450
2452 2454 2451
2455 2452 2453
2454 2452 2455
2456 2455 2453
2454 2455 2456
2456 2453 2457
2454 2456 2458
2459 2456 2457
2458 2456 2459
2458 2459 2460
2459 2457 2461
2460 2459 2462
2462 2459 2461
2463 2460 2462
2464 2462 2461
2463 2462 2464
2464 2461 2465
2463 2464 2466
2466 2464 2465
2467 2463 2466
2468 2466 2465
2468 2469 2466
2467 2466 2469
2470 2469 2468
2467 2469 2470
2471 2470 2468
2467 2470 2472
2471 2472 2470
2467 2472 2473
2474 2472 2471
2473 2472 2474
2475 2474 2471
2473 2474 2476
2475 2476 2474
2473 2476 2477
2478 2476 2475
2477 2476 2478
2479 2478 2475
2477 2478 2480
2479 2480 2478
2477 2480 2481
2482 2480 2479
2481 2480 2482
2483 2482 2479
2481 2482 2483
2483 2479 2484
2481 2483 2485
2486 2483 2484
2485 2483 2486
2487 2486 2484
2485 2486 2487
2487 2484 2488
2485 2487 2489
2489 2487 2490
2490 2487 2488
2489 2490 2491
2491 2490 2488
2492 2489 2491
2493 2491 2488
2492 2491 2493
2494 2493 2488
2492 2493 2495
2493 2494 2495
2492 2495 2496
2496 2495 2494
2497 2492 2496
2498 2496 2494
2498 2499 2496
2497 2496 2499
2500 2499 2498
2497 2499 2500
2501 2500 2498
2497 2500 2502
2501 2502 2500
2497 2502 2503
2504 2502 2501
2503 2502 2504
2505 2504 2501
2503 2504 2506
2505 2506 2504
2503 2506 2507
2508 2506 2505
2507 2506 2508
2509 2508 2505
2507 2508 2509
2509 2505 2510
2507 2509 2511
2512 2509 2510
2511 2509 2512
2513 2512 2510
2514 2511 2512
2513 2515 2512
2514 2512 2515
2516 2515 2513
2514 2515 2516
2517 2516 2513
2514 2516 2518
2517 2518 2516
2514 2518 2519
2520 2518 2517
2519 2518 2520
2521 2520 2517
2519 2520 2522
2521 2522 2520
2519 2522 2523
2524 2522 2521
2523 2522 2524
2525 2524 2521
2523 2524 2525
2525 2521 2526
2523 2525 2527
2528 2525 2526
2527 2525 2528
2529 2528 2526
2527 2528 2530
2529 2530 2528
2527 2530 2531
2532 2530 2529
2531 2530 2532
2533 2532 2529
2533 2534 2532
2531 2532 2534
2531 2534 2535
2536 2537 2538
2536 2538 2539
2539 2538 2540
2539 2540 2541
2541 2540 2542
2541 2542 2543
2543 2542 2544
2543 2544 2545
2545 2544 2546
2545 2546 2547
2547 2546 2548
2547 2548 2549
2550 2551 2552
2553 2551 2550
2553 2550 2554
2555 2553 2554
2555 2554 2556
2555 2556 2557
2558 2559 2560
2558 2560 2561
2561 2560 2562
2561 2562 2563
2563 2562 2564
2563 2564 2565
2565 2564 2566
2565 2566 2567
2567 2566 2568
2567 2568 2569
2569 2568 2570
2569 2570 2571
2571 2570 2572
2571 2572 2573
2573 2572 2574
2573 2574 2575
2576 2577 2578
2576 2579 2577
2579 2580 2577
2579 2581 2580
2581 2582 2580
2581 2583 2582
2583 2584 2582
2583 2585 2584
2585 2586 2584
2585 2587 2586
2587 2588 2586
2587 2589 2588
2589 2590 2588
2589 2591 2590
2591 2592 2590
2591 2593 2592
2594 2595 2596
2594 2596 2597
2597 2596 2598
2597 2598 2599
2600 2599 2598
2600 2598 2601
2600 2601 2602
2600 2602 2603
2603 2602 2604
2603 2604 2605
2605 2604 2606
2605 2606 2607
2607 2606 2608
2607 2608 2609
2608 2610 2609
2608 2611 2610
2612 2613 2614
2612 2614 2615
2612 2615 2616
2612 2616 2617
2616 2618 2617
2614 2619 2615
2614 2620 2619
2615 2621 2616
2615 2619 2621
2616 2622 2618
2622 2623 2618
2620 2624 2619
2620 2625 2624
2626 2622 2616
2626 2616 2621
2622 2627 2623
2626 2627 2622
2619 2628 2621
2619 2624 2628
2625 2629 2624
2625 2630 2629
2629 2630 2631
2632 2626 2621
2632 2621 2628
2624 2629 2633
2624 2633 2628
2629 2631 2634
2634 2633 2629
2634 2631 2635
2634 2635 2636
2636 2635 2637
2632 2638 2626
2626 2638 2627
2639 2632 2628
2639 2628 2633
2634 2640 2633
2636 2640 2634
2636 2637 2641
2641 2637 2642
2641 2642 2643
2644 2633 2640
2644 2639 2633
2636 2645 2640
2641 2645 2636
2645 2644 2640
2643 2646 2641
2641 2646 2645
2643 2647 2646
2639 2648 2632
2632 2648 2638
2646 2649 2645
2645 2649 2644
2647 2650 2646
2646 2650 2649
2647 2651 2650
2644 2652 2639
2639 2652 2648
2649 2653 2644
2644 2653 2652
2651 2654 2650
2651 2655 2654
2654 2655 2656
2650 2657 2649
2650 2654 2657
2649 2657 2653
2654 2656 2658
2657 2654 2658
2658 2656 2659
2657 2658 2660
2653 2657 2660
2660 2658 2659
2653 2660 2661
2652 2653 2661
2661 2660 2659
2652 2661 2662
2648 2652 2662
2662 2661 2659
2648 2662 2663
2663 2662 2659
2638 2648 2663
2638 2663 2664
2664 2663 2659
2627 2638 2664
2665 2664 2659
2627 2664 2665
2666 2665 2659
2623 2627 2665
2623 2665 2666
2667 2668 2669
2667 2669 2670
2667 2670 2671
2667 2671 2672
2673 2670 2669
2673 2669 2674
2675 2673 2674
2676 2671 2670
2676 2670 2673
2672 2671 2677
2672 2677 2678
2675 2679 2673
2679 2675 2680
2681 2673 2679
2681 2676 2673
2682 2671 2676
2682 2677 2671
2678 2677 2683
2678 2683 2684
2685 2684 2683
2679 2680 2686
2681 2679 2686
2687 2676 2681
2687 2682 2676
2688 2683 2677
2688 2677 2682
2685 2683 2689
2689 2683 2688
2690 2685 2689
2690 2689 2691
2692 2690 2691
2680 2693 2686
2680 2694 2693
2694 2695 2693
2686 2693 2696
2693 2695 2696
2686 2696 2697
2681 2686 2697
2687 2681 2697
2697 2696 2698
2696 2695 2698
2687 2697 2699
2697 2698 2699
2691 2689 2700
2689 2688 2700
2698 2695 2701
2699 2698 2701
2702 2687 2699
2702 2682 2687
2702 2688 2682
2703 2700 2688
2703 2688 2702
2702 2699 2704
2699 2701 2704
2703 2702 2704
2691 2700 2705
2703 2705 2700
2704 2701 2706
2701 2695 2706
2703 2704 2707
2704 2706 2707
2706 2695 2708
2707 2706 2708
2709 2703 2707
2703 2709 2705
2710 2691 2705
2692 2691 2710
2711 2692 2710
2711 2710 2712
2710 2705 2713
2712 2710 2713
2709 2713 2705
2712 2713 2714
2715 2714 2713
2709 2715 2713
2715 2716 2714
2709 2707 2717
2707 2708 2717
2715 2709 2717
2716 2715 2718
2715 2717 2718
2716 2718 2719
2718 2720 2719
2717 2708 2721
2717 2721 2718
2718 2721 2720
2708 2695 2721
2721 2695 2720
2722 2723 2724
2722 2724 2725
2724 2726 2725
2726 2727 2725
2726 2728 2727
2729 2730 2731
2730 2729 2732
2733 2731 2730
2733 2730 2732
2734 2735 2736
2735 2734 2737
2738 2736 2735
2738 2735 2737
2739 2740 2741
2742 2741 2740
2740 2739 2743
2742 2740 2743
2744 2741 2742
2745 2744 2742
2741 2744 2746
2746 2744 2745
2743 2747 2742
2748 2742 2747
2747 2743 2749
2748 2747 2749
2746 2745 2750
2751 2750 2745
2746 2750 2752
2750 2751 2752
2742 2753 2745
2753 2742 2748
2745 2753 2754
2754 2753 2748
2749 2755 2748
2755 2756 2748
2757 2755 2749
2756 2755 2757
2752 2751 2758
2752 2758 2759
2758 2760 2759
2760 2758 2751
2745 2761 2751
2761 2745 2754
2751 2761 2762
2762 2761 2754
2751 2763 2760
2751 2762 2763
2763 2764 2760
2764 2763 2762
2748 2765 2754
2765 2748 2756
2754 2765 2766
2766 2765 2756
2757 2767 2756
2767 2757 2768
2769 2767 2768
2769 2756 2767
2769 2770 2756
2756 2770 2766
2771 2770 2769
2770 2771 2766
2762 2772 2764
2772 2762 2773
2764 2772 2774
2774 2772 2773
2754 2775 2762
2775 2754 2766
2762 2775 2773
2773 2775 2766
2776 2766 2771
2766 2776 2773
2777 2776 2771
2777 2773 2776
2773 2778 2774
2778 2773 2777
2774 2778 2779
2779 2778 2777
2780 2781 2782
2783 2782 2781
2780 2784 2781
2784 2780 2785
2784 2785 2786
2786 2785 2783
2781 2784 2786
2786 2783 2787
2781 2786 2787
2783 2781 2787
