byte offset: 0
first index: 0
index count: 18927
topology: trianglelist
format: DXGI_FORMAT_R16_UINT

0 1 2
3 4 1
5 4 3
3 1 6
1 7 6
5 3 8
8 9 5
8 10 9
9 10 11
11 10 12
13 12 10
13 10 14
14 10 8
15 13 14
14 8 16
16 8 3
15 14 17
17 14 16
18 15 17
18 17 19
19 20 18
21 3 6
6 22 21
6 23 22
16 3 24
21 24 3
17 16 25
25 16 24
26 19 17
26 17 25
19 27 20
26 27 19
21 28 24
29 28 21
24 30 25
24 28 30
30 31 25
28 31 30
25 32 26
31 32 25
33 26 32
33 27 26
33 32 31
34 20 27
34 35 20
36 35 34
37 27 33
37 34 27
33 31 38
37 33 38
28 39 31
38 31 39
39 28 40
36 34 41
42 36 41
42 43 36
34 44 41
44 34 37
42 41 44
45 43 42
45 46 43
47 46 45
37 38 48
38 39 49
49 48 38
49 50 48
51 49 39
51 52 49
44 37 53
53 37 48
42 44 54
54 44 53
53 48 55
54 53 55
56 55 48
56 57 55
42 58 45
42 54 58
55 59 54
58 54 59
59 55 60
61 45 58
47 45 61
58 59 62
63 62 59
63 64 62
65 58 62
61 58 65
61 65 66
67 47 61
61 66 67
67 68 47
65 62 69
66 65 69
70 69 62
70 71 69
67 72 68
72 73 68
67 74 72
66 74 67
75 74 66
66 76 75
66 69 77
77 76 66
78 77 69
78 79 77
76 77 80
76 80 81
28 82 83
84 85 49
86 87 88
89 87 90
91 87 92
93 87 94
95 87 96
97 87 98
99 87 100
101 87 102
103 87 104
105 87 106
107 87 108
108 87 109
110 55 111
39 112 113
114 115 116
115 117 118
119 118 117
115 118 120
121 115 120
119 122 118
123 122 119
122 124 118
123 125 122
125 126 122
123 127 125
125 127 128
123 129 127
127 129 130
127 130 131
127 131 128
130 132 131
130 133 132
125 128 134
128 135 134
134 136 125
137 134 135
137 135 138
139 131 132
128 131 139
133 140 132
133 141 140
142 140 141
142 141 143
144 142 143
144 145 142
132 140 146
132 146 139
140 147 146
140 142 147
139 146 148
149 148 146
149 150 148
128 139 151
139 148 151
128 151 152
128 152 135
148 153 151
154 152 151
154 151 153
150 155 148
148 155 153
135 152 156
156 152 154
150 157 155
157 150 158
157 158 159
159 158 160
150 161 158
150 162 161
163 154 153
154 164 156
154 163 164
135 156 165
166 135 165
166 167 135
156 168 165
156 164 168
168 169 165
163 153 170
153 171 170
155 171 153
155 172 171
173 172 155
173 174 172
175 170 171
172 175 171
170 176 163
176 170 175
175 177 176
163 178 164
176 178 163
172 179 175
174 179 172
164 178 180
164 180 168
176 181 178
177 181 176
180 178 181
175 182 177
179 182 175
180 183 168
184 183 180
180 181 184
168 183 185
185 183 184
186 168 185
186 185 187
185 184 188
188 189 185
181 190 184
188 184 190
177 191 181
181 191 190
179 192 182
193 177 182
192 193 182
194 192 179
174 194 179
195 194 174
195 196 194
188 190 197
191 198 190
198 197 190
198 199 197
177 200 191
191 200 198
197 201 188
202 188 201
201 197 203
201 203 204
177 205 200
193 205 177
200 206 198
207 198 206
207 206 208
205 209 200
200 209 206
201 204 210
211 201 210
211 212 201
213 211 210
214 210 204
214 204 215
205 216 209
217 216 205
217 205 193
218 209 216
218 216 217
209 219 206
218 219 209
219 218 220
219 221 206
222 206 221
222 221 223
224 221 219
219 220 224
218 217 225
220 218 225
224 226 221
227 221 226
227 226 228
226 229 228
224 229 226
230 228 229
230 229 231
232 229 224
224 233 232
220 233 224
234 233 220
235 234 220
235 220 236
220 225 236
236 237 235
236 238 237
225 238 236
239 237 238
225 240 238
217 240 225
239 238 241
240 241 238
242 239 241
242 243 239
217 244 240
193 244 217
240 245 241
245 240 244
245 246 241
245 247 246
193 248 244
192 248 193
245 244 249
249 250 245
249 251 250
252 248 192
194 252 192
194 253 252
194 254 253
255 244 248
252 255 248
255 249 244
256 255 252
256 257 255
258 249 255
258 259 249
260 261 262
263 261 264
263 265 261
266 261 265
267 266 265
267 265 268
268 265 269
268 269 270
271 267 268
272 266 267
267 271 272
271 268 273
273 268 274
273 274 275
276 261 266
272 277 266
276 266 277
278 271 273
279 278 273
279 273 280
272 271 281
278 282 271
281 271 282
283 277 272
281 283 272
282 278 284
284 278 285
284 285 286
282 287 281
282 284 288
288 287 282
288 284 289
289 284 290
289 290 291
281 292 283
287 292 281
293 287 288
288 289 293
287 294 292
293 294 287
295 283 292
292 294 295
293 289 296
289 297 296
289 298 297
293 299 294
293 296 299
300 294 299
296 300 299
295 294 300
296 301 300
302 301 296
302 303 301
300 301 304
304 301 305
304 305 306
307 295 300
300 304 307
308 295 307
295 308 283
304 309 307
308 307 309
308 310 283
283 310 277
304 311 309
312 311 304
312 313 311
309 314 308
308 314 310
310 315 277
276 277 315
316 276 315
311 317 309
309 317 314
314 318 310
310 318 315
315 318 319
315 319 320
314 321 318
317 321 314
321 322 318
321 323 322
311 324 317
325 324 311
325 326 324
317 327 321
327 328 321
317 324 329
317 329 327
324 330 329
324 331 330
118 327 329
118 332 327
118 329 120
333 120 329
333 334 120
335 336 327
337 338 339
134 340 341
342 343 344
174 345 346
174 347 348
174 349 350
174 351 352
353 142 354
355 142 356
357 142 358
359 142 360
361 362 363
364 365 366
367 368 369
370 210 371
372 373 374
165 375 376
377 378 379
158 380 381
158 382 383
158 384 385
386 387 388
389 390 391
392 393 394
395 393 396
397 393 398
399 393 400
401 393 402
403 393 404
405 393 406
407 393 408
409 393 410
411 393 412
413 393 414
415 393 416
417 393 418
418 393 419
420 421 422
423 424 425
426 427 428
429 430 431
432 433 434
435 436 437
438 439 440
441 442 443
444 445 446
447 448 449
450 451 452
453 454 276
455 456 276
276 456 261
261 456 211
457 261 211
211 456 458
459 460 456
461 462 197
463 228 464
465 466 467
468 467 469
470 468 469
468 471 467
467 471 472
470 473 468
473 470 474
473 474 475
474 476 475
476 477 475
478 475 477
478 479 475
479 473 475
480 479 478
479 481 473
481 468 473
480 482 479
482 481 479
483 482 480
483 484 482
484 483 485
481 486 468
482 487 481
487 486 481
488 482 484
488 487 482
484 485 489
488 484 489
490 468 486
490 471 468
471 490 491
471 491 492
490 486 493
494 490 493
486 487 495
486 495 493
495 487 496
493 495 496
487 488 497
496 487 497
498 497 488
498 488 489
498 496 497
493 496 499
499 500 493
498 501 496
501 499 496
502 498 489
502 501 498
502 489 503
503 489 485
503 485 504
505 503 504
501 506 499
507 499 506
507 506 508
506 501 509
502 509 501
506 509 510
505 511 503
512 502 503
503 511 512
513 511 505
513 512 511
513 505 514
515 509 502
512 515 502
515 516 509
517 509 516
517 516 518
519 515 512
513 519 512
519 516 515
520 513 514
520 514 521
522 520 521
513 523 519
513 520 523
516 519 524
523 524 519
524 525 516
522 526 520
526 523 520
523 527 524
528 524 527
528 527 529
530 527 523
526 530 523
526 531 530
532 526 522
526 532 531
532 522 533
530 534 527
531 534 530
535 527 534
535 534 536
532 533 537
537 533 538
532 537 539
531 532 539
540 531 539
531 540 541
531 542 534
542 531 541
543 534 542
543 542 544
541 545 542
541 546 545
493 547 548
549 506 550
551 552 553
554 555 553
556 557 553
558 559 553
560 561 553
562 563 553
564 565 553
566 567 553
568 569 553
570 571 553
572 573 553
573 574 553
575 576 516
499 577 578
579 580 581
581 582 583
584 583 582
581 585 582
586 585 581
584 582 587
588 584 587
587 582 589
588 587 590
590 587 591
588 590 592
590 593 592
588 592 594
592 595 594
592 596 595
592 593 596
595 596 597
595 597 598
590 599 593
593 599 600
599 590 601
602 600 599
602 603 600
604 597 596
593 604 596
598 597 605
598 605 606
607 606 605
607 608 606
609 608 607
609 607 610
597 611 605
597 604 611
605 611 612
605 612 607
604 613 611
614 611 613
614 613 615
593 616 604
604 616 613
593 617 616
593 600 617
613 616 618
619 616 617
619 618 616
615 613 620
613 618 620
600 621 617
621 619 617
615 620 622
622 623 615
622 624 623
624 625 623
615 623 626
615 626 627
628 618 619
619 621 629
619 629 628
600 630 621
631 630 600
631 600 632
621 630 633
621 633 629
633 630 634
628 635 618
618 635 636
620 618 636
620 636 637
638 620 637
638 637 639
640 636 635
637 636 640
635 628 641
641 640 635
640 641 642
628 629 643
641 628 643
637 640 644
639 637 644
629 645 643
629 633 645
641 643 646
642 641 646
645 646 643
640 642 647
644 640 647
645 633 648
649 645 648
645 649 646
633 650 648
650 649 648
651 650 633
651 652 650
650 653 649
653 650 654
646 649 655
653 655 649
642 646 656
646 655 656
644 647 657
658 647 642
657 647 658
659 644 657
639 644 659
660 639 659
660 659 661
653 662 655
656 655 663
663 655 662
663 662 664
642 656 665
656 663 665
662 653 666
667 666 653
666 668 662
666 669 668
642 665 670
658 642 670
665 663 671
672 671 663
672 673 671
670 665 674
665 671 674
666 675 669
676 675 666
676 666 677
678 675 676
679 669 675
679 680 669
670 674 681
682 670 681
682 658 670
683 681 674
683 682 681
674 671 684
683 674 684
684 685 683
684 671 686
687 686 671
687 688 686
689 684 686
684 689 685
683 690 682
685 690 683
689 686 691
692 691 686
692 693 691
691 693 694
689 691 694
695 694 693
695 696 694
697 689 694
689 697 698
685 689 698
699 685 698
700 685 699
700 701 685
685 701 690
701 700 702
701 702 703
690 701 703
704 703 702
690 703 705
682 690 705
704 706 703
705 703 706
707 706 704
707 704 708
682 705 709
658 682 709
705 706 710
710 709 705
710 706 711
710 711 712
658 709 713
657 658 713
710 714 709
714 710 715
714 715 716
717 657 713
659 657 717
659 717 718
659 718 719
720 713 709
717 713 720
720 709 714
721 717 720
721 720 722
723 720 714
723 714 724
725 726 727
728 729 727
728 727 730
731 730 727
732 730 731
732 733 730
733 734 730
733 735 734
736 733 732
737 732 731
732 737 736
736 738 733
738 739 733
738 740 739
741 731 727
737 731 742
741 742 731
743 738 736
744 738 743
744 745 738
737 746 736
743 736 747
746 747 736
748 737 742
746 737 748
747 749 743
749 750 743
749 751 750
747 746 752
747 753 749
753 747 752
753 754 749
754 755 749
754 756 755
746 748 757
752 746 757
758 753 752
753 758 754
752 757 759
758 752 759
760 757 748
757 760 759
758 761 754
754 761 762
754 762 763
758 759 764
758 764 761
765 764 759
761 764 765
760 765 759
761 765 766
767 761 766
767 766 768
765 769 766
769 770 766
769 771 770
772 765 760
765 772 769
773 772 760
760 748 773
769 772 774
773 774 772
773 748 775
748 742 775
769 774 776
777 769 776
777 776 778
774 773 779
773 775 779
775 742 780
741 780 742
781 780 741
776 774 782
774 779 782
779 775 783
775 780 783
780 784 783
780 785 784
779 783 786
782 779 786
786 783 787
786 787 788
776 782 789
790 776 789
790 789 791
782 786 792
792 786 793
782 794 789
782 792 794
789 794 795
789 795 796
582 794 792
582 792 797
582 585 794
798 794 585
798 585 799
800 792 801
802 803 804
599 805 806
807 808 809
639 810 811
639 812 813
639 814 815
639 816 817
818 819 607
820 821 607
822 823 607
824 825 607
826 827 828
829 830 831
832 833 834
835 836 675
837 838 839
630 840 841
842 843 844
623 845 846
623 847 848
623 849 850
851 852 853
854 855 856
857 858 859
860 861 859
862 863 859
864 865 859
866 867 859
868 869 859
870 871 859
872 873 859
874 875 859
876 877 859
878 879 859
880 881 859
882 883 859
883 884 859
885 886 887
888 889 890
891 892 893
894 895 896
897 898 899
900 901 902
903 904 905
906 907 908
909 910 911
912 913 914
915 916 917
918 741 919
920 741 921
741 727 921
727 676 921
922 676 727
676 923 921
924 921 925
926 662 927
928 929 693
930 931 932
931 933 934
935 936 931
937 938 931
939 931 940
941 942 931
943 944 945
946 947 943
946 943 948
948 949 946
948 950 949
951 948 943
951 943 952
951 953 948
954 950 948
954 948 953
955 953 951
955 951 956
955 957 953
957 955 958
957 958 959
960 953 957
960 954 953
960 957 961
960 961 962
963 950 954
950 963 964
950 964 965
966 954 960
963 954 966
966 960 967
968 967 960
968 969 967
970 963 966
963 970 971
963 971 972
970 966 973
973 966 967
974 970 973
975 970 974
975 974 976
973 967 977
967 978 977
967 979 978
974 973 980
980 973 977
981 974 980
981 980 982
980 977 983
984 980 983
984 985 980
977 986 983
977 987 986
988 974 989
988 989 990
983 991 992
983 992 993
994 955 995
996 997 998
997 999 1000
997 1001 999
1002 999 1001
1002 1001 1003
997 1004 1001
1005 1004 997
1005 1006 1004
1004 1007 1001
1008 1001 1007
1008 1007 1009
1004 1010 1007
1011 1010 1004
1011 1004 1012
1013 1007 1010
1010 1014 1013
1010 1015 1014
1013 1016 1007
1016 1017 1007
1016 1018 1017
1016 1013 1019
1013 1020 1019
1013 1021 1020
1016 1019 1022
1019 1023 1022
1024 1016 1022
1024 1022 1025
1023 1026 1022
1023 1027 1026
1019 1028 1023
1019 1029 1028
1019 1030 1029
1031 1023 1028
1032 1031 1028
1032 1028 1033
1031 1034 1023
1035 1023 1034
1035 1036 1023
1037 1034 1031
1038 1037 1031
1038 1031 1039
1040 1037 1038
1040 1041 1037
1037 1042 1034
1041 1042 1037
1043 1034 1042
1043 1044 1034
1045 1043 1042
1045 1042 1046
1041 1046 1042
1047 1046 1041
1047 1041 1048
1047 1048 1049
1047 1050 1046
1046 1050 1051
1046 1051 1052
1053 1051 1050
1053 1050 1054
1047 1054 1050
1047 1055 1054
1056 1055 1047
1056 1047 1057
1055 1058 1054
1059 1054 1058
1059 1060 1054
1055 1061 1058
1062 1061 1055
1062 1055 1063
1064 1061 1062
1064 1065 1061
1066 1058 1061
1066 1061 1065
1067 1058 1066
1067 1068 1058
1069 1066 1065
1066 1069 1070
1066 1070 1071
1069 1065 1072
1073 1072 1065
1073 1065 1074
1072 1075 1069
1076 1069 1075
1076 1077 1069
1072 1078 1075
1079 1078 1072
1079 1080 1078
1078 1081 1075
1082 1075 1081
1082 1083 1075
1078 1084 1081
1084 1078 1085
1084 1085 1086
1084 1087 1081
1088 1081 1087
1088 1089 1081
1084 1090 1087
1084 1091 1090
1084 1092 1091
1093 1087 1090
1087 1093 1094
1087 1094 1095
1093 1090 1096
1096 1090 1097
1096 1097 1098
1099 1093 1096
1099 1096 1100
1100 1096 1101
1100 1101 1102
1103 1093 1104
999 1105 1106
1107 1108 1109
1110 1111 1107
1110 1112 1111
1113 1112 1110
1113 1110 1114
1115 1110 1107
1115 1107 1116
1115 1117 1110
1118 1114 1110
1118 1110 1119
1114 1120 1121
1114 1121 1122
1114 1122 1123
1114 1123 1124
1122 1125 1126
1122 1127 1125
1128 1127 1122
1128 1129 1127
1130 1131 1127
1130 1127 1132
1132 1127 1133
1132 1133 1134
1135 1132 1134
1135 1134 1136
1137 1132 1135
1137 1138 1132
1139 1135 1140
1139 1141 1135
1135 1141 1142
1135 1142 1143
1141 1144 1145
1141 1145 1146
1146 1147 1141
1146 1148 1147
1149 1148 1146
1149 1146 1150
1151 1150 1146
1151 1152 1150
1153 1150 1154
1153 1154 1155
1156 1157 1150
1156 1158 1157
1158 1159 1160
1161 1162 1163
1164 1165 1166
1166 1167 1168
1166 1168 1169
1170 1169 1168
1170 1171 1169
1166 1169 1172
1173 1166 1172
1173 1172 1174
1172 1169 1175
1176 1175 1169
1176 1177 1175
1172 1175 1178
1179 1172 1178
1179 1180 1172
1181 1178 1175
1178 1181 1182
1178 1182 1183
1181 1175 1184
1184 1175 1185
1184 1185 1186
1184 1187 1181
1181 1187 1188
1181 1188 1189
1184 1190 1187
1187 1190 1191
1192 1190 1184
1192 1193 1190
1191 1190 1194
1191 1194 1195
1187 1191 1196
1187 1196 1197
1187 1197 1198
1199 1196 1191
1200 1196 1199
1200 1201 1196
1199 1191 1202
1203 1202 1191
1203 1191 1204
1205 1199 1202
1206 1199 1205
1206 1207 1199
1208 1206 1205
1208 1205 1209
1205 1202 1210
1209 1205 1210
1211 1210 1202
1211 1202 1212
1213 1210 1211
1213 1214 1210
1209 1210 1214
1215 1209 1214
1215 1216 1209
1215 1217 1216
1215 1214 1218
1214 1219 1218
1214 1220 1219
1221 1218 1219
1221 1222 1218
1215 1218 1222
1215 1222 1223
1224 1215 1223
1224 1225 1215
1223 1222 1226
1227 1226 1222
1227 1222 1228
1223 1226 1229
1230 1223 1229
1230 1231 1223
1232 1230 1229
1232 1229 1233
1234 1229 1226
1234 1233 1229
1235 1234 1226
1235 1226 1236
1237 1233 1234
1234 1238 1237
1234 1239 1238
1237 1240 1233
1241 1233 1240
1241 1242 1233
1240 1237 1243
1244 1243 1237
1244 1237 1245
1240 1243 1246
1247 1240 1246
1247 1246 1248
1246 1243 1249
1250 1249 1243
1250 1243 1251
1246 1249 1252
1252 1253 1246
1252 1254 1253
1252 1249 1255
1256 1255 1249
1256 1249 1257
1252 1255 1258
1252 1258 1259
1252 1259 1260
1261 1258 1255
1255 1262 1261
1255 1263 1262
1261 1264 1258
1264 1265 1258
1264 1266 1265
1267 1264 1261
1267 1268 1264
1268 1269 1264
1268 1270 1269
1271 1272 1261
1168 1273 1274
1275 1276 1277
1278 1275 1279
1278 1279 1280
1281 1278 1280
1281 1282 1278
1283 1275 1278
1283 1284 1275
1283 1278 1285
1286 1278 1282
1286 1287 1278
1282 1288 1289
1282 1290 1288
1282 1291 1290
1282 1292 1291
1290 1293 1294
1290 1294 1295
1296 1290 1295
1296 1295 1297
1298 1295 1299
1298 1300 1295
1300 1301 1295
1300 1302 1301
1303 1302 1300
1303 1304 1302
1305 1303 1300
1305 1300 1306
1307 1308 1303
1307 1303 1309
1303 1310 1309
1303 1311 1310
1309 1312 1313
1309 1314 1312
1314 1309 1315
1314 1315 1316
1317 1314 1316
1317 1318 1314
1319 1314 1318
1319 1318 1320
1321 1322 1318
1321 1323 1322
1324 1318 1325
1324 1325 1326
1326 1327 1328
1329 1330 1331
1332 1333 1334
1335 1336 1334
1334 1336 1337
1338 1334 1337
1339 1334 1338
1338 1337 1340
1341 1337 1336
1341 1342 1337
1336 1343 1341
1336 1344 1343
1345 1344 1336
1345 1346 1344
1347 1337 1348
1349 1350 1336
1341 1351 1352
1353 1341 1354
1353 1354 1355
1356 1357 1344
1358 1356 1344
1358 1359 1356
1360 1356 1359
1356 1361 1362
1363 1356 1364
1364 1356 1365
1366 1367 1364
1368 1364 1367
1369 1367 1366
1369 1366 1370
1366 1364 1371
1371 1364 1372
1371 1372 1373
1374 1366 1371
1371 1375 1374
1374 1376 1366
1366 1376 1377
1366 1377 1378
1379 1376 1374
1380 1379 1374
1380 1374 1381
1382 1381 1374
1379 1383 1376
1384 1376 1383
1384 1383 1385
1386 1383 1379
1387 1386 1379
1387 1379 1388
1386 1389 1383
1383 1389 1390
1383 1390 1391
1392 1389 1386
1393 1392 1386
1393 1386 1394
1392 1395 1389
1389 1395 1396
1389 1396 1397
1398 1395 1392
1399 1398 1392
1399 1392 1400
1398 1401 1395
1395 1401 1402
1395 1402 1403
1404 1401 1398
1405 1404 1398
1405 1398 1406
1404 1407 1401
1401 1407 1408
1401 1408 1409
1410 1411 1412
1413 1412 1414
1415 1412 1416
1415 1416 1417
1415 1418 1412
1415 1419 1418
1420 1415 1421
1420 1421 1422
1421 1415 1423
1421 1423 1424
1425 1421 1426
1425 1426 1427
1426 1421 1428
1426 1428 1429
1430 1426 1338
1430 1338 1431
1338 1426 1432
1338 1432 1433
1434 1435 1436
1437 1436 1438
1439 1436 1440
1439 1440 1441
1439 1442 1436
1439 1443 1442
1439 1444 1445
1439 1446 1444
1447 1446 1439
1447 1448 1446
1446 1449 1450
1446 1451 1449
1452 1451 1446
1452 1453 1451
1451 1454 1455
1451 1456 1454
1457 1456 1451
1457 1458 1456
1459 1460 1456
1459 1461 1460
1462 1456 1460
1462 1460 1463
1464 1460 1465
1464 1465 1466
1467 1465 1460
1467 1468 1465
1367 1465 1469
1470 1465 1367
1470 1367 1471
1472 1473 1474
1475 1473 1476
1477 1473 1478
1477 1478 1479
1477 1480 1473
1477 1481 1480
1482 1477 1483
1482 1484 1477
1485 1477 1484
1485 1484 1486
1487 1484 1488
1487 1489 1484
1490 1484 1489
1490 1489 1491
1489 1492 1493
1489 1493 1494
1495 1489 1494
1495 1494 1496
1497 1494 1498
1497 1499 1494
1500 1494 1499
1500 1499 1501
1502 1503 1499
1502 1504 1503
1505 1499 1503
1505 1503 1506
1506 1503 1507
1506 1507 1508
1503 1509 1507
1503 1510 1509
1507 1511 1512
1507 1513 1511
1514 1513 1507
1514 1515 1513
1516 1517 1513
1516 1513 1518
1519 1518 1513
1519 1520 1518
1518 1521 1522
1523 1521 1518
1523 1524 1521
1525 1521 1526
1527 1526 1528
1529 1530 1521
1529 1521 1531
1531 1521 1532
1531 1532 1533
1531 1534 1529
1535 1529 1534
1535 1536 1529
1531 1537 1534
1538 1534 1537
1539 1537 1531
1539 1540 1537
1538 1537 1541
1538 1541 1542
1543 1538 1542
1543 1544 1538
1538 1545 1534
1546 1534 1545
1546 1547 1534
1548 1545 1538
1548 1538 1544
1548 1549 1545
1550 1548 1544
1550 1551 1548
1552 1544 1553
1552 1554 1544
1555 1554 1556
1557 1558 1548
1559 1557 1548
1371 1560 1561
1562 1563 1564
1564 1565 1566
1567 1568 1569
1568 1570 1571
1568 1572 1573
1568 1574 1572
1575 1574 1568
1575 1576 1574
1577 1574 1578
1577 1579 1574
1579 1580 1574
1579 1581 1580
1582 1583 1579
1582 1579 1584
1585 1584 1579
1585 1579 1586
1587 1584 1588
1587 1589 1584
1587 1590 1589
1591 1592 1587
1591 1587 1593
1594 1593 1587
1594 1587 1595
1587 1596 1595
1595 1597 1594
1595 1598 1597
1593 1594 1599
1599 1594 1600
1599 1600 1601
1593 1599 1602
1603 1602 1599
1593 1602 1604
1593 1604 1605
1606 1604 1602
1607 1602 1608
1609 1599 1610
1609 1610 1611
1612 1613 1611
1614 1615 1616
1617 1618 1619
1620 1618 1621
1618 1622 1621
1618 1623 1622
1624 1623 1618
1625 1624 1618
1625 1626 1624
1622 1623 1627
1622 1627 1628
1621 1622 1629
1622 1630 1629
1624 1631 1623
1632 1623 1631
1632 1633 1623
1621 1629 1634
1635 1621 1634
1636 1631 1624
1637 1636 1624
1637 1624 1638
1634 1629 1639
1640 1639 1629
1640 1641 1639
1634 1639 1642
1642 1639 1643
1644 1634 1642
1644 1642 1645
1636 1646 1631
1631 1646 1647
1631 1647 1648
1649 1646 1636
1650 1649 1636
1650 1636 1651
1649 1652 1646
1653 1646 1652
1653 1654 1646
1649 1655 1652
1652 1655 1656
1652 1656 1657
1649 1658 1655
1659 1658 1649
1659 1649 1660
1661 1655 1658
1662 1655 1661
1662 1663 1655
1661 1658 1664
1658 1665 1664
1658 1666 1665
1661 1664 1667
1664 1668 1667
1664 1669 1668
1661 1667 1670
1670 1671 1661
1670 1672 1671
1670 1667 1673
1667 1674 1673
1667 1675 1674
1670 1673 1676
1676 1677 1670
1676 1678 1677
1673 1679 1676
1679 1680 1676
1679 1681 1680
1673 1682 1679
1683 1682 1673
1683 1684 1682
1685 1682 1684
1679 1682 1686
1686 1682 1685
1687 1679 1686
1687 1686 1688
1689 1686 1685
1689 1685 1690
1689 1690 1691
1689 1692 1686
1692 1693 1686
1692 1694 1693
1695 1692 1689
1689 1696 1695
1689 1697 1696
1695 1698 1692
1698 1699 1692
1698 1700 1699
1701 1698 1695
1695 1702 1701
1695 1703 1702
1701 1704 1698
1704 1705 1698
1704 1706 1705
1707 1704 1701
1701 1708 1707
1707 1709 1704
1709 1710 1704
1709 1711 1710
1712 1709 1707
1712 1713 1709
1713 1714 1709
1713 1715 1714
1716 1715 1713
1717 1716 1713
1717 1713 1718
1701 1719 1720
1721 1722 1707
1723 1716 1724
1723 1725 1716
1725 1726 1716
1716 1726 1727
1725 1728 1726
1725 1729 1728
1730 1726 1728
1728 1729 1731
1728 1731 1730
1732 1730 1731
1732 1731 1733
1734 1731 1729
1735 1731 1734
1735 1734 1736
1725 1737 1729
1738 1737 1725
1738 1725 1739
1734 1729 1740
1737 1740 1729
1730 1741 1726
1742 1741 1730
1742 1730 1743
1744 1726 1741
1745 1726 1744
1746 1734 1740
1747 1734 1746
1747 1748 1734
1737 1749 1740
1737 1750 1749
1737 1751 1750
1752 1740 1749
1753 1752 1749
1746 1740 1754
1752 1754 1740
1744 1741 1755
1756 1755 1741
1756 1741 1757
1746 1754 1758
1759 1754 1752
1759 1758 1754
1752 1760 1759
1752 1761 1760
1755 1762 1744
1762 1763 1744
1764 1763 1762
1764 1762 1765
1755 1766 1762
1767 1766 1755
1767 1755 1768
1769 1762 1766
1769 1765 1762
1770 1765 1769
1771 1769 1766
1771 1772 1769
1773 1770 1769
1773 1774 1770
1770 1775 1765
1776 1765 1775
1776 1777 1765
1778 1775 1770
1779 1775 1778
1779 1780 1775
1779 1778 1781
1779 1781 1782
1778 1770 1783
1781 1778 1783
1784 1783 1770
1784 1770 1785
1781 1783 1786
1786 1783 1787
1786 1787 1788
1789 1781 1786
1790 1789 1786
1790 1786 1791
1789 1792 1781
1793 1781 1792
1793 1792 1794
1795 1792 1789
1796 1795 1789
1796 1789 1797
1798 1792 1795
1799 1792 1798
1799 1798 1800
1798 1795 1801
1801 1802 1798
1803 1798 1802
1803 1802 1804
1805 1801 1795
1805 1795 1806
1801 1807 1802
1808 1807 1801
1808 1801 1809
1802 1807 1810
1807 1811 1810
1807 1812 1811
1802 1810 1813
1813 1814 1802
1814 1815 1802
1816 1813 1810
1810 1817 1816
1810 1818 1817
1813 1819 1814
1820 1814 1819
1813 1821 1819
1813 1816 1821
1822 1819 1821
1822 1821 1823
1816 1823 1821
1816 1824 1823
1824 1816 1825
1824 1825 1826
1827 1823 1824
1828 1823 1827
1828 1827 1829
1827 1824 1830
1831 1830 1824
1831 1824 1832
1830 1833 1827
1827 1833 1834
1827 1834 1835
1830 1836 1833
1837 1836 1830
1837 1830 1838
1836 1839 1833
1839 1836 1840
1833 1839 1841
1833 1841 1842
1843 1836 1844
1839 1845 1846
1839 1847 1845
1848 1847 1839
1848 1849 1847
1847 1850 1851
1847 1852 1850
1853 1852 1847
1853 1854 1852
1852 1855 1856
1852 1857 1855
1852 1858 1857
1852 1859 1858
1860 1861 1857
1862 1857 1863
1864 1865 1866
1595 1867 1864
1864 1868 1595
1864 1869 1868
1870 1864 1871
1864 1870 1872
1870 1873 1874
1875 1876 1870
1875 1877 1876
1878 1875 1870
1878 1879 1875
1880 1875 1881
1880 1882 1875
1882 1883 1875
1882 1884 1883
1885 1884 1882
1885 1882 1886
1887 1886 1882
1887 1882 1888
1889 1886 1890
1889 1891 1886
1892 1886 1891
1892 1893 1886
1891 1894 1895
1891 1896 1894
1897 1896 1891
1897 1898 1896
1896 1899 1900
1896 1901 1899
1902 1901 1896
1902 1903 1901
1901 1904 1899
1901 1905 1904
1906 1905 1901
1906 1907 1905
1905 1907 1908
1905 1908 1909
1905 1909 1910
1905 1910 1911
1909 1912 1913
1909 1914 1912
1914 1915 1912
1916 1914 1909
1916 1917 1914
1914 1918 1919
1920 1921 1914
1922 1921 1920
1922 1923 1921
1922 1924 1925
1922 1925 1926
1925 1927 1928
1929 1622 1930
1931 1932 1933
1932 1934 1935
1932 1936 1937
1938 1932 1939
1938 1940 1932
1940 1941 1932
1940 1942 1941
1940 1943 1944
1940 1944 1945
1945 1946 1940
1945 1947 1946
1948 1949 1945
1948 1950 1949
1948 1945 1951
1948 1951 1952
1953 1954 1948
1953 1955 1954
1954 1956 1948
1954 1957 1956
1954 1958 1959
1960 1961 1954
1962 1963 1964
1965 1966 1964
1967 1968 1819
1969 1970 1529
1971 1639 1972
1973 1642 1974
1975 1976 1977
1978 1979 1980
1981 1979 1982
1981 1982 1983
1984 1982 1979
1985 1984 1979
1986 1985 1979
1984 1987 1982
1982 1987 1988
1989 1985 1986
1989 1986 1990
1982 1988 1991
1992 1982 1991
1992 1991 1993
1993 1991 1994
1995 1989 1996
1995 1997 1989
1991 1998 1999
1991 1999 2000
1991 2000 2001
2002 1997 2003
2002 2003 2004
2005 2006 2002
2005 2007 2006
2000 2008 2009
2000 2009 2010
2011 2000 2010
2011 2010 2012
2010 2013 2014
2010 2015 2013
2016 2015 2010
2016 2017 2015
2015 2018 2019
2015 2020 2018
2021 2020 2015
2021 2022 2020
2020 2023 2024
2020 2025 2023
2026 2025 2020
2026 2027 2025
2025 2028 2029
2025 2030 2028
2031 2030 2025
2031 2032 2030
2030 2033 2034
2030 2035 2033
2036 2035 2030
2036 2037 2035
2035 2038 2039
2035 2040 2038
2041 2040 2035
2041 2042 2040
2043 2044 2040
2043 2040 2045
2045 2040 2046
2045 2046 2047
2048 2049 2045
2048 2045 2050
2050 2045 2051
2050 2051 2052
2053 2050 2054
2055 2050 2056
2057 2058 2059
2060 2061 2062
2062 2063 2064
2062 2064 2065
2064 2066 2065
2064 2067 2066
2068 2067 2064
2068 2069 2067
2070 2071 2064
2067 2072 2073
2067 2074 2072
2075 2074 2067
2075 2076 2074
2074 2077 2078
2074 2079 2077
2080 2079 2074
2080 2081 2079
2079 2082 2083
2079 2084 2082
2085 2084 2079
2085 2086 2084
2084 2087 2088
2084 2089 2087
2090 2089 2084
2090 2091 2089
2089 2092 2087
2089 2093 2092
2089 2094 2093
2089 2095 2094
2093 2096 2097
2093 2097 2098
2099 2093 2100
2099 2100 2101
2102 2103 2101
2102 2101 2104
2105 2106 2107
2108 2109 2110
1364 2111 2112
2113 2114 2115
2116 2117 2118
2119 2120 2121
2122 2123 2124
2125 2126 2127
2125 2128 2129
2130 2131 2132
2133 2130 2134
2134 2130 2135
2130 2136 2135
2130 2137 2136
2137 2130 2138
2137 2138 2139
2136 2140 2135
2136 2141 2140
2142 2136 2137
2142 2143 2136
2142 2144 2143
2142 2137 2145
2145 2137 2146
2145 2146 2147
2145 2148 2142
2148 2149 2142
2148 2150 2149
2151 2148 2145
2151 2145 2152
2151 2152 2153
2154 2148 2151
2154 2155 2148
2154 2156 2155
2153 2157 2151
2157 2154 2151
2153 2158 2157
2157 2159 2154
2159 2160 2154
2159 2161 2160
2162 2159 2157
2162 2163 2159
2163 2164 2159
2165 2163 2162
2163 2166 2164
2165 2167 2163
2167 2166 2163
2167 2168 2166
2169 2167 2165
2169 2170 2167
2170 2171 2167
2170 2172 2171
2173 2174 2157
2175 2170 2176
2175 2177 2170
2178 2177 2175
2178 2179 2177
2177 2180 2170
2177 2181 2180
2177 2182 2183
2177 2183 2184
2185 2186 2135
2135 2187 2188
2134 2135 2188
2134 2188 2189
2188 2190 2189
2134 2189 2191
2192 2134 2191
2192 2193 2134
2191 2194 2192
2191 2195 2194
2189 2195 2191
2189 2196 2195
2189 2197 2196
2189 2198 2197
2196 2199 2195
2199 2196 2200
2195 2199 2201
2199 2202 2201
2188 2203 2204
2205 2196 2206
2195 2207 2208
2199 2209 2210
2211 2212 2199
2213 2214 2215
2216 2213 2217
2216 2217 2218
2219 2220 2221
2221 2222 2223
2221 2223 2224
2225 2221 2224
2225 2226 2221
2223 2227 2224
2223 2228 2227
2229 2228 2223
2224 2227 2230
2224 2230 2231
2225 2224 2232
2232 2224 2233
2232 2233 2234
2235 2225 2232
2235 2236 2225
2235 2232 2237
2237 2232 2238
2237 2238 2239
2235 2240 2236
2241 2236 2240
2241 2242 2236
2243 2240 2235
2237 2243 2235
2240 2243 2244
2245 2240 2244
2245 2244 2246
2237 2247 2243
2248 2247 2237
2248 2237 2249
2243 2250 2244
2247 2251 2243
2250 2243 2251
2251 2252 2250
2250 2253 2244
2250 2254 2253
2255 2244 2253
2255 2253 2256
2247 2257 2251
2258 2257 2247
2258 2247 2259
2258 2260 2257
2261 2251 2257
2261 2262 2251
2257 2263 2261
2250 2264 2265
2266 2265 2264
2267 2268 2269
2270 2271 2225
2272 2273 2274
2275 2273 2276
2277 2273 2278
2277 2279 2273
2279 2280 2273
2279 2281 2280
2282 2273 2283
2282 2283 2284
2279 2285 2286
2279 2287 2285
2288 2287 2279
2288 2289 2287
2287 2290 2291
2287 2292 2290
2287 2293 2292
2287 2294 2293
2295 2292 2296
2292 2297 2298
2299 2300 2301
2302 2300 2303
2302 2304 2300
2305 2300 2304
2305 2306 2300
2307 2300 2306
2308 2306 2305
2308 2305 2309
2310 2305 2304
2311 2305 2310
2311 2310 2312
2310 2304 2313
2314 2313 2304
2314 2304 2315
2316 2310 2313
2317 2316 2313
2316 2318 2310
2319 2310 2318
2319 2318 2320
2316 2228 2318
2228 2321 2318
2228 2322 2321
2227 2228 2316
2227 2316 2323
2324 2313 2325
2227 2326 2327
2328 2316 2329
2228 2330 2331
2228 2331 2332
2333 2306 2334
2335 2336 2337
2338 2336 2339
2338 2339 2340
2341 2338 2340
2341 2340 2342
2343 2344 2342
2343 2345 2344
2346 2347 2348
2349 2346 2350
2351 2346 2349
2351 2352 2346
2352 2353 2346
2352 2354 2353
2355 2356 2352
2355 2352 2357
2357 2352 2358
2357 2358 2359
2357 2360 2361
2357 2362 2360
2363 2362 2357
2363 2364 2362
2365 2360 2362
2365 2366 2360
2367 2365 2362
2367 2362 2368
2369 2370 2365
2369 2365 2371
2371 2365 2372
2373 2374 2371
2373 2371 2375
2376 2371 2377
2371 2378 2377
2379 2380 2381
2382 2383 2384
2384 2385 2386
2384 2387 2388
2384 2388 2389
2389 2388 2390
2384 2389 1758
2384 1758 1759
1759 2391 2384
1759 2392 2391
2393 1758 2389
1746 1758 2393
1746 2393 2394
1746 2394 2395
2389 2390 2396
2393 2389 2396
2396 2390 2397
2398 2393 2396
2398 2399 2393
2400 2401 2390
2402 2403 1752
2404 2405 2406
2407 2408 2409
2410 2411 2412
2413 2414 2415
2416 2417 2418
2419 2420 2421
1744 2422 2423
2424 2425 2426
2427 2428 2429
1629 2430 2431
2432 1621 2433
2434 1634 2435
2436 2437 2438
2436 2439 2440
2436 2441 2442
2436 2443 2444
2436 2445 2446
2436 2447 2448
2436 2449 2450
2436 2451 2452
2453 2454 2455
2456 2457 2455
2458 2459 2455
2460 2461 2455
2462 2463 2455
2464 2465 2455
2466 2467 2455
2468 2469 2455
2470 2471 2472
2472 2473 2474
2474 2475 2472
2472 2475 2476
2472 2476 2477
2477 2478 2472
2477 2479 2478
2477 2476 2480
2477 2480 2481
2481 2482 2477
2481 2483 2482
2484 2483 2481
2481 2480 2485
2481 2485 2486
2486 2485 2487
2485 2488 2487
2486 2487 2489
2480 2490 2485
2485 2490 2488
2476 2491 2480
2480 2491 2490
2476 2492 2491
2475 2492 2476
2493 2490 2491
2494 2488 2490
2493 2494 2490
2495 2491 2492
2495 2493 2491
2475 2496 2492
2497 2496 2475
2497 2475 2474
2498 2492 2496
2498 2495 2492
2497 2498 2496
2499 2493 2495
2500 2495 2498
2500 2499 2495
2497 2501 2498
2501 2500 2498
2500 2501 2502
2499 2500 2503
2499 2503 2504
2499 2505 2493
2505 2499 2506
2505 2506 2507
2508 2505 2507
2505 2494 2493
2505 2509 2494
2509 2510 2494
2509 2511 2510
2494 2510 2488
2512 2488 2510
2513 2512 2510
2513 2510 2514
2512 2515 2488
2516 2488 2515
2516 2487 2488
2517 2487 2516
2517 2518 2487
2515 2512 2519
2512 2520 2519
2512 2521 2520
2515 2522 2516
2516 2522 2523
2516 2523 2524
2515 2519 2525
2515 2525 2522
2525 2519 2526
2519 2527 2526
2525 2528 2522
2522 2528 2529
2525 2526 2530
2525 2530 2528
2526 2531 2530
2528 2530 2531
2526 2532 2531
2533 2532 2526
2534 2531 2532
2535 2534 2532
2535 2536 2534
2528 2531 2537
2538 2528 2537
2539 2537 2531
2540 2537 2539
2540 2539 2541
2534 2542 2531
2539 2531 2542
2543 2542 2534
2539 2542 2543
2543 2534 2544
2544 2534 2545
2544 2545 2546
2539 2543 2547
2548 2539 2547
2548 2547 2549
2550 2543 2544
2547 2543 2550
2550 2544 2551
2551 2544 2552
2551 2552 2553
2547 2550 2554
2555 2547 2554
2555 2554 2556
2557 2528 2558
2559 2500 2560
2561 2562 2526
2563 2564 2565
2566 2564 2567
2567 2564 2568
2569 2568 2564
2569 2564 2570
2571 2569 2570
2571 2572 2569
2573 2570 2564
2573 2564 2574
2575 2570 2573
2575 2571 2570
2576 2575 2573
2576 2577 2575
2572 2571 2578
2572 2578 2579
2580 2571 2575
2580 2578 2571
2580 2575 2581
2580 2581 2582
2579 2578 2583
2579 2583 2584
2583 2585 2584
2586 2578 2580
2586 2583 2578
2586 2580 2587
2586 2587 2588
2583 2589 2585
2589 2583 2586
2589 2590 2585
2589 2591 2590
2589 2586 2592
2592 2586 2593
2594 2589 2592
2589 2594 2595
2594 2592 2596
2594 2596 2597
2598 2599 2592
2600 2601 2590
2590 2601 2602
2601 2603 2602
2601 2604 2603
2604 2605 2603
2605 2604 2606
2604 2601 2607
2601 2608 2607
2609 2610 2605
2604 2611 2612
2567 2613 2614
2615 2616 2617
2618 2619 2620
2621 2622 2623
2624 2625 2626
2627 2628 2629
2628 2630 2631
2628 2632 2633
2634 2635 2628
2636 2635 2634
2637 2634 2628
2637 2638 2634
2636 2634 2594
2634 2639 2594
2634 2640 2639
2641 2642 2643
2573 2644 2645
2646 2647 2648
2646 2649 2650
2646 2651 2649
2651 2652 2649
2651 2653 2652
2651 2654 2653
2654 2655 2653
2652 2653 2655
2654 2656 2655
2657 2655 2656
2657 2656 2658
2657 2658 2659
2652 2655 2660
2660 2655 2657
2660 2657 2661
2657 2662 2661
2657 2659 2663
2657 2663 2664
2665 2663 2659
2665 2666 2663
2666 2667 2663
2666 2668 2667
2669 2666 2665
2669 2670 2666
2670 2671 2666
2670 2672 2671
2673 2670 2669
2673 2674 2670
2675 2674 2673
2676 2670 2674
2676 2677 2670
2675 2678 2674
2674 2678 2679
2674 2679 2680
2681 2678 2675
2675 2682 2681
2678 2681 2683
2684 2685 2681
2686 2687 2688
2689 2690 2691
2691 2692 2693
2691 2693 2694
2694 2693 2695
2696 2697 2695
2698 2699 2693
2693 2700 2701
2693 2702 2703
2704 2705 2691
2704 2706 2705
2704 2691 2707
2708 2704 2707
2708 2709 2704
2710 2704 2709
2710 2711 2704
2710 2709 2712
2710 2712 2713
2709 2714 2712
2709 2715 2714
2716 2712 2717
2716 2717 2718
2719 2717 2712
2719 2720 2717
2720 2721 2717
2720 2722 2721
2723 2717 2721
2723 2721 2724
2721 2725 2726
2721 2726 2727
2728 2721 2727
2728 2729 2721
2730 2728 2727
2730 2727 2731
2731 2727 2732
2731 2732 2733
2734 2731 2735
2734 2735 2736
2737 2731 2734
2737 2734 2738
2734 2739 2740
2741 2734 2742
2743 2744 2745
2746 2745 2661
2661 2745 2747
2748 2747 2745
2748 2745 2749
2750 2747 2748
2750 2748 2751
2661 2747 2752
2753 2752 2747
2753 2747 2754
2661 2752 2755
2755 2752 2756
2755 2756 2757
2661 2755 2660
2652 2660 2755
2652 2755 2758
2758 2755 2759
2758 2759 2760
2649 2652 2758
2761 2649 2758
2761 2758 2762
2661 2763 2764
2765 2649 2766
2767 2768 2769
2770 2771 2772
2773 2774 2775
2776 2777 2778
2779 2777 2780
2777 2781 2782
2783 2781 2777
2783 2784 2781
2783 2777 2785
2783 2785 2786
2787 2788 2783
2787 2783 2789
2790 2783 2791
2790 2791 2792
2793 2794 2795
2796 2797 2798
2799 2800 2801
2802 2803 2804
2805 2806 2807
2806 2808 2809
2806 2809 2810
2810 2809 2811
2810 2811 2812
2810 2813 2806
2812 2814 2810
2810 2814 2813
2813 2815 2806
2816 2806 2815
2812 2817 2814
2813 2814 2818
2818 2814 2817
2819 2813 2818
2813 2819 2820
2813 2820 2815
2815 2820 2821
2822 2815 2821
2823 2815 2822
2817 2812 2824
2825 2824 2812
2825 2826 2824
2817 2824 2827
2828 2827 2824
2829 2828 2824
2829 2830 2828
2817 2827 2831
2831 2832 2817
2817 2832 2818
2818 2832 2833
2831 2834 2832
2833 2832 2834
2835 2834 2831
2836 2831 2827
2835 2831 2836
2836 2827 2837
2828 2837 2827
2837 2838 2836
2835 2836 2838
2839 2837 2828
2837 2839 2838
2840 2818 2833
2841 2818 2840
2841 2840 2842
2833 2842 2840
2842 2843 2841
2842 2844 2843
2842 2845 2844
2833 2845 2842
2844 2845 2846
2833 2847 2845
2846 2845 2847
2839 2828 2848
2849 2848 2828
2849 2850 2848
2833 2851 2847
2833 2834 2851
2834 2835 2851
2851 2852 2847
2851 2835 2852
2835 2853 2852
2835 2854 2853
2835 2838 2854
2846 2847 2855
2855 2847 2852
2854 2838 2856
2856 2838 2839
2857 2853 2854
2854 2856 2857
2855 2858 2846
2846 2858 2859
2858 2860 2859
2855 2852 2861
2853 2861 2852
2855 2862 2858
2862 2855 2861
2858 2863 2860
2862 2863 2858
2860 2863 2864
2862 2861 2865
2861 2853 2865
2865 2866 2862
2862 2866 2863
2863 2867 2864
2864 2867 2868
2865 2869 2866
2853 2869 2865
2863 2866 2870
2863 2870 2867
2869 2870 2866
2869 2871 2870
2871 2867 2870
2868 2867 2872
2868 2872 2873
2853 2874 2869
2874 2871 2869
2871 2875 2867
2867 2875 2872
2872 2876 2873
2873 2876 2877
2878 2877 2876
2878 2876 2879
2879 2880 2878
2872 2881 2876
2879 2876 2881
2880 2879 2882
2879 2881 2882
2872 2883 2881
2872 2875 2883
2883 2882 2881
2875 2871 2884
2874 2884 2871
2880 2882 2885
2886 2880 2885
2886 2885 2887
2885 2882 2888
2883 2888 2882
2883 2875 2889
2875 2884 2889
2887 2885 2890
2885 2888 2890
2891 2888 2883
2883 2889 2891
2890 2888 2892
2891 2892 2888
2889 2893 2891
2893 2892 2891
2894 2889 2884
2894 2893 2889
2895 2894 2884
2895 2884 2874
2887 2890 2896
2892 2896 2890
2893 2894 2897
2897 2894 2895
2898 2895 2874
2898 2874 2853
2857 2898 2853
2893 2899 2892
2892 2900 2896
2899 2900 2892
2901 2896 2900
2887 2896 2902
2902 2896 2901
2887 2902 2903
2887 2903 2904
2899 2893 2905
2893 2897 2905
2898 2857 2906
2898 2906 2907
2907 2895 2898
2857 2908 2906
2857 2856 2908
2897 2895 2909
2907 2909 2895
2907 2906 2910
2906 2908 2910
2911 2909 2907
2911 2897 2909
2911 2907 2910
2911 2910 2912
2913 2910 2908
2913 2914 2910
2897 2911 2915
2897 2915 2905
2911 2916 2915
2917 2908 2856
2856 2839 2917
2918 2905 2915
2899 2905 2918
2915 2916 2919
2919 2918 2915
2919 2916 2920
2921 2908 2917
2908 2921 2922
2923 2917 2839
2921 2917 2923
2923 2839 2848
2923 2924 2921
2923 2925 2924
2848 2926 2923
2848 2927 2926
2928 2918 2919
2929 2919 2920
2929 2928 2919
2930 2918 2928
2930 2899 2918
2899 2930 2900
2929 2920 2931
2920 2932 2931
2929 2931 2933
2929 2933 2934
2935 2928 2929
2929 2934 2935
2935 2930 2928
2936 2935 2934
2937 2900 2930
2937 2930 2935
2936 2937 2935
2938 2937 2936
2901 2900 2937
2938 2901 2937
2939 2901 2938
2939 2940 2901
2939 2941 2940
2942 2901 2940
2902 2901 2942
2941 2943 2940
2944 2943 2941
2944 2945 2943
2943 2945 2946
2947 2902 2942
2948 2902 2947
2949 2902 2948
2950 2942 2940
2950 2947 2942
2951 2947 2950
2951 2952 2947
2953 2947 2952
2954 2950 2940
2940 2943 2954
2955 2950 2954
2955 2954 2956
2957 2954 2943
2957 2958 2954
2943 2959 2960
2961 2921 2962
2963 2945 2964
2965 2966 2967
2968 2966 2969
2970 2966 2971
2971 2966 2972
2973 2974 2975
2976 2974 2977
2978 2979 2980
2981 2982 2983
2984 2985 2986
2986 2987 2988
2986 2989 2987
2989 2990 2987
2989 2991 2990
2989 2986 2992
2991 2989 2993
2989 2992 2993
2992 2986 2994
2995 2994 2986
2991 2993 2996
2992 2997 2993
2997 2996 2993
2998 2997 2992
2992 2999 2998
2992 2994 2999
2994 3000 2999
3001 3000 2994
3002 3001 2994
2996 3003 2991
3004 2991 3003
3004 3003 3005
2996 3006 3003
3007 3003 3006
3008 3003 3007
3008 3007 3009
2996 3010 3006
3010 2996 3011
2996 2997 3011
2997 3012 3011
3010 3011 3013
3012 3013 3011
3014 3010 3013
3015 3006 3010
3014 3015 3010
3015 3016 3006
3007 3006 3016
3016 3015 3017
3014 3017 3015
3018 3007 3016
3016 3017 3018
3019 3012 2997
3020 3019 2997
3020 3021 3019
3012 3019 3021
3021 3020 3022
3021 3022 3023
3021 3023 3024
3012 3021 3024
3023 3025 3024
3012 3024 3026
3025 3026 3024
3018 3027 3007
3028 3007 3027
3028 3027 3029
3012 3026 3030
3012 3030 3013
3013 3030 3014
3030 3026 3031
3030 3031 3014
3014 3031 3032
3014 3032 3033
3014 3033 3017
3025 3034 3026
3034 3031 3026
3033 3035 3017
3035 3018 3017
3036 3033 3032
3033 3036 3035
3034 3025 3037
3025 3038 3037
3037 3038 3039
3034 3040 3031
3032 3031 3040
3034 3037 3041
3041 3040 3034
3037 3039 3042
3041 3037 3042
3039 3043 3042
3041 3044 3040
3040 3044 3032
3044 3041 3045
3041 3042 3045
3042 3043 3046
3043 3047 3046
3044 3045 3048
3032 3044 3048
3042 3049 3045
3042 3046 3049
3048 3045 3049
3048 3049 3050
3050 3049 3046
3047 3051 3046
3047 3052 3051
3032 3048 3053
3053 3048 3050
3050 3046 3054
3046 3051 3054
3051 3052 3055
3052 3056 3055
3057 3055 3056
3057 3058 3055
3058 3057 3059
3051 3055 3060
3058 3060 3055
3051 3060 3061
3051 3061 3054
3058 3062 3060
3059 3062 3058
3061 3060 3062
3054 3063 3050
3053 3050 3063
3061 3064 3054
3054 3064 3063
3059 3065 3062
3061 3062 3066
3065 3066 3062
3067 3065 3059
3067 3059 3068
3061 3069 3064
3069 3061 3066
3065 3070 3066
3067 3070 3065
3069 3066 3071
3070 3071 3066
3064 3069 3072
3072 3069 3071
3073 3063 3064
3073 3064 3072
3074 3063 3073
3074 3053 3063
3067 3075 3070
3071 3070 3075
3072 3076 3073
3076 3074 3073
3077 3053 3074
3077 3032 3053
3036 3032 3077
3072 3071 3078
3071 3075 3079
3078 3071 3079
3080 3079 3075
3067 3081 3075
3081 3080 3075
3067 3082 3081
3067 3083 3082
3078 3084 3072
3072 3084 3076
3077 3085 3036
3077 3086 3085
3086 3077 3074
3036 3085 3087
3036 3087 3035
3076 3088 3074
3086 3074 3088
3086 3089 3085
3085 3089 3087
3090 3086 3088
3090 3088 3076
3090 3089 3086
3090 3091 3089
3092 3087 3089
3092 3089 3093
3076 3094 3090
3076 3084 3094
3090 3094 3095
3096 3035 3087
3035 3096 3018
3097 3094 3084
3078 3097 3084
3094 3098 3095
3098 3094 3097
3098 3099 3095
3100 3096 3087
3087 3101 3100
3102 3018 3096
3100 3102 3096
3102 3027 3018
3102 3100 3103
3102 3103 3104
3027 3102 3105
3027 3105 3106
3107 3098 3097
3108 3099 3098
3108 3098 3107
3109 3107 3097
3109 3097 3078
3078 3079 3109
3108 3110 3099
3099 3110 3111
3108 3112 3110
3108 3113 3112
3114 3108 3107
3108 3114 3113
3114 3107 3109
3115 3113 3114
3116 3109 3079
3116 3114 3109
3115 3114 3116
3117 3115 3116
3080 3116 3079
3117 3116 3080
3118 3117 3080
3118 3080 3119
3118 3119 3120
3121 3119 3080
3081 3121 3080
3120 3119 3122
3123 3120 3122
3123 3122 3124
3122 3125 3124
3126 3121 3081
3127 3126 3081
3128 3127 3081
3129 3119 3121
3129 3121 3126
3130 3129 3126
3130 3126 3131
3132 3131 3126
3133 3119 3129
3119 3133 3122
3134 3133 3129
3134 3135 3133
3136 3122 3133
3136 3133 3137
3122 3138 3139
3140 3141 3100
3142 3143 3124
3144 3145 3146
3147 3148 3146
3149 3150 3146
3150 3151 3146
3152 3153 3154
3155 3156 3154
3157 3158 3159
3160 3161 3162
3163 3164 3165
3166 3163 3167
3166 3168 3163
3168 3169 3163
3170 3163 3169
3170 3171 3163
3168 3172 3169
3172 3168 3173
3172 3173 3174
3172 3175 3169
3169 3176 3170
3175 3176 3169
3172 3177 3175
3178 3177 3172
3170 3176 3179
3170 3179 3180
3181 3170 3180
3181 3180 3182
3176 3183 3179
3180 3179 3184
3184 3179 3183
3175 3185 3176
3176 3185 3183
3180 3184 3186
3187 3180 3186
3187 3186 3188
3175 3189 3185
3185 3190 3183
3185 3189 3190
3184 3183 3191
3191 3183 3190
3192 3190 3189
3192 3189 3193
3175 3194 3189
3194 3195 3189
3194 3196 3195
3194 3175 3177
3194 3177 3197
3198 3194 3197
3198 3197 3199
3177 3200 3197
3191 3201 3184
3201 3186 3184
3201 3202 3186
3203 3186 3202
3203 3204 3186
3205 3202 3201
3191 3206 3201
3205 3201 3206
3205 3207 3202
3208 3202 3207
3208 3207 3209
3209 3207 3210
3209 3210 3211
3212 3207 3205
3212 3210 3207
3191 3213 3206
3205 3206 3214
3214 3206 3213
3205 3214 3215
3205 3215 3212
3191 3216 3213
3191 3190 3216
3217 3216 3190
3217 3218 3216
3219 3213 3216
3219 3220 3213
3214 3213 3221
3215 3214 3221
3221 3213 3222
3221 3222 3223
3215 3221 3224
3225 3224 3221
3225 3226 3224
3227 3215 3224
3228 3227 3224
3228 3224 3229
3227 3230 3215
3212 3215 3230
3231 3230 3227
3232 3231 3227
3232 3233 3231
3212 3230 3234
3234 3210 3212
3234 3235 3210
3235 3236 3210
3235 3237 3236
3238 3234 3230
3238 3235 3234
3231 3239 3230
3238 3230 3239
3239 3231 3240
3239 3241 3238
3238 3242 3235
3238 3243 3242
3242 3244 3235
3242 3245 3244
3242 3246 3245
3242 3247 3246
3248 3249 3231
3238 3250 3251
3252 3253 3239
3239 3254 3255
3256 3257 3177
3258 3197 3259
3260 3197 3261
3262 3263 3264
3262 3265 3266
3267 3268 3262
3267 3262 3269
3269 3262 3270
3262 3271 3270
3269 3270 3272
3272 3270 3273
3272 3273 3274
3272 3275 3269
3276 3269 3275
3276 3277 3269
3278 3276 3275
3278 3275 3279
3272 3280 3275
3279 3275 3280
3281 3280 3272
3281 3282 3280
3279 3280 3283
3284 3283 3280
3284 3285 3283
3283 3285 3286
3283 3286 3287
3279 3283 3287
3279 3287 3288
3289 3279 3288
3289 3288 3290
3288 3287 3291
3291 3287 3292
3291 3292 3293
3288 3291 3294
3295 3288 3294
3295 3296 3288
3294 3291 3297
3291 3298 3297
3291 3299 3298
3294 3297 3300
3294 3300 3301
3294 3301 3302
3303 3300 3297
3300 3303 3304
3300 3304 3305
3303 3297 3306
3297 3307 3306
3297 3308 3307
3309 3303 3306
3310 3309 3306
3310 3306 3311
3309 3312 3303
3312 3313 3303
3312 3314 3313
3312 3309 3315
3316 3315 3309
3316 3317 3315
3312 3315 3318
3319 3312 3318
3319 3320 3312
3321 3318 3315
3322 3318 3321
3321 3315 3323
3324 3323 3315
3324 3325 3323
3318 3326 3327
3318 3327 3328
3270 3329 3330
3331 3332 3333
3334 3335 3336
3337 3338 3339
3340 3341 3342
3343 3344 3340
3343 3340 3345
3345 3340 3346
3347 3346 3340
3347 3340 3348
3345 3346 3349
3349 3350 3345
3349 3351 3350
3349 3346 3352
3346 3347 3353
3352 3346 3353
3349 3352 3354
3355 3349 3354
3347 3356 3353
3347 3357 3356
3358 3357 3347
3358 3359 3357
3353 3356 3360
3357 3361 3356
3361 3360 3356
3352 3353 3362
3353 3360 3362
3357 3363 3361
3364 3363 3357
3364 3365 3363
3352 3362 3366
3362 3360 3367
3362 3367 3366
3361 3368 3360
3368 3367 3360
3369 3366 3367
3369 3370 3366
3352 3366 3371
3371 3366 3372
3371 3372 3373
3371 3354 3352
3371 3374 3354
3375 3374 3371
3375 3376 3374
3354 3374 3377
3368 3361 3378
3378 3361 3363
3378 3363 3379
3380 3379 3363
3380 3363 3381
3382 3378 3379
3368 3378 3383
3382 3383 3378
3382 3379 3384
3385 3384 3379
3385 3386 3384
3386 3387 3384
3386 3388 3387
3389 3382 3384
3389 3384 3387
3368 3383 3390
3382 3391 3383
3391 3390 3383
3382 3392 3391
3382 3389 3392
3368 3390 3393
3368 3393 3367
3394 3367 3393
3394 3393 3395
3396 3393 3390
3396 3390 3397
3391 3398 3390
3392 3398 3391
3398 3399 3390
3398 3400 3399
3392 3401 3398
3402 3398 3401
3402 3401 3403
3404 3401 3392
3405 3401 3404
3405 3406 3401
3404 3392 3407
3389 3407 3392
3408 3404 3407
3409 3404 3408
3409 3408 3410
3389 3411 3407
3411 3389 3387
3411 3387 3412
3412 3387 3413
3412 3413 3414
3415 3407 3411
3415 3411 3412
3408 3407 3416
3415 3416 3407
3416 3417 3408
3416 3415 3418
3415 3412 3419
3415 3419 3420
3419 3412 3421
3419 3421 3422
3419 3422 3423
3419 3423 3424
3425 3408 3426
3415 3427 3428
3429 3416 3430
3416 3431 3432
3433 3354 3434
3435 3436 3374
3437 3438 3374
3439 3440 3441
3439 3442 3443
3444 3439 3445
3444 3446 3439
3446 3447 3439
3439 3447 3448
3446 3449 3447
3449 3450 3447
3449 3451 3450
3449 3446 3452
3453 3452 3446
3453 3446 3454
3455 3452 3453
3455 3456 3452
3449 3452 3457
3456 3457 3452
3458 3449 3457
3458 3457 3459
3456 3460 3457
3461 3457 3460
3461 3460 3462
3460 3463 3462
3460 3464 3463
3456 3464 3460
3456 3465 3464
3466 3465 3456
3466 3467 3465
3465 3468 3464
3468 3469 3464
3468 3470 3469
3465 3471 3468
3472 3471 3465
3472 3465 3473
3471 3474 3468
3468 3474 3475
3468 3475 3476
3471 3477 3474
3471 3478 3477
3471 3479 3478
3480 3474 3477
3477 3481 3480
3477 3482 3481
3480 3483 3474
3474 3483 3484
3474 3484 3485
3486 3483 3480
3487 3483 3486
3487 3488 3483
3486 3480 3489
3489 3480 3490
3489 3490 3491
3489 3492 3486
3493 3486 3492
3493 3492 3494
3489 3495 3492
3496 3495 3489
3496 3489 3497
3498 3492 3495
3499 3498 3495
3498 3500 3492
3501 3492 3500
3501 3500 3502
3495 3503 3504
3495 3504 3505
3447 3506 3507
3508 3509 3510
3511 3512 3513
3514 3515 3516
3517 3518 3519
3520 3521 3522
3523 3524 3525
3526 3524 3527
3528 3529 3530
3531 3532 3533
3534 3532 3535
3535 3532 3536
3536 3532 3537
3537 3532 3538
3538 3532 3539
3539 3532 3540
3540 3532 3541
3541 3532 3542
3543 3544 3545
3546 3547 3548
3549 3550 3551
3552 3553 3551
3554 3555 3556
3557 3558 3559
3560 3561 3559
3561 3562 3559
3562 3563 3559
3563 3564 3559
3564 3565 3559
3565 3566 3559
3566 3567 3559
3567 3568 3559
3569 3570 3571
3571 3572 3573
3574 3571 3573
3574 3575 3571
3576 3575 3574
3576 3577 3575
3578 3577 3576
3578 3579 3577
3580 3579 3578
3580 3581 3579
3582 3581 3580
3582 3583 3581
3584 3583 3582
3585 3576 3574
3586 3578 3576
3586 3576 3585
3587 3580 3578
3587 3578 3586
3580 3587 3588
3580 3588 3582
3586 3589 3587
3588 3587 3589
3590 3589 3586
3585 3590 3586
3588 3589 3591
3591 3589 3592
3593 3588 3591
3593 3582 3588
3593 3591 3594
3595 3590 3585
3595 3596 3590
3597 3595 3585
3597 3585 3598
3585 3574 3598
3598 3599 3597
3598 3574 3573
3598 3600 3599
3598 3573 3600
3600 3573 3601
3599 3600 3602
3599 3602 3603
3604 3593 3594
3604 3594 3605
3606 3604 3605
3593 3604 3607
3593 3607 3608
3593 3608 3582
3584 3582 3608
3584 3608 3607
3584 3607 3609
3607 3610 3609
3607 3611 3610
3604 3611 3607
3612 3610 3611
3606 3613 3604
3604 3613 3611
3612 3611 3614
3614 3611 3613
3615 3612 3614
3616 3613 3606
3614 3613 3616
3615 3614 3616
3616 3606 3617
3615 3616 3617
3618 3619 3620
3618 3621 3622
3623 3618 3622
3623 3622 3624
3624 3625 3623
3624 3626 3625
3627 3625 3626
3627 3626 3628
3629 3624 3622
3630 3626 3624
3630 3624 3629
3626 3631 3628
3632 3631 3626
3632 3626 3630
3631 3633 3628
3632 3633 3631
3634 3628 3633
3635 3634 3633
3635 3636 3634
3634 3636 3637
3638 3636 3635
3632 3639 3633
3635 3633 3639
3638 3635 3640
3640 3641 3638
3642 3632 3630
3642 3630 3643
3644 3632 3642
3644 3639 3632
3643 3630 3629
3643 3629 3645
3629 3646 3645
3647 3639 3644
3635 3639 3647
3647 3644 3648
3629 3649 3646
3649 3650 3646
3649 3651 3650
3629 3622 3649
3622 3652 3649
3653 3635 3647
3653 3647 3648
3653 3648 3654
3653 3640 3635
3653 3654 3655
3640 3653 3656
3653 3655 3656
3640 3656 3657
3640 3657 3641
3641 3657 3658
3656 3658 3657
3641 3658 3659
3660 3659 3658
3655 3661 3656
3656 3661 3658
3655 3662 3661
3663 3661 3662
3660 3658 3664
3664 3658 3661
3665 3660 3664
3665 3666 3663
3663 3666 3661
3664 3661 3666
3664 3666 3665
3622 3667 3668
3649 3669 3670
3600 3671 3672
3573 3673 3674
3675 3676 3677
3676 3678 3679
3680 3678 3676
3680 3676 3681
3682 3680 3681
3682 3681 3683
3684 3682 3683
3684 3683 3685
3686 3684 3685
3686 3685 3687
3688 3686 3687
3688 3687 3689
3690 3688 3689
3691 3680 3682
3692 3682 3684
3692 3691 3682
3693 3684 3686
3693 3692 3684
3686 3694 3693
3686 3688 3694
3692 3693 3695
3694 3695 3693
3696 3692 3695
3691 3692 3696
3694 3697 3695
3697 3698 3695
3699 3697 3694
3699 3694 3688
3699 3700 3697
3701 3691 3696
3701 3696 3702
3703 3691 3701
3703 3704 3691
3691 3704 3680
3704 3703 3705
3704 3678 3680
3704 3705 3706
3704 3706 3678
3706 3707 3678
3705 3708 3706
3705 3709 3708
3710 3700 3699
3710 3711 3700
3712 3711 3710
3699 3713 3710
3699 3714 3713
3699 3688 3714
3690 3714 3688
3690 3713 3714
3690 3715 3713
3713 3715 3716
3713 3716 3717
3710 3713 3717
3718 3717 3716
3712 3710 3719
3710 3717 3719
3718 3720 3717
3720 3719 3717
3721 3720 3718
3722 3712 3719
3720 3722 3719
3721 3722 3720
3722 3723 3712
3721 3723 3722
3724 3725 3726
3724 3727 3728
3729 3727 3724
3729 3730 3727
3730 3729 3731
3730 3731 3732
3733 3732 3731
3733 3734 3732
3735 3727 3730
3736 3730 3732
3736 3735 3730
3732 3734 3737
3738 3732 3737
3738 3736 3732
3737 3734 3739
3738 3737 3739
3740 3739 3734
3741 3739 3740
3741 3740 3742
3740 3743 3742
3744 3741 3742
3738 3739 3745
3741 3745 3739
3744 3746 3741
3746 3744 3747
3748 3736 3738
3748 3749 3736
3750 3748 3738
3750 3738 3745
3749 3735 3736
3749 3751 3735
3735 3751 3752
3753 3750 3745
3741 3753 3745
3753 3754 3750
3735 3752 3755
3755 3752 3756
3755 3756 3757
3735 3755 3727
3727 3755 3758
3759 3753 3741
3759 3754 3753
3759 3760 3754
3759 3741 3746
3759 3761 3760
3746 3762 3759
3759 3762 3761
3746 3763 3762
3746 3747 3763
3747 3764 3763
3762 3763 3764
3747 3765 3764
3766 3764 3765
3761 3762 3767
3762 3764 3767
3761 3767 3768
3769 3768 3767
3766 3770 3764
3770 3767 3764
3771 3770 3766
3771 3769 3772
3769 3767 3772
3770 3772 3767
3770 3771 3772
3727 3773 3774
3755 3775 3776
3706 3777 3778
3678 3779 3780
3781 3782 3783
3784 3785 3786
3787 3788 204
3787 204 3789
204 3790 3789
204 3791 3790
3789 3792 3793
3789 3793 3794
3795 3789 3794
3795 3794 3796
3797 3794 3798
3797 3798 3799
3800 3798 3794
3800 3801 3798
3802 3803 3798
3802 3798 3804
3805 3804 3798
3805 3806 3804
231 3804 3807
231 3808 3804
3809 3804 3808
3809 3808 3810
3811 3812 3813
3811 3813 3814
3815 3816 3817
3815 3817 3818
3819 3820 3821
3819 3821 3822
3823 3824 3825
3823 3825 3826
3827 3828 3829
3827 3829 3830
3831 3832 3833
3831 3833 3834
3835 3836 3837
3835 3837 3838
3839 3840 3841
3839 3841 3842
3843 3844 3845
3843 3845 3846
3847 3848 3849
3847 3849 3850
3851 3852 3853
3851 3853 3854
3855 3856 3857
3855 3857 3858
3859 3860 3861
3859 3861 3862
3863 3864 3865
3863 3865 3866
3867 3868 3869
3867 3869 3870
3871 3872 3873
3871 3873 3874
3875 3876 3877
3875 3877 3878
3879 3880 3881
3879 3881 3882
3883 3884 3885
3883 3885 3886
3887 3888 3889
3887 3889 3890
3891 3892 3893
3891 3893 3894
3895 3896 3897
3895 3897 3898
3899 3900 3901
3899 3901 3902
3903 3904 3905
3903 3905 3906
3907 3908 3909
3907 3909 3910
3911 3912 3913
3911 3913 3914
3915 3916 3917
3915 3917 3918
3919 3920 3921
3919 3921 3922
3923 3924 3925
3923 3925 3926
3927 3928 3929
3927 3929 3930
3931 3932 3933
3931 3933 3934
3935 669 3936
3935 3937 669
669 3937 3938
669 3938 3939
3937 3940 3941
3937 3942 3940
3943 3942 3937
3943 3944 3942
3945 3946 3942
3945 3947 3946
3948 3942 3946
3948 3946 3949
3950 3946 3951
3950 3952 3946
3953 3946 3952
3953 3952 3954
696 3955 3952
696 3952 3956
3957 3956 3952
3957 3958 3956
3959 3960 3961
3959 3961 3962
3963 3964 3965
3963 3965 3966
3967 3968 3969
3967 3969 3970
3971 3972 3973
3971 3973 3974
3975 3976 3977
3975 3977 3978
3979 3980 3981
3979 3981 3982
3983 3984 3985
3983 3985 3986
3987 3988 3989
3987 3989 3990
3991 3992 3993
3991 3993 3994
3995 3996 3997
3995 3997 3998
3999 4000 4001
3999 4001 4002
4003 4004 4005
4003 4005 4006
4007 4008 4009
4007 4009 4010
4011 4012 4013
4011 4013 4014
4015 4016 4017
4015 4017 4018
4019 4020 4021
4019 4021 4022
4023 4024 4025
4023 4025 4026
4027 4028 4029
4027 4029 4030
4031 4032 4033
4031 4033 4034
4035 4036 4037
4035 4037 4038
4039 4040 4041
4039 4041 4042
4043 4044 4045
4043 4045 4046
4047 4048 4049
4047 4049 4050
4051 4052 4053
4051 4053 4054
4055 4056 4057
4055 4057 4058
4059 4060 4061
4059 4061 4062
4063 4064 4065
4063 4065 4066
4067 4068 4069
4067 4069 4070
4071 4072 4073
4071 4073 4074
4075 4076 4077
4075 4077 4078
4079 4080 4081
4079 4081 4082
4083 4084 4085
4083 4086 4084
4083 4087 4086
4088 4086 4087
4086 4088 4089
4086 4089 4090
4083 4091 4087
4087 4091 4092
4087 4092 4093
4088 4087 4094
4094 4087 4095
4094 4095 4096
4097 4088 4094
4088 4097 4098
4088 4098 4099
4097 4094 4100
4100 4094 4101
4100 4101 4102
4083 4103 4091
4091 4103 4104
4091 4104 4105
4083 4106 4103
4106 4083 4107
4106 4107 4108
4106 4109 4103
4103 4109 4110
4103 4110 4111
4106 4112 4109
4112 4106 4113
4112 4113 4114
4112 4115 4109
4109 4115 4116
4109 4116 4117
4112 4118 4115
4118 4112 4119
4118 4119 4120
4118 4121 4115
4115 4121 4122
4115 4122 4123
4118 4124 4121
4124 4118 4125
4124 4125 4126
4124 4127 4121
4121 4127 4128
4121 4128 4129
4124 4130 4127
4130 4124 4131
4130 4131 4132
4133 4134 4135
4133 4136 4134
4133 4137 4136
4138 4136 4137
4136 4138 4139
4136 4139 4140
4133 4141 4137
4137 4141 4142
4137 4142 4143
4138 4137 4144
4144 4137 4145
4144 4145 4146
4147 4138 4144
4138 4147 4148
4138 4148 4149
4147 4144 4150
4150 4144 4151
4150 4151 4152
4133 4153 4141
4141 4153 4154
4141 4154 4155
4133 4156 4153
4156 4133 4157
4156 4157 4158
4156 4159 4153
4153 4159 4160
4153 4160 4161
4156 4162 4159
4162 4156 4163
4162 4163 4164
4162 4165 4159
4159 4165 4166
4159 4166 4167
4162 4168 4165
4168 4162 4169
4168 4169 4170
4168 4171 4165
4165 4171 4172
4165 4172 4173
4168 4174 4171
4174 4168 4175
4174 4175 4176
4174 4177 4171
4171 4177 4178
4171 4178 4179
4174 4180 4177
4180 4174 4181
4180 4181 4182
4183 4184 4185
4183 4185 4186
4183 4186 4187
4188 4187 4186
4186 4189 4188
4186 4190 4189
4183 4187 4191
4187 4192 4191
4187 4193 4192
4188 4194 4187
4194 4195 4187
4194 4196 4195
4197 4194 4188
4188 4198 4197
4188 4199 4198
4197 4200 4194
4200 4201 4194
4200 4202 4201
4183 4191 4203
4191 4204 4203
4191 4205 4204
4183 4203 4206
4206 4207 4183
4206 4208 4207
4206 4203 4209
4203 4210 4209
4203 4211 4210
4206 4209 4212
4212 4213 4206
4212 4214 4213
4212 4209 4215
4209 4216 4215
4209 4217 4216
4212 4215 4218
4218 4219 4212
4218 4220 4219
4218 4215 4221
4215 4222 4221
4215 4223 4222
4218 4221 4224
4224 4225 4218
4224 4226 4225
4224 4221 4227
4221 4228 4227
4221 4229 4228
4224 4227 4230
4230 4231 4224
4230 4232 4231
4233 4234 4235
4233 4235 4236
4233 4236 4237
4238 4237 4236
4236 4239 4238
4236 4240 4239
4233 4237 4241
4237 4242 4241
4237 4243 4242
4238 4244 4237
4244 4245 4237
4244 4246 4245
4247 4244 4238
4238 4248 4247
4238 4249 4248
4247 4250 4244
4250 4251 4244
4250 4252 4251
4233 4241 4253
4241 4254 4253
4241 4255 4254
4233 4253 4256
4256 4257 4233
4256 4258 4257
4256 4253 4259
4253 4260 4259
4253 4261 4260
4256 4259 4262
4262 4263 4256
4262 4264 4263
4262 4259 4265
4259 4266 4265
4259 4267 4266
4262 4265 4268
4268 4269 4262
4268 4270 4269
4268 4265 4271
4265 4272 4271
4265 4273 4272
4268 4271 4274
4274 4275 4268
4274 4276 4275
4274 4271 4277
4271 4278 4277
4271 4279 4278
4274 4277 4280
4280 4281 4274
4280 4282 4281
4283 4284 4285
4283 4286 4284
4287 4284 4286
4287 4286 4288
4284 4289 4290
4284 4291 4289
4291 4284 4292
4291 4292 4293
4286 4294 4295
4286 4296 4294
4297 4296 4286
4297 4298 4296
4299 4291 4300
4299 4301 4291
4301 4302 4291
4301 4303 4302
4304 4296 4305
4304 4305 4306
4304 4307 4296
4304 4308 4307
4309 4304 4310
4309 4310 4311
4312 4310 4304
4312 4313 4310
4314 4315 4316
4314 4316 4317
4314 4317 4318
4314 4318 4319
4314 4320 4321
4314 4322 4320
4322 4314 4323
4322 4323 4324
4322 4325 4326
4322 4327 4325
4327 4322 4328
4327 4328 4329
4327 4330 4331
4327 4332 4330
4332 4327 4333
4332 4333 4334
4335 4332 4336
4335 4337 4332
4337 4338 4332
4337 4339 4338
4337 4340 4341
4337 4342 4340
4340 4342 4343
4342 4337 4344
4342 4344 4345
4342 4345 4346
4347 4348 4349
4348 4350 4349
4351 4349 4352
4349 4353 4352
4349 4354 4353
4353 4354 4355
4356 4349 4351
4357 4356 4351
4357 4358 4356
4358 4357 4359
4358 4359 4360
4360 4359 4361
4360 4361 4362
4363 4364 4361
4363 4361 4365
4366 4367 4365
4366 4368 4367
4369 1814 4370
1814 4369 4371
4372 4373 4374
4373 4375 4374
4376 4377 4378
4376 4378 4379
4380 4381 4382
4380 4382 4383
4384 4385 4386
4384 4386 4387
4388 4389 4390
4388 4390 4391
4392 4393 4390
4392 4394 4393
4395 4396 4394
4395 1685 4396
4397 4398 4399
4397 4399 4400
4397 4400 4401
4401 4400 4402
4401 4402 4403
4404 4403 4402
4404 4402 4405
4406 4407 4408
4406 4408 4409
4410 4411 4408
4410 4412 4411
4412 4413 4414
4412 4414 4415
4416 4417 4418
4416 4418 4419
4420 4421 4422
4420 4422 4423
4424 4425 4426
4424 4426 4427
4428 4429 4430
4428 4430 4431
4432 4428 4433
4432 4433 4434
4435 4432 4434
4435 4434 4436
4437 4435 4436
4437 4436 4438
4439 4437 4438
4439 4438 4440
4441 4439 4440
4441 4440 4442
4443 4441 4442
4443 4442 4444
4445 4443 4446
4445 4446 4447
4448 4449 4450
4448 4450 4451
4452 4451 4450
4452 4453 4451
4452 4454 4453
4452 4455 4454
4456 4454 4455
4456 4455 4457
2474 4451 4453
4458 4451 2474
4458 2474 4459
2474 4453 2497
2501 2497 4453
2501 4453 4454
4460 2501 4454
4460 4461 2501
4462 4463 4464
4462 4465 4463
4466 4463 4465
4466 4467 4463
4468 4465 4469
4468 4470 4465
4471 4470 4468
4472 4465 4470
4472 4473 4465
4474 4472 4470
4471 4475 4470
4474 4470 4475
4476 4475 4471
4477 4474 4475
4476 4478 4475
4477 4475 4478
4479 4463 4480
4479 4480 4481
4482 4480 4463
4482 4483 4480
4484 4480 4485
4484 4485 4486
4487 4485 4480
4487 4488 4485
4489 4490 4485
4489 4485 4491
4492 4491 4485
4492 4485 4493
4494 4495 4496
4494 4497 4495
4497 4498 4495
4498 4499 4495
4498 4497 4500
4497 4501 4502
4497 4502 2748
4503 4497 2748
4504 4505 4506
4504 4506 4507
4508 4509 4510
4508 4510 4511
4511 4512 4513
4511 4513 4514
4515 4516 4517
4515 4517 4518
4519 4520 4521
4519 4521 4522
4523 4524 4525
4523 4525 4526
4527 4528 4529
4527 4529 4530
4531 4532 4533
4531 4533 4534
4535 4536 4533
4535 4533 4537
4538 4539 4540
4538 4540 4541
4542 4543 4544
4542 4544 4545
4546 4547 4548
4548 4547 4549
4549 4547 4550
4550 4547 4551
4552 4553 4554
4553 4555 4554
4555 4556 4554
4556 4557 4554
4558 4559 3168
4558 3168 4560
4561 4562 3345
4561 3345 4563
4564 4565 4566
4564 4566 4567
4568 4564 4567
4569 4564 4568
4568 4567 4570
4568 4571 4569
4570 4572 4568
4568 4572 4571
4570 4573 4572
4574 4571 4572
4575 4572 4573
4574 4572 4575
4575 4573 4576
4577 4575 4576
4578 4574 4575
4577 4578 4575
4578 4579 4574
4578 4577 4580
4579 4578 4581
4578 4580 4581
4579 4581 4582
4583 4582 4581
4584 4581 4580
4583 4581 4584
4584 4580 4585
4584 4585 4586
4583 4584 4587
4584 4586 4587
4583 4587 4588
4589 4588 4587
4590 4587 4586
4589 4587 4590
4590 4586 4591
4590 4592 4589
4591 4593 4590
4590 4593 4592
4591 4594 4593
4593 4594 4595
4592 4593 4596
4593 4595 4596
4592 4596 4597
4598 4596 4595
4599 4597 4596
4598 4599 4596
4599 4600 4597
4599 4598 4601
4600 4599 4602
4599 4601 4602
4602 4601 4603
4602 4603 4604
4605 4606 4607
4605 4607 4608
4607 4609 4608
4610 4609 4607
4611 4610 4607
4611 4612 4610
4613 4609 4610
4614 4613 4610
4614 4615 4613
4616 4609 4613
4617 4616 4613
4617 4618 4616
4619 4609 4616
4620 4619 4616
4620 4621 4619
4608 4609 4622
4623 4608 4622
4623 4624 4608
4619 4625 4609
4622 4609 4626
4625 4627 4609
4628 4625 4619
4628 4619 4629
4630 4622 4626
4630 4631 4622
4632 4627 4625
4632 4625 4633
4626 4609 4634
4635 4626 4634
4635 4636 4626
4637 4634 4609
4638 4634 4637
4638 4637 4639
4640 4637 4609
4641 4637 4640
4641 4640 4642
4643 4640 4609
4644 4640 4643
4644 4643 4645
4646 4643 4609
4647 4643 4646
4647 4646 4648
4649 4646 4609
4650 4646 4649
4650 4649 4651
4627 4649 4609
4652 4649 4627
4652 4627 4653
4654 4655 4656
4654 4657 4655
4655 4657 4658
4659 4655 4658
4660 4655 4659
4660 4659 4661
4662 4659 4658
4663 4659 4662
4663 4662 4664
4665 4662 4658
4666 4662 4665
4666 4665 4667
4668 4665 4658
4669 4665 4668
4669 4668 4670
4657 4671 4658
4672 4671 4657
4672 4657 4673
4668 4658 4674
4671 4675 4658
4674 4658 4676
4677 4668 4674
4677 4678 4668
4679 4675 4671
4679 4671 4680
4681 4674 4676
4681 4682 4674
4675 4683 4658
4684 4683 4675
4684 4675 4685
4686 4658 4683
4687 4686 4683
4687 4688 4686
4689 4658 4686
4690 4689 4686
4690 4691 4689
4692 4658 4689
4693 4692 4689
4693 4694 4692
4695 4658 4692
4696 4695 4692
4696 4697 4695
4698 4658 4695
4699 4698 4695
4699 4700 4698
4676 4658 4698
4701 4676 4698
4701 4702 4676
4703 4704 4705
4703 4706 4704
4707 4704 4706
4703 4708 4706
4708 4707 4706
4707 4709 4704
4710 4709 4707
4711 4707 4708
4711 4708 4712
4713 4707 4711
4710 4707 4714
4713 4714 4707
4710 4714 4715
4713 4715 4714
4710 4715 4716
4713 4717 4715
4718 4716 4715
4719 4715 4717
4718 4715 4720
4719 4720 4715
4721 4718 4720
4721 4720 4719
4722 4723 4724
4722 4725 4723
4726 4725 4722
4727 4723 4725
4727 4728 4723
4727 4729 4728
4730 4725 4726
4730 4727 4725
4730 4726 4731
4726 4732 4731
4731 4732 4733
4731 4733 4734
4735 4731 4734
4735 4730 4731
4736 4730 4735
4736 4737 4730
4730 4737 4727
4738 4737 4736
4727 4739 4729
4737 4739 4727
4738 4740 4737
4737 4740 4739
4741 4729 4739
4741 4739 4740
4741 4742 4729
4743 4742 4741
4744 4740 4738
4741 4740 4744
4743 4741 4744
4744 4738 4745
4743 4744 4745
4746 4747 4748
4746 4748 4749
4750 4749 4748
4746 4749 4751
4751 4749 4750
4750 4748 4752
4753 4750 4752
4754 4751 4750
4754 4755 4751
4756 4754 4750
4753 4757 4750
4756 4750 4757
4753 4758 4757
4756 4757 4758
4753 4759 4758
4756 4758 4760
4761 4758 4759
4762 4760 4758
4761 4763 4758
4762 4758 4763
4764 4763 4761
4764 4762 4763
4765 4766 4767
4765 4767 4768
4769 4765 4768
4770 4768 4767
4770 4767 4771
4770 4771 4772
4773 4769 4768
4773 4768 4770
4773 4774 4769
4769 4774 4775
4774 4776 4775
4774 4777 4776
4778 4777 4774
4778 4774 4773
4779 4778 4773
4779 4773 4780
4773 4770 4780
4781 4779 4780
4770 4772 4782
4780 4770 4782
4781 4780 4783
4780 4782 4783
4784 4782 4772
4784 4783 4782
4784 4772 4785
4786 4784 4785
4787 4781 4783
4784 4787 4783
4786 4787 4784
4787 4788 4781
4786 4788 4787
4789 4790 4791
4792 4789 4791
4792 4791 4793
4792 4793 4794
4795 4789 4792
4795 4792 4794
4795 4796 4789
4797 4795 4794
4797 4796 4795
4797 4798 4796
4799 4800 4801
4799 4801 4802
4803 4799 4802
4803 4804 4799
4804 4803 4805
4805 4803 4806
4802 4806 4803
4805 4806 4807
4802 4808 4806
4808 4807 4806
4801 4808 4802
4808 4809 4807
4801 4810 4808
4809 4808 4810
4810 4801 4811
4809 4810 4812
4812 4810 4811
4812 4811 4813
4814 4815 4816
4817 4816 4815
4817 4815 4818
4819 4817 4818
4819 4820 4817
4820 4819 4821
4819 4822 4821
4822 4819 4818
4822 4823 4821
4823 4822 4824
4822 4818 4824
4823 4824 4825
4824 4826 4825
4818 4827 4824
4824 4827 4826
4818 4815 4827
4828 4826 4827
4829 4827 4815
4829 4815 4830
4829 4830 4831
4831 4832 4829
4833 4829 4832
4827 4829 4834
4833 4834 4829
4827 4834 4835
4834 4833 4836
4836 4835 4834
4837 4838 4839
4839 4840 4837
4837 4840 4841
4837 4841 4842
4843 4841 4840
4843 4840 4844
4843 4844 4845
4846 4843 4845
4846 4841 4843
4846 4847 4841
4841 4847 4848
4842 4841 4848
4842 4848 4849
4849 4848 4850
4849 4850 4851
4852 4850 4848
4852 4848 4853
4852 4853 4854
4854 4855 4852
4856 4852 4855
4856 4850 4852
4856 4857 4850
4851 4850 4857
4851 4857 4858
4858 4857 4859
4851 4858 4860
4858 4859 4861
4862 4861 4859
4862 4863 4861
4863 4858 4861
4863 4864 4858
4860 4858 4864
4865 4860 4864
4865 4866 4860
4867 4865 4864
4865 4867 4868
4869 4866 4865
4865 4868 4870
4871 4870 4868
4871 4872 4870
4870 4872 4873
4870 4873 4865
4865 4873 4874
4869 4865 4874
4875 4869 4874
4874 4873 4876
4877 4874 4876
4877 4875 4874
4875 4878 4869
4878 4875 4879
4878 4879 4880
4881 4875 4877
4879 4882 4880
4881 4883 4875
4883 4881 4884
4885 4875 4883
4885 4883 4884
4885 4879 4875
4886 4885 4884
4886 4879 4885
4886 4887 4879
4879 4888 4882
4889 4888 4879
4889 4879 4890
4889 4890 4891
4892 4889 4891
4892 4888 4889
4892 4893 4888
4894 4882 4888
4894 4888 4893
4894 4893 4895
4894 4896 4882
4897 4894 4895
4898 4896 4894
4897 4898 4894
4898 4899 4896
4900 4898 4897
4901 4899 4898
4900 4901 4898
4901 4902 4899
4903 4901 4900
4904 4902 4901
4903 4904 4901
4904 4905 4902
4904 4903 4906
4905 4904 4906
4907 4908 4909
4907 4909 4910
4910 4909 4911
4907 4910 4912
4909 4913 4911
4914 4913 4909
4915 4913 4914
4916 4913 4915
4911 4913 4916
4917 4911 4916
4910 4911 4918
4910 4918 4912
4917 4919 4911
4920 4919 4917
4918 4911 4921
4921 4911 4919
4918 4922 4912
4918 4921 4922
4922 4921 4923
4922 4924 4912
4922 4923 4924
4924 4925 4912
4926 4925 4924
4926 4924 4923
4927 4925 4926
4928 4927 4926
4920 4929 4919
4930 4929 4920
4921 4919 4931
4931 4923 4921
4929 4931 4919
4928 4926 4932
4933 4928 4932
4932 4934 4933
4932 4935 4934
4932 4926 4935
4923 4935 4926
4923 4936 4935
4936 4923 4937
4937 4923 4931
4938 4937 4931
4929 4938 4931
4938 4939 4937
4940 4938 4929
4930 4940 4929
4940 4930 4941
4942 4939 4938
4940 4942 4938
4942 4940 4941
4942 4943 4939
4943 4942 4941
4944 4945 4946
4944 4946 4947
4944 4947 4948
4947 4946 4949
4947 4949 4948
4949 4946 4950
4949 4951 4948
4949 4950 4952
4949 4952 4951
4953 4954 4955
4956 4953 4955
4956 4957 4953
4956 4958 4957
4959 4953 4957
4959 4957 4960
4959 4960 4961
4960 4957 4962
4960 4963 4961
4960 4962 4963
4963 4964 4961
4963 4962 4965
4963 4965 4964
4966 4967 4968
4968 4969 4966
4969 4970 4966
4968 4971 4969
4970 4969 4971
4970 4971 4972
4971 4973 4972
4971 4974 4973
4975 4973 4974
4976 4977 4978
4976 4978 4979
4976 4979 4980
4979 4978 4981
4982 4981 4978
4979 4983 4980
4979 4981 4983
4980 4983 4984
4981 4984 4983
4981 4985 4984
4986 4987 4988
4986 4989 4987
4986 4990 4989
4991 4990 4986
4992 4989 4990
4992 4993 4989
4993 4992 4994
4991 4995 4990
4996 4995 4991
4995 4996 4997
4998 4992 4990
4992 4998 4994
4998 4990 4995
4998 4999 4994
4999 4998 4995
4999 5000 4994
4999 5001 5000
4995 4997 5002
4999 4995 5002
4999 5002 5001
4997 5001 5002
5003 5004 5005
5003 5006 5004
5007 5004 5006
5003 5008 5006
5007 5006 5008
5008 5009 5007
5003 5010 5008
5009 5008 5010
5009 5010 5011
5010 5012 5011
5013 5014 5015
5016 5013 5015
5016 5015 5017
5017 5015 5018
5019 5017 5018
5020 5016 5017
5020 5021 5016
5021 5020 5022
5023 5020 5017
5020 5023 5022
5019 5024 5017
5023 5017 5024
5022 5023 5025
5024 5025 5023
5025 5026 5022
5026 5025 5027
5024 5027 5025
5026 5027 5028
5019 5029 5024
5027 5024 5029
5029 5019 5030
5027 5029 5031
5031 5028 5027
5031 5032 5028
5033 5034 5035
5034 5033 5036
5034 5036 5037
5038 5034 5037
5039 5037 5036
5038 5037 5040
5041 5038 5040
5041 5040 5042
5039 5043 5037
5040 5037 5043
5043 5042 5040
5043 5039 5044
5043 5045 5042
5045 5043 5044
5046 5047 5048
5046 5048 5049
5046 5049 5050
5049 5048 5051
5049 5051 5052
5050 5049 5052
5053 5052 5051
5053 5054 5052
5050 5052 5054
5055 5054 5053
5055 5050 5054
5056 5055 5053
5055 5056 5057
5055 5057 5058
5055 5058 5050
5058 5057 5059
5060 5050 5058
5058 5059 5061
5060 5058 5061
5059 5062 5061
5062 5060 5061
5059 5063 5062
5063 5064 5062
5063 5065 5064
5062 5066 5060
5060 5066 5067
5068 5050 5060
5067 5068 5060
5046 5050 5068
5067 5069 5068
5046 5068 5069
5070 5069 5067
5069 5070 5071
5046 5069 5072
5071 5072 5069
5073 5046 5072
5073 5074 5046
5074 5073 5075
5071 5076 5072
5073 5072 5076
5077 5076 5071
5076 5077 5078
5075 5073 5079
5073 5076 5079
5075 5079 5080
5076 5080 5079
5076 5078 5080
5075 5080 5081
5078 5081 5080
5078 5082 5081
5083 5084 5085
5083 5085 5086
5085 5087 5086
5085 5088 5087
5087 5088 5089
5087 5089 5090
5091 5087 5090
5092 5083 5086
5087 5092 5086
5092 5093 5083
5093 5092 5094
5095 5091 5094
5091 5095 5087
5094 5092 5095
5092 5087 5095
5096 5097 5098
5096 5098 5099
5099 5100 5096
5099 5098 5101
5101 5098 5102
5102 5103 5101
5103 5104 5101
5105 5104 5103
5105 5106 5104
5104 5106 5107
5107 5106 5108
5109 5107 5108
5109 5110 5107
5111 5107 5110
5104 5112 5101
5107 5112 5104
5099 5101 5112
5111 5113 5107
5112 5107 5113
5113 5111 5114
5112 5113 5115
5115 5099 5112
5114 5115 5113
5115 5116 5099
5116 5115 5114
5116 5100 5099
5114 5117 5116
5116 5117 5100
5118 5119 5120
5118 5121 5119
5121 5118 5122
5123 5119 5121
5122 5124 5121
5123 5121 5124
5125 5126 5127
5125 5127 5128
5125 5128 5129
5128 5127 5130
5128 5131 5129
5128 5130 5131
5132 5133 5134
5132 5135 5133
5135 5136 5133
5137 5136 5135
5137 5135 5138
5137 5138 5139
5138 5135 5140
5138 5141 5139
5138 5140 5141
5142 5139 5141
5142 5141 5140
5143 5144 5145
5143 5146 5144
5147 5144 5146
5148 5147 5146
5148 5149 5147
5149 5148 5150
5149 5151 5147
5152 5149 5150
5149 5152 5151
5150 5153 5152
5154 5152 5153
5154 5151 5152
5151 5154 5155
5156 5157 5158
5156 5158 5159
5156 5159 5160
5159 5158 5161
5159 5162 5160
5159 5161 5162
5163 5164 5165
5166 5163 5165
5166 5165 5167
5166 5167 5168
5169 5163 5166
5169 5166 5168
5169 5170 5163
5171 5169 5168
5170 5169 5171
5172 5173 5174
5173 5175 5174
5175 5176 5174
5175 5177 5176
5173 5178 5175
5179 5178 5173
5179 5180 5178
5181 5177 5175
5181 5175 5178
5181 5182 5177
5182 5181 5183
5181 5178 5184
5180 5184 5178
5184 5183 5181
5180 5185 5184
5183 5184 5185
5186 5185 5180
5185 5186 5183
5186 5180 5187
5186 5188 5183
5186 5187 5189
5186 5189 5188
5190 5191 5192
5190 5193 5191
5193 5190 5194
5193 5195 5191
5195 5193 5194
5194 5196 5195
5197 5198 5199
5197 5199 5200
5200 5201 5197
5202 5200 5199
5200 5203 5201
5203 5200 5202
5204 5205 5206
5204 5206 5207
5207 5208 5204
5209 5210 5211
5209 5211 5212
5212 5211 5213
5209 5212 5214
5212 5213 5215
5214 5212 5215
5215 5213 5216
5215 5217 5214
5215 5216 5217
5217 5218 5214
5217 5216 5219
5217 5219 5218
5220 5221 5222
5220 5222 5223
5220 5223 5224
5225 5223 5222
5223 5225 5224
5225 5222 5226
5225 5226 5227
5226 5222 5228
5228 5227 5226
5228 5229 5227
5227 5229 5230
5227 5230 5231
5232 5227 5231
5233 5232 5224
5224 5225 5233
5225 5227 5233
5232 5233 5227
5234 5235 5236
5236 5237 5234
5238 5237 5236
5234 5237 5239
5238 5240 5237
5240 5239 5237
5240 5241 5239
5242 5240 5238
5241 5240 5243
5242 5243 5240
5244 5243 5242
5245 5246 5247
5245 5247 5248
5245 5248 5249
5248 5247 5250
5249 5248 5251
5248 5250 5251
5251 5252 5249
5253 5251 5250
5253 5252 5251
5253 5254 5252
5255 5256 5257
5255 5257 5258
5255 5258 5259
5257 5260 5258
5258 5260 5259
5260 5261 5259
5257 5262 5260
5262 5261 5260
5263 5261 5262
5264 5263 5262
5263 5264 5265
5266 5267 5268
5266 5269 5267
5269 5266 5270
5269 5271 5267
5269 5270 5272
5272 5270 5273
5274 5271 5269
5274 5275 5271
5275 5274 5276
5274 5277 5276
5277 5274 5269
5277 5269 5278
5269 5272 5278
5278 5272 5279
5272 5273 5280
5279 5272 5280
5280 5273 5281
5279 5280 5282
5282 5280 5283
5284 5282 5283
5280 5281 5285
5285 5283 5280
5285 5281 5286
5285 5286 5287
5287 5286 5288
5284 5283 5289
5284 5289 5290
5289 5291 5290
5291 5289 5283
5291 5283 5292
5292 5283 5293
5285 5293 5283
5287 5293 5285
5287 5288 5294
5294 5288 5295
5287 5296 5293
5296 5287 5294
5296 5297 5293
5294 5295 5298
5299 5298 5295
5299 5295 5300
5301 5299 5300
5301 5302 5299
5302 5301 5303
5304 5298 5299
5302 5304 5299
5304 5305 5298
5298 5305 5306
5298 5306 5294
5307 5294 5306
5296 5294 5307
5302 5308 5304
5302 5309 5308
5296 5307 5310
5311 5309 5302
5310 5312 5296
5313 5312 5310
5312 5297 5296
5314 5311 5302
5302 5303 5314
5314 5315 5311
5313 5316 5312
5316 5297 5312
5317 5316 5313
5316 5318 5297
5303 5319 5314
5314 5319 5315
5303 5320 5319
5317 5321 5316
5321 5318 5316
5321 5317 5322
5321 5323 5318
5323 5321 5322
5324 5315 5319
5324 5319 5320
5324 5320 5325
5324 5326 5315
5327 5324 5325
5328 5326 5324
5327 5328 5324
5328 5329 5326
5330 5328 5327
5331 5329 5328
5330 5331 5328
5331 5332 5329
5333 5331 5330
5334 5332 5331
5333 5334 5331
5334 5335 5332
5334 5333 5336
5335 5334 5336
5337 5338 5339
5340 5337 5339
5341 5337 5340
5342 5340 5339
5342 5341 5340
5343 5342 5339
5342 5344 5341
5345 5342 5343
5345 5344 5342
5346 5347 5348
5346 5349 5347
5350 5349 5346
5347 5349 5351
5351 5349 5350
5347 5351 5352
5353 5352 5351
5353 5351 5354
5350 5354 5351
5354 5355 5353
5350 5356 5354
5356 5355 5354
5356 5350 5357
5357 5355 5356
5357 5358 5355
5359 5360 5361
5360 5362 5361
5363 5361 5362
5361 5363 5364
5365 5364 5363
5365 5363 5366
5363 5362 5367
5366 5363 5367
5368 5367 5362
5366 5367 5369
5368 5369 5367
5370 5371 5372
5372 5371 5373
5373 5371 5374
5375 5376 5377
5378 5376 5375
5378 5379 5376
5378 5380 5379
5381 5378 5375
5381 5380 5378
5381 5375 5382
5383 5380 5381
5383 5381 5382
5383 5382 5384
5385 5386 5387
5385 5388 5386
5389 5388 5385
5389 5385 5390
5390 5391 5389
5391 5392 5389
5388 5389 5392
5391 5393 5392
5388 5392 5394
5394 5392 5393
5386 5388 5394
5394 5393 5395
5386 5394 5396
5395 5396 5394
5396 5397 5386
5395 5398 5396
5398 5397 5396
5398 5399 5397
5400 5401 5402
5403 5402 5401
5403 5404 5402
5405 5404 5403
5405 5403 5406
5406 5407 5405
5405 5407 5408
5408 5404 5405
5408 5407 5409
5409 5410 5408
5408 5410 5404
5409 5411 5410
5410 5411 5412
5404 5410 5413
5410 5412 5413
5404 5413 5402
5414 5413 5412
5415 5402 5413
5415 5416 5402
5415 5417 5416
5417 5415 5418
5419 5418 5415
5413 5420 5415
5419 5415 5420
5413 5421 5420
5420 5422 5419
5422 5420 5421
5423 5424 5425
5424 5423 5426
5423 5427 5426
5423 5428 5427
5429 5426 5427
5429 5430 5426
5429 5431 5430
5432 5431 5429
5432 5429 5427
5432 5427 5433
5427 5434 5433
5428 5434 5427
5428 5435 5434
5435 5436 5434
5435 5437 5436
5438 5434 5436
5438 5439 5434
5438 5440 5439
5440 5438 5441
5442 5441 5438
5442 5438 5436
5442 5436 5443
5437 5443 5436
5437 5444 5443
5444 5445 5443
5437 5446 5444
5444 5447 5445
5448 5445 5447
5448 5447 5449
5449 5447 5444
5449 5444 5450
5446 5450 5444
5451 5450 5446
5451 5446 5452
5453 5450 5451
5451 5454 5453
5455 5451 5452
5451 5456 5454
5457 5454 5456
5457 5456 5458
5456 5459 5458
5456 5451 5459
5451 5460 5459
5455 5460 5451
5461 5460 5455
5460 5462 5459
5463 5462 5460
5463 5460 5461
5461 5455 5464
5464 5465 5461
5464 5466 5465
5467 5463 5461
5465 5466 5468
5467 5461 5469
5469 5470 5467
5471 5469 5461
5471 5470 5469
5471 5461 5465
5472 5470 5471
5472 5471 5465
5472 5465 5473
5465 5468 5474
5475 5465 5474
5475 5476 5465
5475 5477 5476
5478 5477 5475
5478 5475 5474
5478 5474 5479
5480 5474 5468
5480 5479 5474
5480 5481 5479
5480 5468 5482
5483 5481 5480
5484 5480 5482
5483 5480 5484
5484 5482 5485
5486 5483 5484
5487 5484 5485
5486 5484 5487
5487 5485 5488
5489 5486 5487
5490 5487 5488
5489 5487 5490
5490 5488 5491
5490 5492 5489
5491 5492 5490
5493 5494 5495
5493 5496 5494
5496 5497 5494
5493 5498 5496
5496 5499 5497
5496 5498 5499
5494 5497 5500
5501 5494 5500
5502 5501 5500
5503 5502 5500
5497 5503 5500
5504 5503 5497
5504 5497 5505
5506 5504 5505
5499 5507 5497
5507 5505 5497
5499 5498 5508
5499 5508 5507
5508 5509 5507
5508 5498 5510
5508 5510 5509
5510 5498 5511
5512 5510 5511
5512 5509 5510
5513 5512 5511
5514 5512 5513
5506 5505 5515
5516 5506 5515
5507 5517 5505
5517 5507 5509
5515 5505 5517
5514 5518 5512
5519 5518 5514
5518 5519 5520
5518 5520 5521
5518 5521 5512
5509 5512 5521
5509 5521 5522
5522 5523 5509
5523 5517 5509
5524 5517 5523
5515 5517 5524
5524 5523 5525
5526 5515 5524
5516 5515 5526
5526 5527 5516
5528 5524 5525
5526 5524 5528
5528 5527 5526
5528 5525 5529
5529 5527 5528
5530 5531 5532
5530 5533 5531
5530 5534 5533
5533 5535 5531
5533 5534 5535
5535 5536 5531
5535 5534 5537
5535 5538 5536
5535 5537 5538
5539 5540 5541
5542 5540 5539
5542 5539 5543
5542 5543 5544
5545 5543 5539
5545 5546 5543
5545 5547 5546
5546 5548 5543
5546 5547 5549
5546 5549 5548
5549 5547 5550
5549 5551 5548
5549 5550 5551
5552 5553 5554
5553 5552 5555
5555 5552 5556
5553 5555 5557
5556 5557 5555
5556 5558 5557
5557 5558 5559
5557 5559 5560
5561 5560 5559
5562 5563 5564
5562 5565 5563
5562 5566 5565
5565 5567 5563
5568 5563 5567
5565 5566 5569
5565 5569 5567
5566 5570 5569
5567 5569 5570
5567 5570 5571
5572 5573 5574
5572 5574 5575
5572 5575 5576
5577 5572 5576
5578 5576 5575
5578 5575 5579
5579 5580 5578
5577 5576 5581
5582 5577 5581
5581 5583 5582
5584 5576 5578
5578 5580 5584
5584 5581 5576
5584 5580 5585
5585 5581 5584
5585 5580 5586
5585 5586 5587
5581 5588 5583
5585 5588 5581
5585 5587 5588
5583 5588 5587
5589 5590 5591
5589 5591 5592
5593 5592 5591
5589 5592 5594
5593 5594 5592
5594 5593 5595
5589 5594 5596
5595 5596 5594
5595 5597 5596
5596 5597 5598
5599 5600 5601
5602 5600 5599
5602 5603 5600
5603 5604 5600
5605 5604 5603
5606 5603 5602
5606 5602 5607
5607 5608 5606
5609 5603 5606
5606 5608 5609
5605 5603 5610
5609 5610 5603
5608 5611 5609
5610 5609 5611
5611 5608 5612
5612 5613 5611
5610 5611 5613
5612 5614 5613
5605 5610 5615
5613 5615 5610
5615 5616 5605
5613 5617 5615
5617 5613 5614
5617 5614 5618
5619 5620 5621
5621 5622 5619
5621 5623 5622
5624 5623 5621
5625 5622 5623
5624 5626 5623
5627 5626 5624
5627 5628 5626
5625 5623 5629
5626 5629 5623
5629 5626 5628
5629 5630 5625
5629 5628 5631
5631 5630 5629
5632 5633 5634
5632 5635 5633
5632 5636 5635
5635 5637 5633
5635 5638 5637
5636 5638 5635
5639 5637 5638
5639 5638 5640
5636 5640 5638
5641 5639 5640
5641 5640 5636
5642 5639 5641
5641 5643 5642
5641 5644 5643
5641 5636 5644
5644 5645 5643
5646 5644 5636
5644 5647 5645
5646 5647 5644
5645 5647 5648
5648 5647 5646
5645 5648 5649
5649 5648 5650
5649 5650 5651
5648 5646 5652
5646 5653 5652
5654 5646 5636
5653 5646 5654
5632 5654 5636
5653 5654 5655
5632 5655 5654
5656 5653 5655
5655 5657 5656
5632 5658 5655
5657 5655 5658
5659 5658 5632
5659 5632 5660
5660 5661 5659
5657 5658 5662
5659 5662 5658
5663 5657 5662
5662 5664 5663
5661 5665 5659
5659 5665 5662
5661 5666 5665
5662 5665 5666
5662 5666 5664
5661 5667 5666
5664 5666 5667
5664 5667 5668
5669 5670 5671
5669 5672 5670
5670 5672 5673
5670 5673 5674
5673 5675 5674
5673 5676 5675
5677 5676 5673
5678 5672 5669
5673 5672 5678
5678 5669 5679
5679 5680 5678
5681 5680 5677
5677 5673 5681
5680 5681 5678
5678 5681 5673
5682 5683 5684
5682 5685 5683
5685 5682 5686
5685 5687 5683
5687 5688 5683
5688 5687 5689
5689 5687 5690
5691 5689 5690
5691 5690 5692
5690 5693 5692
5693 5694 5692
5695 5694 5693
5695 5693 5696
5697 5696 5693
5690 5687 5698
5693 5690 5698
5685 5698 5687
5697 5693 5699
5698 5699 5693
5699 5700 5697
5698 5701 5699
5701 5698 5685
5700 5699 5701
5701 5685 5702
5702 5700 5701
5702 5685 5686
5700 5702 5703
5702 5686 5703
5704 5705 5706
5704 5706 5707
5707 5708 5704
5709 5707 5706
5708 5707 5710
5709 5710 5707
5711 5712 5713
5711 5714 5712
5711 5715 5714
5714 5716 5712
5714 5715 5717
5714 5717 5716
5718 5719 5720
5718 5720 5721
5721 5720 5722
5723 5721 5722
5723 5724 5721
5723 5725 5724
5724 5726 5721
5724 5725 5727
5724 5727 5726
5728 5727 5725
5728 5726 5727
5729 5730 5731
5729 5731 5732
5733 5732 5731
5734 5732 5733
5734 5733 5735
5735 5736 5734
5735 5733 5737
5738 5736 5735
5735 5737 5738
5736 5738 5739
5740 5739 5738
5740 5738 5737
5737 5741 5740
5742 5743 5744
5742 5745 5743
5742 5746 5745
5745 5747 5743
5745 5746 5748
5745 5748 5747
5749 5750 5751
5752 5750 5749
5752 5753 5750
5752 5754 5753
5755 5752 5749
5755 5754 5752
5755 5749 5756
5757 5754 5755
5756 5757 5755
5758 5759 5760
5760 5759 5761
5761 5759 5762
5761 5762 5763
5760 5761 5764
5765 5760 5764
5765 5764 5766
5767 5761 5763
5767 5764 5761
5767 5763 5768
5768 5769 5767
5767 5770 5764
5766 5764 5770
5770 5767 5769
5766 5770 5771
5769 5771 5770
5772 5766 5771
5771 5769 5772
5772 5773 5766
5772 5769 5774
5772 5775 5773
5772 5774 5775
5776 5777 5778
5776 5778 5779
5779 5780 5776
5779 5778 5781
5781 5780 5779
5780 5781 5782
5783 5784 5785
5783 5786 5784
5786 5783 5787
5788 5784 5786
5786 5787 5789
5789 5788 5786
5790 5791 5792
5790 5793 5791
5793 5790 5794
5795 5796 5797
5795 5798 5796
5798 5799 5796
5795 5800 5798
5798 5801 5799
5800 5801 5798
5801 5802 5799
5801 5800 5803
5801 5803 5802
5803 5800 5804
5803 5805 5802
5803 5804 5805
5806 5807 5808
5806 5809 5807
5806 5810 5809
5811 5807 5809
5809 5810 5811
5811 5812 5807
5811 5813 5812
5812 5814 5807
5814 5812 5813
5814 5813 5815
5813 5816 5815
5813 5817 5816
5818 5817 5813
5819 5810 5818
5810 5819 5811
5811 5819 5813
5818 5813 5819
5820 5821 5822
5821 5820 5823
5824 5821 5823
5820 5825 5823
5824 5823 5826
5826 5823 5825
5826 5825 5827
5828 5824 5826
5827 5829 5826
5828 5826 5829
5830 5828 5829
5831 5832 5833
5831 5834 5832
5831 5835 5834
5834 5836 5832
5835 5837 5834
5834 5837 5836
5837 5835 5838
5839 5836 5837
5839 5837 5838
5839 5838 5840
5841 5842 5843
5841 5844 5842
5841 5845 5844
5842 5844 5846
5844 5845 5846
5846 5845 5847
5842 5846 5848
5848 5846 5847
5849 5848 5847
5850 5848 5849
5849 5851 5850
5852 5853 5854
5852 5854 5855
5855 5856 5852
5855 5854 5857
5855 5858 5856
5858 5859 5856
5860 5855 5857
5860 5857 5861
5861 5862 5860
5860 5862 5863
5863 5855 5860
5863 5864 5855
5855 5864 5858
5864 5865 5858
5858 5866 5859
5865 5866 5858
5866 5867 5859
5865 5868 5866
5868 5869 5866
5870 5869 5868
5866 5871 5867
5871 5866 5869
5871 5872 5867
5871 5873 5872
5873 5874 5872
5870 5875 5869
5870 5876 5875
5875 5876 5877
5877 5869 5875
5877 5878 5869
5878 5879 5869
5871 5869 5879
5873 5871 5879
5873 5880 5874
5880 5881 5874
5873 5879 5882
5882 5880 5873
5882 5879 5883
5880 5884 5881
5885 5881 5884
5885 5886 5881
5887 5886 5885
5887 5885 5888
5888 5889 5887
5890 5885 5884
5888 5885 5890
5890 5884 5891
5884 5892 5891
5884 5880 5892
5893 5892 5880
5882 5893 5880
5888 5890 5894
5888 5894 5895
5882 5896 5893
5897 5888 5895
5896 5882 5898
5899 5896 5898
5898 5882 5883
5900 5888 5897
5888 5900 5889
5900 5897 5901
5899 5898 5902
5902 5898 5883
5903 5899 5902
5902 5883 5904
5889 5900 5905
5900 5901 5905
5889 5905 5906
5903 5902 5907
5907 5902 5904
5907 5908 5903
5907 5904 5909
5909 5908 5907
5910 5905 5901
5910 5906 5905
5910 5911 5906
5910 5901 5912
5913 5911 5910
5914 5910 5912
5913 5910 5914
5914 5912 5915
5916 5913 5914
5917 5914 5915
5916 5914 5917
5917 5915 5918
5919 5916 5917
5920 5917 5918
5919 5917 5920
5920 5918 5921
5920 5922 5919
5921 5922 5920
5923 5924 5925
5926 5924 5923
5927 5926 5923
5928 5924 5926
5928 5926 5927
5929 5924 5928
5928 5927 5930
5931 5929 5928
5931 5928 5930
5932 5933 5934
5932 5934 5935
5936 5932 5935
5934 5937 5935
5937 5936 5935
5934 5938 5937
5939 5937 5938
5939 5940 5937
5936 5937 5940
5940 5939 5941
5936 5940 5942
5942 5940 5941
5942 5943 5936
5943 5942 5941
5943 5941 5944
5945 5946 5947
5947 5946 5948
5949 5948 5946
5946 5950 5949
5951 5949 5950
5951 5952 5949
5949 5953 5948
5952 5953 5949
5954 5948 5953
5952 5955 5953
5954 5953 5955
5956 5957 5958
5957 5959 5958
5959 5960 5958
5961 5962 5963
5961 5963 5964
5963 5965 5964
5966 5965 5963
5965 5966 5967
5968 5964 5965
5968 5965 5967
5968 5969 5964
5970 5968 5967
5969 5968 5970
5969 5970 5971
5972 5973 5974
5975 5973 5972
5973 5975 5976
5975 5972 5977
5976 5975 5978
5978 5975 5977
5976 5978 5979
5978 5977 5980
5981 5982 5983
5981 5984 5982
5984 5981 5985
5982 5984 5986
5984 5985 5987
5987 5985 5988
5989 5986 5984
5986 5989 5990
5986 5990 5991
5992 5990 5989
5989 5984 5993
5993 5992 5989
5994 5993 5984
5993 5994 5992
5994 5984 5987
5992 5994 5995
5987 5995 5994
5987 5996 5995
5995 5996 5997
5998 5999 6000
5998 6000 6001
5998 6001 6002
6001 6000 6003
6002 6001 6003
6003 6000 6004
6003 6004 6005
6003 6006 6002
6003 6005 6006
6006 6007 6002
6006 6005 6008
6006 6008 6007
6009 6010 6011
6011 6012 6009
6013 6012 6011
6012 6013 6014
6015 6013 6011
6016 6014 6013
6015 6017 6013
6013 6017 6016
6016 6017 6018
6019 6020 6021
6019 6022 6020
6019 6023 6022
6023 6024 6022
6024 6025 6022
6020 6022 6026
6022 6025 6026
6020 6026 6027
6025 6027 6026
6028 6029 6030
6028 6031 6029
6032 6029 6031
6033 6029 6032
6032 6034 6033
6035 6032 6031
6035 6034 6032
6035 6031 6036
6037 6034 6035
6036 6037 6035
6036 6038 6037
6039 6040 6041
6040 6042 6041
6042 6040 6043
6042 6043 6044
6042 6044 6045
6046 6042 6045
6041 6042 6046
6041 6046 6047
6048 6049 6050
6049 6048 6051
6049 6051 6052
6053 6052 6051
6054 6053 6051
6051 6048 6054
6055 6053 6054
6056 6055 6054
6056 6054 6057
6056 6057 6058
6058 6057 6059
6054 6048 6060
6054 6060 6057
6060 6048 6061
6062 6060 6061
6057 6060 6062
6057 6062 6063
6057 6064 6059
6059 6064 6065
6066 6064 6057
6066 6065 6064
6066 6057 6067
6066 6068 6065
6066 6067 6069
6068 6066 6069
6070 6071 6072
6073 6071 6070
6074 6071 6073
6073 6075 6074
6076 6071 6074
6077 6074 6075
6076 6074 6078
6079 6074 6077
6079 6078 6074
6080 6081 6082
6081 6083 6082
6084 6083 6081
6083 6084 6085
6082 6083 6086
6083 6085 6086
6082 6086 6087
6085 6087 6086
6087 6088 6082
6085 6089 6087
6090 6088 6087
6090 6087 6089
6091 6092 6093
6093 6092 6094
6093 6094 6095
6095 6094 6096
6096 6094 6097
6098 6097 6094
6098 6094 6099
6099 6094 6092
6098 6099 6100
6099 6092 6101
6099 6101 6100
6101 6092 6102
6101 6103 6100
6101 6102 6103
6104 6105 6106
6107 6104 6106
6107 6108 6104
6109 6110 6111
6109 6112 6110
6113 6110 6112
6114 6112 6109
6114 6109 6115
6116 6117 6118
6119 6118 6117
6116 6118 6120
6118 6121 6120
6122 6116 6120
6119 6123 6118
6118 6123 6121
6124 6123 6119
6122 6120 6125
6120 6121 6125
6126 6122 6125
6124 6127 6123
6123 6127 6121
6128 6127 6124
6126 6125 6129
6125 6121 6129
6130 6126 6129
6128 6131 6127
6127 6131 6121
6132 6131 6128
6130 6129 6133
6129 6121 6133
6131 6134 6121
6132 6134 6131
6133 6121 6135
6136 6130 6133
6136 6133 6135
6137 6134 6132
6138 6136 6135
6137 6139 6134
6134 6139 6121
6140 6139 6137
6138 6135 6141
6135 6121 6141
6142 6138 6141
6140 6143 6139
6139 6143 6121
6144 6143 6140
6142 6141 6145
6141 6121 6145
6146 6142 6145
6144 6147 6143
6143 6147 6121
6146 6147 6144
6146 6145 6148
6145 6121 6148
6146 6148 6147
6147 6148 6121
6149 6150 6151
6149 6152 6150
6153 6149 6151
6154 6149 6153
6155 6149 6154
6155 6156 6149
6156 6152 6149
6157 6156 6155
6158 6156 6157
6156 6158 6152
6159 6158 6157
6159 6160 6158
6158 6160 6152
6161 6152 6160
6150 6152 6161
6150 6161 6162
6150 6162 6163
6163 6164 6150
6164 6165 6150
6166 6165 6164
6167 6166 6164
6166 6167 6168
6166 6168 6169
6170 6150 6165
6170 6165 6166
6170 6171 6150
6171 6170 6172
6169 6173 6166
6170 6166 6173
6172 6170 6173
6169 6174 6173
6173 6174 6172
6175 6176 6177
6178 6175 6177
6176 6175 6179
6178 6180 6175
6180 6178 6181
6175 6182 6179
6182 6175 6180
6181 6183 6180
6182 6180 6183
6181 6184 6183
6185 6183 6184
6185 6182 6183
6179 6182 6186
6182 6185 6186
6179 6186 6187
6186 6185 6188
6187 6186 6189
6186 6188 6189
6190 6191 6192
6190 6193 6191
6194 6190 6192
6193 6190 6195
6194 6196 6190
6196 6195 6190
6196 6194 6197
6196 6198 6195
6198 6196 6197
6199 6195 6198
6197 6200 6198
6199 6198 6200
6201 6202 6203
6201 6203 6204
6204 6205 6201
6201 6205 6206
6207 6202 6201
6206 6208 6201
6207 6201 6209
6208 6209 6201
6210 6207 6209
6208 6211 6209
6209 6211 6210
6212 6211 6208
6210 6211 6213
6212 6213 6211
6214 6215 6216
6214 6217 6215
6216 6218 6214
6217 6214 6219
6217 6219 6220
6219 6221 6220
6221 6219 6222
6222 6219 6214
6223 6221 6222
6222 6224 6223
6225 6224 6218
6224 6225 6226
6224 6226 6227
6222 6214 6228
6214 6218 6228
6218 6224 6228
6222 6228 6224
6224 6227 6229
6227 6230 6229
6231 6224 6229
6231 6232 6224
6233 6232 6231
6234 6233 6231
6235 6234 6231
6235 6231 6236
6236 6231 6229
6237 6235 6236
6238 6229 6230
6236 6229 6238
6238 6237 6236
6239 6238 6230
6239 6237 6238
6240 6241 6242
6243 6241 6240
6242 6244 6240
6243 6240 6245
6245 6246 6243
6240 6244 6247
6247 6245 6240
6246 6245 6248
6247 6248 6245
6246 6248 6249
6250 6249 6248
6250 6248 6247
6244 6251 6247
6247 6251 6250
6244 6252 6251
6251 6253 6250
6252 6254 6251
6251 6254 6253
6255 6256 6257
6255 6257 6258
6259 6256 6255
6258 6260 6255
6259 6255 6261
6261 6255 6260
6261 6262 6259
6261 6260 6263
6263 6262 6261
6264 6263 6260
6262 6263 6265
6264 6265 6263
6266 6267 6268
6266 6269 6267
6269 6266 6270
6266 6271 6270
6272 6266 6268
6271 6266 6273
6272 6274 6266
6273 6266 6274
6275 6274 6272
6273 6274 6276
6274 6275 6276
6277 6273 6276
6275 6278 6276
6277 6276 6278
6279 6280 6281
6281 6282 6279
6283 6281 6280
6282 6281 6284
6283 6284 6281
6282 6284 6285
6286 6285 6284
6286 6284 6283
6285 6286 6287
6288 6287 6286
6286 6289 6288
6289 6290 6288
6289 6291 6290
6289 6292 6291
6289 6293 6292
6286 6294 6289
6286 6283 6294
6295 6293 6289
6295 6289 6294
6295 6294 6283
6296 6293 6295
6297 6296 6295
6295 6283 6298
6295 6298 6297
6298 6283 6299
6300 6297 6298
6298 6299 6301
6300 6298 6301
6302 6301 6299
6301 6302 6300
6303 6304 6305
6304 6306 6305
6306 6307 6305
6308 6305 6307
6303 6305 6309
6308 6310 6305
6310 6309 6305
6308 6311 6310
6310 6312 6309
6310 6311 6312
6312 6313 6309
6312 6311 6314
6312 6314 6313
6315 6316 6317
6318 6315 6317
6315 6319 6316
6316 6319 6320
6318 6321 6315
6321 6318 6322
6319 6315 6323
6323 6315 6321
6324 6320 6319
6319 6323 6324
6324 6325 6320
6324 6326 6325
6326 6324 6327
6327 6324 6328
6323 6328 6324
6323 6329 6328
6322 6330 6321
6323 6321 6330
6330 6329 6323
6331 6330 6322
6330 6331 6329
6332 6333 6334
6335 6333 6332
6332 6334 6336
6334 6337 6336
6335 6332 6338
6338 6339 6335
6340 6336 6337
6340 6337 6341
6340 6341 6342
6342 6343 6340
6343 6344 6340
6336 6345 6332
6336 6340 6345
6345 6340 6344
6345 6338 6332
6345 6344 6346
6339 6338 6347
6345 6347 6338
6347 6345 6346
6348 6339 6347
6347 6346 6348
6349 6350 6351
6349 6352 6350
6349 6353 6352
6352 6354 6350
6355 6349 6351
6355 6353 6349
6355 6351 6356
6352 6357 6354
6352 6353 6357
6357 6358 6354
6359 6355 6356
6359 6353 6355
6359 6356 6360
6357 6361 6358
6357 6353 6361
6361 6362 6358
6363 6359 6360
6363 6353 6359
6363 6360 6364
6361 6365 6362
6361 6353 6365
6366 6353 6363
6366 6363 6364
6365 6353 6367
6365 6368 6362
6365 6367 6368
6366 6364 6369
6367 6370 6368
6371 6366 6369
6371 6353 6366
6371 6369 6372
6367 6373 6370
6367 6353 6373
6373 6374 6370
6375 6371 6372
6375 6353 6371
6375 6372 6376
6373 6377 6374
6373 6353 6377
6377 6378 6374
6379 6375 6376
6379 6353 6375
6379 6376 6380
6377 6381 6378
6377 6353 6381
6381 6353 6379
6381 6379 6380
6381 6380 6378
6382 6383 6384
6382 6384 6385
6382 6385 6386
6385 6384 6387
6388 6383 6382
6388 6382 6386
6388 6389 6383
6385 6387 6390
6385 6390 6386
6390 6387 6391
6392 6389 6388
6392 6388 6386
6392 6393 6389
6390 6391 6394
6390 6394 6386
6394 6391 6395
6396 6393 6392
6396 6392 6386
6396 6397 6393
6394 6395 6398
6394 6398 6386
6399 6396 6386
6399 6397 6396
6398 6400 6386
6398 6395 6401
6398 6401 6400
6399 6402 6397
6400 6401 6403
6404 6402 6399
6404 6399 6386
6404 6405 6402
6400 6403 6406
6400 6406 6386
6406 6403 6407
6408 6405 6404
6408 6404 6386
6408 6409 6405
6406 6407 6410
6406 6410 6386
6410 6407 6411
6412 6409 6408
6412 6408 6386
6412 6413 6409
6410 6411 6414
6410 6414 6386
6414 6412 6386
6414 6411 6413
6414 6413 6412
