byte offset: 0
first index: 0
index count: 7083
topology: trianglelist
format: DXGI_FORMAT_R16_UINT

0 1 2
3 4 1
3 5 4
1 4 6
1 6 7
7 8 1
7 9 8
10 4 5
4 11 6
4 10 11
7 6 12
13 6 11
13 12 6
7 12 14
14 15 7
14 16 15
17 12 13
18 14 12
17 18 12
18 19 14
19 20 14
19 21 20
19 18 22
17 22 18
13 11 23
17 13 23
19 22 24
24 25 19
26 23 11
17 23 27
27 23 26
17 28 22
27 28 17
26 11 29
29 11 10
22 30 24
28 31 22
30 22 31
28 32 31
27 33 28
33 34 28
33 35 34
33 27 36
27 26 36
35 33 37
33 36 37
26 38 36
36 39 37
36 38 39
35 37 40
40 37 39
40 39 41
26 42 38
26 29 42
42 29 43
38 42 44
42 43 44
39 38 45
38 44 45
39 45 46
46 47 39
46 48 47
44 49 45
46 45 49
50 43 29
29 10 50
10 51 50
10 5 51
5 52 51
53 50 51
50 53 43
53 51 54
55 54 51
56 53 54
43 53 56
57 56 54
57 58 56
43 56 59
59 56 58
43 59 60
43 60 44
49 44 60
59 58 61
60 59 61
62 61 58
62 63 61
60 61 64
64 61 65
64 65 66
67 49 60
64 67 60
67 68 49
46 49 68
68 48 46
64 69 67
70 69 64
70 71 69
67 72 68
69 72 67
68 73 48
72 73 68
69 74 72
69 75 74
72 76 73
74 76 72
76 77 73
76 78 77
73 79 48
73 80 79
81 48 79
81 82 48
74 83 76
83 78 76
74 84 83
83 85 78
86 85 83
86 87 85
85 88 78
78 88 89
78 89 90
85 91 88
92 91 85
92 93 91
94 88 91
94 91 95
96 97 74
91 98 99
88 100 101
88 101 102
103 104 58
24 105 106
107 108 24
109 107 24
24 30 109
109 110 107
111 107 110
111 112 107
109 113 110
114 109 30
114 113 109
115 114 30
31 115 30
31 116 115
117 116 31
117 118 116
119 113 114
120 113 119
120 121 113
122 114 115
119 114 122
122 123 119
122 124 123
122 115 125
116 125 115
126 122 125
116 127 125
125 127 128
125 128 129
127 116 130
130 131 127
130 132 131
133 130 116
133 134 130
135 122 136
137 138 130
137 139 138
140 141 142
143 144 145
146 144 147
146 147 148
149 150 147
149 147 151
152 153 154
155 5 156
157 54 158
159 160 161
162 160 163
164 165 160
166 160 167
166 167 168
168 167 169
170 167 171
170 171 172
173 171 174
175 171 176
177 178 179
180 181 182
183 184 185
186 184 187
188 184 186
188 189 184
190 186 191
190 191 192
191 186 193
194 193 186
194 195 193
193 196 191
197 189 198
199 189 200
201 202 193
203 191 204
205 191 206
207 208 189
209 208 210
211 208 212
213 214 208
208 215 216
208 217 218
219 208 220
221 222 223
224 225 226
227 228 229
230 228 231
232 228 230
233 234 235
236 237 238
239 240 241
242 243 244
245 246 247
248 249 250
251 252 253
254 255 256
255 257 258
259 255 260
255 261 262
263 264 255
263 265 264
266 267 268
269 270 271
272 273 274
275 276 277
278 279 280
281 282 283
284 285 286
287 284 40
288 40 284
288 35 40
35 288 289
35 289 290
284 291 288
291 284 292
292 284 293
292 293 294
291 295 288
288 295 296
288 296 297
298 295 291
298 291 299
292 299 291
299 292 300
301 300 292
301 302 300
300 303 299
295 304 305
306 300 307
308 309 299
308 299 310
311 295 312
311 312 313
314 315 300
314 316 315
317 318 319
320 321 322
323 324 325
326 327 328
329 330 331
332 333 334
335 336 332
335 337 336
338 339 340
341 342 343
344 345 346
347 348 349
350 348 351
350 351 352
353 354 355
353 356 357
358 353 357
358 359 353
360 353 359
360 359 361
361 359 362
359 363 362
361 362 364
365 364 362
365 362 366
366 362 367
367 362 368
367 368 369
367 369 370
367 370 371
367 371 372
367 372 366
373 366 372
374 366 373
374 375 366
374 376 375
373 377 378
379 369 380
381 382 369
383 369 384
385 386 384
385 387 386
388 389 390
391 392 393
394 395 396
397 398 395
397 395 399
399 395 400
399 400 401
401 402 399
403 399 402
403 402 404
401 405 402
402 405 406
402 406 407
407 406 408
409 402 407
409 407 410
407 411 410
407 412 411
413 411 412
413 414 411
414 415 411
414 416 415
417 411 415
417 415 418
419 417 418
419 418 420
421 422 420
416 423 424
416 424 425
426 427 428
429 430 427
429 431 430
432 433 434
435 436 437
438 439 440
441 439 442
441 442 443
444 445 446
447 448 449
450 451 452
453 454 455
456 457 458
458 459 460
461 462 463
464 461 465
464 465 466
467 468 469
470 467 471
470 471 472
473 474 475
476 475 477
478 475 479
478 479 480
481 475 478
481 478 482
478 483 484
485 478 486
486 478 487
486 488 489
490 486 491
492 493 486
492 486 494
494 486 495
496 497 498
499 500 501
502 503 504
505 506 507
508 509 510
511 512 509
513 509 514
513 514 515
509 516 514
516 509 517
516 517 518
514 516 519
520 519 516
520 516 521
514 519 522
514 522 523
514 523 524
522 519 525
519 526 525
527 523 522
527 528 523
528 529 523
522 525 530
527 522 530
531 530 525
532 527 530
532 533 527
531 534 530
535 534 531
535 531 536
537 536 531
531 525 538
531 538 539
537 531 539
540 530 541
542 543 527
542 544 543
537 545 546
537 546 547
525 548 549
525 550 548
550 551 548
552 553 554
555 556 557
558 559 560
561 562 563
564 565 562
564 566 565
567 568 569
570 571 572
573 574 575
576 577 578
579 576 580
579 580 581
582 583 584
585 586 587
588 589 590
591 592 593
594 595 596
597 598 599
600 601 602
603 604 605
606 607 608
609 608 610
609 610 611
612 613 614
615 616 617
618 619 620
621 622 623
624 625 626
627 628 625
627 629 628
630 631 632
633 634 635
636 635 637
636 637 638
639 640 641
642 641 643
642 643 644
645 646 647
648 649 650
648 651 652
648 652 653
654 655 656
657 658 659
660 661 662
663 664 665
666 667 668
669 670 671
672 673 674
675 676 677
678 679 680
679 681 682
679 682 683
684 679 683
679 684 685
684 683 686
686 687 684
686 688 687
684 687 689
684 689 690
691 692 689
693 694 679
693 695 694
696 697 689
696 698 697
698 696 699
700 701 702
703 704 705
706 704 707
708 709 704
710 711 704
712 713 714
715 716 717
718 719 720
721 722 723
724 725 726
727 728 729
730 731 732
733 734 735
736 737 738
739 740 741
742 743 744
745 746 747
748 749 750
751 752 753
754 755 756
757 758 759
760 761 762
763 764 765
766 767 768
768 769 770
768 771 769
772 771 768
768 773 772
772 774 771
774 772 775
774 775 776
772 777 775
772 778 777
779 777 780
781 768 782
781 782 783
784 777 785
784 785 786
786 787 784
788 789 790
791 792 793
794 795 793
796 793 797
798 793 799
800 801 802
803 804 805
806 807 808
809 810 811
812 813 814
815 816 817
818 819 820
821 822 823
824 825 826
827 828 829
830 831 832
833 834 835
836 837 838
839 840 841
842 843 844
845 846 847
848 849 850
851 852 853
854 855 856
855 857 858
859 855 860
861 860 862
863 860 864
863 864 865
866 867 864
866 868 867
869 870 866
869 871 870
872 871 869
873 874 875
876 877 878
879 880 881
882 883 884
885 882 886
885 886 887
887 888 889
887 889 890
891 890 892
893 894 895
893 896 897
893 898 896
899 900 898
899 898 901
902 903 901
902 904 903
905 902 906
905 906 907
907 906 908
907 908 909
910 909 908
907 909 911
910 912 909
911 909 912
913 912 910
913 910 914
907 911 915
916 907 915
916 915 917
918 917 915
918 919 917
915 911 920
915 920 921
911 922 920
911 912 923
911 923 922
923 912 913
924 922 923
914 925 913
914 926 925
927 925 926
923 913 928
924 923 928
925 928 913
925 929 928
924 928 929
925 927 930
925 930 929
924 929 931
930 931 929
932 930 927
932 927 933
932 933 934
930 935 931
935 930 932
924 931 936
931 935 936
932 934 937
934 938 937
935 932 939
939 932 937
940 935 939
936 935 940
924 936 941
942 924 941
937 943 939
940 939 943
937 944 943
945 940 943
945 943 946
936 940 947
941 936 947
948 947 940
948 940 949
942 941 950
951 942 950
951 950 952
941 947 953
950 941 953
947 954 953
955 954 947
950 953 956
957 953 954
957 956 953
950 956 958
950 958 952
957 959 956
960 957 954
960 961 957
962 952 958
962 958 963
962 963 964
957 965 959
966 965 957
966 967 965
952 962 968
968 969 952
968 970 969
962 964 971
968 962 971
971 964 972
971 972 973
959 965 974
959 974 975
965 976 974
965 977 976
968 971 978
968 978 979
968 979 980
978 981 979
978 982 981
978 971 983
978 983 982
971 984 983
984 985 983
985 982 983
985 986 982
987 986 985
988 982 986
988 989 982
987 990 986
991 990 987
992 986 990
992 993 986
990 994 995
984 972 996
984 996 997
996 998 997
999 1000 1001
1002 1003 1004
1005 1006 1007
1008 1009 1010
1011 1012 1009
1011 1013 1012
1013 1014 1015
1016 1017 1018
1019 1020 1021
1022 1023 1024
1025 937 1026
1027 1028 943
1029 1030 1031
1032 1029 1033
1032 1033 1034
1035 1036 1029
1035 1037 1036
1035 1038 1037
1035 1039 1038
1039 1040 1041
1042 1043 1039
1042 1044 1043
1045 1046 1042
1045 1047 1046
1048 954 1049
1050 1051 1052
1053 1054 1050
1053 1050 1055
1053 1055 1056
1057 1050 1058
1057 1058 1059
1058 1050 1060
1058 1060 1061
1062 1063 1058
1062 1058 1064
1065 1058 1066
1065 1066 1067
1068 1069 1070
1071 1072 1073
1074 1075 1076
1077 1074 1078
1077 1078 1079
1080 1081 1082
1083 1080 1084
1083 1084 1085
1086 1087 1088
1089 1090 1091
1092 1090 1093
1094 1095 1090
1094 1096 1095
1094 1090 1097
1094 1097 1098
1099 1100 1094
1101 1099 1094
1101 1102 1099
1099 1103 1100
1104 1103 1099
1104 1105 1103
1104 1099 1106
1104 1106 1107
974 1104 1108
974 1108 1109
974 1110 1104
974 1111 1110
1112 1113 1114
1115 1116 1117
1118 1119 1120
1121 1120 1122
1121 1122 1123
1124 1125 1126
1127 1128 1129
1130 1131 1127
1130 1132 1131
1130 1133 1134
1130 1135 1136
1137 1135 1130
1138 1139 1140
1138 1141 1142
1138 1142 1143
1144 1145 1146
1147 1148 1149
1150 1151 1152
1153 1154 1150
1153 1155 1154
1156 1157 1158
1159 1160 1156
1159 1161 1160
1162 1163 1164
1165 1164 1166
1167 1168 1169
1170 1169 1171
1172 1173 1174
1175 1176 1177
1178 1175 1179
1178 1179 1180
1181 1182 1183
1184 1185 1186
1186 1187 1188
1186 1188 1189
1189 1190 1191
1189 1191 1192
1192 1193 1194
1192 1194 1195
1195 1194 1196
1195 1196 1197
1198 1197 1199
1198 1200 1197
1201 1200 1202
1201 1202 1203
1204 1201 1203
1204 1203 1205
1206 1204 1205
1206 1205 1207
1208 1206 1207
1209 1206 1208
1210 1209 1208
1211 1210 1208
1211 1212 1210
1213 1212 1211
1213 1211 1214
1215 1216 1217
1218 1219 1220
1221 1222 1219
1221 1219 1223
1223 1224 1225
1223 1225 1226
1219 1227 1228
1219 1228 1229
1230 1231 1219
1230 1232 1231
1233 1234 1235
1236 1237 1238
1239 1240 1241
1242 1243 1244
1245 1246 1247
1248 1249 1250
1251 1252 1253
1254 1255 1256
1257 1258 1259
1260 1261 1262
1263 1264 1265
1266 1267 1268
1269 1270 1268
1268 1271 1272
1273 1271 1274
1275 1276 1277
1278 1279 1280
1281 1282 1283
1284 1285 1286
1287 1288 1289
1290 1287 1291
1290 1291 1292
1293 1294 1295
1296 1297 1295
1295 1298 1296
1299 1300 1301
1302 1303 1304
1305 1306 1307
1308 1309 1310
1311 1312 1313
1314 1312 1315
1314 1316 1317
1318 1319 1314
1318 1314 1320
1321 1322 1323
1324 1325 1326
1327 1328 1329
1330 1331 1332
1333 1334 1331
1333 1335 1334
1336 1337 1338
1339 1340 1341
1342 1343 1344
1345 1346 1347
1348 1349 1350
1351 1352 1353
1354 1355 1356
1357 1354 1358
1359 1354 1357
1354 1359 1360
1354 1360 1361
1362 1354 1361
1363 1359 1357
1364 1360 1359
1365 1359 1363
1364 1359 1365
1364 1365 1366
1364 1366 1367
1360 1364 1368
1368 1364 1369
1368 1369 1370
1360 1368 1371
1361 1360 1371
1371 1368 1372
1368 1373 1372
1371 1374 1361
1374 1375 1361
1376 1375 1374
1376 1377 1375
1374 1371 1378
1371 1372 1378
1374 1378 1379
1379 1380 1374
1379 1381 1380
1382 1378 1372
1383 1382 1372
1383 1372 1384
1378 1385 1379
1382 1385 1378
1385 1386 1379
1386 1387 1379
1388 1385 1382
1389 1388 1382
1389 1390 1388
1388 1391 1385
1386 1385 1391
1392 1388 1390
1392 1391 1388
1390 1393 1392
1392 1394 1391
1392 1393 1395
1392 1395 1394
1386 1391 1396
1396 1391 1394
1397 1395 1393
1397 1393 1398
1399 1397 1398
1400 1399 1398
1400 1401 1399
1402 1397 1399
1401 1402 1399
1403 1395 1397
1402 1403 1397
1394 1395 1404
1403 1404 1395
1401 1405 1402
1406 1405 1401
1394 1404 1407
1396 1394 1407
1408 1402 1405
1403 1402 1408
1406 1409 1405
1409 1408 1405
1409 1406 1410
1411 1404 1403
1407 1404 1411
1396 1407 1412
1412 1407 1411
1403 1408 1413
1411 1403 1413
1409 1410 1414
1414 1410 1415
1414 1415 1416
1409 1417 1408
1413 1408 1417
1414 1417 1409
1411 1413 1418
1411 1418 1412
1413 1417 1419
1419 1417 1414
1418 1413 1419
1419 1414 1420
1420 1414 1421
1418 1419 1422
1422 1419 1420
1422 1412 1418
1422 1420 1423
1423 1420 1424
1423 1424 1425
1422 1426 1412
1426 1422 1423
1427 1412 1426
1396 1412 1427
1427 1386 1396
1426 1423 1428
1428 1423 1429
1427 1426 1430
1430 1426 1428
1427 1431 1386
1431 1427 1430
1386 1431 1432
1386 1432 1433
1430 1428 1434
1435 1434 1428
1435 1428 1436
1431 1430 1437
1437 1430 1434
1431 1437 1438
1431 1438 1432
1437 1434 1439
1438 1437 1439
1440 1439 1434
1440 1434 1441
1432 1438 1442
1438 1439 1443
1442 1438 1443
1444 1443 1439
1444 1439 1445
1432 1442 1446
1447 1432 1446
1447 1446 1448
1442 1443 1449
1443 1450 1449
1443 1451 1450
1442 1452 1446
1452 1453 1446
1452 1454 1453
1455 1442 1449
1442 1455 1452
1456 1452 1455
1452 1456 1457
1455 1449 1458
1458 1449 1459
1458 1459 1460
1458 1461 1455
1456 1455 1461
1458 1462 1461
1463 1462 1458
1463 1464 1462
1465 1461 1462
1456 1461 1465
1465 1462 1466
1466 1462 1467
1466 1467 1468
1466 1469 1465
1456 1465 1470
1456 1470 1471
1456 1471 1472
1470 1465 1473
1473 1465 1474
1475 1470 1473
1475 1473 1476
1477 1478 1466
1479 1456 1480
1481 1473 1482
1483 1484 1485
1486 1487 1483
1486 1483 1363
1488 1486 1363
1365 1363 1483
1489 1365 1483
1489 1490 1365
1486 1491 1492
1493 1494 1486
1495 1363 1496
1363 1357 1496
1496 1357 1497
1498 1357 1499
1500 1501 1496
1496 1502 1503
1496 1503 1504
1496 1504 1505
1506 1504 1507
1504 1508 1509
1510 1511 1512
1513 1514 1515
1516 1517 1518
1519 1520 1521
1522 1523 1524
1525 1526 1527
1528 1529 1530
1531 1532 1533
1534 1535 1536
1537 1538 1539
1540 1541 1542
1543 1544 1545
1546 1547 1548
1549 1550 1551
1552 1553 1554
1555 1556 1557
1558 1559 1560
1561 1562 1563
1563 1564 1565
1566 1567 1563
1566 1568 1567
1569 1570 1563
1569 1563 1571
1572 1571 1563
1572 1573 1571
1574 1575 1570
1571 1576 1577
1571 1578 1576
1579 1578 1571
1579 1580 1578
1581 1582 1578
1583 1584 1578
1585 1586 1578
1587 1588 1589
1590 1591 1592
1590 1593 1594
1590 1594 1595
1596 1597 1598
1599 1600 1601
1602 1603 1604
1605 1606 1607
1608 1609 1606
1610 1609 1608
1611 1612 1613
1614 1615 1616
1617 1618 1619
1619 1620 1621
1619 1621 1622
1623 1624 1625
1626 1627 1628
1629 1630 1631
1632 1633 1634
1361 1635 1636
1637 1638 1639
1640 1641 1642
1643 1644 1645
1646 1647 1648
1649 1650 1651
1652 1653 1654
1655 1656 1657
1658 1657 1659
1658 1659 1660
1661 1660 1662
1661 1662 1663
1664 1663 1662
1665 1666 1667
1668 1669 1670
1671 1672 1673
1674 1675 1676
1677 1678 1679
1680 1681 1682
1683 1684 1685
1686 1687 1688
1689 1690 1691
1692 1693 1689
1694 1692 1689
1689 1695 1694
1689 1696 1695
1697 1696 1689
1698 1692 1694
1699 1694 1695
1700 1698 1694
1699 1700 1694
1699 1701 1700
1699 1702 1701
1695 1703 1699
1703 1704 1699
1703 1705 1704
1695 1706 1703
1696 1706 1695
1706 1707 1703
1703 1707 1708
1706 1696 1709
1709 1696 1710
1711 1709 1710
1711 1710 1712
1709 1713 1706
1706 1713 1707
1709 1714 1713
1714 1709 1715
1714 1715 1716
1717 1707 1713
1718 1707 1717
1718 1719 1707
1713 1714 1720
1717 1713 1720
1720 1714 1721
1721 1714 1722
1723 1717 1720
1724 1717 1723
1724 1723 1725
1723 1720 1726
1721 1726 1720
1727 1725 1723
1727 1723 1726
1725 1727 1728
1727 1726 1729
1727 1730 1728
1727 1729 1730
1721 1731 1726
1731 1729 1726
1732 1728 1730
1732 1733 1728
1734 1733 1732
1735 1733 1734
1735 1734 1736
1737 1734 1732
1736 1734 1737
1738 1732 1730
1737 1732 1738
1729 1739 1730
1738 1730 1739
1736 1737 1740
1741 1736 1740
1729 1742 1739
1731 1742 1729
1743 1740 1737
1738 1743 1737
1741 1740 1744
1743 1744 1740
1744 1745 1741
1746 1738 1739
1742 1746 1739
1731 1747 1742
1747 1746 1742
1738 1748 1743
1746 1748 1738
1744 1749 1745
1749 1750 1745
1749 1751 1750
1743 1752 1744
1748 1752 1743
1749 1744 1752
1746 1753 1748
1746 1747 1753
1748 1754 1752
1754 1749 1752
1753 1754 1748
1754 1755 1749
1755 1756 1749
1753 1757 1754
1757 1755 1754
1757 1753 1747
1757 1758 1755
1758 1759 1755
1758 1760 1759
1757 1747 1761
1761 1758 1757
1762 1761 1747
1731 1762 1747
1762 1731 1721
1761 1763 1758
1763 1764 1758
1762 1765 1761
1765 1763 1761
1762 1721 1766
1766 1765 1762
1721 1767 1766
1721 1768 1767
1765 1769 1763
1770 1763 1769
1770 1771 1763
1766 1772 1765
1772 1769 1765
1766 1773 1772
1766 1767 1773
1772 1774 1769
1773 1774 1772
1775 1769 1774
1775 1776 1769
1767 1777 1773
1773 1778 1774
1777 1778 1773
1779 1774 1778
1779 1780 1774
1767 1781 1777
1782 1781 1767
1782 1783 1781
1777 1784 1778
1778 1784 1785
1778 1785 1786
1777 1781 1787
1787 1781 1788
1787 1788 1789
1790 1784 1777
1777 1787 1790
1791 1790 1787
1787 1792 1791
1790 1793 1784
1793 1794 1784
1793 1795 1794
1793 1790 1796
1791 1796 1790
1793 1796 1797
1798 1793 1797
1798 1797 1799
1797 1796 1800
1791 1800 1796
1797 1800 1801
1802 1797 1801
1802 1801 1803
1801 1800 1804
1791 1805 1800
1791 1806 1805
1791 1807 1806
1800 1805 1808
1808 1809 1800
1805 1810 1808
1805 1811 1810
1812 1801 1813
1814 1815 1791
1816 1817 1808
1818 1819 1820
1821 1818 1822
1821 1698 1818
1823 1698 1821
1700 1818 1698
1824 1818 1700
1824 1700 1825
1821 1826 1827
1828 1821 1829
1830 1831 1698
1698 1831 1692
1831 1832 1692
1833 1834 1692
1835 1831 1836
1831 1837 1838
1831 1839 1837
1831 1840 1839
1841 1842 1839
1839 1843 1844
1845 1846 1847
1848 1849 1850
1851 1852 1853
1854 1855 1856
1857 1858 1859
1860 1861 1862
1863 1864 1865
1866 1867 1868
1869 1870 1871
1872 1873 1874
1875 1876 1877
1878 1879 1880
1881 1882 1883
1884 1885 1886
1887 1888 1889
1890 1891 1892
1893 1894 1895
1896 1897 1898
1897 1899 1900
1901 1897 1902
1901 1902 1903
1904 1897 1905
1904 1906 1897
1907 1897 1906
1907 1906 1908
1909 1905 1910
1906 1911 1912
1906 1912 1913
1914 1906 1913
1914 1913 1915
1916 1913 1917
1918 1913 1919
1920 1913 1921
1922 1923 1924
1925 1926 1927
1925 1928 1929
1925 1929 1930
1931 1932 1933
1934 1935 1936
1937 1938 1939
1940 1941 1942
1943 1942 1944
1945 1943 1944
1946 1947 1948
1949 1950 1951
1952 1953 1954
1953 1955 1956
1953 1956 1957
1958 1959 1960
1961 1962 1963
1964 1965 1966
1967 1968 1969
1696 1970 1971
1972 1973 1974
1975 1976 1977
1978 1979 1980
1981 1982 1983
1984 1985 1986
1987 1988 1989
1990 1991 1992
1993 1994 1991
1993 1995 1994
1995 1996 1997
1995 1997 1998
1999 1998 1997
2000 2001 2002
2003 2004 2005
2006 2007 2008
2009 2010 2011
2012 2013 2014
2015 2016 2017
2018 2019 2020
2020 2021 2022
2020 2022 2023
2023 2022 2024
2023 2024 2025
2023 2026 2020
2020 2026 2027
2023 2028 2026
2028 2023 2029
2028 2029 2030
2031 2028 2030
2031 2030 2032
2028 2033 2026
2028 2031 2033
2026 2033 2034
2026 2034 2035
2031 2036 2033
2033 2036 2037
2033 2037 2038
2031 2039 2036
2039 2031 2040
2039 2040 2041
2039 2042 2036
2043 2036 2042
2043 2042 2044
2039 2045 2042
2045 2039 2046
2045 2046 2047
2048 2042 2045
2049 2042 2048
2049 2048 2050
2048 2045 2051
2051 2045 2052
2051 2052 2053
2048 2051 2054
2048 2054 2055
2056 2048 2055
2056 2055 2057
2058 2054 2051
2059 2058 2051
2059 2051 2060
2058 2061 2054
2058 2062 2061
2063 2062 2058
2063 2064 2062
2065 2055 2054
2065 2054 2066
2055 2065 2067
2065 2068 2067
2069 2055 2067
2069 2067 2070
2067 2071 2070
2067 2068 2071
2065 2072 2068
2072 2065 2073
2072 2073 2074
2072 2075 2068
2076 2075 2072
2076 2077 2075
2068 2075 2078
2079 2078 2075
2079 2075 2080
2079 2080 2081
2082 2079 2081
2083 2068 2078
2084 2078 2079
2079 2085 2086
2087 2088 2079
2079 2089 2090
2091 2092 2078
2091 2078 2093
2093 2094 2095
2096 2097 2068
2098 2068 2097
2098 2097 2099
2100 2097 2101
2102 2103 2097
2104 2105 2106
2107 2108 2104
2107 2104 2109
2110 2111 2104
2110 2112 2111
2110 2113 2114
2110 2114 2115
2116 2117 2118
2119 2120 2121
2122 2123 2124
2125 2126 2124
2125 2127 2126
2128 2129 2130
2131 2132 2133
2134 2135 2131
2131 2136 2137
2131 2137 2138
2131 2138 2139
2131 2139 2140
2138 2141 2142
2138 2142 2062
2143 2138 2062
2143 2144 2138
2145 2146 2147
2148 2149 2150
2151 2148 2152
2148 2153 2154
2153 2155 2156
2157 2158 2153
2153 2158 2159
2160 2161 2162
2163 2164 2165
2166 2167 2168
2169 2170 2171
2169 2172 2173
2169 2174 2175
2176 2177 2169
2178 2177 2176
2176 2169 2179
2180 2179 2169
2169 2181 2180
2180 2181 2182
2180 2182 2183
2184 2180 2183
2184 2183 2185
2179 2180 2186
2179 2186 2187
2188 2179 2187
2189 2176 2179
2189 2190 2176
2191 2176 2190
2191 2190 2192
2189 2193 2194
2195 2190 2196
2197 2198 2194
2197 2199 2198
2199 2200 2201
2202 2203 2200
2204 2205 2190
2204 2206 2205
2207 2208 2190
2207 2209 2208
2208 2210 2190
2208 2211 2210
2208 2212 2211
2213 2214 2208
2215 2216 2217
2218 2219 2217
2218 2217 2220
2221 2222 2217
2221 2223 2222
2221 2224 2223
2225 2226 2227
2228 2229 2230
2231 2232 2233
2234 2235 2236
2237 2238 2239
2240 2239 2241
2240 2241 2242
2243 2244 2245
2245 2246 2247
2248 2249 2245
2248 2245 2250
2251 2245 2252
2251 2252 2253
2254 2255 2256
2254 2257 2258
2254 2258 2259
2260 2259 2261
2260 2261 2262
2263 2264 2265
2266 2267 2268
2269 2270 2271
2272 2273 2274
2275 2276 2277
2278 2279 2277
2278 2277 2280
2281 2282 2280
2283 2284 2277
2283 2285 2284
2286 2287 2280
2286 2280 2288
2289 2290 2291
2292 2293 2294
2295 2296 2293
2297 2298 2299
2300 2301 2302
2303 2304 2305
2306 2307 2305
2305 2308 2309
2310 2308 2305
2310 2311 2308
2312 2305 2313
2312 2313 2314
2315 2316 2317
2318 2319 2320
2321 2322 2323
2324 2322 2325
2324 2325 2326
2327 2324 2328
2327 2328 2329
2330 2327 2329
2331 2332 2333
2334 2335 2336
2337 2338 2339
2340 2341 2342
2343 2344 2345
2346 2347 2348
2347 2349 2350
2347 2351 2349
2351 2352 2349
2351 2353 2352
2351 2347 2354
2347 2355 2354
2351 2354 2356
2357 2351 2356
2357 2356 2358
2359 2358 2356
2359 2360 2358
2356 2354 2361
2356 2361 2359
2354 2362 2361
2354 2363 2362
2359 2361 2364
2361 2365 2364
2361 2366 2365
2359 2364 2367
2368 2359 2367
2368 2367 2369
2367 2364 2370
2371 2370 2364
2371 2372 2370
2367 2370 2373
2373 2374 2367
2373 2375 2374
2376 2373 2370
2377 2376 2370
2377 2378 2376
2376 2379 2373
2379 2380 2373
2379 2381 2380
2376 2382 2379
2376 2383 2382
2384 2383 2376
2384 2385 2383
2386 2379 2382
2387 2379 2386
2387 2388 2379
2386 2382 2389
2386 2389 2390
2391 2386 2390
2391 2390 2392
2393 2382 2383
2393 2394 2382
2383 2395 2393
2393 2395 2396
2397 2395 2383
2397 2398 2395
2395 2398 2399
2395 2399 2396
2393 2396 2400
2400 2401 2393
2400 2402 2401
2400 2396 2403
2404 2400 2403
2404 2403 2405
2396 2406 2403
2407 2403 2406
2407 2408 2403
2407 2409 2408
2410 2409 2407
2411 2406 2396
2412 2407 2406
2407 2413 2414
2415 2407 2416
2407 2417 2418
2419 2406 2420
2419 2421 2406
2421 2422 2423
2424 2396 2425
2426 2425 2396
2426 2427 2425
2428 2429 2425
2430 2425 2431
2432 2433 2434
2435 2436 2432
2435 2432 2437
2438 2432 2439
2438 2439 2440
2438 2441 2442
2438 2442 2443
2444 2445 2446
2447 2448 2449
2450 2451 2452
2453 2451 2454
2453 2454 2455
2456 2457 2458
2459 2460 2461
2462 2459 2463
2459 2464 2465
2459 2466 2464
2459 2467 2466
2459 2468 2467
2466 2469 2470
2466 2390 2469
2471 2390 2466
2471 2466 2472
2473 2474 2475
2476 2477 2478
2479 2480 2476
2476 2481 2482
2482 2483 2484
2485 2482 2486
2482 2487 2486
2488 2489 2490
2491 2492 2493
2494 2495 2496
2497 2498 2499
2497 2500 2501
2497 2502 2503
2504 2497 2505
2506 2504 2505
2504 2507 2497
2508 2497 2507
2497 2508 2509
2508 2510 2509
2508 2511 2510
2512 2511 2508
2512 2513 2511
2507 2514 2508
2507 2515 2514
2516 2515 2507
2517 2507 2504
2517 2504 2518
2519 2518 2504
2519 2520 2518
2517 2521 2522
2523 2524 2518
2525 2521 2526
2525 2526 2527
2527 2528 2529
2530 2529 2531
2532 2518 2533
2532 2533 2534
2535 2518 2536
2535 2536 2537
2536 2518 2538
2536 2538 2539
2536 2539 2540
2541 2536 2542
2543 2544 2545
2546 2547 2544
2546 2544 2548
2549 2544 2550
2549 2550 2551
2549 2551 2552
2553 2554 2555
2556 2557 2558
2559 2560 2561
2562 2563 2564
2565 2566 2567
2568 2569 2566
2568 2570 2569
2571 2572 2573
2572 2574 2575
2576 2577 2572
2576 2572 2578
2579 2580 2572
2579 2581 2580
2582 2583 2584
2582 2585 2586
2582 2587 2585
2588 2589 2587
2588 2590 2589
2591 2592 2593
2594 2595 2596
2597 2598 2599
2600 2601 2602
2603 2604 2605
2606 2604 2607
2606 2608 2604
2609 2608 2610
2611 2604 2612
2611 2612 2613
2614 2615 2608
2614 2608 2616
2617 2618 2619
2620 2621 2622
2623 2622 2624
2625 2626 2627
2628 2629 2630
2631 2632 2633
2634 2632 2635
2632 2636 2637
2637 2638 2632
2637 2639 2638
2640 2632 2641
2640 2641 2642
2643 2644 2645
2646 2647 2648
2649 2650 2651
2652 2653 2651
2652 2654 2653
2655 2656 2652
2655 2657 2656
2658 2657 2655
2659 2660 2661
2662 2663 2664
2665 2666 2667
2668 2669 2670
2671 2672 2673
2674 2675 2676
2677 2678 2679
2680 2681 2682
2683 2684 2685
2683 2685 2686
2687 2688 2689
2687 2689 2690
2691 2692 2693
2691 2693 2694
2695 2696 2697
2698 2696 2695
2699 2700 2701
2699 2701 2702
2703 2704 119
2703 119 2705
79 2706 2707
79 2708 2706
2709 2708 79
2709 2710 2708
2711 2712 2708
2711 2708 2713
2714 2708 2715
2714 2715 2716
2717 2718 2719
2717 2719 2720
2721 2722 2723
2721 2723 2724
2725 2726 2727
2725 2727 2728
2729 2730 2731
2729 2731 2732
2733 2734 2735
2733 2735 2736
2737 2738 2739
2737 2739 2740
2741 2742 2743
2741 2743 2744
2745 2746 2747
2745 2747 184
2748 2749 2750
2748 2750 2751
2752 2753 193
2752 193 2754
2755 2756 2757
2755 2757 2758
2759 2760 2761
2759 2761 2762
2763 2764 2765
2763 2765 2766
2767 2768 2769
2767 2769 2770
2771 2770 2772
2771 2772 2773
2774 2773 2772
2774 2772 2775
2776 2777 191
2776 191 2778
2779 2780 2781
2779 2781 2782
2783 2784 2785
2783 2785 2786
2787 2788 2789
2787 2789 2790
2791 2792 2793
2791 2793 2794
2795 2796 2797
2795 2797 2798
2799 2800 2797
2799 2801 2800
2802 2803 2804
2802 2804 2805
2806 2807 2808
2806 2808 2809
2810 2811 2812
2810 2812 2813
2814 2815 2816
2814 2816 2817
2818 2819 2820
2818 2820 2821
2822 2823 2824
2822 2824 2825
2826 2825 2827
2826 2827 2828
2829 2830 2831
2829 2831 2832
2833 2834 2835
2833 2835 2836
2837 2838 2839
2840 2838 2837
2840 2837 2841
2842 2843 2844
2844 2843 2845
2844 2845 405
405 2845 2846
2847 2848 2849
2847 2849 395
2850 2851 2852
2850 2852 2853
2854 2855 2856
2854 2856 2857
2858 2859 2860
2861 2859 2858
2861 2862 2859
2863 2864 2865
2865 2864 2866
2867 2868 2869
2867 2869 2870
2871 2872 2873
2871 2873 2874
2875 2876 2877
2875 2877 2878
2879 2880 2881
2879 2881 2882
2883 2884 2885
2883 2885 2886
2886 2887 2883
2886 2888 2887
2889 2890 2891
2889 2891 2892
2893 2894 2895
2893 2895 2896
2897 2898 2899
2897 2899 2900
2901 2902 2903
2901 2903 2904
2905 2906 2907
2905 2907 2908
2909 2910 2911
2909 2911 2912
2913 2914 2915
2913 2915 2916
2917 2918 2919
2917 2919 2920
2921 2922 2923
2922 2924 2923
2925 2926 2927
2925 2927 2928
2929 2930 2931
2929 2931 2932
2933 2934 2935
2933 2935 2936
2937 2938 2939
2937 2939 2940
2941 2942 2943
2941 2943 2944
2945 2946 2947
2945 2947 2948
2949 2950 2951
2949 2951 2952
2953 2954 2955
2953 2955 2956
2957 2958 2959
2957 2959 2960
2961 2962 2963
2961 2963 2964
2965 2966 2967
2965 2967 2968
2969 2970 2971
2969 2971 2972
2973 2974 2975
2973 2975 2976
2973 2976 2977
2978 2979 2980
2978 2980 2981
2982 2983 2984
2982 2984 2985
2986 2987 2988
2986 2988 2989
2990 2991 2992
2990 2992 2993
2994 2995 2996
2994 2996 2997
2998 2999 3000
2998 3000 3001
3002 3003 3004
3002 3004 3005
3006 3007 3008
3006 3009 3007
3006 3010 3009
3011 3012 3013
3011 3013 3014
3015 3016 3017
3015 3017 3018
3019 3020 3017
3019 3021 3020
3019 3022 3021
3019 917 3022
3023 917 3019
3023 3024 917
3025 3023 3019
3025 3019 3026
3027 3028 3029
3027 3029 3030
3031 3032 3033
3031 3033 3034
3035 3036 3037
3035 3038 3036
3035 3039 3038
3039 3040 3038
3041 3040 3042
3041 3042 3043
3044 3045 3046
3044 3047 3045
3047 3048 3049
3047 3050 3048
3051 3052 3050
3051 3053 3052
3054 3055 3053
3054 3056 3055
3057 3058 3059
3057 3060 3058
3061 3062 3060
3061 3060 3063
3064 3065 3066
3064 3066 3067
3068 3069 3070
3068 3070 3071
3072 3073 3074
3072 3074 3075
3076 3077 3078
3076 3078 3079
3080 3079 3081
3080 3081 3082
3083 3084 3085
3083 3085 3086
3087 3088 3089
3087 3089 3090
3091 3092 3093
3091 3093 3094
3095 3096 3097
3095 3097 3098
3099 3100 3101
3099 3101 3102
3103 3104 3101
3105 3103 3106
3105 3106 3107
3108 3109 3110
3108 3110 3111
3112 3113 3114
3112 3114 3115
3116 3117 3118
3116 3118 3119
3120 3121 3122
3120 3122 3123
3124 3125 3126
3124 3126 3127
3128 3129 3130
3128 3130 3131
3132 3133 3134
3132 3134 3135
3136 3137 3138
3136 3138 3139
3140 3141 3142
3140 3142 3143
3144 3145 3146
3144 3147 3145
3147 3148 3149
3149 3148 3150
3151 3152 3153
3151 3153 3154
3155 3156 3157
3155 3157 3158
3159 3160 3161
3159 3161 3162
3159 3162 3163
3164 3165 3161
3164 3166 3165
3167 3168 3166
3167 3169 3168
3170 3171 3172
3170 3172 3173
3174 3175 3176
3174 3176 3177
3178 3179 3180
3178 3180 3181
3182 3183 3184
3182 3184 3185
3186 3187 3188
3186 3188 3189
3190 3191 3192
3190 3192 3193
3194 3195 3196
3194 3196 3197
3198 3199 3200
3198 3200 3201
3202 3203 3198
3202 3204 3203
3205 3206 3207
3205 3207 3208
3209 3210 3211
3209 3211 3212
3213 3214 3215
3213 3215 3216
3217 3218 3219
3217 3219 3220
3221 3222 3223
3221 3223 3224
3225 3226 3227
3225 3227 3228
3229 3230 3227
3229 3231 3230
3232 3233 3234
3232 3235 3233
3235 3236 3233
3235 3237 3236
3237 3238 3236
3239 3240 3241
3239 3241 3242
3243 3244 3245
3243 3245 3246
3247 3248 3249
3247 3249 3250
3247 3250 3251
3252 3253 3254
3252 3254 3255
3256 3257 3258
3256 3258 3259
3260 3261 3262
3260 3262 3263
3264 3265 3266
3264 3266 3267
3268 3269 3270
3268 3270 3271
3272 3273 3274
3272 3274 3275
3276 3277 3278
3276 3278 3279
3280 3281 3282
3280 3282 3283
3284 3285 3286
3284 3286 3287
3288 3289 3290
3288 3290 3291
3292 3293 3294
3292 3294 3295
3296 3297 3298
3296 3298 3299
3300 3301 3302
3300 1446 3301
3303 3304 3305
3303 3305 3306
3307 3308 3309
3308 3307 3310
3311 3312 3313
3311 3313 3314
3315 3316 3317
3315 3317 3318
3319 3320 3321
3319 3321 3322
3323 3324 3325
3323 3325 3326
3327 3328 3325
3327 3325 3329
3330 3331 3332
3330 3332 3333
3334 3335 3336
3334 3336 3337
3338 3339 3340
3338 3340 3341
3342 3343 3344
3342 3344 3345
3346 3347 3348
3346 3348 3349
3350 3351 3352
3350 3352 3353
3354 3355 3356
3354 3356 3357
3358 3359 3360
3358 3360 3361
3362 3363 3364
3362 3364 3365
3366 3367 3368
3366 3368 3369
3370 3371 3372
3370 3372 3373
3374 3375 3376
3374 3376 3377
3378 3379 3380
3378 3380 3381
3382 3383 3384
3382 3384 3385
3386 3387 3388
3386 3388 3389
3390 3391 3392
3390 3392 3393
3394 3395 3396
3394 3396 3397
3398 3399 3400
3398 3400 3401
3402 3403 3404
3402 3404 3405
3406 3407 3408
3406 3408 3409
3410 3411 3412
3410 3412 3413
3414 3415 3416
3414 3416 3417
3418 3419 3420
3418 3420 3421
3422 3423 3424
3422 3424 3425
3426 3427 3428
3426 3428 3429
3430 3431 3432
3430 3432 3433
3434 3435 3436
3434 3436 3437
3438 3439 3440
3438 3440 1781
3441 3442 3443
3441 3443 3444
3445 3446 3447
3447 3448 3445
3449 3450 3451
3449 3451 3452
3453 3454 3455
3453 3455 3456
3457 3458 3459
3457 3459 3460
3461 3462 3463
3461 3463 3464
3465 3466 3463
3465 3463 3467
3468 3469 3470
3468 3470 3471
3472 3473 3474
3472 3474 3475
3476 3477 3478
3476 3478 3479
3480 3481 3482
3480 3482 3483
3484 3485 3486
3484 3486 3487
3488 3489 3490
3488 3490 3491
3492 3493 3494
3492 3494 3495
3496 3497 3498
3496 3498 3499
3500 3501 3502
3500 3502 3503
3504 3505 3506
3504 3506 3507
3508 3509 3510
3508 3510 3511
3512 3513 3514
3512 3514 3515
3516 3517 3518
3516 3518 3519
3520 3521 3522
3520 3522 3523
3524 3525 3526
3524 3526 3527
3528 3529 3530
3528 3530 3531
3532 3533 3534
3532 3534 3535
3536 3537 3538
3536 3538 3539
3540 3541 3542
3540 3542 3543
3544 3545 3546
3544 3546 3547
3548 3544 3549
3548 3549 3550
3551 3548 3550
3551 3550 3552
3553 3554 3555
3553 3555 3556
3557 3558 3559
3557 3559 3560
3561 3562 3563
3561 3563 3564
3565 3566 3567
3565 3567 3568
3569 3565 3570
3569 3570 3571
3572 3573 3574
3572 3574 3575
3576 3577 3578
3576 3578 3579
3580 3581 3582
3580 3582 3583
3584 3583 3585
3584 3585 3586
3587 3588 3589
3587 3589 3590
3591 3592 3593
3591 3593 3594
3595 3593 3596
3595 3596 3597
3598 3599 3600
3598 3600 3601
3602 3603 3604
3602 3604 3605
3606 3607 3608
3606 3609 3607
3610 3606 3611
3610 3611 3612
3613 3614 3609
3613 3615 3614
3616 3617 3618
3616 3618 3619
3620 3621 3622
3620 3622 3623
3624 3625 3626
3624 3626 3627
3628 3629 3630
3628 3630 3631
3632 3633 3634
3632 3634 3635
3636 3637 3638
3636 3638 3639
3640 3641 3642
3640 3642 3643
3644 3645 3646
3644 3646 3647
3648 3649 3650
3648 3650 3651
3652 3653 3654
3652 3654 3655
3656 3657 3658
3656 3658 3659
3660 3661 3662
3660 3662 3663
3664 3665 3666
3664 3666 3667
3668 3669 3670
3668 3670 3671
3672 3673 3674
3672 3674 3675
3676 3677 3678
3676 3678 3679
3680 3681 3676
3680 3682 3681
3683 3682 3680
3683 3684 3682
3685 3686 3687
3685 3687 3688
3689 3690 3691
3689 3691 3692
3693 3694 3695
3693 3695 3696
3697 3698 3699
3697 3699 3700
3701 3702 3697
3701 3703 3702
3704 3705 3706
3704 3706 3707
3708 3709 3710
3708 3710 3711
3712 3713 3714
3712 3714 3715
3716 3717 3715
3716 3718 3717
3719 3720 3721
3719 3721 3722
3723 3724 3725
3723 3725 3726
3727 3725 3728
3727 3728 3729
3730 3731 3732
3730 3732 3733
3734 3735 3736
3734 3736 3737
3738 3739 3740
3738 3740 3741
3742 3743 3738
3742 3744 3743
3745 3741 3746
3745 3746 3747
3748 3749 3750
3748 3750 3751
3752 3753 3754
3752 3754 3755
3756 3757 3758
3756 3758 3759
3760 3761 3762
3760 3762 3763
3764 3765 3766
3764 3766 3767
3768 3769 3770
3768 3770 3771
3772 3773 3774
3772 3774 3775
3776 3777 3778
3776 3778 3779
3780 3781 3782
3780 3782 3783
3784 3785 3786
3784 3786 3787
3788 3789 3790
3788 3790 3791
3792 3793 3794
3792 3794 3795
3796 3797 3798
3796 3798 3799
3800 3801 3802
3800 3802 3803
3804 3805 3806
3804 3806 3807
3808 3809 3810
3808 3810 3811
