byte offset: 0
first index: 0
index count: 6888
topology: trianglelist
format: DXGI_FORMAT_R16_UINT

0 1 2
3 4 5
3 5 6
7 8 9
7 9 10
11 12 13
11 13 14
15 16 17
18 19 20
18 20 21
22 23 24
25 26 27
25 27 28
29 30 31
29 31 32
32 31 33
32 33 34
35 36 20
35 20 16
37 21 20
37 20 36
38 9 30
38 30 29
39 40 1
39 1 0
23 22 41
23 41 42
15 43 44
15 44 45
40 46 3
40 3 1
46 47 4
46 4 3
41 22 27
41 27 48
48 27 26
48 26 49
30 9 8
31 11 14
31 14 33
15 17 50
15 50 43
51 19 18
51 18 52
38 53 10
38 10 9
35 16 15
35 15 45
50 24 23
50 23 43
43 23 42
43 42 44
53 39 0
53 0 10
0 2 7
0 7 10
6 5 13
6 13 12
28 51 52
28 52 25
16 20 19
16 19 17
17 19 51
17 51 50
50 51 28
50 28 24
28 27 22
28 22 24
1 3 6
1 6 2
2 6 12
2 12 7
12 11 8
12 8 7
11 31 30
11 30 8
54 32 34
54 34 55
56 29 32
56 32 54
57 38 29
57 29 56
57 58 53
57 53 38
59 60 46
59 46 40
40 39 61
40 61 59
39 53 58
39 58 61
46 60 62
46 62 47
63 64 65
63 65 66
67 68 69
67 69 70
64 63 71
64 71 72
68 73 74
68 74 69
75 76 77
75 77 78
79 80 81
79 81 82
83 84 85
83 85 86
87 88 76
87 76 75
89 90 80
89 80 79
91 92 93
91 93 94
83 95 96
83 96 84
91 97 98
91 98 92
99 96 95
99 95 100
65 101 102
65 102 66
94 93 103
94 103 104
82 81 104
82 104 103
101 67 70
101 70 102
86 85 78
86 78 77
105 106 107
105 107 108
108 107 109
108 109 110
111 112 106
111 106 105
113 114 112
113 112 111
113 115 116
113 116 114
117 118 119
117 119 120
121 122 123
121 123 124
124 125 126
124 126 121
120 127 128
120 128 117
118 129 130
118 130 119
122 131 132
122 132 123
125 133 134
125 134 126
127 135 136
127 136 128
130 129 137
130 137 138
131 139 140
131 140 132
141 142 110
141 110 109
143 144 138
143 138 137
139 145 146
139 146 140
147 148 149
150 151 152
150 152 153
154 155 156
154 156 157
158 159 160
158 160 161
162 163 164
165 166 167
165 167 168
169 170 171
172 173 174
172 174 175
176 177 178
176 178 179
179 180 181
179 181 176
165 182 183
165 183 164
165 168 184
165 184 182
185 178 177
185 177 156
149 186 187
149 187 147
171 188 189
171 189 169
162 190 191
162 191 192
150 193 186
150 186 149
153 194 193
153 193 150
174 169 189
174 189 195
175 174 195
175 195 196
177 157 156
161 160 176
161 176 181
197 163 162
197 162 192
167 166 198
167 198 199
155 200 185
155 185 156
162 164 183
162 183 190
197 192 171
197 171 170
192 191 188
192 188 171
147 187 200
147 200 155
154 148 147
154 147 155
151 159 158
151 158 152
199 198 173
199 173 172
166 165 164
166 164 163
198 166 163
198 163 197
173 198 197
173 197 170
173 170 169
173 169 174
151 150 149
151 149 148
159 151 148
159 148 154
159 154 157
159 157 160
160 157 177
160 177 176
201 202 180
201 180 179
203 201 179
203 179 178
204 203 178
204 178 185
200 205 204
200 204 185
193 206 207
193 207 186
208 187 186
208 186 207
205 200 187
205 187 208
193 194 209
193 209 206
210 211 212
210 212 213
214 215 216
214 216 217
211 218 219
211 219 212
220 221 215
220 215 214
222 223 224
222 224 225
226 227 228
226 228 229
230 231 232
230 232 233
223 234 235
223 235 224
236 226 229
236 229 237
238 239 240
238 240 241
242 243 230
242 230 233
240 239 244
240 244 245
246 247 243
246 243 242
210 213 248
210 248 249
241 250 251
241 251 238
227 251 250
227 250 228
217 216 249
217 249 248
231 222 225
231 225 232
252 253 254
252 254 255
256 254 253
256 253 257
258 252 255
258 255 259
259 260 261
259 261 258
262 263 261
262 261 260
264 265 266
264 266 267
268 269 270
268 270 271
271 270 272
271 272 273
274 275 265
274 265 264
267 266 276
267 276 277
278 279 269
278 269 268
273 272 280
273 280 281
282 283 275
282 275 274
284 277 276
284 276 285
286 287 279
286 279 278
288 256 257
288 257 289
290 284 285
290 285 291
287 286 292
287 292 293
294 295 296
294 296 297
298 299 300
298 300 301
301 300 302
301 302 296
301 296 295
301 295 303
303 295 304
303 304 305
305 306 307
305 307 303
307 298 301
307 301 303
308 309 307
308 307 306
309 310 298
309 298 307
311 312 310
311 310 309
309 308 313
309 313 311
313 308 314
313 314 315
314 308 306
314 306 316
315 314 317
315 317 318
319 317 314
319 314 316
320 321 322
320 322 312
312 311 323
312 323 320
324 313 315
324 315 325
326 310 312
326 312 322
310 326 299
310 299 298
305 304 327
305 327 328
328 316 306
328 306 305
316 328 329
316 329 319
328 327 330
328 330 329
330 331 332
330 332 333
334 329 330
334 330 333
329 334 335
329 335 319
327 336 331
327 331 330
336 327 304
336 304 337
337 304 295
337 295 294
338 339 318
338 318 317
319 335 338
319 338 317
339 340 341
339 341 318
325 315 318
325 318 341
331 342 343
331 343 332
342 331 336
342 336 344
344 336 337
344 337 345
346 347 348
346 348 349
350 351 352
350 352 353
354 355 356
354 356 357
358 354 357
358 357 359
351 350 360
351 360 361
362 363 364
362 364 365
353 352 365
353 365 364
359 357 366
359 366 367
367 366 368
367 368 369
369 362 365
369 365 367
367 365 352
367 352 359
370 369 368
370 368 371
369 372 362
373 374 370
373 370 371
375 372 376
363 362 372
363 372 377
378 379 380
378 380 381
382 383 384
382 384 385
383 386 387
383 387 384
388 389 390
388 390 391
392 385 388
392 388 391
385 392 393
385 393 382
389 388 394
389 394 395
388 385 384
388 384 394
387 396 394
387 394 384
396 397 395
396 395 394
396 387 378
396 378 398
398 399 397
398 397 396
398 378 381
398 381 400
399 398 400
399 400 401
401 402 403
401 403 399
399 403 404
399 404 397
371 403 402
371 402 373
404 368 366
404 366 405
357 356 405
357 405 366
368 404 403
368 403 371
406 407 361
406 361 360
392 391 408
392 408 409
355 390 389
355 389 356
397 404 405
397 405 395
395 405 356
395 356 389
410 411 412
410 412 413
414 410 413
414 413 415
415 416 417
415 417 414
418 419 420
418 420 421
422 423 424
422 424 425
416 426 427
416 427 417
326 350 353
326 353 299
350 326 322
350 322 360
363 302 300
363 300 364
299 353 364
299 364 300
377 428 302
377 302 363
360 322 321
360 321 406
429 430 431
432 433 434
435 436 437
435 437 438
439 440 441
439 441 442
443 440 444
443 444 445
442 446 439
447 445 444
447 444 448
449 441 440
449 440 443
450 324 445
450 445 447
433 451 452
451 433 453
451 453 454
455 456 457
458 459 460
461 462 463
461 463 464
465 466 467
465 467 468
469 470 471
434 472 432
473 474 475
476 477 478
476 478 479
480 481 482
480 482 483
484 485 483
484 483 482
486 393 392
486 392 409
487 488 320
487 320 323
321 489 490
321 490 406
491 492 493
491 493 494
445 325 341
445 341 443
494 438 437
494 437 491
491 437 495
491 495 496
496 495 497
406 490 498
406 498 407
464 463 458
499 407 498
499 498 466
407 499 500
407 500 361
501 408 391
501 391 390
502 501 390
502 390 355
503 502 355
503 355 354
358 504 503
358 503 354
505 504 361
505 361 500
506 505 500
506 500 507
508 509 510
508 510 511
512 508 511
512 511 513
507 500 499
507 499 514
513 511 515
462 461 516
488 489 321
488 321 320
517 518 519
517 519 520
520 519 521
520 521 522
521 523 524
521 524 522
525 524 523
525 523 526
527 503 504
527 504 505
503 527 517
503 517 502
502 517 520
502 520 501
520 522 408
520 408 501
522 524 409
522 409 408
524 525 486
524 486 409
430 528 529
530 531 532
530 532 533
534 533 532
534 532 535
431 536 429
537 530 533
537 533 492
493 492 533
493 533 534
538 539 540
538 540 541
539 538 434
539 434 452
542 541 540
543 497 544
543 544 545
543 545 546
431 529 531
431 531 530
536 431 530
536 530 537
547 548 536
515 549 454
515 454 453
513 515 516
513 516 461
461 512 513
512 461 464
550 464 458
550 458 551
551 458 552
553 455 554
553 554 555
556 557 558
556 558 559
559 558 560
559 560 561
561 560 562
561 562 563
563 562 564
563 564 565
566 567 565
566 565 564
568 567 569
568 569 570
568 570 571
571 570 572
571 572 573
573 572 574
573 574 575
576 577 467
467 557 576
552 460 553
460 578 455
445 324 325
351 361 504
351 504 358
351 358 359
351 359 352
348 347 579
348 579 580
428 377 375
428 375 581
376 372 370
376 370 374
428 297 296
428 296 302
297 428 581
297 581 582
583 453 432
432 584 583
516 515 583
585 516 583
543 546 547
479 586 476
587 444 440
587 440 439
588 468 577
588 577 589
590 465 468
590 468 588
591 514 465
591 465 590
510 507 514
510 514 591
550 592 508
550 508 512
592 550 551
592 551 593
552 594 593
552 593 551
595 552 553
553 596 595
596 553 555
596 555 597
509 508 592
509 592 598
598 592 593
598 593 599
599 593 594
599 594 600
600 594 595
600 595 601
601 595 596
601 596 602
602 596 597
602 597 603
509 506 507
509 507 510
598 604 506
598 506 509
599 518 604
599 604 598
600 519 518
600 518 599
601 521 519
601 519 600
602 523 521
602 521 601
603 526 523
603 523 602
466 465 514
466 514 499
505 506 604
505 604 527
527 604 518
527 518 517
605 540 606
605 606 607
606 540 539
606 539 608
608 539 589
589 452 451
589 451 588
588 451 454
588 454 590
549 591 590
549 590 454
511 510 591
511 591 549
443 341 340
443 340 449
609 448 587
610 611 612
471 612 495
495 437 436
495 436 471
611 544 497
613 614 615
605 607 485
605 485 484
478 477 481
478 481 480
616 475 474
587 439 446
569 566 450
569 450 447
487 450 566
487 566 564
562 488 487
562 487 564
488 562 560
488 560 489
489 560 558
489 558 490
490 558 557
466 498 557
466 557 467
617 618 619
620 621 622
623 624 625
626 627 628
626 628 629
629 628 630
629 630 631
632 633 634
632 634 635
619 618 636
619 636 633
626 637 627
619 633 638
619 638 639
627 640 641
627 641 628
641 642 630
641 630 628
643 630 642
643 642 644
645 646 633
645 633 632
647 648 649
647 649 650
651 652 653
651 653 654
649 648 655
649 655 656
657 651 654
657 654 658
652 659 660
652 660 653
661 647 650
661 650 662
663 664 665
663 665 657
666 652 651
667 668 655
667 655 669
648 647 670
646 638 633
671 672 622
671 622 621
625 627 637
625 637 623
627 625 673
627 673 640
663 657 658
663 658 674
656 655 668
656 668 675
639 676 621
639 621 619
617 619 621
617 621 620
624 677 678
624 678 625
625 678 679
625 679 673
680 663 674
680 674 681
680 682 664
680 664 663
683 684 668
683 668 667
675 668 684
675 684 685
621 676 686
621 686 671
630 687 631
636 634 633
648 670 669
648 669 655
657 665 666
657 666 651
670 647 661
659 652 666
675 685 686
675 686 676
656 675 676
656 676 639
649 656 639
649 639 638
650 649 638
650 638 646
662 650 646
662 646 645
653 660 644
653 644 642
654 653 642
654 642 641
658 654 641
658 641 640
674 658 640
674 640 673
681 674 673
681 673 679
323 324 450
323 450 487
313 324 323
313 323 311
688 418 421
688 421 689
690 691 692
690 692 693
694 691 690
694 690 695
349 694 695
349 695 346
294 696 345
294 345 337
297 582 696
297 696 294
580 579 688
580 688 689
425 420 419
425 419 422
697 687 630
697 630 643
426 424 423
426 423 427
537 496 543
537 543 536
492 491 496
492 496 537
698 616 699
700 572 609
448 609 572
448 572 570
447 448 569
538 701 434
701 538 702
541 542 702
542 615 614
542 605 484
542 484 615
615 484 482
615 482 703
703 482 481
703 481 473
473 481 477
473 477 474
704 469 705
704 705 706
706 616 698
436 435 705
436 705 469
703 473 475
703 475 613
469 704 470
586 470 704
586 704 698
698 699 476
698 476 586
699 474 477
699 477 476
610 612 470
610 470 586
707 708 709
707 709 710
711 712 713
711 713 714
715 567 568
715 568 716
717 718 547
717 547 546
430 429 719
430 719 720
708 721 722
708 722 709
723 724 721
723 721 708
723 725 726
723 726 727
728 729 556
559 561 730
559 730 731
565 732 733
565 733 563
729 734 576
735 736 737
735 737 738
727 573 575
727 575 739
708 707 725
708 725 723
740 725 707
740 707 741
742 743 744
742 744 745
746 747 748
746 748 749
429 548 750
429 750 719
741 707 710
741 710 751
714 752 753
714 753 711
754 755 756
754 756 757
546 545 758
546 758 717
479 478 759
479 759 760
761 758 545
761 545 544
762 754 757
762 757 763
764 765 766
764 766 767
768 769 749
768 749 748
733 730 561
733 561 563
528 430 720
528 720 770
732 565 567
732 567 715
771 772 773
771 773 774
548 547 718
548 718 750
738 737 607
738 607 606
775 776 777
778 779 780
778 780 777
781 780 779
781 779 782
783 784 785
720 719 784
720 784 786
770 720 786
770 786 787
589 577 734
589 734 608
608 734 606
788 789 759
610 760 611
790 759 791
788 792 775
789 761 544
793 794 795
793 795 796
736 797 798
736 798 737
709 722 787
709 787 786
710 784 783
710 783 751
784 710 709
784 709 786
797 799 800
797 800 798
801 802 803
801 803 804
774 805 801
774 801 771
806 807 808
806 808 809
806 809 743
806 743 742
767 810 811
767 811 764
812 813 814
812 814 815
815 816 817
815 817 818
818 819 820
818 820 821
822 734 729
808 807 823
808 823 803
741 751 824
741 824 823
807 740 741
807 741 823
806 715 740
806 740 807
715 806 742
715 742 732
719 750 785
719 785 784
780 781 718
780 718 717
717 758 777
717 777 780
758 761 775
758 775 777
789 788 775
789 775 761
781 785 750
781 750 718
782 825 785
782 785 781
826 827 825
826 825 782
485 798 800
485 800 483
607 737 798
607 798 485
790 792 788
792 790 828
792 828 829
800 799 791
800 791 830
799 831 832
799 832 791
483 800 830
483 830 480
733 732 742
733 742 745
730 733 745
730 745 833
731 730 833
731 833 834
729 728 835
826 836 714
826 714 713
769 768 837
769 837 838
839 840 834
839 834 833
762 752 841
762 841 842
754 843 829
754 829 755
754 762 842
754 842 843
835 844 845
835 845 846
833 745 744
833 744 839
847 827 772
847 772 771
828 832 794
828 794 793
802 801 805
802 805 848
824 849 847
824 847 804
850 851 852
850 852 853
853 854 855
853 855 850
822 835 846
822 846 856
816 815 857
812 821 736
817 858 819
817 819 818
851 802 848
851 848 852
712 773 772
712 772 713
755 793 796
755 796 756
794 859 860
794 860 795
556 559 728
731 834 844
731 844 728
844 834 840
844 840 845
747 746 766
747 766 765
738 734 735
856 813 822
814 811 810
814 810 857
568 571 726
568 726 716
830 759 478
830 478 480
726 571 573
726 573 727
727 739 724
727 724 723
716 726 725
716 725 740
716 740 715
743 837 768
743 768 744
823 824 804
823 804 803
851 850 809
851 809 808
743 809 855
736 735 813
736 813 812
821 820 797
803 802 851
803 851 808
713 772 827
713 827 826
828 793 755
828 755 829
831 859 794
831 794 832
782 779 836
748 747 840
748 840 839
842 841 778
843 776 829
843 842 778
843 778 776
765 764 846
765 846 845
768 748 839
768 839 744
849 825 827
849 827 847
791 832 790
771 801 804
771 804 847
764 811 856
764 856 846
815 818 821
815 821 812
845 840 747
845 747 765
811 814 813
811 813 856
760 610 586
760 586 479
858 860 859
858 859 819
819 859 831
819 831 820
820 831 799
825 849 783
849 824 751
849 751 783
813 735 822
734 822 735
821 797 736
375 377 372
832 828 790
369 370 372
759 830 791
448 444 587
609 587 861
595 594 552
432 472 584
700 609 861
574 572 700
387 386 379
387 379 378
569 448 570
569 567 566
862 863 864
862 864 865
866 867 868
866 868 869
870 866 869
870 869 864
865 864 869
865 869 871
872 865 871
872 871 873
874 875 873
874 873 871
874 871 869
874 869 868
876 875 874
876 874 877
877 874 868
877 868 878
878 879 880
878 880 877
881 876 877
881 877 880
882 876 881
882 881 883
882 884 875
882 875 876
885 882 883
885 883 886
882 885 887
882 887 884
888 889 890
888 890 879
879 890 891
879 891 880
883 881 892
883 892 893
894 888 879
894 879 878
867 894 878
867 878 868
895 872 873
895 873 896
875 884 896
875 896 873
884 887 897
884 897 896
896 897 898
896 898 895
332 899 898
332 898 333
334 333 898
334 898 897
335 334 897
335 897 887
895 898 899
895 899 900
900 901 872
900 872 895
901 862 865
901 865 872
886 339 338
886 338 885
887 885 338
887 338 335
339 886 902
339 902 340
893 902 886
893 886 883
343 903 899
343 899 332
903 904 900
903 900 899
904 905 901
904 901 900
906 907 908
906 908 909
910 911 912
910 912 913
914 915 916
914 916 917
918 919 917
918 917 916
913 920 921
913 921 910
922 923 924
922 924 925
911 924 923
911 923 912
926 917 919
926 919 927
928 926 927
928 927 929
923 922 929
923 929 927
912 923 927
912 927 919
928 929 930
928 930 931
929 922 932
933 931 930
933 930 934
935 936 932
932 922 925
932 925 937
938 939 380
938 380 379
382 940 941
382 941 383
383 941 942
383 942 386
943 944 945
943 945 946
947 946 945
947 945 940
393 947 940
393 940 382
944 948 949
944 949 945
945 949 941
945 941 940
942 941 949
942 949 950
950 949 948
950 948 951
938 942 950
938 950 952
951 953 952
951 952 950
952 954 939
952 939 938
953 955 954
953 954 952
955 953 956
955 956 957
953 951 958
953 958 956
931 933 957
931 957 956
958 959 926
958 926 928
917 926 959
917 959 914
956 958 928
956 928 931
920 960 961
920 961 921
962 946 947
962 947 963
915 914 944
915 944 943
959 958 951
959 951 948
914 959 948
914 948 944
964 965 966
964 966 967
967 966 968
967 968 969
970 971 969
970 969 968
972 973 974
972 974 975
976 977 978
976 978 979
971 970 980
971 980 981
894 867 911
894 911 910
910 921 888
910 888 894
925 924 866
925 866 870
867 866 924
867 924 911
870 982 937
870 937 925
921 961 889
921 889 888
983 984 985
986 987 988
989 990 991
989 991 992
441 993 994
441 994 442
995 996 997
995 997 993
442 994 446
997 996 998
997 998 999
449 995 993
449 993 441
996 892 1000
996 1000 998
988 987 1001
1002 1003 1004
1002 1004 988
1005 1006 1007
1008 1009 1010
1011 1012 1013
1011 1013 1014
1015 1016 1017
1015 1017 1018
1019 990 1020
987 986 1021
1022 1023 1024
1025 1026 1020
1027 1028 1029
1027 1029 1030
1031 1032 1033
1031 1033 1034
1035 1031 1034
1035 1034 1036
947 393 486
947 486 963
1037 891 890
1037 890 1038
1039 1040 889
1039 889 961
1041 1042 1043
1041 1043 1044
996 995 902
996 902 893
989 992 1042
989 1042 1041
1041 1045 1046
1041 1046 989
1045 1047 1048
1049 1039 961
1049 961 960
1012 1008 1013
1049 960 1050
1049 1050 1016
1051 1050 960
1051 960 920
1052 943 946
1052 946 962
943 1052 1053
943 1053 915
915 1053 1054
915 1054 916
918 916 1054
918 1054 1055
1056 1051 920
1056 920 1055
1057 1058 1051
1057 1051 1056
1059 1060 1061
1059 1061 1062
1062 1061 1063
1062 1063 1064
1050 1051 1058
1050 1058 1065
1066 1062 1067
1068 1011 1014
1038 890 889
1038 889 1040
1069 1070 1071
1069 1071 1072
1073 1069 1072
1073 1072 1074
1073 1074 1075
1073 1075 1076
1076 1075 525
1076 525 526
1055 1054 1077
1055 1077 1056
1071 1077 1054
1071 1054 1053
1072 1071 1053
1072 1053 1052
1072 1052 962
1072 962 1074
1074 962 963
1074 963 1075
1075 963 486
1075 486 525
529 528 984
532 531 1078
532 1078 1079
1080 535 532
1080 532 1079
1081 1082 985
1079 1078 1083
1079 1083 1044
1079 1044 1043
1079 1043 1080
1084 1085 1086
1084 1086 1087
987 1084 1087
987 1087 1001
1086 1085 1088
1047 1089 1090
1047 1090 1048
1047 1091 1089
531 529 983
531 983 1078
1082 1083 1078
1082 1078 983
1092 1047 1082
1067 1004 1003
1067 1003 1066
1068 1067 1064
1068 1064 1011
1011 1064 1063
1063 1093 1012
1008 1012 1093
1008 1093 1094
1009 1008 1095
1006 1005 1096
1006 1096 1097
1098 1099 1100
1098 1100 1101
1102 1100 1099
1102 1099 1103
1103 1104 1105
1103 1105 1102
1106 1105 1104
1106 1104 1107
1107 1108 1109
1107 1109 1106
1110 1111 1108
1110 1112 1113
1110 1113 1111
1114 1113 1112
1114 1112 1115
1115 575 574
1115 574 1114
1018 1116 1015
1015 1117 1101
1095 1096 1009
1009 1005 1118
996 893 892
913 918 1055
913 1055 920
913 912 919
913 919 918
1119 907 906
1119 906 1120
982 1121 935
982 935 937
936 934 930
936 930 932
982 870 864
982 864 863
863 1122 1121
863 1121 982
1123 986 1004
986 1123 1124
1068 1123 1067
1123 1068 1125
1091 1047 1092
1030 1029 1126
1127 994 993
1127 993 997
1116 1018 1128
1116 1128 1129
1018 1017 1130
1018 1130 1128
1017 1065 1131
1017 1131 1130
1065 1058 1059
1065 1059 1131
1061 1132 1093
1061 1093 1063
1094 1093 1132
1094 1132 1133
1133 1134 1095
1133 1095 1094
1135 1096 1095
1096 1135 1136
1097 1096 1136
1097 1136 1137
1132 1061 1060
1132 1060 1138
1133 1132 1138
1133 1138 1139
1134 1133 1139
1134 1139 1140
1135 1134 1140
1135 1140 1141
1141 1142 1136
1141 1136 1135
1142 603 1137
1142 1137 1136
1058 1057 1060
1058 1060 1059
1057 1143 1138
1057 1138 1060
1143 1070 1139
1143 1139 1138
1070 1069 1140
1070 1140 1139
1069 1073 1141
1069 1141 1140
1073 1076 1142
1073 1142 1141
1076 526 603
1076 603 1142
1016 1050 1065
1016 1065 1017
1056 1077 1143
1056 1143 1057
1070 1143 1077
1070 1077 1071
1144 1145 1146
1144 1146 1086
1087 1086 1146
1087 1146 1147
1147 1129 1087
1002 1001 1129
1002 1129 1128
1128 1130 1003
1128 1003 1002
1130 1131 1066
1130 1066 1003
1131 1059 1062
1131 1062 1066
995 449 340
995 340 902
1148 1127 999
1149 1025 1150
1048 1025 1046
1046 1020 990
1046 990 989
1048 1090 1150
1151 1152 1153
1144 1035 1036
1144 1036 1145
1027 1033 1032
1027 1032 1028
1154 1155 1023
1127 861 446
1111 998 1000
1111 1000 1109
1037 1106 1109
1037 1109 1000
1037 1038 1105
1037 1105 1106
1102 1105 1038
1102 1038 1040
1040 1039 1100
1040 1100 1102
1039 1049 1101
1101 1049 1016
1101 1016 1015
1156 1157 1158
1159 1160 1161
1162 1163 1164
1165 1166 1167
1165 1167 1168
1169 1165 1168
1169 1168 1170
1171 1172 1173
1171 1173 1174
1157 1174 1175
1157 1175 1158
1167 1166 1176
1157 1177 1178
1157 1178 1174
1166 1165 1179
1166 1179 1180
1179 1165 1169
1179 1169 1181
1181 1169 1182
1181 1182 1183
1184 1171 1174
1184 1174 1185
1186 1187 1188
1186 1188 1189
1190 1191 1192
1190 1192 1193
1194 1189 1188
1194 1188 1195
1193 1192 1196
1193 1196 1197
1198 1199 1191
1198 1191 1190
1200 1201 1187
1200 1187 1186
1202 1196 1203
1202 1203 1204
1205 1192 1191
1206 1207 1194
1206 1194 1208
1189 1209 1186
1185 1174 1178
1160 1210 1211
1160 1211 1161
1163 1162 1176
1163 1176 1166
1212 1163 1166
1212 1166 1180
1197 1196 1202
1197 1202 1213
1208 1194 1195
1208 1195 1214
1161 1215 1177
1161 1177 1157
1161 1157 1156
1161 1156 1159
1216 1217 1164
1216 1164 1163
1218 1216 1163
1218 1163 1212
1213 1202 1219
1213 1219 1220
1219 1202 1204
1219 1204 1221
1222 1206 1208
1222 1208 1223
1223 1208 1214
1223 1214 1224
1161 1211 1225
1161 1225 1215
1169 1170 1226
1175 1174 1173
1207 1209 1189
1207 1189 1194
1196 1192 1205
1196 1205 1203
1209 1200 1186
1199 1205 1191
1214 1215 1225
1214 1225 1224
1195 1177 1215
1195 1215 1214
1188 1178 1177
1188 1177 1195
1187 1185 1178
1187 1178 1188
1201 1184 1185
1201 1185 1187
1183 1198 1190
1183 1190 1181
1181 1190 1193
1181 1193 1179
1179 1193 1197
1179 1197 1180
1180 1197 1213
1180 1213 1212
1212 1213 1220
1212 1220 1218
891 1037 1000
891 1000 892
881 880 891
881 891 892
1227 1228 975
1227 975 974
1229 1230 1231
1229 1231 1232
1229 1232 1233
1229 1233 1234
1234 1233 909
1234 909 908
862 901 905
862 905 1235
863 862 1235
863 1235 1122
1227 1119 1120
1227 1120 1228
979 978 973
979 973 972
1236 1182 1169
1236 1169 1226
977 976 981
977 981 980
1083 1082 1047
1083 1047 1045
1044 1083 1045
1044 1045 1041
1154 1237 1155
700 1148 1114
1114 1148 999
1114 999 1113
998 1111 999
1084 987 1238
1085 1084 1239
1085 1239 1088
1088 1240 1153
1088 1153 1035
1088 1035 1144
1031 1035 1153
1031 1153 1152
1032 1031 1152
1032 1152 1024
1028 1032 1024
1028 1024 1023
1241 1019 1242
1241 1242 1243
1243 1242 1237
990 1019 1241
990 1241 991
1152 1151 1022
1152 1022 1024
1019 1026 1242
1242 1026 1126
1242 1126 1237
1237 1126 1029
1237 1029 1155
1155 1029 1028
1155 1028 1023
1149 1126 1026
1149 1026 1025
1244 1245 1246
1244 1246 1247
1248 1249 1250
1248 1250 1251
1252 1253 1110
1252 1110 1108
1092 1254 1255
1092 1255 1091
1256 985 984
1256 984 1257
722 721 1245
722 1245 1244
721 724 1258
721 1258 1245
1259 1260 1258
1259 1258 1261
1117 1262 1098
1099 1263 1264
1099 1264 1103
1107 1104 1265
1107 1265 1266
1116 1267 1117
1268 1269 1270
1268 1270 1271
575 1115 1261
575 1261 739
1260 1246 1245
1260 1245 1258
1272 1273 1246
1272 1246 1260
1274 1275 1276
1274 1276 1277
1278 1279 1280
1278 1280 1281
985 1256 1282
985 1282 1081
1247 1246 1273
1247 1273 1283
1284 1285 1286
1284 1286 1287
1288 1289 1290
1288 1290 1291
1091 1255 1292
1091 1292 1089
1293 1027 1030
1293 1030 1294
1295 1090 1089
1295 1089 1292
1291 1290 1285
1291 1285 1284
1296 1297 1298
1296 1298 1299
1281 1300 1301
1281 1301 1278
1265 1104 1103
1265 1103 1264
528 770 1257
528 1257 984
1266 1252 1108
1266 1108 1107
1302 1303 1304
1302 1304 1305
1081 1282 1254
1081 1254 1092
1271 1146 1145
1271 1145 1268
1306 1307 1308
1309 1310 1311
1309 1311 1307
1312 1313 1310
1312 1310 1309
1314 1315 1316
1316 1256 1257
1316 1257 1317
770 787 1317
770 1317 1257
1267 1116 1129
1267 1129 1147
1271 1267 1146
1318 1293 1319
1319 1294 1150
1320 1321 1293
1308 1322 1306
1319 1150 1090
1323 1324 1325
1323 1325 1326
1327 1328 1269
1327 1269 1268
1244 1317 787
1244 787 722
1314 1316 1247
1314 1247 1283
1244 1247 1316
1244 1316 1317
1328 1327 1329
1328 1329 1330
1331 1332 1333
1331 1333 1334
1305 1304 1331
1305 1331 1335
1336 1337 1338
1336 1338 1339
1336 1274 1277
1336 1277 1337
1297 1296 1340
1297 1340 1341
1342 1343 1344
1342 1344 1345
1346 1347 1343
1346 1343 1348
1348 1349 1350
1348 1350 1351
1352 1353 1262
1354 1339 1338
1354 1338 1333
1273 1354 1355
1273 1355 1283
1273 1272 1339
1273 1339 1354
1272 1252 1336
1272 1336 1339
1252 1266 1274
1252 1274 1336
1315 1282 1256
1315 1256 1316
1309 1255 1254
1309 1254 1312
1307 1292 1255
1307 1255 1309
1306 1295 1292
1306 1292 1307
1306 1318 1319
1306 1319 1295
1312 1254 1282
1312 1282 1315
1313 1312 1315
1313 1315 1356
1357 1313 1356
1357 1356 1358
1036 1034 1329
1036 1329 1327
1327 1268 1145
1327 1145 1036
1320 1293 1318
1359 1320 1322
1359 1322 1360
1321 1330 1329
1321 1329 1361
1330 1321 1362
1330 1362 1363
1361 1329 1034
1361 1034 1033
1265 1275 1274
1265 1274 1266
1264 1364 1275
1264 1275 1265
1263 1365 1364
1263 1364 1264
1366 1367 1353
1357 1250 1249
1357 1249 1368
1369 1301 1300
1369 1300 1370
1365 1371 1372
1365 1372 1364
1368 1249 1286
1368 1286 1373
1290 1289 1360
1290 1360 1374
1375 1285 1290
1375 1290 1374
1376 1366 1353
1376 1353 1377
1364 1372 1276
1364 1276 1275
1378 1304 1303
1378 1303 1358
1359 1323 1326
1359 1326 1362
1334 1379 1335
1334 1335 1331
1355 1332 1378
1355 1378 1380
1381 1382 1383
1381 1383 1384
1369 1370 1385
1369 1385 1386
1352 1387 1377
1352 1377 1353
1347 1388 1343
1342 1269 1349
1346 1348 1351
1346 1351 1389
1384 1383 1379
1384 1379 1334
1303 1302 1251
1303 1251 1250
1289 1288 1324
1289 1324 1323
1326 1325 1390
1326 1390 1391
1098 1367 1099
1366 1365 1263
1366 1263 1367
1371 1365 1366
1371 1366 1376
1298 1280 1279
1298 1279 1299
1271 1270 1267
1387 1352 1345
1341 1340 1344
1341 1344 1388
1259 1112 1110
1259 1110 1253
1361 1033 1027
1361 1027 1293
1259 1261 1115
1259 1115 1112
1261 1258 724
1261 724 739
1260 1259 1253
1260 1253 1272
1253 1252 1272
1277 1276 1301
1277 1301 1369
1354 1333 1332
1354 1332 1355
1384 1338 1337
1384 1337 1381
1386 1277 1369
1269 1342 1345
1269 1345 1270
1349 1328 1350
1384 1334 1333
1384 1333 1338
1250 1357 1358
1250 1358 1303
1359 1360 1289
1359 1289 1323
1326 1391 1363
1326 1363 1362
1313 1357 1368
1278 1372 1371
1278 1371 1279
1310 1368 1373
1374 1360 1308
1311 1375 1374
1311 1374 1308
1299 1376 1377
1299 1377 1296
1301 1276 1372
1301 1372 1278
1380 1378 1358
1380 1358 1356
1321 1320 1362
1304 1378 1332
1304 1332 1331
1296 1377 1387
1296 1387 1340
1343 1342 1349
1343 1349 1348
1279 1371 1376
1279 1376 1299
1340 1387 1345
1340 1345 1344
1126 1149 1294
1126 1294 1030
1389 1351 1391
1389 1391 1390
1351 1350 1363
1351 1363 1391
1350 1328 1330
1356 1315 1314
1380 1314 1283
1380 1283 1355
1345 1352 1270
1267 1270 1352
1349 1269 1328
935 932 937
1362 1320 1359
929 932 930
1293 1321 1361
999 1127 997
1148 861 1127
1135 1095 1134
986 1124 1021
700 861 1148
574 700 1114
379 386 942
379 942 938
1111 1113 999
1111 1109 1108
613 615 703
702 542 614
1151 1153 1240
1088 1239 1240
1392 1393 1394
1395 1396 1397
1395 1397 1398
1396 1395 1399
1396 1399 1400
1401 1402 1403
1404 1405 1398
1404 1398 1397
1404 1392 1394
1404 1394 1405
1406 1402 1401
1406 1401 1407
1408 1406 1407
1408 1407 1409
1400 1399 1408
1400 1408 1409
1410 1411 1412
1413 1414 1415
1413 1415 1416
1416 1417 1418
1416 1418 1413
1419 1420 1421
1422 1415 1414
1422 1414 1423
1411 1410 1422
1411 1422 1423
1419 1421 1424
1419 1424 1425
1425 1424 1426
1425 1426 1427
1417 1427 1426
1417 1426 1418
825 783 785
1356 1314 1380
1428 1429 1430
1431 1432 1433
1429 1428 1433
1432 1429 1433
1434 1435 1436
1437 1435 1438
1439 1440 1441
1442 1443 1444
1445 1446 1447
1436 1435 1437
1430 1448 1434
1430 1434 1436
1430 1429 1448
1449 1450 1451
1452 1453 1454
1451 1453 1449
1454 1453 1451
1455 1456 1457
1458 1459 1457
1460 1461 1462
1463 1464 1465
1466 1467 1468
1456 1458 1457
1450 1456 1455
1450 1455 1469
1450 1469 1451
988 1001 1002
433 452 434
985 1082 983
1092 1082 1081
430 529 431
529 984 983
429 536 548
547 536 543
471 470 612
469 471 436
1019 1020 1026
837 855 854
837 854 838
1386 1385 1382
1386 1382 1381
1277 1386 1337
1337 1386 1381
743 855 837
855 809 850
1350 1330 1363
820 799 797
763 753 752
763 752 762
836 841 752
836 752 714
779 841 836
778 841 779
1287 1286 1249
1287 1249 1248
1373 1286 1285
1373 1285 1375
1310 1373 1311
1311 1373 1375
1313 1368 1310
782 836 826
857 815 814
1343 1388 1344
515 511 549
458 463 459
460 459 578
553 460 455
552 458 460
455 457 554
455 578 456
1095 1008 1094
1009 1096 1005
512 464 550
1063 1012 1011
1013 1008 1010
1010 1009 1118
1118 1005 1470
583 515 453
432 453 433
1004 986 988
576 734 577
1117 1267 1262
822 729 835
467 577 468
1015 1116 1117
835 728 844
728 559 731
1353 1367 1262
1099 1367 1263
775 792 776
790 788 759
556 729 576
576 557 556
789 544 611
759 789 760
777 776 778
829 776 792
606 734 738
589 539 452
1320 1318 1322
1306 1322 1318
1308 1360 1322
1308 1307 1311
1146 1267 1147
1352 1262 1267
1098 1262 1367
1101 1117 1098
1087 1129 1001
1067 1123 1004
1067 1062 1064
1005 1007 1470
1319 1293 1294
1319 1090 1295
612 611 497
611 760 789
1150 1025 1048
1150 1294 1149
495 612 497
1046 1025 1020
542 540 605
1086 1088 1144
434 701 472
702 538 541
1239 1084 1238
616 474 699
1154 1023 1022
706 698 704
1243 1237 1154
583 584 1471
1124 1123 1472
462 516 585
1068 1014 1125
585 583 1471
1123 1125 1472
1127 446 994
587 446 861
490 557 498
496 497 543
1045 1048 1046
1238 987 1021
1039 1101 1100
