byte offset: 0
first index: 5127
index count: 16383
topology: trianglelist
format: DXGI_FORMAT_R16_UINT

1326 1327 1328
1329 1330 1331
1332 1333 1330
1334 1335 1336
1337 1332 1329
1329 1338 1337
1331 1339 1329
1340 1341 1342
1330 1343 1344
1345 1346 1347
1348 1346 1349
1350 1347 1351
1352 1347 1348
1352 1353 1351
1351 1353 1354
1355 1356 1357
1358 1356 1359
1359 1360 1358
1361 1362 1363
1364 1365 1366
1367 1368 1362
1369 1370 1371
1372 1369 1371
1373 1374 1375
1376 1377 1378
1379 1380 1377
1337 1381 1382
1382 1335 1337
1336 1383 1384
1385 1386 1387
1388 1389 1385
1390 1387 1386
1390 1391 1392
1391 1393 1394
1340 1395 1396
1397 1398 1399
1400 1401 1402
1403 1404 1405
1406 1407 1408
1409 1410 1403
1411 1412 1406
1413 1414 1415
1416 1417 1418
1419 1420 1417
1421 1422 1423
1424 1425 1426
1427 1428 1429
1402 1430 1400
1431 1432 1433
1434 1435 1436
1437 1438 1439
1371 1440 1441
1371 1442 1372
1443 1444 1445
1446 1440 1370
1447 1448 1446
1449 1450 1451
1448 1452 1453
1454 1455 1456
1457 1458 1459
1460 1461 1462
1463 1464 1465
1466 1465 1467
1468 1469 1470
1471 1472 1460
1473 1474 1475
1476 1477 1478
1477 1476 1479
1480 1441 1440
1480 1440 1481
1482 1483 1484
1485 1483 1482
1486 1487 1488
1486 1454 1456
1364 1489 1490
1491 1492 1493
1494 1495 1327
1496 1495 1494
1497 1498 1499
1500 1501 1502
1503 1504 1505
1506 1507 1508
1506 1509 1507
1510 1508 1507
1511 1508 1512
1513 1507 1514
1515 1516 1517
1517 1518 1519
1520 1494 1327
1521 1496 1494
1522 1482 1484
1523 1482 1524
1525 1526 1479
1526 1527 1528
1529 1530 1504
1530 1531 1532
1528 1478 1477
1533 1528 1532
1532 1534 1535
1536 1461 1537
1538 1539 1540
1467 1539 1541
1542 1543 1376
1415 1405 1543
1414 1403 1415
1544 1545 1546
1547 1548 1549
1423 1415 1543
1550 1551 1552
1553 1554 1541
1500 1555 1556
1495 1328 1327
1361 1452 1367
1557 1558 1365
1559 1370 1560
1374 1561 1562
1379 1543 1405
1563 1423 1542
1564 1405 1404
1565 1408 1407
1398 1566 1567
1568 1501 1569
1570 1514 1516
1518 1516 1514
1571 1524 1522
1524 1572 1523
1573 1572 1574
1530 1528 1527
1575 1576 1577
1540 1578 1579
1538 1540 1580
1581 1538 1580
1542 1376 1378
1545 1549 1546
1571 1519 1518
1422 1459 1582
1583 1584 1585
1586 1587 1588
1463 1466 1588
1589 1375 1590
1591 1592 1430
1593 1546 1548
1457 1459 1583
1464 1586 1594
1578 1539 1595
1595 1465 1464
1579 1578 1575
1588 1587 1463
1574 1505 1504
1573 1504 1527
1528 1477 1526
1596 1597 1598
1599 1600 1601
1602 1603 1401
1604 1402 1401
1605 1397 1606
1603 1545 1544
1401 1603 1604
1607 1605 1606
1468 1470 1608
1603 1339 1341
1603 1609 1545
1549 1609 1610
1547 1549 1611
1612 1613 1614
1615 1616 1617
1618 1617 1616
1430 1619 1618
1607 1430 1605
1470 1620 1547
1621 1622 1623
1470 1547 1608
1590 1613 1589
1535 1534 1624
1538 1553 1541
1559 1625 1368
1559 1447 1446
1354 1395 1350
1626 1571 1518
1571 1626 1574
1572 1526 1523
1548 1627 1593
1628 1629 1630
1631 1464 1594
1632 1595 1631
1378 1377 1338
1363 1353 1633
1634 1635 1558
1380 1338 1377
1566 1636 1340
1637 1497 1499
1638 1580 1579
1514 1509 1626
1639 1579 1575
1636 1603 1340
1368 1625 1354
1626 1640 1574
1331 1341 1339
1641 1642 1378
1330 1342 1331
1339 1544 1642
1563 1544 1546
1421 1546 1593
1422 1421 1627
1459 1422 1583
1457 1583 1585
1439 1372 1442
1473 1643 1644
1343 1645 1344
1344 1395 1342
1567 1399 1398
1646 1399 1437
1636 1398 1604
1473 1475 1647
1648 1345 1645
1645 1350 1395
1566 1396 1354
1566 1369 1567
1369 1438 1567
1473 1647 1643
1368 1354 1353
1649 1452 1447
1486 1488 1454
1560 1625 1559
1650 1409 1651
1652 1411 1653
1414 1654 1651
1655 1556 1555
1419 1417 1416
1409 1414 1651
1563 1378 1642
1542 1378 1563
1326 1517 1520
1448 1487 1656
1657 1658 1659
1453 1488 1448
1453 1660 1455
1489 1491 1490
1517 1521 1520
1519 1661 1521
1568 1662 1497
1568 1569 1581
1500 1581 1569
1420 1500 1556
1417 1556 1418
1416 1418 1655
1461 1663 1537
1621 1472 1622
1577 1462 1461
1575 1577 1529
1623 1622 1471
1639 1529 1503
1623 1471 1664
1460 1664 1471
1462 1665 1460
1632 1462 1576
1576 1575 1632
1531 1666 1667
1531 1668 1534
1624 1534 1668
1624 1668 1669
1667 1669 1668
1536 1667 1666
1666 1529 1536
1439 1475 1437
1670 1643 1442
1671 1672 1673
1439 1643 1647
1437 1474 1646
1625 1560 1369
1559 1368 1649
1339 1642 1641
1378 1338 1641
1340 1603 1341
1604 1603 1636
1566 1354 1625
1566 1340 1396
1342 1341 1331
1329 1339 1641
1351 1354 1350
1518 1514 1626
1526 1477 1479
1580 1540 1579
1575 1578 1632
1529 1577 1536
1529 1666 1530
1568 1581 1580
1368 1353 1362
1504 1530 1527
1571 1574 1572
1548 1547 1620
1611 1549 1610
1620 1470 1469
1608 1547 1611
1423 1422 1582
1627 1421 1593
1582 1459 1458
1583 1422 1627
1405 1415 1403
1403 1414 1409
1404 1403 1410
1410 1409 1650
1327 1326 1520
1330 1329 1332
1333 1332 1334
1335 1334 1332
1332 1337 1335
1338 1329 1641
1343 1330 1333
1346 1345 1674
1346 1348 1347
1347 1350 1345
1347 1352 1351
1353 1352 1633
1356 1355 1675
1356 1358 1357
1360 1359 1635
1362 1361 1367
1365 1364 1557
1368 1367 1649
1370 1369 1560
1374 1373 1561
1377 1376 1379
1380 1379 1564
1381 1337 1338
1335 1382 1383
1383 1336 1335
1386 1385 1389
1389 1388 1565
1387 1390 1392
1391 1390 1393
1395 1340 1342
1398 1397 1604
1401 1400 1602
1407 1406 1412
1412 1411 1652
1414 1413 1654
1420 1419 1554
1430 1402 1605
1438 1437 1399
1440 1371 1370
1442 1371 1670
1440 1446 1481
1452 1448 1447
1455 1454 1453
1461 1460 1472
1464 1463 1587
1465 1466 1463
1472 1471 1622
1489 1364 1366
1501 1500 1569
1504 1503 1529
1508 1510 1512
1507 1513 1510
1516 1515 1570
1518 1517 1516
1494 1520 1521
1496 1521 1661
1482 1522 1524
1482 1523 1485
1526 1525 1523
1527 1526 1573
1531 1530 1666
1528 1533 1478
1534 1532 1531
1461 1536 1577
1539 1538 1541
1539 1467 1465
1543 1542 1423
1415 1423 1413
1554 1553 1420
1555 1500 1502
1452 1361 1660
1558 1557 1634
1370 1559 1446
1543 1379 1376
1423 1563 1421
1405 1564 1379
1408 1565 1388
1566 1398 1636
1501 1568 1637
1514 1570 1513
1572 1524 1571
1528 1530 1532
1519 1571 1522
1584 1583 1627
1375 1589 1373
1586 1464 1587
1539 1578 1540
1465 1595 1539
1505 1574 1640
1504 1573 1574
1402 1604 1397
1397 1605 1402
1339 1603 1544
1609 1549 1545
1617 1618 1619
1619 1430 1592
1613 1590 1614
1553 1538 1581
1447 1559 1649
1395 1354 1396
1526 1572 1573
1627 1676 1584
1464 1631 1595
1595 1632 1578
1353 1363 1362
1635 1634 1360
1338 1380 1381
1497 1637 1568
1580 1638 1662
1509 1514 1507
1579 1639 1638
1640 1626 1509
1342 1330 1344
1544 1563 1642
1546 1421 1563
1372 1439 1438
1645 1343 1648
1395 1344 1645
1399 1567 1438
1399 1646 1397
1345 1648 1674
1350 1645 1345
1369 1566 1625
1438 1369 1372
1452 1649 1367
1556 1655 1418
1517 1326 1515
1487 1448 1488
1488 1453 1454
1660 1453 1452
1491 1489 1492
1521 1517 1519
1661 1519 1522
1662 1568 1580
1581 1500 1553
1500 1420 1553
1556 1417 1420
1663 1461 1472
1472 1621 1663
1462 1577 1576
1529 1639 1575
1664 1460 1665
1665 1462 1631
1462 1632 1631
1668 1531 1667
1669 1667 1677
1667 1536 1677
1475 1439 1647
1643 1670 1644
1643 1439 1442
1474 1437 1475
1678 1679 1680
1681 1682 1683
1684 1685 1681
1686 1687 1688
1689 1690 1691
1692 1691 1693
1691 1694 1693
1695 1690 1696
1697 1692 1693
1694 1697 1693
1698 1699 1700
1701 1702 1700
1703 1704 1699
1705 1706 1707
1708 1709 1705
1710 1711 1712
1711 1713 1714
1715 1681 1716
1716 1683 1717
1718 1719 1720
1720 1721 1718
1719 1716 1722
1722 1717 1723
1724 1725 1726
1727 1728 1729
1730 1731 1732
1733 1734 1730
1735 1736 1737
1734 1738 1731
1739 1740 1741
1742 1743 1744
1745 1746 1747
1748 1749 1750
1751 1752 1753
1754 1755 1756
1757 1758 1759
1709 1760 1706
1709 1761 1762
1763 1764 1765
1760 1766 1706
1766 1767 1768
1769 1770 1771
1772 1768 1773
1774 1775 1773
1776 1777 1778
1776 1779 1777
1780 1781 1782
1783 1784 1785
1786 1787 1788
1786 1789 1787
1790 1791 1792
1793 1794 1795
1796 1797 1758
1798 1799 1800
1801 1802 1803
1803 1804 1801
1805 1760 1806
1807 1808 1764
1805 1809 1760
1810 1811 1812
1813 1810 1812
1814 1815 1816
1814 1817 1774
1775 1818 1701
1817 1814 1819
1820 1678 1821
1822 1823 1824
1825 1826 1827
1828 1829 1830
1831 1829 1832
1831 1833 1834
1835 1836 1837
1838 1836 1835
1836 1839 1840
1841 1842 1843
1820 1844 1678
1845 1810 1846
1847 1810 1813
1804 1848 1847
1829 1849 1850
1850 1780 1830
1851 1803 1802
1802 1852 1851
1853 1780 1852
1854 1855 1856
1854 1785 1857
1858 1745 1712
1747 1859 1712
1860 1858 1736
1740 1860 1735
1861 1862 1863
1858 1860 1745
1864 1865 1866
1867 1827 1857
1742 1825 1827
1821 1678 1680
1700 1772 1701
1868 1700 1702
1707 1766 1869
1711 1732 1712
1712 1745 1747
1714 1730 1711
1721 1733 1714
1870 1871 1826
1840 1843 1842
1872 1845 1846
1872 1846 1873
1874 1834 1873
1849 1834 1874
1851 1850 1849
1828 1830 1875
1855 1876 1856
1826 1876 1855
1877 1878 1859
1877 1862 1879
1844 1872 1842
1880 1778 1777
1881 1779 1882
1883 1884 1885
1885 1884 1784
1886 1880 1887
1886 1862 1877
1887 1777 1779
1888 1885 1783
1828 1889 1856
1848 1849 1874
1848 1804 1803
1890 1879 1891
1891 1728 1890
1892 1729 1891
1893 1877 1890
1891 1861 1892
1890 1728 1893
1786 1894 1789
1787 1863 1788
1892 1787 1789
1791 1895 1792
1896 1897 1898
1899 1789 1894
1857 1827 1855
1696 1724 1726
1900 1840 1833
1833 1842 1872
1872 1873 1833
1798 1901 1902
1848 1873 1847
1862 1887 1881
1903 1904 1905
1888 1854 1906
1906 1854 1889
1907 1713 1710
1725 1878 1893
1694 1703 1698
1908 1698 1868
1713 1715 1718
1726 1893 1909
1910 1822 1871
1828 1832 1829
1876 1911 1828
1840 1837 1836
1912 1913 1725
1688 1685 1686
1686 1907 1913
1913 1710 1878
1776 1882 1779
1914 1794 1708
1793 1762 1761
1912 1915 1687
1914 1795 1794
1893 1728 1727
1724 1916 1915
1726 1917 1696
1727 1705 1909
1727 1914 1705
1793 1761 1794
1696 1703 1695
1869 1772 1699
1814 1774 1815
1707 1704 1917
1737 1918 1735
1738 1918 1737
1740 1918 1741
1919 1744 1920
1743 1921 1744
1735 1918 1740
1712 1878 1710
1844 1841 1679
1768 1767 1815
1922 1923 1924
1815 1773 1768
1701 1773 1775
1925 1817 1819
1926 1845 1844
1927 1871 1822
1921 1920 1744
1782 1830 1780
1897 1781 1898
1897 1928 1781
1781 1928 1929
1929 1782 1781
1782 1889 1875
1875 1889 1828
1898 1853 1896
1846 1847 1873
1854 1856 1889
1854 1857 1855
1829 1834 1849
1851 1848 1803
1834 1833 1873
1871 1876 1826
1917 1705 1707
1705 1917 1909
1893 1878 1877
1930 1931 1932
1933 1723 1934
1909 1893 1727
1876 1828 1856
1827 1826 1855
1829 1850 1830
1704 1703 1917
1879 1890 1877
1728 1891 1729
1729 1892 1899
1861 1891 1879
1787 1892 1861
1789 1899 1892
1727 1729 1914
1795 1914 1729
1708 1794 1761
1705 1914 1708
1779 1881 1887
1887 1862 1886
1886 1877 1859
1859 1747 1886
1880 1886 1747
1777 1887 1880
1768 1772 1869
1773 1815 1774
1775 1774 1817
1772 1700 1699
1773 1701 1772
1869 1699 1704
1745 1860 1739
1740 1739 1860
1747 1746 1880
1778 1880 1746
1736 1858 1732
1712 1732 1858
1711 1730 1732
1732 1731 1736
1737 1736 1731
1735 1860 1736
1731 1738 1737
1714 1733 1730
1730 1734 1731
1711 1710 1713
1878 1712 1859
1714 1713 1718
1718 1721 1714
1679 1678 1844
1682 1681 1685
1685 1684 1907
1687 1686 1912
1690 1689 1916
1691 1692 1689
1694 1691 1695
1690 1695 1691
1692 1697 1930
1697 1694 1908
1699 1698 1703
1702 1701 1818
1706 1705 1709
1681 1715 1684
1683 1716 1681
1719 1718 1715
1716 1719 1715
1717 1722 1716
1725 1724 1912
1743 1742 1867
1755 1754 1790
1758 1757 1796
1760 1709 1806
1761 1709 1708
1764 1763 1807
1766 1760 1809
1781 1780 1898
1784 1783 1885
1791 1790 1754
1818 1775 1925
1826 1825 1870
1829 1831 1834
1833 1935 1900
1839 1836 1838
1842 1841 1844
1844 1820 1926
1810 1845 1811
1810 1847 1846
1780 1850 1852
1780 1853 1898
1785 1854 1783
1862 1861 1879
1827 1867 1742
1825 1742 1919
1700 1868 1698
1766 1707 1706
1871 1870 1910
1843 1840 1839
1850 1851 1852
1872 1844 1845
1885 1888 1883
1849 1848 1851
1863 1787 1861
1724 1696 1690
1840 1900 1837
1842 1833 1840
1901 1798 1800
1873 1848 1874
1854 1888 1783
1713 1907 1684
1878 1725 1913
1703 1694 1695
1698 1908 1694
1715 1713 1684
1893 1726 1725
1822 1910 1823
1832 1828 1911
1911 1876 1927
1913 1912 1686
1685 1688 1682
1907 1686 1685
1710 1913 1907
1915 1912 1724
1916 1724 1690
1917 1726 1909
1703 1696 1917
1744 1919 1742
1817 1925 1775
1871 1927 1876
1830 1782 1875
1782 1929 1906
1889 1782 1906
1931 1930 1697
1723 1933 1722
1707 1869 1704
1766 1768 1869
1815 1767 1816
1546 1549 1548
1936 1937 1938
1939 1940 1941
1942 1943 1944
1944 1945 1942
1946 1936 1938
1938 1947 1946
1948 1938 1937
1949 1950 1940
1951 1952 1953
1954 1953 1952
1955 1956 1957
1958 1951 1953
1958 1953 1959
1960 1961 1962
1963 1960 1964
1965 1966 1967
1968 1969 1970
1970 1969 1971
1972 1973 1974
1975 1976 1977
1978 1979 1966
1980 1981 1982
1983 1982 1984
1985 1986 1987
1988 1970 1989
1990 1970 1971
1991 1974 1992
1993 1994 1995
1996 1985 1987
1997 1998 1999
2000 1992 2001
2002 2001 1992
1995 2003 1993
2004 1998 2005
1997 2006 2007
2008 2009 2010
2011 2012 2013
2012 2014 2013
2015 2011 2016
2017 2018 2019
2020 2021 2022
2020 2023 2024
2021 2025 2026
2027 2028 2029
2030 2031 2032
2014 2033 2034
2033 2035 2036
2037 2038 2039
2040 2041 2014
2041 2042 2033
2042 2041 2043
2043 2041 2040
2044 2045 2046
2047 2030 2026
2012 2011 2029
2032 2019 2030
2029 2028 2048
2035 2033 2042
2049 2042 2043
2050 2051 2052
2052 2053 2016
2054 2055 2056
2057 2058 2059
2060 2038 2061
2062 2063 2064
2063 2051 2050
2011 2015 2027
2051 2007 2052
2060 2057 2008
2065 2001 2055
2009 2057 2059
2004 2005 2063
2005 1997 2051
2066 2067 1975
2068 2069 1979
2070 2071 2072
2073 2074 2075
2076 2066 2077
2078 2079 2080
2078 2080 2081
2082 2083 2084
2082 2084 2085
2086 2087 2088
2086 2088 2089
2090 2091 2092
2090 2092 2093
2094 2095 2096
2094 2096 2097
2098 2095 2094
2098 2094 2099
2100 2101 2102
2100 2102 2103
2103 2102 2104
2103 2104 2105
2106 2107 2108
2109 2110 2081
2111 2112 2080
2111 2080 2113
2114 2115 2116
2114 2116 2117
2118 2072 2071
2119 2071 2068
2056 2120 2054
2121 2018 2056
2020 2058 2122
2034 2123 2064
2013 2064 2050
2016 2050 2052
2045 2124 2037
2023 2125 2024
1963 1994 2126
2126 1993 2127
2127 2009 2002
2023 2038 2124
2125 2128 2046
2059 2121 2129
2002 2059 2129
2122 2061 2038
2128 2124 2044
1974 1963 2126
1974 2127 1992
2022 2019 2018
2021 2030 2019
2031 2026 2025
2129 2056 2055
2022 2121 2020
1942 1947 2130
2131 2130 1948
2132 2133 1951
1965 1955 2134
2068 2135 2119
2136 2086 2089
2136 2089 2137
2075 2138 2139
2140 2141 2142
2143 2072 2140
2077 2144 2076
2081 2145 2078
2081 2110 2145
1993 2003 2009
2146 1952 1937
2131 2147 1943
1937 2133 1948
1941 2148 1939
2133 2131 1948
1940 1950 2149
2150 2151 2152
2153 2154 2151
2155 2154 2156
2155 2157 2158
2159 2160 2157
2161 2160 2162
2046 2128 2044
2009 2059 2002
2163 2095 2113
2114 2082 2115
2087 2102 2101
2092 2164 2165
2098 2113 2095
2086 2104 2102
2002 2055 2001
2002 1992 2127
2166 1958 1969
1969 1959 2167
1967 1955 1965
2168 1977 1976
1964 2169 1963
1978 2134 2135
2132 2147 2170
2171 2132 1951
1951 1958 2171
1999 1988 1989
2172 1989 1990
1999 2006 1997
1975 2067 2173
2174 2175 2176
2177 2178 2179
2180 2181 2182
2183 2184 2185
2186 2187 2174
2188 2189 2187
2190 2187 2189
2179 2191 2177
2192 2193 2194
2195 2194 2196
2197 2198 2199
2193 2200 2194
2200 2201 2194
2202 2203 2204
2205 2204 2203
2206 2207 2208
2209 2210 2211
2211 2212 2209
2213 2203 2214
2215 2216 2217
2208 2218 2219
2220 2221 2222
2223 2224 2225
2226 2227 2228
2229 2211 2210
2230 2231 2232
2233 2234 2213
2235 2236 2237
2228 2238 2226
2239 2240 2241
2242 2243 2233
2243 2244 2245
2237 2246 2235
2239 2247 2240
2248 2249 2250
2251 2252 2253
2254 2255 2256
2255 2257 2258
2257 2255 2254
2259 2258 2260
2261 2262 2263
2264 2265 2266
2264 2267 2268
2265 2269 2266
2270 2271 2272
2273 2274 2275
2276 2277 2278
2279 2280 2281
2282 2257 2254
2283 2254 2278
2282 2283 2284
2285 2286 2287
2288 2275 2274
2257 2289 2270
2290 2273 2275
2289 2271 2270
2277 2291 2292
2293 2294 2295
2250 2296 2297
2298 2297 2259
2299 2300 2301
2251 2302 2303
2279 2304 2303
2305 2306 2307
2307 2306 2296
2258 2270 2272
2308 2248 2297
2304 2251 2303
2300 2242 2301
2309 2251 2253
2247 2307 2240
2240 2307 2310
2311 2312 2313
2314 2219 2218
2315 2316 2314
2317 2318 2319
2313 2320 2321
2322 2323 2324
2325 2326 2327
2328 2329 2330
2331 2332 2333
2334 2335 2336
2334 2337 2335
2338 2339 2340
2341 2342 2343
2344 2345 2343
2346 2347 2348
2349 2350 2351
2352 2316 2349
2353 2263 2262
2354 2262 2355
2302 2264 2268
2256 2356 2276
2255 2306 2256
2259 2296 2255
2357 2358 2359
2267 2360 2361
2236 2205 2362
2237 2362 2363
2253 2363 2245
2267 2279 2268
2285 2287 2364
2309 2354 2302
2365 2309 2245
2268 2303 2302
2361 2358 2267
2203 2362 2205
2234 2363 2362
2355 2290 2265
2265 2275 2288
2269 2288 2274
2365 2353 2354
2355 2264 2354
2189 2184 2180
2182 2189 2180
2193 2366 2367
2368 2199 2206
2219 2369 2208
2370 2371 2372
2323 2319 2324
2370 2351 2350
2326 2350 2315
2329 2321 2320
2252 2246 2253
2176 2192 2195
2182 2373 2366
2175 2374 2192
2221 2375 2222
2190 2366 2374
2376 2191 2179
2377 2378 2379
2378 2380 2379
2381 2380 2382
2383 2384 2381
2385 2383 2386
2359 2361 2287
2245 2309 2253
2346 2348 2387
2335 2388 2389
2335 2389 2336
2328 2330 2390
2328 2390 2391
2333 2332 2392
2325 2388 2393
2325 2393 2371
2300 2245 2244
2363 2243 2245
2394 2200 2395
2209 2201 2200
2199 2396 2206
2224 2397 2225
2398 2399 2400
2208 2368 2206
2366 2373 2367
2193 2367 2395
2395 2200 2193
2231 2229 2241
2401 2231 2241
2310 2249 2241
2402 2312 2311
2195 2403 2176
2201 2404 2196
2405 2406 1959
2407 2408 2409
2409 2410 2411
2412 2413 2414
2201 2415 2416
2417 2418 2406
2418 2417 2419
2417 2420 2419
2411 2421 2420
2422 2423 2424
2230 2425 2415
2426 2427 2428
2428 2429 2426
2430 2431 2432
2432 2433 2430
2434 2418 2435
2419 2435 2418
2420 2436 2437
2424 2423 2438
2423 2425 2439
2425 2232 2440
2441 2442 2430
2441 2433 2443
2444 2445 2435
2446 2438 2447
2446 2447 2448
2440 2401 2449
2450 2451 2441
2441 2443 2452
2453 2454 2455
2456 2457 2445
2458 2459 2460
2461 2462 2463
2450 2464 2465
2453 2466 2467
2466 2453 2468
1991 2469 2454
2470 2172 2471
2472 2473 2474
2473 2472 2475
2476 2463 2462
2476 2462 2477
2478 2479 2480
2464 2481 2465
2464 2482 2483
2484 2466 2468
2469 2000 2485
2470 2486 2006
2487 2474 2488
2475 2489 2473
2490 2491 2492
2493 2494 2495
2496 2495 2497
2498 2496 2497
2499 2500 2501
2477 2479 2478
2489 2475 2502
2500 2503 2504
2505 2506 2507
2508 2509 2480
2510 2511 2512
2513 2514 2515
2516 2517 2518
2519 2517 2520
2483 2521 2522
2482 2523 2521
2524 2525 2526
2527 2528 2529
2527 2529 2530
2531 2489 2532
2533 2521 2523
2534 2535 2536
2537 2538 2539
2540 2541 2542
2543 2544 2545
2545 2544 2546
2547 2517 2548
2549 2517 2550
2551 2552 2511
2552 2512 2511
2513 2553 2552
2554 2555 2556
2555 2557 2556
2558 2559 2560
2561 2558 2562
2563 2564 2565
2560 2566 2567
2568 2563 2565
2569 2570 2571
2572 2573 2574
2503 2575 2576
2577 2578 2579
2580 2581 2582
2583 2584 2573
2565 2585 2568
2586 2587 2583
2583 2588 2586
2570 2589 2590
2591 2589 2580
2589 2591 2592
2589 2592 2593
2594 2595 2586
2594 2586 2588
2566 2596 2597
2598 2596 2559
2568 2599 2600
2601 2602 2603
2604 2186 2605
2606 2607 2510
2515 2608 2509
2509 2609 2515
2548 2554 2547
2555 2549 2557
2571 2610 2569
2576 2611 2578
2612 2613 2614
2585 2615 2568
2616 2617 2618
2616 2618 2619
2620 2526 2525
2621 1961 2433
2622 2623 2624
1971 2167 2625
1971 2625 2626
2471 2626 2627
2628 2629 2630
2630 2631 2622
2632 2633 2634
2635 2634 2633
2636 1954 2146
2455 2637 2638
2639 2640 2641
2485 2637 2469
2485 2642 2643
2644 2645 2642
2646 2647 2648
2632 2649 2650
2632 2650 2651
2652 2653 2654
2443 1972 2454
2434 2653 2652
2433 1972 2443
2167 2655 2625
2625 2434 2652
2628 2626 2652
2630 2627 2628
2622 2656 2630
2657 2624 2634
2634 2624 2632
2658 2653 2434
2654 2653 2659
2660 2654 2661
2662 2661 2487
2627 2470 2471
2470 2657 2635
1990 1971 2663
2471 1990 2663
2664 2635 2633
2632 2651 2665
2632 2665 2666
2167 2406 2655
2667 2485 2000
2485 2668 2644
2644 2669 2670
2670 2669 2671
2670 2671 2648
2455 2454 2469
2672 2673 2524
2530 2674 2527
2662 2675 2676
2484 2617 2616
2675 2488 2677
2475 2472 2678
2658 2435 2445
2659 2658 2472
2661 2659 2474
2679 2675 2677
2679 2677 2680
2495 2457 2681
2536 2682 2534
2521 2683 2522
2684 2493 2682
2467 2450 2452
2685 2467 2466
2543 2686 2533
2687 2688 2689
2502 2678 2494
2532 2502 2684
2539 2532 2684
2539 2536 2537
2496 2690 2493
2691 2690 2692
2693 2694 2695
2696 2697 2698
2697 2699 2700
2701 2702 2703
2568 2615 2701
2704 2537 2535
2704 2705 2537
2706 2542 2541
2505 2476 2477
2576 2504 2503
2581 2569 2577
2580 2570 2581
2580 2582 2591
2577 2707 2576
2708 2592 2591
2520 2709 2519
2693 2695 2710
2711 2712 2709
2711 2709 2520
2519 2709 2698
2519 2697 2713
2714 2697 2612
2715 2612 2614
2716 2614 2584
2717 2584 2587
2718 2587 2595
2594 2718 2595
2573 2614 2613
2416 2412 2404
2415 2423 2719
2603 2636 2601
2602 2601 1936
2720 2414 2413
2721 2497 2459
2437 2419 2420
2460 2444 2437
2459 2681 2460
2678 2457 2495
2440 2439 2425
2449 2722 2440
2477 2462 2449
2478 2480 2608
2551 2607 2514
2552 2551 2513
2507 2514 2607
2249 2248 2723
2515 2553 2513
2605 2186 2174
2538 2531 2539
2567 2561 2562
2564 2724 2565
2725 2401 2249
2725 2726 2479
2727 2711 2728
2711 2729 2712
2508 2730 2731
2732 2248 2733
2734 2723 2735
2736 2737 2728
2731 2738 2739
2740 2732 2733
2741 2742 2732
2743 2744 2745
2743 2746 2747
2748 2749 2750
2725 2249 2734
2735 2726 2734
2742 2730 2735
2746 2743 2751
2745 2739 2738
2747 2741 2740
2746 2742 2741
2752 2749 2753
2738 2751 2745
2480 2479 2726
2730 2480 2726
2751 2743 2745
2520 2754 2711
2755 2737 2736
2753 2736 2752
2756 2712 2729
2757 2758 2756
2401 2725 2449
2759 2748 2750
2752 2759 2750
2736 2760 2752
2516 2761 2728
2516 2728 2754
2695 2709 2712
2758 2710 2712
2426 2762 2758
2676 2675 2679
2676 2679 2763
2212 2230 2415
2612 2697 2700
2710 2695 2712
2764 2667 2000
2176 2605 2174
1936 2636 2146
2408 2765 2766
2403 2604 2605
2196 2404 2195
2408 2407 1954
2406 2409 2417
2410 2409 2766
2767 2768 2422
2404 2412 2414
2410 2769 2411
2454 2452 2443
2253 2246 2237
2009 2003 2010
2406 2418 2655
2695 2694 2770
2771 2468 2772
2484 2773 2774
2616 2619 2775
2616 2775 2773
2468 2453 2455
2468 2455 2772
2453 2467 2452
2754 2520 2516
2754 2728 2711
2727 2728 2737
2702 2776 2703
2415 2719 2416
2504 2501 2500
2707 2777 2504
2481 2778 2779
2780 2781 2779
2701 2782 2599
2703 2783 2782
2784 2785 2596
2785 2784 2786
2692 2787 2691
2788 2789 2790
1971 1969 2167
2625 2655 2434
2477 2449 2479
2409 2411 2417
2195 2404 2414
1954 2407 2405
2766 2409 2408
2297 2248 2250
2052 2007 2791
1959 1953 2405
2194 2201 2196
2307 2296 2250
2063 2050 2064
2449 2725 2479
2728 2761 2736
2454 1972 1991
2441 2452 2450
2625 2652 2626
2608 2480 2509
2250 2249 2310
2310 2307 2250
2241 2240 2310
2678 2472 2457
2502 2475 2678
2494 2678 2495
2474 2659 2472
2661 2654 2659
2659 2653 2658
2652 2654 2628
1997 2007 2051
2005 2051 2063
2004 2063 2062
2062 2064 2123
2282 2254 2283
2283 2278 2292
2277 2292 2278
2254 2256 2278
2276 2278 2256
2257 2270 2258
2258 2272 2260
2255 2258 2259
2259 2260 2298
2011 2013 2016
2014 2034 2013
2033 2036 2034
2035 2042 2049
2041 2033 2014
2012 2029 2048
2040 2014 2012
2011 2027 2029
2015 2016 2053
2532 2489 2502
2684 2502 2494
2539 2531 2532
2538 2537 2705
2445 2457 2472
2472 2658 2445
1937 1936 2146
1940 1939 1949
1943 1942 2131
1945 1944 2792
1936 1946 2602
1947 1938 2130
1938 1948 2130
1952 1951 2133
1953 1954 2405
1961 1960 1973
1960 1963 1973
1966 1965 1978
1969 1968 2166
1973 1972 1961
1976 1975 2173
1979 1978 2068
1981 1980 2148
1982 1983 1980
1970 1988 1968
1970 1990 1989
1974 1991 1972
1985 1996 2073
1998 1997 2005
1992 2000 1991
1998 2004 2793
2009 2008 2057
2018 2017 2120
2021 2020 2024
2023 2020 2122
2025 2021 2024
2038 2037 2124
2019 2032 2017
2053 2052 2791
2055 2054 2065
2058 2057 2061
2038 2060 2039
2057 2060 2061
2001 2065 2000
2069 2068 2071
2071 2070 2069
2074 2073 1996
2066 2076 2067
2072 2118 2141
2071 2119 2118
2120 2056 2018
2018 2121 2022
2058 2020 2121
2123 2034 2036
2064 2013 2034
2050 2016 2013
2124 2045 2044
2125 2023 2128
1994 1963 2169
1993 2126 1994
2009 2127 1993
2038 2023 2122
2121 2059 2058
2061 2122 2058
2124 2128 2023
1963 1974 1973
2127 1974 2126
2019 2022 2021
2030 2021 2026
2056 2129 2121
1947 1942 1945
2130 2131 1942
2133 2132 2170
2135 2068 1978
2138 2075 2074
2141 2140 2072
2072 2143 2070
2144 2077 2794
1952 2146 1954
2147 2131 2170
2133 1937 1952
2148 1941 1981
2131 2133 2170
2151 2150 2153
2154 2153 2156
2154 2155 2158
2157 2155 2159
2160 2159 2162
2095 2163 2096
2082 2114 2083
2102 2087 2086
2164 2092 2091
2113 2098 2111
2104 2086 2136
2055 2002 2129
1958 2166 2171
1959 1969 1958
1955 1967 1956
1977 1983 1984
2169 1964 2795
2134 1978 1965
1988 1999 1998
1989 2172 1999
2006 1999 2172
2175 2174 2187
2178 2177 2375
2181 2180 2183
2184 2183 2180
2187 2186 2188
2189 2188 2796
2187 2190 2175
2193 2192 2374
2194 2195 2192
2203 2202 2214
2204 2205 2398
2207 2206 2396
2210 2209 2394
2212 2211 2230
2203 2213 2234
2311 2797 2402
2218 2208 2207
2221 2220 2223
2224 2223 2220
2211 2229 2231
2231 2230 2211
2234 2233 2243
2238 2228 2318
2243 2242 2244
2247 2239 2798
2252 2251 2799
2262 2261 2290
2265 2264 2355
2267 2264 2266
2269 2265 2288
2280 2279 2358
2273 2290 2261
2297 2298 2308
2300 2299 2353
2302 2251 2309
2304 2279 2281
2306 2305 2356
2251 2304 2799
2242 2300 2244
2307 2247 2305
2219 2314 2316
2316 2315 2350
2318 2317 2238
2320 2313 2312
2323 2322 2800
2326 2325 2370
2329 2328 2801
2350 2349 2316
2316 2352 2219
2263 2353 2299
2262 2354 2353
2264 2302 2354
2356 2256 2306
2306 2255 2296
2358 2357 2280
2360 2267 2266
2205 2236 2399
2362 2237 2236
2363 2253 2237
2279 2267 2358
2354 2309 2365
2303 2268 2279
2358 2361 2359
2362 2203 2234
2363 2234 2243
2290 2355 2262
2275 2265 2290
2353 2365 2300
2184 2189 2796
2189 2182 2190
2366 2193 2374
2369 2219 2352
2371 2370 2325
2319 2323 2317
2351 2370 2372
2350 2326 2370
2321 2329 2801
2192 2176 2175
2373 2182 2181
2374 2175 2190
2375 2221 2178
2366 2190 2182
2378 2377 2802
2380 2378 2382
2380 2381 2384
2384 2383 2385
2245 2300 2365
2200 2394 2209
2201 2209 2212
2396 2199 2198
2397 2224 2797
2399 2398 2205
2368 2208 2369
2231 2401 2232
2403 2195 2414
2404 2201 2416
2406 2405 2407
2415 2201 2212
2420 2417 2411
2421 2411 2769
2423 2422 2719
2427 2426 2757
2429 2428 2803
2431 2430 2442
2433 2432 2621
2418 2434 2655
2435 2419 2444
2436 2420 2421
2425 2423 2415
2232 2425 2230
2442 2441 2451
2433 2441 2430
2445 2444 2456
2401 2440 2232
2451 2450 2804
2454 2453 2452
2462 2461 2722
2469 1991 2000
2172 2470 2006
2463 2476 2499
2482 2464 2467
2466 2484 2774
2486 2470 2635
2491 2490 2674
2503 2500 2505
2509 2508 2805
2511 2510 2607
2514 2513 2551
2517 2516 2520
2517 2519 2550
2521 2483 2482
2523 2482 2685
2525 2524 2673
2521 2533 2686
2541 2540 2672
2517 2547 2518
2517 2549 2548
2559 2558 2598
2566 2560 2559
2563 2568 2600
2573 2572 2583
2584 2583 2587
2585 2565 2724
2587 2586 2595
2588 2583 2572
2596 2598 2784
2599 2568 2701
2607 2606 2507
2608 2515 2514
2609 2509 2805
2554 2548 2555
2549 2555 2548
2613 2612 2700
2526 2620 2806
1961 2621 1962
2649 2624 2623
2623 2622 2631
2626 2471 2663
2629 2628 2654
2631 2630 2629
2633 2632 2666
2634 2635 2657
1954 2636 2408
2637 2455 2469
2637 2485 2643
2642 2485 2644
2645 2644 2670
1972 2433 1961
2626 2628 2627
2627 2630 2656
2656 2622 2657
2624 2657 2622
2661 2662 2660
2470 2627 2656
2657 2470 2656
1990 2471 2172
2666 2664 2633
2635 2664 2486
2406 2167 1959
2668 2485 2667
2669 2644 2668
2673 2672 2540
2674 2530 2491
2675 2662 2487
2617 2484 2807
2488 2675 2487
2435 2658 2434
2474 2487 2661
2682 2536 2684
2683 2521 2686
2493 2684 2494
2450 2467 2464
2467 2685 2482
2686 2543 2545
2686 2546 2683
2702 2701 2615
2476 2505 2500
2504 2576 2707
2707 2577 2808
2697 2519 2698
2697 2714 2713
2612 2715 2714
2614 2809 2715
2584 2717 2716
2587 2718 2717
2614 2573 2584
2412 2416 2719
2636 2603 2765
2419 2437 2444
2444 2460 2456
2439 2440 2722
2722 2449 2462
2607 2551 2511
2514 2507 2608
2553 2515 2609
2726 2725 2734
2729 2711 2727
2730 2508 2480
2248 2732 2723
2738 2731 2730
2732 2740 2741
2726 2735 2730
2730 2742 2738
2739 2745 2744
2741 2747 2746
2742 2746 2751
2749 2752 2750
2751 2738 2742
2737 2755 2810
2736 2753 2755
2712 2756 2758
2758 2757 2426
2759 2752 2760
2760 2736 2761
2710 2758 2762
2762 2426 2429
2605 2176 2403
2636 1936 2601
2765 2408 2636
2409 2406 2407
2468 2771 2484
2773 2484 2616
2610 2811 2808
2597 2785 2812
2782 2701 2703
2783 2703 2776
2787 2692 2496
2647 2645 2670
2647 2670 2648
2651 2650 2813
2665 2651 2813
2648 2671 2646
2789 2814 2815
2815 2816 2817
2817 2816 2448
2817 2448 2447
2436 2818 2437
2461 2439 2722
2702 2819 2776
2819 2694 2776
2695 2696 2698
2820 2821 2822
2812 2821 2788
2822 2785 2786
2503 2505 2823
2503 2823 2575
2823 2505 2507
2823 2507 2606
2507 2506 2478
2507 2478 2608
2477 2506 2505
2477 2478 2506
2790 2815 2499
2499 2817 2463
2529 2528 2824
2619 2618 2825
2679 2680 2826
2763 2679 2826
2775 2619 2825
2186 2604 2827
2827 2720 2828
2828 2413 2829
2829 2768 2767
2719 2768 2412
2463 2817 2447
2463 2447 2461
2447 2438 2461
2424 2438 2446
2461 2438 2439
2830 2831 2832
2833 2834 2835
2836 2837 2834
2838 2831 2837
2839 2833 2835
2694 2840 2776
2693 2841 2694
2841 2842 2843
2844 2845 2842
2840 2843 2846
2783 2840 2846
2776 2840 2783
2573 2613 2574
2847 2700 2702
2700 2819 2702
2699 2770 2819
2770 2696 2695
2694 2841 2840
2848 2849 2850
2851 2852 2853
2849 2854 2850
2690 2496 2692
2497 2495 2459
2460 2681 2456
2456 2681 2457
2465 2855 2856
2481 2781 2855
2780 2779 2778
2450 2465 2804
2804 2465 2856
2695 2698 2709
2488 2474 2473
2438 2423 2439
2297 2296 2259
2437 2818 2460
2458 2460 2818
2721 2459 2458
2498 2497 2721
2787 2496 2498
2481 2464 2483
2495 2496 2493
2500 2499 2476
2596 2566 2559
2697 2696 2699
2501 2504 2777
2777 2707 2811
2778 2481 2483
2789 2788 2821
2785 2597 2596
2814 2789 2820
2816 2815 2814
2694 2819 2770
2821 2820 2789
2821 2812 2785
2785 2822 2821
2815 2790 2789
2817 2499 2815
2834 2833 2836
2837 2836 2838
2831 2838 2832
2842 2841 2844
2843 2840 2841
2700 2847 2613
2819 2700 2699
2770 2699 2696
2849 2848 2851
2852 2851 2848
2459 2495 2681
2855 2465 2481
2781 2481 2779
2574 2613 2847
2413 2412 2768
2414 2720 2403
2604 2403 2720
2720 2827 2604
2413 2828 2720
2768 2829 2413
2768 2719 2422
1446 1448 1656
2857 2858 2859
2860 2861 2862
2863 2861 2864
2865 2859 2866
2857 2859 2867
2863 2864 2868
2869 2864 2870
2871 2872 2873
2874 2872 2875
2865 2866 2876
2877 2866 2878
2869 2870 2879
2880 2870 2881
2874 2875 2882
2883 2875 2858
2877 2878 2884
2860 2878 2861
2880 2881 2885
2886 2887 2888
2886 2888 2889
2883 2858 2890
2891 2892 2893
2891 2893 2894
2895 2896 2897
2895 2897 2898
2899 2900 2892
2899 2892 2891
2901 2902 2896
2901 2896 2895
2903 2904 2905
2903 2905 2906
2907 2908 2900
2907 2900 2899
2909 2910 2902
2909 2902 2901
2898 2897 2908
2898 2908 2907
2911 2912 2913
2911 2913 2914
2915 2916 2917
2915 2917 2918
2919 2920 2921
2919 2921 2922
2914 2913 2923
2914 2923 2924
2918 2917 2925
2918 2925 2926
2922 2921 2927
2922 2927 2928
2886 2924 2923
2886 2923 2887
2926 2925 2929
2926 2929 2930
2928 2927 2931
2928 2931 2932
2906 2905 2933
2906 2933 2934
2930 2929 2935
2930 2935 2936
2932 2931 2937
2932 2937 2938
2939 2940 2941
2939 2941 2942
2936 2935 2943
2936 2943 2944
2938 2937 2945
2938 2945 2946
2944 2943 2947
2944 2947 2948
2946 2945 2949
2946 2949 2950
2948 2947 2912
2948 2912 2911
2950 2949 2916
2950 2916 2915
2942 2941 2920
2942 2920 2919
2873 2872 2874
2885 2881 2871
2879 2870 2880
2868 2864 2869
2862 2861 2863
2884 2878 2860
2876 2866 2877
2867 2859 2865
2890 2858 2857
2882 2875 2883
2871 2881 2872
2951 2952 2953
2954 2955 2956
2957 2958 2956
2959 2960 2952
2951 2961 2952
2957 2962 2958
2963 2964 2958
2965 2966 2967
2968 2969 2967
2959 2970 2960
2971 2972 2960
2963 2973 2964
2974 2975 2964
2968 2976 2969
2977 2953 2969
2971 2978 2972
2954 2956 2972
2974 2979 2975
2977 2980 2953
2894 2893 2904
2894 2904 2903
2966 2968 2967
2979 2965 2975
2973 2974 2964
2962 2963 2958
2955 2957 2956
2978 2954 2972
2970 2971 2960
2961 2959 2952
2980 2951 2953
2976 2977 2969
2965 2967 2975
2873 2981 2982
2873 2982 2871
2874 2983 2981
2874 2981 2873
2882 2984 2983
2882 2983 2874
2883 2985 2984
2883 2984 2882
2890 2986 2985
2890 2985 2883
2857 2987 2986
2857 2986 2890
2867 2988 2987
2867 2987 2857
2865 2989 2988
2865 2988 2867
2876 2990 2989
2876 2989 2865
2877 2991 2990
2877 2990 2876
2884 2992 2991
2884 2991 2877
2860 2993 2992
2860 2992 2884
2862 2994 2993
2862 2993 2860
2863 2995 2994
2863 2994 2862
2868 2996 2995
2868 2995 2863
2869 2997 2996
2869 2996 2868
2879 2998 2997
2879 2997 2869
2880 2999 2998
2880 2998 2879
2885 3000 2999
2885 2999 2880
2871 2982 3000
2871 3000 2885
3001 2872 2881
3001 2881 3002
3002 2881 2870
3002 2870 3003
3003 2870 2864
3003 2864 3004
3004 2864 2861
3004 2861 3005
3005 2861 2878
3005 2878 3006
3006 2878 2866
3006 2866 3007
3007 2866 2859
3007 2859 3008
3008 2859 2858
3008 2858 3009
3009 2858 2875
3009 2875 3010
3010 2875 2872
3010 2872 3001
3011 2966 2965
3011 2965 3012
3013 2968 2966
3013 2966 3011
3014 2976 2968
3014 2968 3013
3015 2977 2976
3015 2976 3014
3016 2980 2977
3016 2977 3015
3017 2951 2980
3017 2980 3016
3018 2961 2951
3018 2951 3017
3019 2959 2961
3019 2961 3018
3020 2970 2959
3020 2959 3019
3021 2971 2970
3021 2970 3020
3022 2978 2971
3022 2971 3021
3023 2954 2978
3023 2978 3022
3024 2955 2954
3024 2954 3023
3025 2957 2955
3025 2955 3024
3026 2962 2957
3026 2957 3025
3027 2963 2962
3027 2962 3026
3028 2973 2963
3028 2963 3027
3029 2974 2973
3029 2973 3028
3030 2979 2974
3030 2974 3029
3012 2965 2979
3012 2979 3030
2967 3031 3032
2967 3032 2975
2975 3032 3033
2975 3033 2964
2964 3033 3034
2964 3034 2958
2958 3034 3035
2958 3035 2956
2956 3035 3036
2956 3036 2972
2972 3036 3037
2972 3037 2960
2960 3037 3038
2960 3038 2952
2952 3038 3039
2952 3039 2953
2953 3039 3040
2953 3040 2969
2969 3040 3031
2969 3031 2967
3041 3042 3043
3041 3043 3044
3042 3045 3046
3042 3046 3047
3047 3046 3048
3047 3048 3049
3042 3041 3045
3050 3051 3052
3050 3052 3053
3045 3041 3053
3045 3053 3052
3054 3055 3056
3043 3054 3056
3043 3056 3044
3057 3058 3055
3057 3055 3054
3059 3060 3061
3059 3061 3062
3060 3049 3048
3060 3048 3063
3059 3062 3058
3059 3058 3057
3064 3065 3066
3064 3066 3067
3068 3069 3065
3068 3065 3070
3071 3068 3070
3071 3070 3072
3066 3065 3069
3073 3074 3075
3073 3075 3076
3076 3066 3069
3076 3069 3073
3077 3078 3079
3079 3078 3064
3079 3064 3067
3077 3080 3081
3077 3081 3078
3082 3083 3084
3084 3085 3086
3071 3072 3083
3071 3083 3082
3080 3086 3085
3080 3085 3081
3087 3088 3089
3087 3089 3090
3091 3092 3093
3091 3093 3094
3095 3096 3097
3095 3097 3098
3099 3100 3101
3099 3101 3102
3103 3104 3096
3103 3096 3095
3102 3101 3105
3102 3105 3106
3107 3108 3109
3107 3109 3110
3111 3112 3113
3111 3113 3114
3090 3089 3108
3090 3108 3107
3115 3116 3117
3115 3117 3118
3118 3117 3088
3118 3088 3087
3119 3120 3121
3119 3121 3122
3123 3124 3125
3123 3125 3126
3127 3128 3116
3127 3116 3115
3129 3130 3131
3129 3131 3132
3133 3134 3135
3133 3135 3136
3137 3138 3139
3137 3139 3140
3106 3105 3130
3106 3130 3129
3141 3142 3104
3141 3104 3103
3126 3125 3143
3126 3143 3144
3140 3139 3128
3140 3128 3127
3061 3060 3063
3084 3083 3085
3111 3145 3146
3111 3146 3112
3147 3148 3149
3147 3149 3150
3150 3151 3152
3150 3152 3153
3151 3154 3155
3151 3155 3152
3150 3153 3147
3156 3157 3158
3156 3158 3159
3153 3158 3157
3153 3157 3147
3160 3161 3162
3149 3148 3161
3149 3161 3160
3163 3160 3162
3163 3162 3164
3165 3166 3167
3165 3168 3166
3167 3169 3155
3167 3155 3154
3165 3163 3164
3165 3164 3168
3170 3171 3172
3170 3172 3173
3174 3175 3173
3174 3173 3176
3177 3178 3175
3177 3175 3174
3172 3176 3173
3179 3180 3181
3179 3181 3182
3180 3179 3176
3180 3176 3172
3183 3184 3185
3184 3171 3170
3184 3170 3185
3183 3185 3186
3183 3186 3187
3188 3189 3190
3189 3191 3192
3177 3188 3190
3177 3190 3178
3187 3186 3192
3187 3192 3191
3193 3194 3195
3193 3195 3196
3197 3198 3199
3197 3199 3200
3201 3202 3203
3201 3203 3204
3205 3206 3207
3205 3207 3208
3209 3201 3204
3209 3204 3210
3206 3211 3212
3206 3212 3207
3213 3214 3215
3213 3215 3216
3217 3218 3219
3217 3219 3220
3194 3213 3216
3194 3216 3195
3221 3222 3223
3221 3223 3224
3222 3193 3196
3222 3196 3223
3225 3226 3227
3225 3227 3228
3229 3230 3231
3229 3231 3232
3233 3221 3224
3233 3224 3234
3235 3236 3237
3235 3237 3238
3239 3240 3241
3239 3241 3242
3243 3244 3245
3243 3245 3246
3211 3235 3238
3211 3238 3212
3247 3209 3210
3247 3210 3248
3230 3249 3250
3230 3250 3231
3244 3233 3234
3244 3234 3245
3166 3169 3167
3189 3192 3190
3251 3252 3217
3251 3217 3220
3253 3254 3255
3253 3255 3256
3257 3258 3259
3257 3259 3260
3261 3258 3257
3261 3257 3262
3263 3264 3265
3263 3265 3266
3264 3267 3268
3264 3268 3265
3267 3269 3270
3267 3270 3268
3269 3271 3272
3269 3272 3270
3271 3273 3274
3271 3274 3272
3275 3276 3277
3275 3277 3278
3279 3275 3278
3279 3278 3280
3277 3276 3281
3277 3281 3282
3283 3284 3285
3283 3285 3286
3284 3287 3288
3284 3288 3285
3289 3290 3291
3289 3291 3292
3293 3253 3256
3293 3256 3294
3295 3296 3297
3295 3297 3298
3299 3296 3295
3299 3295 3300
3301 3302 3303
3301 3303 3304
3305 3306 3307
3305 3307 3308
3309 3310 3311
3309 3311 3312
3313 3314 3315
3313 3315 3316
3317 3318 3319
3317 3319 3320
3321 3322 3306
3321 3306 3305
3322 3321 3323
3322 3323 3324
3325 3326 3327
3325 3327 3328
3329 3328 3327
3329 3327 3330
3331 3332 3333
3331 3333 3334
3335 3336 3337
3335 3337 3338
3339 3340 3341
3339 3341 3342
3343 3344 3345
3343 3345 3346
3347 3348 3349
3347 3349 3350
3351 3344 3343
3351 3343 3352
3353 3354 3355
3353 3355 3356
3357 3358 3359
3357 3359 3360
3361 3362 3360
3361 3360 3359
3363 3364 3365
3363 3365 3366
3367 3368 3369
3367 3369 3370
3371 3372 3368
3371 3368 3367
3373 3374 3366
3373 3366 3365
3375 3376 3377
3375 3377 3378
3364 3363 3378
3364 3378 3377
3379 3380 3372
3379 3372 3371
3381 3382 3383
3381 3383 3384
3385 3383 3382
3385 3382 3386
3387 3388 3389
3387 3389 3390
3391 3355 3354
3391 3354 3392
3393 3394 3395
3393 3395 3396
3376 3375 3397
3376 3397 3398
3399 3400 3401
3399 3401 3402
3403 3404 3405
3403 3405 3406
3407 3408 3409
3407 3409 3410
3411 3412 3413
3411 3413 3414
3415 3416 3417
3415 3417 3418
3415 3418 3419
3405 3420 3421
3405 3421 3406
3315 3422 3423
3315 3423 3316
3303 3302 3424
3303 3424 3425
3311 3310 3426
3311 3426 3427
3428 3288 3287
3428 3287 3429
3430 3431 3432
3430 3432 3433
3434 3435 3436
3434 3436 3437
3433 3432 3438
3439 3440 3441
3439 3441 3442
3435 3434 3443
3435 3443 3444
3445 3446 3447
3445 3447 3448
3446 3449 3450
3446 3450 3447
3451 3444 3443
3451 3443 3452
3453 3454 3455
3456 3457 3458
3456 3459 3460
3461 3462 3463
3451 3459 3464
3461 3463 3465
3451 3452 3459
3449 3463 3462
3449 3462 3450
3451 3464 3466
3465 3463 3467
3468 3469 3470
3468 3470 3471
3472 3473 3474
3475 3471 3476
3477 3474 3478
3477 3478 3479
3480 3481 3482
3483 3484 3485
3486 3487 3488
3489 3490 3491
3489 3491 3492
3493 3494 3495
3493 3495 3496
3497 3498 3499
3497 3499 3500
3501 3502 3503
3501 3503 3504
3505 3499 3506
3505 3506 3507
3501 3508 3509
3510 3507 3511
3512 3513 3514
3515 3516 3498
3512 3514 3502
3498 3516 3506
3502 3514 3503
3498 3506 3499
3513 3487 3517
3518 3515 3519
3486 3488 3520
3486 3520 3521
3489 3492 3518
3512 3487 3513
3518 3516 3515
3522 3523 3524
3525 3526 3527
3525 3527 3528
3529 3530 3531
3532 3533 3534
3531 3530 3535
3532 3534 3536
3535 3530 3537
3532 3536 3538
3529 3539 3540
3541 3533 3542
3543 3539 3529
3541 3544 3533
3545 3546 3547
3545 3547 3548
3549 3550 3551
3549 3551 3552
3548 3547 3553
3548 3553 3554
3555 3549 3552
3555 3552 3556
3557 3558 3559
3557 3559 3560
3527 3526 3561
3522 3524 3543
3561 3562 3544
3543 3563 3539
3564 3544 3541
3543 3524 3565
3561 3544 3566
3539 3563 3546
3539 3546 3545
3550 3564 3541
3550 3541 3551
3524 3558 3557
3561 3526 3567
3568 3569 3570
3568 3570 3571
3572 3569 3568
3572 3568 3573
3501 3504 3508
3505 3507 3510
3417 3416 3574
3501 3509 3483
3511 3507 3480
3483 3509 3484
3511 3480 3482
3379 3381 3384
3379 3384 3380
3453 3455 3461
3456 3460 3457
3460 3459 3452
3461 3455 3462
3387 3393 3396
3387 3396 3388
3438 3454 3453
3458 3457 3441
3337 3351 3352
3337 3352 3338
3478 3473 3575
3476 3470 3576
3474 3473 3478
3476 3471 3470
3577 3301 3304
3577 3304 3578
3313 3309 3312
3313 3312 3314
3493 3497 3500
3493 3500 3494
3571 3570 3503
3571 3503 3514
3319 3329 3330
3319 3330 3320
3579 3580 3581
3579 3581 3582
3583 3481 3584
3485 3585 3586
3580 3411 3414
3580 3414 3581
3583 3584 3490
3586 3585 3521
3490 3584 3491
3586 3521 3520
3482 3481 3583
3485 3484 3585
3587 3282 3281
3587 3281 3588
3529 3540 3530
3542 3533 3532
3266 3260 3259
3266 3259 3263
3543 3565 3563
3566 3544 3564
3292 3298 3297
3292 3297 3289
3524 3523 3558
3561 3567 3562
3488 3487 3512
3518 3492 3516
3438 3432 3454
3458 3441 3440
3589 3590 3591
3589 3591 3592
3593 3594 3595
3593 3595 3596
3594 3597 3598
3597 3594 3599
3600 3601 3602
3600 3602 3603
3604 3605 3606
3604 3606 3607
3606 3608 3607
3603 3602 3609
3603 3609 3610
3610 3611 3612
3612 3611 3605
3612 3605 3604
3606 3613 3608
3614 3615 3606
3614 3606 3605
3615 3616 3613
3605 3611 3617
3605 3617 3614
3611 3609 3617
3609 3611 3610
3618 3614 3617
3618 3619 3614
3619 3620 3616
3621 3622 3623
3609 3622 3624
3609 3624 3617
3625 3626 3627
3628 3629 3627
3618 3630 3619
3631 3632 3628
3619 3633 3634
3632 3635 3629
3633 3629 3635
3617 3624 3618
3624 3630 3618
3624 3626 3630
3630 3625 3633
3626 3622 3621
3622 3626 3624
3636 3623 3602
3636 3602 3601
3636 3637 3638
3636 3638 3623
3623 3638 3621
3639 3640 3638
3589 3641 3590
3642 3643 3644
3643 3645 3646
3647 3648 3649
3627 3649 3650
3627 3650 3628
3650 3651 3628
3621 3640 3648
3602 3622 3609
3650 3652 3651
3653 3654 3649
3654 3655 3652
3656 3639 3638
3656 3638 3637
3640 3639 3657
3599 3593 3656
3658 3659 3653
3659 3660 3655
3661 3662 3658
3663 3664 3665
3666 3663 3667
3666 3667 3668
3669 3666 3668
3659 3670 3660
3669 3671 3666
3672 3666 3671
3661 3640 3657
3661 3657 3662
3593 3596 3657
3593 3657 3639
3664 3657 3596
3673 3674 3675
3665 3676 3677
3665 3677 3667
3678 3679 3680
3677 3681 3668
3677 3668 3667
3682 3678 3683
3681 3684 3668
3685 3682 3683
3678 3677 3676
3681 3677 3678
3681 3686 3684
3686 3681 3682
3596 3595 3665
3676 3595 3687
3676 3687 3679
3688 3689 3590
3675 3674 3690
3675 3690 3691
3691 3690 3692
3693 3694 3695
3693 3695 3696
3690 3697 3692
3698 3693 3696
3698 3696 3699
3692 3697 3700
3701 3702 3699
3700 3703 3704
3694 3693 3697
3697 3693 3703
3705 3706 3703
3694 3592 3695
3592 3694 3674
3674 3694 3690
3695 3707 3708
3695 3708 3696
3696 3708 3709
3696 3709 3699
3709 3710 3699
3592 3591 3695
3689 3707 3591
3709 3711 3710
3712 3707 3689
3707 3712 3713
3713 3714 3709
3714 3715 3711
3716 3713 3712
3716 3717 3713
3717 3718 3715
3646 3689 3688
3712 3719 3716
3720 3721 3722
3720 3722 3723
3719 3724 3716
3725 3726 3720
3725 3720 3723
3716 3724 3717
3727 3728 3725
3717 3729 3730
3717 3730 3718
3689 3646 3719
3689 3719 3712
3724 3720 3726
3724 3726 3729
3728 3731 3726
3729 3726 3731
3646 3645 3721
3646 3721 3719
3719 3721 3724
3688 3590 3732
3594 3598 3687
3594 3687 3595
3589 3592 3674
3589 3674 3673
3640 3661 3648
3653 3649 3648
3653 3661 3658
3662 3733 3658
3658 3733 3659
3664 3733 3662
3733 3663 3666
3733 3666 3672
3733 3664 3663
3657 3664 3662
3621 3638 3640
3626 3621 3647
3607 3608 3734
3615 3613 3606
3633 3635 3634
3628 3632 3629
3623 3622 3602
3621 3648 3647
3628 3651 3631
3654 3652 3650
3669 3668 3735
3668 3684 3735
3686 3682 3685
3672 3671 3670
3664 3596 3665
3665 3595 3676
3656 3593 3639
3599 3594 3593
3673 3736 3641
3673 3641 3589
3688 3732 3644
3703 3706 3704
3699 3710 3701
3714 3711 3709
3725 3728 3726
3729 3731 3730
3695 3591 3707
3590 3641 3732
3590 3689 3591
3721 3645 3722
3644 3643 3688
3643 3646 3688
3737 3738 3739
3737 3739 3740
3741 3742 3743
3741 3743 3744
3744 3745 3746
3746 3747 3744
3748 3749 3750
3748 3750 3751
3752 3753 3754
3752 3754 3755
3754 3753 3756
3751 3757 3758
3751 3758 3748
3757 3759 3760
3759 3752 3755
3759 3755 3760
3754 3756 3761
3762 3755 3763
3763 3761 3764
3755 3762 3760
3760 3765 3758
3758 3757 3760
3766 3765 3762
3766 3762 3767
3767 3763 3764
3768 3769 3770
3758 3765 3771
3758 3771 3770
3772 3773 3774
3772 3774 3775
3776 3773 3772
3776 3772 3777
3766 3767 3778
3779 3776 3780
3767 3781 3782
3780 3777 3783
3784 3783 3777
3765 3766 3771
3771 3766 3778
3771 3778 3772
3771 3772 3775
3778 3784 3777
3778 3777 3772
3775 3768 3770
3770 3771 3775
3785 3749 3748
3785 3748 3769
3786 3787 3785
3786 3785 3769
3769 3768 3786
3788 3786 3789
3737 3740 3790
3791 3792 3793
3793 3794 3795
3774 3773 3796
3774 3796 3797
3773 3776 3798
3773 3798 3796
3798 3776 3799
3768 3797 3789
3748 3758 3770
3798 3799 3800
3801 3796 3798
3801 3798 3802
3802 3800 3803
3804 3787 3786
3804 3786 3788
3789 3805 3788
3747 3804 3741
3806 3801 3807
3807 3802 3803
3808 3806 3809
3810 3811 3812
3810 3812 3813
3814 3815 3811
3814 3811 3810
3816 3817 3814
3807 3818 3819
3816 3814 3820
3821 3820 3814
3808 3809 3805
3808 3805 3789
3805 3742 3741
3805 3741 3788
3813 3742 3805
3822 3823 3824
3812 3811 3825
3812 3825 3826
3827 3828 3829
3825 3811 3815
3825 3815 3830
3831 3832 3827
3830 3815 3833
3834 3835 3832
3827 3829 3826
3830 3831 3827
3830 3827 3825
3830 3833 3836
3836 3831 3830
3742 3812 3743
3826 3837 3743
3826 3829 3837
3838 3740 3839
3823 3840 3841
3823 3841 3824
3840 3842 3841
3843 3844 3845
3843 3845 3846
3841 3842 3847
3848 3849 3844
3848 3844 3843
3842 3850 3847
3851 3849 3852
3850 3853 3854
3846 3841 3847
3847 3855 3848
3847 3848 3843
3852 3848 3856
3855 3856 3848
3846 3845 3738
3738 3824 3846
3824 3841 3846
3845 3844 3857
3845 3857 3858
3844 3849 3859
3844 3859 3857
3859 3849 3860
3738 3845 3739
3839 3739 3858
3859 3860 3861
3862 3839 3858
3858 3857 3863
3863 3857 3859
3863 3859 3864
3864 3861 3865
3866 3862 3863
3866 3863 3867
3867 3864 3865
3794 3838 3839
3862 3866 3868
3869 3870 3871
3869 3871 3872
3868 3866 3873
3874 3870 3869
3874 3869 3875
3866 3867 3873
3876 3874 3877
3867 3878 3879
3839 3862 3868
3839 3868 3794
3873 3880 3875
3873 3875 3869
3877 3875 3881
3880 3881 3875
3794 3872 3795
3794 3868 3872
3868 3873 3872
3838 3882 3740
3837 3745 3744
3837 3744 3743
3737 3822 3824
3737 3824 3738
3789 3797 3808
3801 3808 3797
3801 3806 3808
3809 3806 3883
3806 3807 3883
3813 3809 3883
3883 3821 3814
3883 3810 3813
3805 3809 3813
3768 3789 3786
3775 3774 3768
3753 3884 3756
3763 3754 3761
3784 3782 3783
3776 3777 3780
3769 3748 3770
3768 3774 3797
3776 3779 3799
3802 3798 3800
3815 3817 3833
3836 3834 3831
3821 3819 3820
3813 3812 3742
3812 3826 3743
3804 3788 3741
3747 3741 3744
3822 3737 3790
3822 3790 3885
3838 3792 3882
3849 3848 3852
3855 3854 3856
3849 3851 3860
3864 3859 3861
3874 3875 3877
3880 3879 3881
3845 3858 3739
3740 3882 3790
3740 3739 3839
3872 3871 3795
3792 3838 3793
3793 3838 3794
3886 3887 3888
3886 3888 3889
3890 3891 3892
3890 3892 3893
3894 3895 3891
3894 3891 3890
3896 3897 3895
3896 3895 3894
3898 3899 3897
3898 3897 3896
3900 3899 3898
3900 3898 3901
3902 3900 3901
3902 3901 3903
3904 3902 3903
3904 3903 3905
3906 3904 3905
3906 3905 3907
3908 3909 3906
3908 3906 3907
3910 3911 3909
3910 3909 3908
3912 3913 3911
3912 3911 3910
3914 3915 3913
3914 3913 3912
3916 3917 3918
3916 3918 3919
3920 3916 3919
3920 3919 3921
3922 3920 3921
3922 3921 3923
3924 3922 3923
3924 3923 3925
3926 3927 3924
3926 3924 3925
3928 3929 3927
3928 3927 3926
3930 3931 3929
3930 3929 3928
3932 3933 3931
3932 3931 3930
3934 3933 3932
3934 3932 3935
3936 3934 3935
3936 3935 3937
3938 3936 3937
3938 3937 3939
3940 3938 3939
3940 3939 3941
3942 3943 3940
3942 3940 3941
3944 3945 3943
3944 3943 3942
3946 3947 3945
3946 3945 3944
3948 3949 3947
3948 3947 3946
3950 3949 3948
3950 3948 3951
3952 3950 3951
3952 3951 3953
3887 3952 3953
3887 3953 3888
3954 3955 3956
3954 3956 3957
3958 3959 3960
3958 3960 3961
3959 3962 3963
3959 3963 3960
3962 3964 3965
3962 3965 3963
3964 3966 3967
3964 3967 3965
3968 3969 3967
3968 3967 3966
3970 3971 3969
3970 3969 3968
3972 3973 3971
3972 3971 3970
3974 3975 3973
3974 3973 3972
3976 3977 3978
3976 3978 3979
3977 3980 3981
3977 3981 3978
3980 3982 3983
3980 3983 3981
3982 3984 3985
3982 3985 3983
3986 3987 3988
3986 3988 3989
3990 3991 3987
3990 3987 3986
3992 3993 3991
3992 3991 3990
3994 3995 3993
3994 3993 3992
3994 3996 3997
3994 3997 3995
3996 3998 3999
3996 3999 3997
3998 4000 4001
3998 4001 3999
4000 4002 4003
4000 4003 4001
4002 4004 4005
4002 4005 4003
4006 4007 4005
4006 4005 4004
4008 4009 4007
4008 4007 4006
4010 4011 4009
4010 4009 4008
4010 4012 4013
4010 4013 4011
4012 4014 4015
4012 4015 4013
4014 4016 4017
4014 4017 4015
4016 4018 4019
4016 4019 4017
4020 4021 4019
4020 4019 4018
4022 4023 4021
4022 4021 4020
3957 3956 4023
3957 4023 4022
3633 3625 3629
3630 3626 3625
3627 3629 3625
3627 3626 3647
3649 3654 3650
3647 3649 3627
3760 3762 3765
3801 3797 3796
3763 3755 3754
3883 3814 3810
3767 3764 3781
3767 3782 3784
3619 3616 3615
3619 3634 3620
3659 3655 3654
3653 3648 3661
3653 3659 3654
3670 3659 3672
3663 3665 3667
3685 3683 4024
3681 3678 3682
3678 3676 3679
3703 3693 3698
3694 3697 3690
3700 3697 3703
3707 3713 3708
3974 3976 3979
3974 3979 3975
3699 3702 3698
3698 3702 3705
3713 3709 3708
3717 3715 3714
3724 3721 3720
3872 3873 3869
3858 3863 3862
3846 3847 3843
3827 3826 3825
3807 3803 3818
3807 3819 3821
3814 3817 3815
3834 3832 3831
3705 3703 3698
3700 3704 4025
3867 3879 3880
3867 3865 3878
3850 3854 3855
3827 3832 3828
3847 3850 3855
3867 3863 3864
3873 3867 3880
3713 3717 3714
3717 3724 3729
3683 3678 3680
3659 3733 3672
3614 3619 3615
3619 3630 3633
3767 3762 3763
3778 3767 3784
3807 3801 3802
3883 3807 3821
4026 4027 4028
4029 4030 4031
4032 4033 4031
4034 4035 4027
4026 4036 4027
4032 4037 4033
4038 4039 4033
4040 4041 4042
4043 4044 4042
4034 4045 4035
4046 4047 4035
4038 4048 4039
4049 4050 4039
4043 4051 4044
4052 4028 4044
4046 4053 4047
4029 4031 4047
4049 4054 4050
4055 4056 4057
4055 4057 4058
4052 4059 4028
4060 4061 4062
4060 4062 4063
4064 4065 4066
4064 4066 4067
4068 4060 4063
4068 4063 4069
4070 4064 4067
4070 4067 4071
4072 4073 4074
4072 4074 4075
4076 4068 4069
4076 4069 4077
4078 4070 4071
4078 4071 4079
4065 4076 4077
4065 4077 4066
4080 4081 4082
4080 4082 4083
4084 4085 4086
4084 4086 4087
4088 4089 4090
4088 4090 4091
4081 4092 4093
4081 4093 4082
4085 4094 4095
4085 4095 4086
4089 4096 4097
4089 4097 4090
4055 4058 4093
4055 4093 4092
4094 4098 4099
4094 4099 4095
4096 4100 4101
4096 4101 4097
4073 4102 4103
4073 4103 4074
4098 4104 4105
4098 4105 4099
4100 4106 4107
4100 4107 4101
4108 4109 4110
4108 4110 4111
4104 4112 4113
4104 4113 4105
4106 4114 4115
4106 4115 4107
4112 4116 4117
4112 4117 4113
4114 4118 4119
4114 4119 4115
4116 4080 4083
4116 4083 4117
4118 4084 4087
4118 4087 4119
4109 4088 4091
4109 4091 4110
4041 4043 4042
4054 4040 4050
4048 4049 4039
4037 4038 4033
4030 4032 4031
4053 4029 4047
4045 4046 4035
4036 4034 4027
4059 4026 4028
4051 4052 4044
4040 4042 4050
4120 4121 4122
4123 4124 4125
4126 4124 4127
4128 4122 4129
4120 4122 4130
4126 4127 4131
4132 4127 4133
4134 4135 4136
4137 4135 4138
4128 4129 4139
4140 4129 4141
4132 4133 4142
4143 4133 4144
4137 4138 4145
4146 4138 4121
4140 4141 4147
4123 4141 4124
4143 4144 4148
4146 4121 4149
4061 4072 4075
4061 4075 4062
4136 4135 4137
4148 4144 4134
4142 4133 4143
4131 4127 4132
4125 4124 4126
4147 4141 4123
4139 4129 4140
4130 4122 4128
4149 4121 4120
4145 4138 4146
4134 4144 4135
4041 4040 4150
4041 4150 4151
4043 4041 4151
4043 4151 4152
4051 4043 4152
4051 4152 4153
4052 4051 4153
4052 4153 4154
4059 4052 4154
4059 4154 4155
4026 4059 4155
4026 4155 4156
4036 4026 4156
4036 4156 4157
4034 4036 4157
4034 4157 4158
4045 4034 4158
4045 4158 4159
4046 4045 4159
4046 4159 4160
4053 4046 4160
4053 4160 4161
4029 4053 4161
4029 4161 4162
4030 4029 4162
4030 4162 4163
4032 4030 4163
4032 4163 4164
4037 4032 4164
4037 4164 4165
4038 4037 4165
4038 4165 4166
4048 4038 4166
4048 4166 4167
4049 4048 4167
4049 4167 4168
4054 4049 4168
4054 4168 4169
4040 4054 4169
4040 4169 4150
4170 4171 4050
4170 4050 4042
4171 4172 4039
4171 4039 4050
4172 4173 4033
4172 4033 4039
4173 4174 4031
4173 4031 4033
4174 4175 4047
4174 4047 4031
4175 4176 4035
4175 4035 4047
4176 4177 4027
4176 4027 4035
4177 4178 4028
4177 4028 4027
4178 4179 4044
4178 4044 4028
4179 4170 4042
4179 4042 4044
4180 4181 4134
4180 4134 4136
4182 4180 4136
4182 4136 4137
4183 4182 4137
4183 4137 4145
4184 4183 4145
4184 4145 4146
4185 4184 4146
4185 4146 4149
4186 4185 4149
4186 4149 4120
4187 4186 4120
4187 4120 4130
4188 4187 4130
4188 4130 4128
4189 4188 4128
4189 4128 4139
4190 4189 4139
4190 4139 4140
4191 4190 4140
4191 4140 4147
4192 4191 4147
4192 4147 4123
4193 4192 4123
4193 4123 4125
4194 4193 4125
4194 4125 4126
4195 4194 4126
4195 4126 4131
4196 4195 4131
4196 4131 4132
4197 4196 4132
4197 4132 4142
4198 4197 4142
4198 4142 4143
4199 4198 4143
4199 4143 4148
4181 4199 4148
4181 4148 4134
4135 4144 4200
4135 4200 4201
4144 4133 4202
4144 4202 4200
4133 4127 4203
4133 4203 4202
4127 4124 4204
4127 4204 4203
4124 4141 4205
4124 4205 4204
4141 4129 4206
4141 4206 4205
4129 4122 4207
4129 4207 4206
4122 4121 4208
4122 4208 4207
4121 4138 4209
4121 4209 4208
4138 4135 4201
4138 4201 4209
4210 4211 4212
4210 4212 4213
4214 4215 4216
4214 4216 4217
4218 4219 4214
4218 4214 4217
4220 4221 4222
4220 4222 4223
4223 4222 4224
4223 4224 4225
4225 4224 4226
4225 4226 4227
4227 4226 4228
4227 4228 4229
4229 4228 4230
4229 4230 4231
4232 4233 4234
4232 4234 4235
4236 4237 4233
4236 4233 4232
4234 4238 4239
4234 4239 4235
4240 4241 4242
4240 4242 4243
4243 4242 4244
4243 4244 4245
4246 4247 4248
4246 4248 4249
4250 4251 4211
4250 4211 4210
4252 4253 4254
4252 4254 4255
4256 4257 4252
4256 4252 4255
4258 4259 4260
4258 4260 4261
4262 4263 4264
4262 4264 4265
4266 4267 4268
4266 4268 4269
4270 4271 4272
4270 4272 4273
4274 4275 4276
4274 4276 4277
4278 4262 4265
4278 4265 4279
4279 4280 4281
4279 4281 4278
4282 4283 4284
4282 4284 4285
4286 4287 4284
4286 4284 4283
4288 4289 4290
4288 4290 4291
4292 4293 4294
4292 4294 4295
4296 4297 4298
4296 4298 4299
4300 4301 4302
4300 4302 4303
4304 4305 4306
4304 4306 4307
4308 4309 4300
4308 4300 4303
4310 4311 4312
4310 4312 4313
4314 4315 4316
4314 4316 4317
4318 4316 4315
4318 4315 4319
4320 4321 4322
4320 4322 4323
4324 4325 4326
4324 4326 4327
4328 4324 4327
4328 4327 4329
4330 4322 4321
4330 4321 4331
4332 4333 4334
4332 4334 4335
4323 4334 4333
4323 4333 4320
4336 4328 4329
4336 4329 4337
4338 4339 4340
4338 4340 4341
4342 4343 4341
4342 4341 4340
4344 4345 4346
4344 4346 4347
4348 4349 4313
4348 4313 4312
4350 4351 4352
4350 4352 4353
4335 4354 4355
4335 4355 4332
4356 4357 4358
4356 4358 4359
4360 4361 4362
4360 4362 4363
4364 4365 4366
4364 4366 4367
4368 4369 4370
4368 4370 4371
4372 4373 4374
4372 4375 4376
4372 4376 4373
4362 4361 4377
4362 4377 4378
4272 4271 4379
4272 4379 4380
4260 4381 4382
4260 4382 4261
4268 4383 4384
4268 4384 4269
4385 4386 4245
4385 4245 4244
4387 4388 4389
4387 4389 4390
4391 4392 4393
4391 4393 4394
4388 4395 4389
4396 4397 4398
4396 4398 4399
4394 4400 4401
4394 4401 4391
4402 4403 4404
4402 4404 4405
4405 4404 4406
4405 4406 4407
4408 4409 4401
4408 4401 4400
4410 4411 4412
4413 4414 4415
4413 4416 4417
4418 4419 4420
4408 4421 4417
4418 4422 4419
4408 4417 4409
4407 4406 4420
4407 4420 4419
4408 4423 4421
4422 4424 4419
4425 4426 4427
4425 4427 4428
4429 4430 4431
4432 4433 4426
4434 4435 4436
4434 4436 4430
4437 4438 4439
4440 4441 4442
4443 4444 4445
4446 4447 4448
4446 4448 4449
4450 4451 4452
4450 4452 4453
4454 4455 4456
4454 4456 4457
4458 4459 4460
4458 4460 4461
4462 4463 4464
4462 4464 4456
4458 4465 4466
4467 4468 4463
4469 4470 4471
4472 4457 4473
4469 4461 4470
4457 4464 4473
4461 4460 4470
4457 4456 4464
4471 4474 4445
4475 4476 4472
4443 4477 4478
4443 4478 4444
4446 4475 4447
4469 4471 4445
4475 4472 4473
4479 4480 4481
4482 4483 4484
4482 4484 4485
4486 4487 4488
4489 4490 4491
4487 4492 4488
4489 4493 4490
4492 4494 4488
4489 4495 4493
4486 4496 4497
4498 4499 4491
4500 4486 4497
4498 4491 4501
4502 4503 4504
4502 4504 4505
4506 4507 4508
4506 4508 4509
4503 4510 4511
4503 4511 4504
4512 4513 4507
4512 4507 4506
4514 4515 4516
4514 4516 4517
4484 4518 4485
4479 4500 4480
4518 4501 4519
4500 4497 4520
4521 4498 4501
4500 4522 4480
4518 4523 4501
4497 4502 4505
4497 4505 4520
4509 4508 4498
4509 4498 4521
4480 4514 4517
4518 4524 4485
4525 4526 4527
4525 4527 4528
4529 4530 4525
4529 4525 4528
4458 4466 4459
4462 4467 4463
4373 4531 4374
4458 4440 4465
4468 4437 4463
4440 4442 4465
4468 4438 4437
4336 4337 4339
4336 4339 4338
4410 4418 4411
4413 4415 4416
4416 4409 4417
4418 4420 4411
4344 4347 4351
4344 4351 4350
4395 4410 4412
4414 4398 4415
4294 4293 4309
4294 4309 4308
4436 4532 4431
4433 4533 4427
4430 4436 4431
4433 4427 4426
4534 4535 4259
4534 4259 4258
4270 4273 4267
4270 4267 4266
4450 4453 4455
4450 4455 4454
4526 4470 4460
4526 4460 4527
4276 4275 4287
4276 4287 4286
4536 4537 4538
4536 4538 4539
4540 4541 4439
4441 4542 4543
4539 4538 4369
4539 4369 4368
4540 4449 4541
4542 4477 4543
4449 4448 4541
4542 4478 4477
4438 4540 4439
4441 4543 4442
4544 4545 4239
4544 4239 4238
4486 4488 4496
4499 4489 4491
4221 4220 4216
4221 4216 4215
4500 4520 4522
4523 4521 4501
4247 4246 4254
4247 4254 4253
4480 4517 4481
4518 4519 4524
4444 4469 4445
4475 4473 4447
4395 4412 4389
4414 4399 4398
2113 2080 2079
2113 2079 2163
2138 2085 2084
2138 2084 2139
2089 2088 2143
2089 2143 2140
2794 2090 2093
2794 2093 2144
2081 2080 2112
2081 2112 2109
2137 2089 2140
2137 2140 2142
2294 2283 2292
2284 2294 2293
2287 2286 2359
2295 2294 2292
2364 2287 2361
2284 2283 2294
2359 2286 2357
2295 2292 2291
2364 2361 2360
2343 2342 4546
2322 4547 2387
2322 2387 2800
2389 2388 2327
2391 2390 2338
2392 4548 2345
2337 2393 2388
2337 2388 2335
2338 2390 2339
2094 2097 4549
2099 2094 4549
2100 2103 4550
2103 2105 4550
2164 2108 2107
2164 2107 2165
2117 2116 4551
4552 4553 4554
4555 4556 4553
4555 4552 4557
4556 4558 4553
4559 4560 4558
4559 4558 4556
4557 4561 4560
4557 4560 4559
4557 4552 4562
4555 4553 4552
4563 4564 4565
4566 4567 4563
4564 4567 4568
4569 4566 4563
4569 4570 4571
4569 4571 4566
4570 4572 4568
4570 4568 4571
4573 4574 4575
4573 4575 4576
4563 4567 4564
4577 4578 4579
4577 4579 4580
4581 4582 4583
4581 4583 4584
4585 4586 4587
4585 4587 4588
4589 4590 4578
4589 4578 4577
4584 4583 4591
4584 4591 4592
4593 4594 4590
4593 4590 4589
4592 4591 4595
4592 4595 4596
4597 4598 4594
4597 4594 4593
4599 4600 4601
4599 4601 4602
4603 4604 4605
4603 4605 4606
4607 4562 4608
4607 4608 4609
4572 4573 4576
4572 4576 4568
4597 4599 4602
4597 4602 4598
4610 4603 4606
4610 4606 4611
4557 4562 4607
4557 4607 4561
4568 4576 4564
4612 4613 4614
4615 4614 4616
4615 4617 4612
4616 4614 4618
4619 4616 4618
4619 4618 4620
4617 4619 4620
4617 4620 4621
4617 4622 4612
4615 4612 4614
4623 4624 4625
4626 4623 4627
4625 4628 4627
4629 4623 4626
4629 4626 4630
4629 4630 4631
4631 4630 4628
4631 4628 4632
4633 4634 4635
4633 4635 4636
4623 4625 4627
4637 4638 4639
4637 4639 4640
4641 4642 4643
4641 4643 4644
4645 4646 4647
4645 4647 4648
4649 4637 4640
4649 4640 4650
4642 4651 4652
4642 4652 4643
4653 4649 4650
4653 4650 4654
4651 4655 4656
4651 4656 4652
4657 4653 4654
4657 4654 4658
4659 4660 4661
4659 4661 4662
4663 4664 4665
4663 4665 4666
4667 4668 4669
4667 4669 4622
4632 4628 4634
4632 4634 4633
4657 4658 4660
4657 4660 4659
4670 4671 4664
4670 4664 4663
4617 4621 4667
4617 4667 4622
4628 4625 4634
2537 2536 2535
2539 2684 2536
2808 2811 2707
2569 2610 2808
2632 2624 2649
2590 2589 2593
2571 2570 2590
2580 2589 2570
2591 2582 2708
2582 2581 2579
2577 2579 2581
2576 2578 2577
2576 2575 2611
2577 2569 2808
2581 2570 2569
2327 2388 2325
2241 2229 2239
2734 2249 2723
2735 2723 2732
2732 2742 2735
2346 2387 4547
2392 2332 4548
2392 2345 2344
2343 2345 2341
4672 4673 4674
4673 4675 4676
4677 4678 4679
4677 4679 4680
4681 4675 4682
4673 4683 4674
4684 4676 4685
4686 4687 4688
4689 4690 4691
4689 4691 4692
4672 4693 4687
4693 4680 4679
4693 4679 4694
4695 4696 4697
4698 4699 4691
4700 4701 4702
4702 4703 4700
4704 4705 4706
4707 4708 4705
4709 4710 4711
4712 4713 4708
4714 4715 4709
4716 4714 4717
4718 4719 4720
4721 4722 4723
4696 4723 4722
4724 4725 4726
4727 4728 4729
4730 4731 4732
4733 4734 4735
4734 4736 4737
4738 4736 4739
4740 4721 4741
4730 4742 4743
4744 4728 4727
4745 4746 4747
4748 4749 4750
4751 4752 4753
4754 4755 4756
4757 4753 4752
4757 4758 4759
4760 4761 4756
4762 4763 4764
4765 4766 4767
4768 4706 4705
4705 4769 4768
4770 4771 4772
4713 4773 4774
4774 4775 4776
4773 4695 4774
4696 4722 4697
4697 4777 4778
4779 4722 4721
4780 4781 4782
4780 4744 4767
4727 4767 4744
4783 4784 4706
4785 4786 4787
4785 4787 4788
4706 4789 4704
4790 4791 4792
4793 4794 4795
4796 4784 4790
4716 4797 4715
4713 4798 4773
4681 4682 4799
4800 4771 4801
4802 4708 4713
4776 4802 4774
4778 4695 4697
4803 4735 4734
4730 4804 4728
4742 4782 4740
4764 4805 4762
4805 4806 4807
4805 4807 4808
4766 4805 4764
4767 4809 4780
4810 4806 4811
4736 4734 4739
4804 4812 4729
4795 4813 4793
4814 4815 4816
4816 4817 4818
4819 4820 4821
4822 4823 4824
4824 4818 4822
4818 4825 4822
4823 4826 4827
4822 4828 4829
4828 4825 4830
4829 4831 4826
4830 4831 4828
4814 4832 4813
4816 4833 4832
4813 4820 4814
4834 4835 4836
4820 4813 4795
4835 4837 4838
4795 4839 4840
4841 4838 4837
4842 4843 4844
4845 4846 4847
4848 4849 4850
4851 4852 4853
4851 4853 4854
4831 4855 4826
4855 4827 4826
4856 4857 4858
4859 4860 4857
4857 4861 4858
4862 4856 4858
4855 4844 4863
4864 4844 4865
4863 4866 4855
4867 4852 4861
4849 4867 4868
4861 4851 4869
4859 4870 4860
4871 4872 4841
4873 4874 4794
4865 4875 4864
4857 4876 4867
4869 4858 4861
4877 4878 4879
4711 4880 4709
4881 4882 4883
4884 4885 4886
4887 4888 4889
4890 4891 4892
4893 4894 4888
4835 4895 4836
4838 4895 4835
4881 4896 4887
4896 4893 4887
4897 4898 4899
4900 4901 4902
4883 4903 4885
4904 4903 4905
4887 4906 4881
4890 4892 4907
4908 4909 4760
4739 4910 4738
4911 4891 4912
4913 4914 4915
4916 4899 4915
4892 4917 4907
4915 4899 4913
4918 4919 4920
4921 4922 4923
4923 4924 4925
4926 4927 4928
4929 4930 4931
4932 4933 4934
4935 4936 4922
4936 4924 4922
4937 4925 4938
4939 4926 4928
4940 4920 4919
4941 4942 4918
4943 4933 4944
4941 4945 4930
4942 4930 4946
4945 4947 4948
4949 4944 4950
4930 4948 4931
4918 4920 4941
4750 4951 4748
4931 4925 4924
4952 4931 4924
4938 4948 4947
4718 4953 4951
4954 4955 4956
4954 4956 4957
4958 4959 4955
4960 4961 4962
4963 4964 4965
4966 4967 4968
4966 4968 4969
4970 4965 4971
4960 4972 4973
4965 4974 4975
4971 4975 4976
4977 4978 4979
4980 4981 4982
4983 4982 4984
4985 4986 4959
4959 4987 4985
4988 4989 4990
4991 4988 4992
4993 4994 4995
4984 4996 4983
4997 4983 4996
4991 4987 4989
4998 4999 4991
5000 4998 4993
4974 5001 5002
5003 5004 5005
5006 5007 5008
5009 4984 5010
5011 4966 4969
5011 4969 5012
4963 5013 5014
5015 5016 4997
4996 4962 4997
4964 4973 4974
5017 4997 4962
5018 5019 5020
5002 4975 4974
5021 4976 4975
4982 5010 4984
4972 5001 4973
5022 5023 5024
4982 5025 5026
4985 5027 5025
5028 5029 5030
5030 5031 5032
4699 5033 5034
4699 5034 5035
4797 4681 4799
4681 4685 4676
5036 4678 5037
5038 4900 5039
5039 4902 5040
4747 4735 5041
4745 5042 4909
5043 5044 5045
5046 5045 5047
5048 5049 5050
5045 5051 5047
5052 5049 5048
5053 5043 5054
5055 5056 4723
5057 5058 5059
5043 5060 5054
5046 5061 5060
5059 5062 5063
5064 5053 5065
5066 5067 5051
5068 5047 5069
5070 5064 5065
5071 5050 5049
5071 5051 5050
5047 5067 5069
5072 5073 5074
5061 5068 5075
5067 5076 5075
5068 5069 5075
5062 5077 5078
5072 5058 5073
5074 5073 5057
5079 4703 4702
5080 4692 5035
4703 5079 4698
5079 5081 4698
5082 5081 5083
5083 5084 5082
4680 4674 4677
5085 4674 4683
5033 4699 5086
4698 4690 5087
4714 4709 5088
5088 5052 4714
5075 5069 5067
5064 5048 5044
5064 4717 5052
4888 5089 4880
4880 4889 4888
4889 5090 4906
4675 4688 5091
5091 4682 4675
4987 4999 5092
5092 5093 5094
5095 5096 4801
5027 4985 4987
4772 5097 5098
4801 5099 5095
4801 5100 4800
5096 5101 5100
5101 5102 5103
5102 5104 5103
5016 4980 4983
5105 4955 5106
4988 4990 5107
4988 5107 5108
4992 4988 5108
4991 4994 4998
4956 4986 4980
5109 4718 4720
5110 5111 4978
4967 5022 5024
4967 5024 4968
5112 5113 5110
5112 5110 4978
5007 5006 5114
4979 5115 5116
4979 5116 5117
5118 4750 5119
5118 4720 4719
5109 5120 5121
4786 5121 5120
5122 5032 5123
5109 5124 5125
4911 5039 4917
4917 5040 5126
4906 5127 4882
4882 4905 4903
4766 4763 4809
5128 4927 5129
5130 5128 5129
5131 5132 5133
4748 4953 5134
5135 5132 5136
5137 4928 5128
5138 5136 4926
5130 5137 5128
4742 4741 4743
4733 4746 4910
5139 4751 4755
4782 4777 4779
4763 4781 4809
4740 4782 4721
4743 5140 4731
5141 4735 5142
5088 4709 4880
4949 5143 5144
5144 5143 5145
4747 5146 4745
5090 4711 4710
5147 5148 5149
4908 4756 4755
4923 5150 4921
4908 4751 4746
4746 4753 4910
4910 4759 4738
4759 5151 4738
4758 5152 5151
5139 4755 5153
4840 4821 4820
4886 4885 4903
4957 4956 5016
4841 4837 4871
4839 4795 4874
5101 5103 5100
4762 4805 4808
5149 4909 5042
5154 5155 4877
4877 5156 4878
4749 5119 4750
4898 5157 5158
5155 5159 5156
5154 5157 5155
4912 5038 4911
4894 5160 5089
4913 5161 4914
5158 4913 4899
5162 5158 5157
4749 5163 5164
5163 4760 4909
5165 4909 5148
5157 5154 5162
5161 5162 5166
5167 5004 5168
5169 5170 5171
5172 5173 5174
5173 5175 5167
4935 5176 5177
4772 5178 4770
5098 5179 4772
5180 5181 5176
5179 5182 5178
5172 5183 5175
4921 5180 4935
5004 5184 5170
5183 5184 5175
5180 5185 5182
5014 4961 4963
5186 5187 5188
5134 4761 4748
5189 4756 4761
4921 5186 5185
5186 4921 5187
5190 4962 4961
5184 5171 5170
5180 5182 5179
5045 5044 5048
4716 4717 5070
4717 4714 5052
5048 5050 5045
4734 4737 4803
4985 5025 4981
5191 5101 5096
5092 4999 5093
5027 4987 5092
5094 5093 5000
5123 5032 5031
4820 4795 4840
5187 4921 5150
5192 5193 4799
4774 4802 4713
5056 4721 4723
4794 4874 4795
4673 4672 4686
4675 4673 4686
4675 4681 4676
4683 4673 4684
4676 4684 4673
4687 4686 4672
4693 4672 4680
4696 4695 5194
4699 4698 5081
4705 4704 4707
4708 4707 4712
4710 4709 4715
4713 4712 4798
4715 4714 4716
4719 4718 4951
4731 4730 4743
4734 4733 4739
4736 4738 5151
4742 4730 4744
4728 4744 4730
4746 4745 4908
4749 4748 4761
4752 4751 5139
4755 4754 5153
4753 4757 4759
4761 4760 4749
4763 4762 5195
4766 4765 4805
4706 4768 4783
4769 4705 4708
4771 4770 5099
4775 4774 4695
4695 4773 5194
4777 4697 4779
4722 4779 4697
4781 4780 4809
4744 4780 4742
4767 4727 4765
4784 4783 4791
4789 4706 4784
4791 4790 4784
4794 4793 5196
4784 4796 4789
4797 4716 4681
4771 4800 5097
4708 4802 4769
4695 4778 4775
4735 4803 5142
4804 4730 4732
4782 4742 4780
4809 4767 4766
4815 4814 4819
4817 4816 4815
4820 4819 4814
4823 4822 4829
4818 4824 4833
4825 4818 4817
4826 4823 4829
4828 4822 4825
4831 4829 4828
4831 4830 4875
4832 4814 4816
4833 4816 4818
4837 4835 4834
4855 4831 4865
4827 4855 4866
4857 4856 4859
4861 4857 4867
4856 4862 5197
4844 4855 4865
4844 4864 4842
4866 4863 5198
4852 4867 4848
4867 4849 4848
4851 4861 4852
4872 4871 5199
4875 4865 4831
4858 4869 4862
4882 4881 4906
4888 4887 4893
4894 4893 4900
4893 4896 4901
5126 4907 4917
4901 4900 4893
4903 4883 4882
4903 4904 4886
4906 4887 4889
4909 4908 4745
4910 4739 4733
4891 4911 4892
4917 4892 4911
4922 4921 4935
4924 4923 4922
4927 4926 5200
4930 4929 4946
4936 4935 5177
4924 4936 4952
4925 4937 4923
4926 4939 5138
4920 4940 4945
4933 4943 4934
4945 4941 4920
4930 4942 4941
4947 4945 4940
4944 4949 4943
4948 4930 4945
4951 4750 4719
4925 4931 4948
4931 4952 4929
4948 4938 4925
4955 4954 5106
4961 4960 4964
4964 4963 4961
4965 4970 4963
4972 4960 4996
4974 4965 4964
4975 4971 4965
4981 4980 4986
4982 4983 4980
4986 4985 4981
4987 4959 4989
4988 4991 4989
4994 4993 4998
4996 4984 4972
4983 4997 5016
4987 4991 4999
4999 4998 5093
4998 5000 5093
5001 4974 4973
5004 5003 5168
4984 5009 4972
5013 4963 4970
5016 5015 4957
4962 4996 4960
4973 4964 4960
4997 5017 5015
4975 5002 5021
4976 5021 5201
5010 4982 5026
5001 4972 5009
5202 5024 5023
5025 4982 4981
5029 5028 5203
5031 5030 5029
4685 4681 4716
4900 5038 4894
4902 5039 4900
4735 4747 4733
5042 4745 5146
5044 5043 5053
5045 5046 5043
5051 5045 5050
5049 5052 5204
5058 5057 5073
5060 5043 5046
5061 5046 5068
5062 5059 5058
5053 5064 5044
5067 5066 5076
5047 5068 5046
5064 5070 4717
5051 5071 5066
5067 5047 5051
5077 5062 5058
5058 5072 5077
5081 5079 5083
5081 5082 5086
4674 4680 4672
4674 5085 4677
4690 4698 4691
5052 5088 5204
5048 5064 5052
5089 4888 4894
4889 4880 4711
5090 4889 4711
4688 4675 4686
5096 5095 5191
5097 4772 4771
5099 4801 4771
5100 4801 5096
5104 5102 5205
4980 5016 4956
4955 5105 4958
4994 4991 4992
4986 4956 4955
5206 5114 5006
5206 5006 5207
4750 5118 4719
4720 5118 5124
5120 5109 5125
5121 4786 4785
5124 5109 4720
5039 4911 5038
5040 4917 5039
5127 4906 5090
4905 4882 5127
4763 4766 4764
4927 5128 4928
4953 4748 4951
5132 5135 5133
4928 5137 4939
5136 5138 5135
4741 4742 4740
4746 4733 4747
4777 4782 4781
5140 4743 4741
4735 5141 5041
5143 4949 4950
5146 4747 5041
4899 4898 5158
4756 4908 4760
5150 4923 4937
4751 4908 4755
4753 4746 4751
4759 4910 4753
5151 4759 4758
4909 5149 5148
5156 4877 5155
5119 4749 5164
5157 4898 5159
5159 5155 5157
5038 4912 5160
5160 4894 5038
5161 4913 5208
4913 5158 5208
5158 5162 5208
5163 4749 4760
4909 5165 5163
5162 5161 5208
5004 5167 5175
5170 5169 5005
5005 5004 5170
5175 5173 5172
5176 4935 5180
5178 4772 5179
5179 5098 5181
5181 5180 5179
5180 4921 5185
5184 5004 5175
4961 5014 5190
4761 5134 5189
4756 5189 4754
4962 5190 5017
5171 5184 5209
4679 4678 5036
4689 4692 5080
4694 4679 5036
5035 5034 5080
5085 5037 4678
5085 4678 4677
4699 5035 4692
4699 4692 4691
5210 5211 5212
5210 5213 5214
5210 5214 5215
5210 5216 5211
5217 4853 5218
5217 5219 5220
5217 5220 5221
5222 5223 5217
5222 5217 5221
5212 4843 5213
5218 4850 5219
4854 4853 5223
4844 5212 5211
4844 5211 4863
5211 5224 4863
4848 5218 4853
4848 4853 4852
5215 5225 5216
5215 5216 5210
5215 5214 5226
5215 5226 4847
5221 5220 5227
5221 5227 5228
5229 5222 5221
5229 5221 5228
4847 4846 5225
4847 5225 5215
4847 5226 4845
5228 5227 5230
5229 5228 5230
4721 4782 4779
4726 4725 4736
4811 4729 4810
4807 4806 4810
4811 4806 4765
4729 4812 4810
4811 4765 4727
4726 4736 5151
4726 5152 4724
5151 5152 4726
4736 4725 4737
4727 4729 4811
4765 4806 4805
4804 4729 4728
5211 5216 5224
5212 5213 5210
5223 4853 5217
5218 5219 5217
4848 4850 5218
4863 5224 5198
4844 4843 5212
4799 4682 5192
4867 4876 4868
4857 4860 4876
5086 4699 5081
5110 4969 4968
5110 4968 5111
4967 4966 4970
4967 4970 4971
5005 5006 5008
5005 5008 5003
5113 5012 4969
5113 4969 5110
4966 5011 5013
4966 5013 4970
5201 5023 5022
5201 5022 4976
5111 4968 5024
5111 5024 5115
5022 4967 4971
5022 4971 4976
5007 5114 5231
5024 5202 5116
5169 5207 5006
5169 5006 5005
5114 5206 5232
4979 4978 5111
4979 5111 5115
5020 5019 5231
5020 5231 5232
5112 4978 4977
4979 5117 4977
5231 5114 5232
5024 5116 5115
4788 4787 5122
4788 5122 5123
4836 5233 4886
5105 5107 4990
5105 4990 4958
4990 4959 4958
4990 4989 4959
4955 4959 4986
4904 4836 4886
4834 4836 4904
4836 4895 5233
4886 5233 4884
5234 5235 5236
5236 5237 5238
5239 5240 5241
5239 5241 5242
5243 5244 5238
5236 5235 5245
5246 5247 5237
5248 5249 5250
5251 5252 5253
5251 5253 5254
5234 5250 5255
5241 5240 5255
5241 5255 5256
5257 5258 5259
5260 5251 5261
5262 5263 5264
5263 5262 5265
5266 5267 5268
5269 5268 5270
5271 5272 5273
5274 5270 5275
5276 5271 5277
5278 5279 5276
5280 5281 5282
5283 5284 5285
5259 5285 5284
5286 5287 5288
5289 5290 5291
5292 5293 5294
5295 5296 5297
5297 5298 5299
5300 5301 5299
5302 5303 5283
5292 5304 5305
5306 5289 5291
5307 5308 5309
5310 5311 5312
5313 5314 5315
5316 5317 5318
5319 5315 5314
5319 5320 5321
5322 5317 5323
5324 5325 5326
5327 5328 5329
5330 5268 5267
5268 5330 5331
5332 5333 5334
5275 5335 5336
5335 5337 5338
5336 5335 5257
5259 5258 5285
5258 5339 5340
5341 5283 5285
5342 5343 5344
5342 5328 5306
5289 5306 5328
5345 5267 5346
5347 5348 5349
5347 5349 5350
5267 5266 5351
5352 5353 5354
5355 5356 5357
5358 5352 5346
5278 5277 5359
5275 5336 5360
5243 5361 5244
5362 5363 5334
5364 5275 5270
5337 5335 5364
5339 5258 5257
5365 5297 5296
5292 5291 5366
5305 5302 5343
5325 5324 5367
5367 5368 5369
5367 5369 5370
5329 5325 5367
5328 5342 5371
5372 5373 5370
5299 5301 5297
5366 5290 5374
5356 5355 5375
5376 5377 5378
5377 5379 5380
5381 5382 5383
5384 5385 5386
5385 5384 5379
5379 5384 5387
5386 5388 5389
5384 5390 5391
5391 5392 5387
5390 5389 5393
5392 5391 5393
5376 5375 5394
5377 5394 5395
5375 5376 5383
5396 5397 5398
5383 5356 5375
5398 5399 5400
5356 5401 5402
5403 5400 5399
5404 5405 5406
5407 5408 5409
5410 5411 5412
5413 5414 5415
5413 5415 5416
5393 5389 5417
5417 5389 5388
5418 5419 5420
5421 5420 5422
5420 5419 5423
5424 5419 5418
5417 5425 5405
5426 5427 5405
5425 5417 5428
5429 5423 5414
5412 5430 5429
5423 5431 5415
5421 5422 5432
5433 5403 5434
5435 5357 5436
5427 5426 5437
5420 5429 5438
5431 5423 5419
5439 5440 5441
5272 5271 5442
5443 5444 5445
5446 5447 5448
5449 5450 5451
5452 5453 5454
5455 5451 5456
5398 5397 5457
5399 5398 5457
5443 5449 5458
5458 5449 5455
5459 5460 5461
5462 5463 5464
5444 5448 5465
5466 5467 5465
5449 5443 5468
5452 5469 5453
5470 5322 5471
5301 5300 5472
5473 5474 5454
5475 5476 5477
5478 5476 5460
5453 5469 5479
5476 5475 5460
5480 5481 5482
5483 5484 5485
5484 5486 5487
5488 5489 5490
5491 5492 5493
5494 5495 5496
5497 5485 5498
5498 5485 5487
5499 5500 5486
5501 5489 5488
5502 5482 5481
5503 5480 5504
5505 5506 5496
5503 5493 5507
5504 5508 5493
5507 5509 5510
5511 5512 5506
5493 5492 5509
5480 5503 5481
5311 5310 5513
5492 5487 5486
5514 5487 5492
5500 5510 5509
5280 5513 5515
5516 5517 5518
5516 5519 5517
5520 5518 5521
5522 5523 5524
5525 5526 5527
5528 5529 5530
5528 5530 5531
5532 5533 5526
5522 5534 5535
5526 5536 5537
5533 5538 5536
5539 5540 5541
5542 5543 5544
5545 5546 5543
5547 5521 5548
5521 5547 5549
5550 5551 5552
5553 5554 5550
5555 5556 5557
5546 5545 5558
5559 5558 5545
5553 5552 5549
5560 5553 5561
5562 5555 5560
5537 5563 5564
5565 5566 5567
5568 5569 5570
5571 5572 5546
5573 5574 5529
5573 5529 5528
5525 5575 5576
5577 5559 5578
5558 5559 5523
5527 5537 5534
5579 5523 5559
5580 5581 5582
5563 5537 5536
5583 5536 5538
5543 5546 5572
5535 5534 5564
5584 5585 5586
5543 5587 5588
5547 5588 5589
5590 5591 5592
5591 5593 5594
5595 5596 5261
5595 5261 5597
5359 5361 5243
5243 5237 5247
5598 5599 5242
5600 5601 5462
5601 5602 5463
5308 5603 5296
5307 5471 5604
5605 5606 5607
5608 5609 5606
5610 5611 5612
5606 5609 5613
5614 5610 5612
5615 5616 5605
5617 5284 5618
5619 5620 5621
5605 5616 5622
5608 5622 5623
5620 5624 5625
5626 5627 5615
5628 5613 5629
5630 5631 5609
5632 5627 5626
5633 5612 5611
5633 5611 5613
5609 5631 5629
5634 5635 5636
5623 5637 5630
5629 5637 5638
5630 5637 5631
5625 5639 5640
5634 5636 5621
5635 5619 5636
5641 5263 5265
5642 5597 5254
5265 5643 5260
5641 5260 5644
5645 5646 5644
5646 5645 5647
5240 5239 5235
5648 5245 5235
5596 5649 5261
5260 5643 5252
5276 5650 5271
5650 5276 5614
5637 5629 5631
5626 5607 5610
5626 5614 5279
5451 5442 5651
5442 5451 5450
5450 5468 5652
5238 5653 5249
5653 5238 5244
5549 5654 5561
5654 5655 5656
5657 5363 5658
5589 5549 5547
5333 5659 5660
5363 5657 5661
5363 5362 5662
5658 5662 5663
5663 5664 5665
5665 5664 5666
5578 5545 5542
5667 5668 5518
5550 5669 5670
5550 5670 5551
5554 5669 5550
5553 5560 5557
5517 5542 5548
5671 5281 5280
5672 5541 5673
5531 5530 5585
5531 5585 5584
5672 5674 5675
5672 5675 5541
5570 5676 5568
5677 5678 5540
5677 5540 5679
5680 5681 5311
5680 5282 5281
5671 5682 5683
5350 5683 5682
5684 5685 5593
5671 5686 5687
5473 5479 5601
5479 5688 5602
5468 5445 5689
5445 5465 5467
5329 5371 5326
5690 5691 5490
5692 5691 5690
5693 5694 5695
5310 5696 5515
5697 5698 5695
5699 5690 5489
5700 5488 5698
5692 5690 5699
5305 5304 5303
5295 5472 5309
5701 5318 5313
5343 5341 5340
5326 5371 5344
5302 5283 5343
5304 5294 5702
5703 5704 5296
5650 5442 5271
5511 5705 5706
5705 5707 5706
5308 5307 5708
5652 5273 5272
5709 5710 5711
5470 5318 5317
5484 5483 5712
5470 5309 5313
5309 5472 5314
5472 5300 5320
5320 5300 5713
5321 5713 5714
5701 5715 5318
5401 5383 5382
5447 5465 5448
5519 5578 5517
5403 5433 5400
5402 5436 5356
5663 5662 5664
5324 5368 5367
5710 5604 5471
5716 5439 5717
5439 5441 5718
5312 5311 5681
5461 5719 5720
5717 5718 5721
5716 5717 5720
5474 5473 5600
5456 5651 5722
5475 5477 5723
5719 5460 5475
5724 5720 5719
5312 5725 5726
5726 5471 5322
5727 5711 5471
5720 5724 5716
5723 5728 5724
5729 5730 5567
5731 5732 5733
5734 5735 5736
5736 5729 5737
5497 5738 5739
5333 5332 5740
5659 5333 5741
5742 5739 5743
5741 5740 5744
5734 5737 5745
5483 5497 5742
5567 5733 5746
5745 5737 5746
5742 5744 5747
5575 5525 5524
5748 5749 5750
5696 5310 5323
5751 5323 5317
5483 5747 5748
5748 5750 5483
5752 5524 5523
5746 5733 5732
5742 5741 5744
5606 5610 5607
5278 5632 5279
5279 5614 5276
5610 5606 5611
5297 5365 5298
5547 5544 5588
5753 5658 5663
5654 5656 5561
5589 5654 5549
5655 5562 5656
5685 5594 5593
5383 5401 5356
5750 5712 5483
5754 5361 5755
5335 5275 5364
5618 5283 5303
5357 5356 5436
5236 5248 5234
5238 5248 5236
5238 5237 5243
5245 5246 5236
5237 5236 5246
5250 5234 5248
5255 5240 5234
5259 5756 5257
5261 5644 5260
5268 5269 5266
5270 5274 5269
5273 5277 5271
5275 5360 5274
5277 5278 5276
5282 5513 5280
5294 5304 5292
5297 5301 5295
5299 5713 5300
5305 5306 5292
5291 5292 5306
5309 5470 5307
5312 5323 5310
5315 5701 5313
5318 5715 5316
5314 5320 5319
5323 5312 5322
5326 5757 5324
5329 5367 5327
5267 5345 5330
5331 5270 5268
5334 5661 5332
5338 5257 5335
5257 5756 5336
5340 5341 5258
5285 5258 5341
5344 5371 5342
5306 5305 5342
5328 5327 5289
5346 5354 5345
5351 5346 5267
5354 5346 5352
5357 5758 5355
5346 5351 5358
5359 5243 5278
5334 5660 5362
5270 5331 5364
5257 5338 5339
5296 5704 5365
5366 5293 5292
5343 5342 5305
5371 5329 5328
5378 5381 5376
5380 5378 5377
5383 5376 5381
5386 5390 5384
5379 5395 5385
5387 5380 5379
5389 5390 5386
5391 5387 5384
5393 5391 5390
5393 5437 5392
5394 5377 5376
5395 5379 5377
5400 5396 5398
5417 5427 5393
5388 5428 5417
5420 5421 5418
5423 5429 5420
5418 5759 5424
5405 5427 5417
5405 5404 5426
5428 5760 5425
5414 5410 5429
5429 5410 5412
5415 5414 5423
5434 5761 5433
5437 5393 5427
5419 5424 5431
5445 5468 5443
5451 5455 5449
5456 5462 5455
5455 5464 5458
5688 5479 5469
5464 5455 5462
5465 5445 5444
5465 5447 5466
5468 5450 5449
5471 5307 5470
5472 5295 5301
5454 5453 5473
5479 5473 5453
5485 5497 5483
5487 5485 5484
5490 5762 5488
5493 5508 5491
5498 5738 5497
5487 5514 5498
5486 5484 5499
5488 5700 5501
5481 5507 5502
5496 5495 5505
5507 5481 5503
5493 5503 5504
5510 5502 5507
5506 5505 5511
5509 5507 5493
5513 5282 5311
5486 5509 5492
5492 5491 5514
5509 5486 5500
5518 5668 5516
5524 5527 5522
5527 5524 5525
5526 5525 5532
5535 5558 5522
5537 5527 5526
5536 5526 5533
5544 5548 5542
5543 5542 5545
5548 5544 5547
5549 5552 5521
5550 5552 5553
5557 5560 5555
5558 5535 5546
5545 5578 5559
5549 5561 5553
5561 5656 5560
5560 5656 5562
5564 5534 5537
5567 5730 5565
5546 5535 5571
5576 5532 5525
5578 5519 5577
5523 5522 5558
5534 5522 5527
5559 5577 5579
5536 5583 5563
5538 5763 5583
5572 5587 5543
5564 5571 5535
5764 5586 5585
5588 5544 5543
5592 5765 5590
5594 5592 5591
5247 5278 5243
5462 5456 5600
5463 5462 5601
5296 5295 5308
5604 5708 5307
5607 5615 5605
5606 5605 5608
5613 5611 5606
5612 5766 5614
5621 5636 5619
5622 5608 5605
5623 5630 5608
5625 5621 5620
5615 5607 5626
5629 5638 5628
5609 5608 5630
5626 5279 5632
5613 5628 5633
5629 5613 5609
5640 5621 5625
5621 5640 5634
5644 5646 5641
5644 5649 5645
5235 5234 5240
5235 5239 5648
5252 5251 5260
5614 5766 5650
5610 5614 5626
5651 5456 5451
5450 5272 5442
5652 5272 5450
5249 5248 5238
5658 5753 5657
5660 5334 5333
5661 5334 5363
5662 5658 5363
5666 5767 5665
5542 5517 5578
5518 5520 5667
5557 5554 5553
5548 5518 5517
5768 5769 5568
5768 5568 5676
5311 5282 5680
5281 5687 5680
5683 5686 5671
5682 5347 5350
5687 5281 5671
5601 5600 5473
5602 5601 5479
5689 5652 5468
5467 5689 5445
5326 5325 5329
5490 5489 5690
5515 5513 5310
5695 5694 5697
5489 5501 5699
5698 5697 5700
5303 5302 5305
5309 5308 5295
5340 5344 5343
5702 5303 5304
5296 5603 5703
5706 5512 5511
5708 5603 5308
5460 5719 5461
5317 5322 5470
5712 5499 5484
5313 5318 5470
5314 5313 5309
5320 5314 5472
5713 5321 5320
5471 5711 5710
5718 5717 5439
5681 5725 5312
5720 5721 5461
5721 5720 5717
5600 5722 5474
5722 5600 5456
5723 5770 5475
5475 5770 5719
5719 5770 5724
5726 5322 5312
5471 5726 5727
5724 5770 5723
5567 5737 5729
5733 5566 5731
5566 5733 5567
5737 5734 5736
5739 5742 5497
5740 5741 5333
5741 5743 5659
5743 5741 5742
5742 5747 5483
5746 5737 5567
5524 5752 5575
5323 5751 5696
5317 5316 5751
5523 5579 5752
5732 5771 5746
5241 5598 5242
5253 5642 5254
5256 5598 5241
5597 5642 5595
5242 5599 5648
5242 5648 5239
5254 5597 5261
5254 5261 5251
5772 5773 5774
5772 5775 5776
5772 5776 5777
5772 5774 5778
5779 5780 5413
5779 5781 5782
5779 5782 5783
5779 5784 5785
5779 5785 5781
5773 5777 5406
5780 5783 5411
5416 5784 5413
5774 5773 5405
5774 5405 5425
5774 5425 5786
5413 5780 5410
5413 5410 5414
5775 5772 5778
5775 5778 5787
5775 5408 5788
5775 5788 5776
5781 5789 5790
5781 5790 5782
5781 5785 5791
5781 5791 5789
5408 5775 5787
5408 5787 5409
5408 5407 5788
5789 5792 5790
5791 5792 5789
5283 5341 5343
5287 5299 5288
5373 5372 5290
5369 5372 5370
5373 5327 5370
5290 5372 5374
5373 5289 5327
5287 5713 5299
5287 5286 5714
5713 5287 5714
5299 5298 5288
5289 5373 5290
5327 5367 5370
5366 5291 5290
5774 5786 5778
5773 5772 5777
5784 5779 5413
5780 5779 5783
5410 5780 5411
5425 5760 5786
5405 5773 5406
5361 5754 5244
5429 5430 5438
5420 5438 5422
5649 5644 5261
5530 5529 5672
5530 5672 5673
5531 5533 5532
5531 5532 5528
5569 5568 5566
5569 5566 5565
5529 5574 5674
5529 5674 5672
5528 5532 5576
5528 5576 5573
5584 5586 5763
5584 5763 5538
5585 5530 5673
5585 5673 5678
5584 5538 5533
5584 5533 5531
5570 5793 5676
5585 5677 5764
5568 5769 5731
5568 5731 5566
5676 5794 5768
5540 5678 5673
5540 5673 5541
5581 5794 5793
5581 5793 5582
5675 5539 5541
5540 5539 5679
5793 5794 5676
5585 5678 5677
5348 5685 5684
5348 5684 5349
5397 5447 5795
5551 5670 5667
5551 5667 5520
5551 5520 5521
5551 5521 5552
5518 5548 5521
5466 5447 5397
5396 5466 5397
5397 5795 5457
5447 5446 5795
5618 5284 5283
5056 4741 4721
5087 4703 4698
5641 5265 5260
2249 2401 2241
2663 1971 2626
