byte offset: 0
first index: 0
index count: 12441
topology: trianglelist
format: DXGI_FORMAT_R16_UINT

0 1 2
0 3 1
3 4 1
5 3 0
5 0 6
3 7 4
7 3 5
7 8 4
7 5 9
7 10 8
10 7 9
10 11 8
10 9 12
10 13 11
13 10 12
13 14 11
13 12 15
13 16 14
16 17 14
15 18 13
13 18 16
15 19 18
19 20 18
16 21 17
21 16 18
18 20 21
21 22 17
23 21 20
21 24 22
24 21 23
25 22 24
26 24 23
25 24 26
26 23 27
28 25 26
29 26 27
28 26 29
30 28 29
29 27 31
30 29 32
31 32 29
31 33 32
34 35 36
34 36 37
37 36 38
37 38 39
39 38 40
34 37 41
39 41 37
39 40 42
42 40 43
39 44 41
44 39 42
42 43 45
45 43 46
44 42 47
47 42 45
44 48 41
47 48 44
34 41 49
48 49 41
50 34 49
48 50 49
50 51 34
48 52 50
53 52 48
47 53 48
53 54 52
45 46 55
55 46 56
47 45 57
57 53 47
57 45 55
58 54 53
57 58 53
58 59 54
55 56 60
60 56 61
57 55 62
62 55 60
58 57 63
57 62 63
59 58 64
58 63 64
59 64 65
65 64 66
64 63 66
63 67 66
63 62 67
68 66 67
60 61 69
69 61 70
62 60 71
71 60 69
62 72 67
62 71 72
73 68 67
73 67 72
74 72 71
71 69 74
74 73 72
69 70 75
74 69 75
75 70 76
77 68 73
74 77 73
77 78 68
74 75 79
79 75 76
74 79 77
80 78 77
79 80 77
80 81 78
79 76 82
79 82 80
83 82 76
83 84 82
82 84 85
82 85 80
81 80 85
81 85 86
87 88 89
87 90 88
90 91 88
90 92 91
92 93 91
92 94 93
94 95 93
94 96 95
96 97 95
96 98 97
98 99 97
98 100 99
100 101 99
100 102 101
102 103 101
102 104 103
104 105 103
104 106 105
106 107 105
106 108 107
109 110 111
109 111 112
113 109 112
113 112 114
115 113 114
115 114 116
117 115 116
117 116 118
119 117 118
119 118 120
121 119 120
121 120 122
123 121 122
123 122 124
125 123 124
125 124 126
127 125 126
127 126 128
129 127 128
129 128 130
131 132 133
131 133 134
134 133 135
136 131 134
136 134 137
137 134 135
138 136 137
138 137 139
139 137 135
140 138 139
140 139 141
141 139 135
142 140 141
142 141 143
143 141 135
144 142 143
144 143 145
145 143 135
146 144 145
147 145 135
146 145 147
148 147 135
149 146 147
149 147 148
150 151 152
150 153 151
153 154 151
155 153 150
155 156 153
156 154 153
157 156 155
157 158 156
158 154 156
159 158 157
159 160 158
160 154 158
161 160 159
161 162 160
162 154 160
163 162 161
163 164 162
164 154 162
165 164 163
166 154 164
165 166 164
167 154 166
168 166 165
168 167 166
169 170 171
169 172 170
173 170 172
173 172 174
174 175 173
174 176 175
175 176 177
175 177 178
178 177 179
178 179 180
179 181 180
179 182 181
183 181 182
183 182 184
185 183 184
185 186 183
187 186 185
187 188 186
189 188 187
189 187 190
190 191 189
190 192 191
192 193 191
192 194 193
193 194 195
193 195 196
196 195 197
196 197 198
197 199 198
197 200 199
199 200 201
199 201 202
201 203 202
201 204 203
204 205 203
204 206 205
205 206 207
205 207 208
209 210 211
209 212 210
213 212 209
213 209 214
215 213 214
215 216 213
217 218 219
217 219 220
220 219 221
219 222 221
219 223 222
223 224 222
225 224 223
225 226 224
226 227 224
226 228 227
229 227 228
229 228 230
230 231 229
230 232 231
232 233 231
232 234 233
235 233 234
235 234 236
237 235 236
237 238 235
239 238 237
239 237 240
241 239 240
241 242 239
241 243 242
241 244 243
244 245 243
244 246 245
246 247 245
246 248 247
248 249 247
248 250 249
251 252 253
251 253 254
255 256 257
255 258 256
259 256 258
259 258 260
261 258 255
261 255 262
263 261 262
263 262 264
265 263 264
265 264 266
265 266 267
267 266 268
269 265 267
269 267 270
269 270 271
269 271 272
273 274 275
273 275 276
275 277 276
275 278 277
278 279 277
278 280 279
279 280 281
279 281 282
279 282 283
282 284 283
282 285 284
284 285 286
284 286 287
288 287 286
288 286 289
290 288 289
290 289 291
292 290 291
292 293 290
294 293 292
294 292 295
295 296 294
297 296 295
297 298 296
299 298 297
299 297 300
299 300 301
302 303 304
302 304 305
306 302 305
306 305 307
308 306 307
308 307 309
309 310 308
309 311 310
310 311 312
310 312 313
314 313 312
314 312 315
315 316 314
315 317 316
318 316 317
318 317 319
320 318 319
320 319 321
322 320 321
322 323 320
324 323 322
324 322 325
326 327 328
326 328 329
330 326 329
331 329 328
332 330 329
331 333 329
334 332 329
333 335 329
336 334 329
335 337 329
338 336 329
337 339 329
340 338 329
339 341 329
342 340 329
341 343 329
344 342 329
343 345 329
345 344 329
346 347 348
346 348 349
350 349 348
350 351 349
351 350 352
351 352 353
352 354 353
352 355 354
355 356 354
355 357 356
356 357 358
356 358 359
360 359 358
360 361 359
362 361 360
362 360 363
364 362 363
364 363 365
366 364 365
366 367 364
367 366 368
367 368 369
369 368 370
369 370 371
370 372 371
370 373 372
373 374 372
373 375 374
374 375 376
374 376 377
376 378 377
376 379 378
378 379 380
378 380 381
381 380 382
381 382 383
382 384 383
382 385 384
386 387 388
386 388 389
390 386 389
390 391 386
392 391 390
392 390 393
394 395 396
394 397 395
397 398 395
395 398 399
395 399 400
400 399 401
402 400 401
402 401 403
403 401 404
403 404 405
406 405 404
406 407 405
407 406 408
407 408 409
409 408 410
409 410 411
412 411 410
412 413 411
414 413 412
414 412 415
416 414 415
416 417 414
418 417 416
418 416 419
418 419 420
418 420 421
421 420 422
421 422 423
423 422 424
423 424 425
425 424 426
425 426 427
428 429 430
428 430 431
432 433 434
432 434 435
436 435 434
436 437 435
438 432 435
438 439 432
440 439 438
440 441 439
442 441 440
442 443 441
442 444 443
444 445 443
446 444 442
446 447 444
446 448 447
446 449 448
450 451 452
450 453 451
451 453 454
451 454 455
455 454 456
455 456 457
456 458 457
456 459 458
456 460 459
459 460 461
459 461 462
461 463 462
461 464 463
465 463 464
465 466 463
467 466 465
467 468 466
469 468 467
469 467 470
471 469 470
471 472 469
472 471 473
474 472 473
474 473 475
476 474 475
476 477 474
476 478 477
479 480 481
479 482 480
483 482 479
483 484 482
485 484 483
485 486 484
486 485 487
486 487 488
487 489 488
487 490 489
491 489 490
491 492 489
492 491 493
492 493 494
495 494 493
495 496 494
497 496 495
497 498 496
499 498 497
499 497 500
501 499 500
501 502 499
503 504 505
503 506 504
507 506 503
508 504 506
509 506 507
508 506 510
511 506 509
510 506 512
513 506 511
512 506 514
515 506 513
514 506 516
517 506 515
516 506 518
519 506 517
518 506 520
521 506 519
520 506 522
522 506 521
523 524 525
523 525 526
527 523 526
527 526 528
529 527 528
529 528 530
531 529 530
531 530 532
533 534 535
533 536 534
537 536 533
537 538 536
539 538 537
539 540 538
541 540 539
541 542 540
543 544 545
543 545 546
546 545 547
548 543 546
546 547 549
549 547 550
548 546 551
551 546 549
549 550 552
552 550 553
554 548 551
554 555 548
551 549 556
556 549 552
554 551 556
554 556 557
555 554 558
554 557 558
555 558 559
558 560 559
558 561 560
557 561 558
561 562 560
552 553 563
563 553 564
563 564 565
563 565 566
556 552 567
567 552 563
557 556 567
557 567 568
563 566 569
567 563 569
568 567 569
569 566 570
561 571 562
557 571 561
562 571 572
571 557 572
557 568 572
562 572 573
572 574 573
569 570 575
568 569 575
576 575 570
568 575 576
576 570 577
578 576 577
568 576 578
578 577 579
574 578 579
572 580 574
568 580 572
574 580 578
580 568 578
581 582 583
581 583 584
581 584 585
586 581 585
586 585 587
588 586 587
589 588 587
590 589 587
587 585 591
592 590 587
587 591 593
592 587 593
593 594 592
593 595 594
593 596 595
591 597 593
597 596 593
597 598 596
597 599 598
599 600 598
600 601 598
602 603 604
603 605 604
603 606 605
606 603 607
606 607 608
608 607 609
608 609 610
610 609 611
610 611 612
612 611 613
612 613 614
614 613 615
614 615 616
616 615 617
616 617 618
618 617 619
618 619 620
620 619 621
620 621 622
622 621 623
622 623 624
624 623 625
624 625 626
626 625 627
626 627 628
628 627 629
627 630 629
627 631 630
632 633 634
632 635 633
636 635 632
637 633 635
636 638 635
637 635 639
639 635 638
640 637 639
639 638 641
640 639 642
642 639 641
643 640 642
642 641 644
643 642 645
645 642 644
646 643 645
646 645 647
645 644 648
647 645 648
647 648 649
647 649 650
647 650 651
646 647 652
647 651 653
647 653 652
651 654 653
653 655 652
655 656 652
653 657 655
654 657 653
654 658 657
659 660 661
659 662 660
662 663 660
662 659 664
662 665 663
666 663 665
662 664 667
665 662 667
666 665 668
669 666 668
669 668 670
668 665 671
665 667 671
670 668 672
668 671 672
670 672 673
674 673 672
671 674 672
674 675 673
664 676 667
664 677 676
667 678 671
671 678 674
667 676 678
679 675 674
678 679 674
679 680 675
677 681 676
677 682 681
683 681 682
683 682 684
685 683 684
676 686 678
676 681 686
678 686 679
686 681 683
680 679 687
680 687 688
679 686 689
679 689 687
686 683 689
690 688 687
689 690 687
690 691 688
685 692 683
692 685 693
683 694 689
683 692 694
689 694 690
691 690 695
691 695 696
695 697 696
692 693 698
694 692 698
690 694 699
690 699 695
694 698 699
695 700 697
699 700 695
693 701 698
693 702 701
703 701 702
698 704 699
698 701 704
699 704 700
703 705 701
704 701 705
706 705 703
697 700 707
697 707 708
700 704 709
704 705 709
700 709 707
706 710 705
709 705 710
710 706 711
708 707 712
708 712 713
714 713 712
707 709 715
707 715 712
709 710 715
714 712 716
716 712 715
717 715 710
716 715 717
710 711 718
717 710 718
711 719 718
719 717 718
711 720 719
719 720 721
722 714 716
722 723 714
724 716 717
719 724 717
724 722 716
719 721 725
724 719 725
725 721 726
723 722 727
723 727 728
729 728 727
722 724 730
724 725 730
722 730 727
729 727 731
731 727 730
732 729 731
725 726 733
730 725 733
731 730 734
730 733 734
732 731 735
735 731 734
726 736 733
726 737 736
733 738 734
735 734 738
736 739 733
733 739 738
740 739 736
741 732 735
741 742 732
743 735 738
739 743 738
743 741 735
740 744 739
739 744 743
744 740 745
742 741 746
742 746 747
746 748 747
743 744 749
744 745 749
741 743 750
741 750 746
743 749 750
746 751 748
750 751 746
745 752 749
745 753 752
749 754 750
749 752 754
750 754 751
755 752 753
754 752 755
755 753 756
748 751 757
748 757 758
751 754 759
751 759 757
754 755 759
760 758 757
759 760 757
760 761 758
755 762 759
759 762 760
763 755 756
755 763 762
761 760 764
761 764 765
766 763 756
766 756 767
768 763 766
762 763 769
768 769 763
770 769 768
770 768 771
772 770 771
760 762 773
762 769 773
760 773 764
773 769 770
765 764 774
765 774 775
774 776 775
764 773 777
764 777 774
773 770 777
772 778 770
778 772 779
774 780 776
777 780 774
770 781 777
770 778 781
777 781 780
778 779 782
781 778 782
783 782 779
783 784 782
781 782 785
784 785 782
780 781 785
784 786 785
776 780 787
780 785 787
787 785 786
776 787 788
787 786 789
788 787 789
788 789 790
791 792 793
791 794 792
791 795 794
791 796 795
795 796 797
796 791 798
791 799 798
796 800 797
796 801 800
796 802 801
796 798 802
803 802 798
803 804 802
802 804 805
802 805 801
801 805 806
801 806 807
801 807 808
801 808 809
801 809 810
800 801 810
800 811 797
800 810 812
811 800 813
812 813 800
811 813 814
812 815 813
813 816 814
813 815 817
813 817 816
818 819 820
818 820 821
821 820 822
823 818 821
823 824 818
821 822 825
823 821 825
825 822 826
827 824 823
827 828 824
828 827 829
823 825 830
827 823 830
825 826 831
830 825 831
832 831 826
829 827 833
827 830 833
829 833 834
832 835 831
836 835 832
830 831 837
833 830 837
835 837 831
834 833 838
833 837 838
834 838 839
839 838 840
837 840 838
839 840 841
836 842 835
843 842 836
835 844 837
837 844 840
842 844 835
841 840 845
844 845 840
841 845 846
845 847 846
843 848 842
849 848 843
842 850 844
844 850 845
848 850 842
845 850 851
848 851 850
845 851 847
849 852 848
852 851 848
853 852 849
853 854 852
855 854 853
852 856 851
854 856 852
851 857 847
851 856 857
855 858 854
859 858 855
860 847 857
847 860 861
854 862 856
858 862 854
856 863 857
860 857 863
856 862 863
864 861 860
860 863 864
864 865 861
859 866 858
867 866 859
858 868 862
866 868 858
862 869 863
864 863 869
862 868 869
870 865 864
864 869 870
870 871 865
867 872 866
873 872 867
873 874 872
866 875 868
872 875 866
868 876 869
870 869 876
868 875 876
871 870 877
870 876 877
871 877 878
874 879 872
872 879 875
879 876 875
874 880 879
879 881 876
881 879 880
877 876 881
881 880 882
878 877 883
877 881 883
883 881 882
878 883 884
882 884 883
885 886 887
888 885 887
888 889 885
888 890 889
888 891 890
891 892 890
892 891 893
890 892 894
891 895 893
895 896 893
895 897 896
898 890 894
898 894 899
898 899 900
901 902 903
901 904 902
905 904 901
905 906 904
907 902 904
907 904 906
907 908 902
909 908 907
907 906 910
909 907 911
911 907 910
911 910 912
913 914 915
913 915 916
916 915 917
916 917 918
917 919 918
917 920 919
917 921 920
920 921 922
920 922 923
923 922 924
925 923 924
925 924 926
927 928 929
927 930 928
931 930 927
928 930 932
928 932 933
934 933 932
934 932 935
935 932 936
936 932 930
935 936 937
931 938 930
936 930 938
937 936 939
939 936 938
937 939 940
939 941 940
942 938 931
939 938 942
942 931 943
944 942 943
939 945 941
945 939 942
944 946 942
945 942 946
947 946 944
941 945 948
948 945 946
941 948 949
949 948 950
949 950 951
950 952 951
950 953 952
954 953 950
948 946 955
947 955 946
950 948 955
954 950 956
950 955 956
956 955 947
957 954 956
956 947 958
957 956 958
959 960 961
959 962 960
963 962 959
964 960 962
965 960 964
963 966 962
967 966 963
967 968 966
968 969 966
966 969 962
962 969 964
964 969 970
964 970 971
965 964 972
964 971 972
973 965 972
973 972 974
971 974 972
975 973 974
975 974 976
971 976 974
975 976 977
971 977 976
975 977 978
977 979 978
977 980 979
971 980 977
980 981 979
970 982 971
971 982 980
980 982 981
970 983 982
982 984 981
982 983 984
985 981 984
985 984 986
984 983 987
986 984 987
987 983 988
986 987 989
989 987 988
989 988 990
991 992 993
991 994 992
994 995 992
994 996 995
997 995 996
997 996 998
999 1000 1001
999 1002 1000
1003 1000 1002
1003 1004 1000
1005 1000 1004
1005 1004 1006
1007 1004 1003
1007 1003 1008
1009 1010 1011
1009 1012 1010
1013 1012 1009
1013 1014 1012
1015 1014 1013
1015 1016 1014
1016 1017 1014
1018 1017 1016
1018 1019 1017
1020 1019 1018
1021 1020 1018
1021 1018 1022
1023 1024 1025
1023 1026 1024
1023 1027 1026
1027 1023 1028
1027 1028 1029
1027 1029 1030
1030 1029 1031
1030 1031 1032
1032 1033 1030
1032 1034 1033
1030 1035 1027
1030 1033 1035
1036 1026 1027
1036 1027 1035
1037 1026 1036
1026 1037 1038
1039 1038 1037
1039 1037 1040
1034 1041 1033
1034 1042 1041
1042 1043 1041
1041 1043 1044
1042 1045 1043
1043 1045 1046
1033 1041 1047
1033 1047 1035
1041 1044 1047
1048 1035 1047
1048 1047 1044
1048 1036 1035
1036 1048 1049
1049 1048 1044
1037 1050 1040
1050 1051 1040
1051 1050 1052
1037 1036 1053
1036 1049 1053
1054 1050 1037
1054 1037 1053
1050 1054 1052
1055 1053 1049
1055 1054 1053
1056 1049 1044
1056 1044 1057
1058 1049 1056
1055 1049 1058
1057 1044 1059
1060 1055 1058
1059 1044 1043
1055 1060 1061
1059 1043 1062
1063 1055 1061
1063 1054 1055
1064 1063 1061
1062 1043 1065
1066 1062 1065
1043 1046 1065
1067 1066 1065
1065 1046 1068
1069 1067 1065
1065 1068 1069
1067 1069 1070
1063 1071 1054
1054 1071 1052
1064 1072 1063
1070 1069 1072
1073 1072 1064
1070 1072 1073
1068 1074 1069
1068 1075 1074
1076 1074 1075
1077 1063 1072
1071 1063 1077
1078 1072 1069
1078 1069 1074
1077 1072 1078
1071 1079 1052
1052 1079 1080
1080 1079 1081
1076 1082 1074
1082 1078 1074
1071 1077 1083
1079 1071 1083
1079 1084 1081
1079 1083 1084
1084 1085 1081
1086 1077 1078
1086 1083 1077
1085 1084 1087
1085 1087 1088
1088 1087 1089
1088 1089 1090
1089 1091 1090
1092 1084 1083
1092 1087 1084
1086 1092 1083
1089 1087 1092
1086 1078 1093
1082 1093 1078
1094 1092 1086
1093 1094 1086
1089 1092 1094
1093 1095 1094
1082 1095 1093
1095 1089 1094
1089 1096 1091
1095 1096 1089
1097 1091 1096
1082 1098 1095
1098 1096 1095
1098 1082 1076
1098 1076 1099
1100 1098 1099
1097 1096 1101
1098 1101 1096
1100 1101 1098
1102 1097 1101
1102 1101 1100
1103 1104 1105
1105 1104 1106
1106 1104 1107
1106 1107 1108
1108 1107 1109
1107 1110 1109
1110 1111 1109
1111 1110 1112
1111 1112 1113
1112 1110 1114
1113 1112 1115
1112 1114 1116
1115 1112 1117
1112 1116 1117
1115 1117 1118
1116 1119 1117
1117 1119 1118
1116 1120 1119
1118 1119 1121
1119 1120 1122
1121 1119 1123
1119 1122 1123
1123 1122 1124
1121 1123 1125
1123 1124 1126
1125 1123 1126
1125 1126 1127
1128 1129 1130
1128 1130 1131
1132 1128 1131
1133 1131 1130
1132 1131 1134
1133 1135 1131
1135 1134 1131
1136 1135 1133
1135 1137 1134
1136 1138 1135
1138 1137 1135
1139 1138 1136
1138 1140 1137
1139 1141 1138
1141 1140 1138
1142 1141 1139
1142 1143 1141
1141 1144 1140
1143 1144 1141
1143 1145 1144
1143 1146 1145
1143 1147 1146
1142 1148 1143
1143 1149 1147
1143 1148 1149
1147 1149 1150
1149 1148 1151
1151 1148 1152
1149 1151 1153
1150 1149 1153
1150 1153 1154
1155 1156 1157
1155 1157 1158
1158 1157 1159
1158 1160 1155
1158 1159 1161
1162 1161 1159
1158 1163 1160
1161 1163 1158
1162 1164 1161
1165 1164 1162
1165 1166 1164
1164 1167 1161
1161 1167 1163
1166 1168 1164
1164 1168 1167
1166 1169 1168
1170 1168 1169
1167 1168 1170
1170 1169 1171
1160 1163 1172
1160 1172 1173
1163 1167 1174
1167 1170 1174
1163 1174 1172
1175 1170 1171
1174 1170 1175
1175 1171 1176
1173 1172 1177
1173 1177 1178
1179 1178 1177
1179 1180 1178
1181 1180 1179
1172 1174 1182
1172 1182 1177
1174 1175 1182
1182 1179 1177
1176 1183 1175
1176 1184 1183
1175 1185 1182
1175 1183 1185
1182 1185 1179
1186 1183 1184
1185 1183 1186
1186 1184 1187
1181 1179 1188
1188 1189 1181
1179 1185 1190
1179 1190 1188
1185 1186 1190
1187 1191 1186
1187 1192 1191
1191 1192 1193
1188 1194 1189
1190 1194 1188
1186 1195 1190
1186 1191 1195
1190 1195 1194
1191 1193 1196
1195 1191 1196
1189 1194 1197
1189 1197 1198
1199 1198 1197
1194 1195 1200
1194 1200 1197
1195 1196 1200
1199 1197 1201
1200 1201 1197
1202 1199 1201
1193 1203 1196
1193 1204 1203
1196 1205 1200
1200 1205 1201
1196 1203 1205
1202 1201 1206
1205 1206 1201
1206 1207 1202
1204 1208 1203
1204 1209 1208
1210 1208 1209
1203 1211 1205
1203 1208 1211
1205 1211 1206
1210 1212 1208
1212 1211 1208
1213 1206 1211
1212 1213 1211
1206 1214 1207
1213 1214 1206
1207 1214 1215
1215 1214 1213
1207 1215 1216
1215 1217 1216
1218 1212 1210
1218 1210 1219
1220 1213 1212
1215 1213 1220
1220 1212 1218
1215 1221 1217
1220 1221 1215
1221 1222 1217
1219 1223 1218
1219 1224 1223
1225 1223 1224
1218 1226 1220
1220 1226 1221
1218 1223 1226
1225 1227 1223
1227 1226 1223
1228 1227 1225
1221 1229 1222
1226 1229 1221
1227 1230 1226
1226 1230 1229
1228 1231 1227
1231 1230 1227
1222 1229 1232
1222 1232 1233
1229 1230 1234
1231 1234 1230
1232 1229 1235
1229 1234 1235
1236 1232 1235
1237 1231 1228
1237 1228 1238
1239 1234 1231
1235 1234 1239
1239 1231 1237
1236 1235 1240
1235 1239 1240
1240 1241 1236
1238 1242 1237
1238 1243 1242
1242 1243 1244
1239 1245 1240
1240 1245 1241
1237 1246 1239
1237 1242 1246
1239 1246 1245
1242 1244 1247
1246 1242 1247
1241 1245 1248
1241 1248 1249
1245 1246 1250
1245 1250 1248
1246 1247 1250
1251 1249 1248
1250 1251 1248
1251 1252 1249
1244 1253 1247
1244 1254 1253
1247 1255 1250
1247 1253 1255
1250 1255 1251
1256 1253 1254
1255 1253 1256
1256 1254 1257
1251 1255 1258
1255 1256 1258
1259 1252 1251
1251 1258 1259
1257 1260 1256
1257 1261 1260
1262 1252 1259
1262 1263 1252
1264 1262 1259
1258 1265 1259
1264 1259 1265
1266 1264 1265
1266 1267 1264
1268 1267 1266
1256 1269 1258
1258 1269 1265
1256 1260 1269
1269 1266 1265
1261 1270 1260
1261 1271 1270
1270 1271 1272
1260 1273 1269
1260 1270 1273
1269 1273 1266
1268 1266 1274
1274 1275 1268
1270 1272 1276
1273 1270 1276
1266 1273 1277
1266 1277 1274
1273 1276 1277
1274 1278 1275
1277 1278 1274
1279 1275 1278
1279 1278 1280
1277 1281 1278
1280 1278 1281
1276 1281 1277
1280 1281 1282
1272 1283 1276
1276 1283 1281
1283 1282 1281
1272 1284 1283
1283 1285 1282
1284 1285 1283
1284 1286 1285
1287 1288 1289
1287 1289 1290
1287 1290 1291
1287 1291 1292
1291 1293 1292
1292 1294 1287
1287 1294 1295
1292 1293 1296
1292 1296 1297
1292 1297 1298
1292 1298 1294
1299 1294 1298
1299 1298 1300
1298 1301 1300
1298 1297 1301
1297 1302 1301
1297 1303 1302
1297 1304 1303
1297 1305 1304
1297 1306 1305
1296 1306 1297
1296 1293 1307
1296 1308 1306
1307 1309 1296
1308 1296 1309
1307 1310 1309
1308 1309 1311
1309 1310 1312
1309 1313 1311
1309 1312 1313
1314 1315 1316
1317 1315 1314
1317 1314 1318
1317 1318 1319
1317 1319 1320
1320 1319 1321
1321 1322 1320
1319 1323 1321
1320 1322 1324
1324 1322 1325
1324 1325 1326
1327 1323 1319
1327 1328 1323
1327 1329 1328
1330 1331 1332
1330 1332 1333
1334 1330 1333
1334 1333 1335
1336 1333 1332
1336 1335 1333
1336 1332 1337
1338 1336 1337
1336 1339 1335
1338 1340 1336
1340 1339 1336
1340 1341 1339
1342 1343 1344
1342 1345 1343
1345 1346 1343
1345 1347 1346
1346 1347 1348
1346 1348 1349
1346 1349 1350
1349 1351 1350
1349 1352 1351
1352 1353 1351
1354 1353 1352
1354 1355 1353
1356 1357 1358
1356 1358 1359
1360 1356 1359
1358 1361 1359
1358 1362 1361
1363 1361 1362
1363 1364 1361
1364 1365 1361
1365 1359 1361
1364 1366 1365
1360 1359 1367
1365 1367 1359
1366 1368 1365
1368 1367 1365
1366 1369 1368
1368 1369 1370
1371 1360 1367
1368 1371 1367
1371 1372 1360
1373 1372 1371
1368 1370 1374
1374 1371 1368
1373 1371 1375
1374 1375 1371
1376 1373 1375
1370 1377 1374
1377 1375 1374
1370 1378 1377
1378 1379 1377
1378 1380 1379
1379 1380 1381
1379 1381 1382
1383 1379 1382
1377 1384 1375
1376 1375 1384
1379 1384 1377
1383 1385 1379
1379 1385 1384
1385 1376 1384
1386 1385 1383
1385 1387 1376
1386 1387 1385
1388 1389 1390
1388 1390 1391
1392 1388 1391
1393 1391 1390
1394 1393 1390
1392 1391 1395
1396 1392 1395
1396 1395 1397
1397 1395 1398
1395 1391 1398
1391 1393 1398
1393 1399 1398
1393 1400 1399
1394 1401 1393
1393 1401 1400
1402 1401 1394
1402 1403 1401
1400 1401 1403
1404 1403 1402
1404 1405 1403
1400 1403 1405
1404 1406 1405
1400 1405 1406
1404 1407 1406
1406 1407 1408
1406 1408 1409
1400 1406 1409
1409 1408 1410
1399 1400 1411
1400 1409 1411
1409 1410 1411
1399 1411 1412
1411 1410 1413
1411 1413 1412
1414 1413 1410
1414 1415 1413
1413 1416 1412
1415 1416 1413
1416 1417 1412
1415 1418 1416
1418 1417 1416
1418 1419 1417
1420 1421 1422
1420 1422 1423
1423 1422 1424
1423 1424 1425
1426 1425 1424
1426 1427 1425
1428 1429 1430
1428 1430 1431
1432 1431 1430
1432 1430 1433
1434 1433 1430
1434 1435 1433
1436 1432 1433
1436 1437 1432
1438 1439 1440
1438 1440 1441
1442 1438 1441
1442 1441 1443
1444 1442 1443
1444 1443 1445
1445 1443 1446
1447 1445 1446
1447 1446 1448
1449 1447 1448
1450 1447 1449
1450 1451 1447
1452 1453 1454
1452 1454 1455
1452 1455 1456
1456 1457 1452
1456 1458 1457
1456 1459 1458
1459 1460 1458
1459 1461 1460
1461 1459 1462
1461 1462 1463
1459 1456 1464
1459 1464 1462
1465 1456 1455
1465 1464 1456
1466 1465 1455
1455 1467 1466
1468 1466 1467
1468 1469 1466
1463 1462 1470
1463 1470 1471
1471 1470 1472
1470 1473 1472
1471 1472 1474
1472 1475 1474
1462 1476 1470
1470 1476 1473
1462 1464 1476
1477 1476 1464
1477 1473 1476
1477 1464 1465
1465 1478 1477
1478 1473 1477
1466 1469 1479
1479 1469 1480
1480 1481 1479
1466 1482 1465
1465 1482 1478
1483 1466 1479
1483 1482 1466
1479 1481 1483
1484 1478 1482
1484 1482 1483
1485 1473 1478
1485 1486 1473
1487 1485 1478
1487 1478 1484
1486 1488 1473
1489 1487 1484
1488 1472 1473
1490 1489 1484
1488 1491 1472
1492 1490 1484
1492 1484 1483
1493 1490 1492
1494 1472 1491
1472 1494 1475
1495 1494 1491
1494 1495 1496
1494 1497 1475
1498 1494 1496
1494 1498 1497
1496 1499 1498
1492 1483 1500
1483 1481 1500
1493 1492 1501
1499 1501 1498
1502 1493 1501
1499 1502 1501
1497 1498 1503
1497 1503 1504
1505 1504 1503
1506 1501 1492
1500 1506 1492
1507 1498 1501
1507 1503 1498
1506 1507 1501
1500 1481 1508
1481 1509 1508
1509 1510 1508
1505 1503 1511
1511 1503 1507
1500 1512 1506
1508 1512 1500
1508 1510 1513
1508 1513 1512
1513 1510 1514
1515 1507 1506
1515 1506 1512
1514 1516 1513
1514 1517 1516
1517 1518 1516
1517 1519 1518
1518 1519 1520
1521 1512 1513
1521 1513 1516
1515 1512 1521
1518 1521 1516
1515 1522 1507
1511 1507 1522
1523 1515 1521
1522 1515 1523
1518 1523 1521
1522 1523 1524
1511 1522 1524
1524 1523 1518
1518 1520 1525
1524 1518 1525
1526 1525 1520
1511 1524 1527
1527 1524 1525
1527 1505 1511
1527 1528 1505
1529 1528 1527
1526 1530 1525
1527 1525 1530
1529 1527 1530
1531 1530 1526
1531 1529 1530
1532 1533 1534
1533 1535 1534
1535 1536 1534
1535 1537 1536
1537 1538 1536
1536 1538 1539
1539 1538 1540
1540 1541 1539
1540 1542 1541
1541 1543 1539
1542 1544 1541
1541 1545 1543
1544 1546 1541
1541 1546 1545
1544 1547 1546
1545 1546 1548
1546 1547 1548
1545 1548 1549
1547 1550 1548
1548 1551 1549
1550 1552 1548
1548 1552 1551
1552 1553 1551
1550 1554 1552
1552 1555 1553
1554 1555 1552
1554 1556 1555
1557 1558 1559
1558 1560 1559
1561 1560 1558
1561 1558 1562
1563 1561 1562
1564 1559 1560
1564 1565 1559
1566 1560 1561
1566 1564 1560
1563 1567 1561
1567 1566 1561
1565 1564 1568
1565 1568 1569
1570 1567 1563
1570 1563 1571
1572 1570 1571
1572 1573 1570
1574 1573 1572
1575 1567 1570
1573 1575 1570
1564 1566 1576
1564 1576 1568
1569 1568 1577
1569 1577 1578
1567 1579 1566
1575 1579 1567
1566 1579 1580
1566 1580 1576
1568 1576 1581
1568 1581 1577
1582 1578 1577
1582 1583 1578
1576 1584 1581
1576 1580 1584
1577 1581 1585
1577 1585 1582
1584 1585 1581
1579 1586 1580
1579 1575 1586
1587 1583 1582
1583 1587 1588
1589 1588 1587
1590 1587 1582
1589 1587 1590
1590 1582 1585
1591 1589 1590
1591 1590 1592
1592 1590 1585
1592 1593 1591
1580 1594 1584
1580 1586 1594
1584 1595 1585
1592 1585 1595
1594 1595 1584
1592 1596 1593
1596 1592 1595
1596 1597 1593
1594 1598 1595
1596 1595 1598
1596 1599 1597
1599 1596 1598
1600 1597 1599
1586 1601 1594
1601 1598 1594
1599 1598 1602
1599 1602 1600
1601 1602 1598
1586 1603 1601
1575 1603 1586
1604 1602 1601
1604 1600 1602
1603 1604 1601
1575 1605 1603
1573 1605 1575
1606 1600 1604
1606 1607 1600
1608 1607 1606
1603 1609 1604
1605 1609 1603
1610 1605 1573
1574 1610 1573
1608 1606 1611
1612 1608 1611
1606 1604 1613
1609 1613 1604
1605 1614 1609
1610 1614 1605
1615 1610 1574
1615 1574 1616
1617 1606 1613
1617 1611 1606
1609 1618 1613
1614 1618 1609
1618 1617 1613
1619 1614 1610
1614 1619 1618
1619 1610 1615
1612 1611 1620
1621 1612 1620
1622 1615 1616
1622 1616 1623
1624 1622 1623
1618 1625 1617
1619 1625 1618
1626 1611 1617
1626 1620 1611
1625 1626 1617
1621 1620 1627
1627 1620 1626
1628 1621 1627
1629 1619 1615
1629 1615 1622
1619 1629 1625
1624 1630 1622
1630 1629 1622
1625 1631 1626
1629 1631 1625
1628 1627 1632
1633 1628 1632
1632 1634 1633
1627 1626 1635
1632 1627 1635
1635 1626 1631
1632 1636 1634
1632 1635 1636
1636 1637 1634
1629 1638 1631
1630 1638 1629
1635 1631 1639
1636 1635 1639
1639 1631 1638
1636 1640 1637
1636 1639 1640
1639 1638 1641
1641 1638 1630
1640 1639 1641
1637 1640 1642
1640 1641 1642
1637 1642 1643
1641 1630 1644
1642 1641 1644
1644 1630 1624
1644 1624 1645
1643 1642 1646
1642 1644 1646
1646 1644 1645
1643 1646 1647
1646 1645 1648
1647 1646 1649
1646 1648 1649
1650 1651 1652
1650 1652 1653
1653 1652 1654
1653 1654 1655
1654 1656 1655
1654 1657 1656
1658 1656 1657
1658 1659 1656
1660 1659 1658
1660 1661 1659
1662 1661 1660
1662 1663 1661
1664 1663 1662
1664 1665 1663
1666 1665 1664
1666 1664 1667
1668 1666 1667
1668 1669 1666
1670 1669 1668
1670 1668 1671
1672 1670 1671
1672 1673 1670
1674 1673 1672
1674 1675 1673
1676 1677 1678
1676 1678 1679
1679 1678 1680
1679 1680 1681
1680 1682 1681
1680 1683 1682
1682 1683 1684
1682 1684 1685
1684 1686 1685
1684 1687 1686
1687 1688 1686
1687 1689 1688
1688 1689 1690
1688 1690 1691
1691 1690 1692
1691 1692 1693
1693 1692 1694
1693 1694 1695
1695 1694 1696
1695 1696 1697
1697 1696 1698
1697 1698 1699
1698 1700 1699
1698 1701 1700
1702 1703 1704
1702 1705 1703
1706 1705 1702
1706 1707 1705
1708 1707 1706
1708 1709 1707
1710 1709 1708
1710 1711 1709
1712 1711 1710
1712 1713 1711
1714 1713 1712
1714 1715 1713
1716 1715 1714
1716 1717 1715
1718 1717 1716
1718 1719 1717
1720 1719 1718
1720 1721 1719
1722 1721 1720
1722 1723 1721
1724 1723 1722
1724 1725 1723
1726 1725 1724
1726 1727 1725
1728 1729 1730
1728 1731 1729
1728 1732 1731
1728 1733 1732
1733 1734 1732
1733 1735 1734
1735 1736 1734
1735 1737 1736
1736 1737 1738
1736 1738 1739
1738 1740 1739
1738 1741 1740
1741 1742 1740
1741 1743 1742
1743 1744 1742
1743 1745 1744
1746 1744 1745
1746 1747 1744
1746 1748 1747
1746 1749 1748
1748 1749 1750
1748 1750 1751
1752 1753 1754
1752 1755 1753
1755 1756 1753
1755 1757 1756
1757 1758 1756
1757 1759 1758
1759 1757 1760
1758 1759 1761
1758 1761 1762
1761 1763 1762
1764 1759 1760
1765 1764 1760
1766 1761 1759
1766 1759 1764
1765 1767 1764
1764 1767 1766
1767 1765 1768
1761 1769 1763
1769 1761 1766
1767 1770 1766
1769 1766 1770
1767 1768 1771
1771 1768 1772
1763 1769 1773
1763 1773 1774
1767 1775 1770
1775 1767 1771
1771 1772 1776
1776 1772 1777
1769 1770 1778
1769 1778 1773
1774 1773 1779
1774 1779 1780
1779 1781 1780
1773 1782 1779
1773 1778 1782
1779 1783 1781
1782 1783 1779
1783 1784 1781
1770 1785 1778
1770 1775 1785
1778 1786 1782
1778 1785 1786
1782 1787 1783
1786 1787 1782
1783 1788 1784
1788 1789 1784
1790 1783 1787
1790 1788 1783
1775 1791 1785
1785 1792 1786
1785 1791 1792
1786 1793 1787
1792 1793 1786
1794 1790 1787
1794 1787 1793
1775 1795 1791
1775 1771 1795
1776 1795 1771
1788 1796 1789
1788 1790 1797
1788 1797 1796
1796 1798 1789
1798 1799 1789
1800 1798 1796
1800 1796 1797
1801 1800 1797
1790 1802 1797
1801 1797 1802
1790 1794 1802
1801 1802 1803
1801 1803 1804
1794 1805 1802
1802 1805 1803
1794 1806 1805
1806 1794 1793
1807 1803 1805
1806 1807 1805
1807 1808 1803
1809 1808 1807
1806 1793 1810
1792 1810 1793
1809 1807 1811
1812 1809 1811
1806 1813 1807
1813 1806 1810
1807 1813 1811
1810 1792 1814
1791 1814 1792
1813 1810 1815
1810 1814 1815
1813 1815 1816
1814 1816 1815
1811 1813 1817
1813 1816 1817
1812 1811 1818
1811 1817 1818
1819 1812 1818
1817 1819 1818
1819 1820 1812
1791 1821 1814
1795 1821 1791
1819 1822 1820
1823 1820 1822
1824 1822 1819
1819 1825 1824
1819 1826 1825
1817 1826 1819
1826 1827 1825
1817 1828 1826
1826 1828 1827
1828 1829 1827
1830 1829 1828
1829 1830 1831
1817 1816 1828
1830 1828 1816
1831 1830 1832
1830 1833 1832
1830 1816 1834
1814 1834 1816
1821 1834 1814
1835 1833 1830
1835 1836 1833
1837 1830 1834
1821 1837 1834
1837 1835 1830
1838 1836 1835
1838 1839 1836
1840 1837 1821
1795 1840 1821
1776 1840 1795
1841 1835 1837
1840 1841 1837
1841 1838 1835
1842 1840 1776
1842 1841 1840
1838 1841 1842
1776 1777 1842
1842 1777 1843
1839 1838 1844
1838 1842 1844
1842 1843 1844
1839 1844 1845
1844 1843 1846
1844 1846 1845
1847 1848 1849
1847 1849 1850
1851 1847 1850
1851 1850 1852
1853 1851 1852
1853 1854 1851
1853 1852 1855
1856 1854 1853
1857 1853 1855
1857 1858 1853
1859 1857 1855
1856 1853 1860
1860 1853 1858
1861 1856 1860
1859 1862 1857
1862 1858 1857
1861 1860 1863
1863 1864 1861
1859 1865 1862
1859 1866 1865
1867 1865 1866
1862 1865 1868
1868 1865 1867
1862 1868 1869
1862 1869 1858
1870 1869 1868
1867 1870 1868
1870 1871 1869
1871 1858 1869
1860 1858 1872
1863 1860 1872
1863 1873 1864
1874 1864 1873
1874 1873 1875
1876 1875 1873
1863 1877 1873
1876 1873 1877
1878 1870 1867
1878 1871 1870
1871 1879 1858
1872 1858 1879
1863 1872 1880
1863 1880 1877
1876 1877 1881
1876 1881 1882
1882 1881 1883
1882 1883 1884
1878 1885 1871
1885 1879 1871
1880 1872 1886
1872 1879 1886
1877 1880 1887
1877 1887 1881
1880 1886 1887
1881 1887 1888
1881 1888 1883
1883 1889 1884
1890 1884 1889
1890 1889 1891
1891 1889 1892
1892 1889 1883
1891 1892 1893
1886 1879 1894
1885 1894 1879
1887 1886 1895
1887 1895 1888
1886 1894 1896
1896 1894 1885
1886 1896 1895
1895 1896 1897
1896 1885 1898
1897 1896 1898
1899 1893 1892
1899 1900 1893
1901 1898 1885
1901 1885 1878
1867 1901 1878
1902 1898 1901
1902 1901 1867
1902 1903 1898
1897 1898 1903
1867 1904 1902
1904 1903 1902
1905 1904 1867
1904 1906 1903
1905 1906 1904
1897 1903 1906
1905 1907 1906
1908 1906 1907
1897 1906 1908
1908 1907 1909
1908 1909 1910
1908 1910 1897
1910 1909 1911
1910 1912 1897
1912 1895 1897
1910 1911 1913
1913 1911 1914
1915 1912 1910
1915 1910 1913
1916 1895 1912
1915 1916 1912
1888 1895 1916
1913 1914 1917
1917 1914 1918
1917 1918 1919
1920 1913 1917
1920 1917 1919
1920 1915 1913
1920 1919 1921
1922 1920 1921
1922 1923 1920
1923 1915 1920
1924 1923 1922
1925 1888 1916
1883 1888 1925
1915 1926 1916
1923 1926 1915
1926 1925 1916
1924 1927 1923
1927 1926 1923
1883 1925 1928
1892 1883 1928
1926 1929 1925
1929 1928 1925
1927 1929 1926
1892 1928 1930
1929 1930 1928
1930 1929 1927
1892 1930 1899
1924 1931 1927
1930 1927 1931
1899 1930 1931
1924 1932 1931
1899 1931 1933
1932 1933 1931
1900 1899 1933
1900 1933 1934
1934 1933 1935
1932 1935 1933
1935 1932 1936
1935 1936 1937
1936 1938 1937
1938 1939 1937
1940 1941 1942
1940 1942 1943
1943 1942 1944
1943 1944 1945
1946 1945 1944
1946 1947 1945
1948 1947 1946
1948 1949 1947
1950 1949 1948
1950 1951 1949
1952 1951 1950
1952 1953 1951
1954 1955 1956
1954 1957 1955
1958 1957 1954
1959 1955 1957
1958 1960 1957
1961 1960 1958
1959 1957 1962
1962 1957 1960
1963 1959 1962
1961 1964 1960
1965 1964 1961
1963 1962 1966
1967 1963 1966
1962 1960 1968
1968 1960 1964
1966 1962 1968
1965 1969 1964
1970 1969 1965
1967 1966 1971
1972 1967 1971
1966 1968 1973
1971 1966 1973
1968 1964 1974
1974 1964 1969
1973 1968 1974
1970 1975 1969
1976 1975 1970
1972 1971 1977
1978 1972 1977
1971 1973 1979
1977 1971 1979
1974 1969 1980
1980 1969 1975
1973 1974 1981
1979 1973 1981
1981 1974 1980
1976 1982 1975
1983 1982 1976
1978 1977 1984
1985 1978 1984
1985 1984 1986
1977 1979 1987
1984 1977 1987
1986 1984 1988
1984 1987 1988
1989 1986 1988
1979 1981 1990
1987 1979 1990
1980 1975 1991
1991 1975 1982
1981 1980 1992
1990 1981 1992
1992 1980 1991
1993 1989 1988
1993 1994 1989
1995 1988 1987
1987 1990 1995
1995 1993 1988
1990 1992 1996
1995 1990 1996
1992 1991 1997
1996 1992 1997
1991 1982 1998
1991 1998 1997
1994 1993 1999
1994 1999 2000
2001 1993 1995
1995 1996 2001
2001 1999 1993
1996 1997 2002
2001 1996 2002
2000 1999 2003
2000 2003 2004
2004 2003 2005
1999 2001 2006
2001 2002 2006
1999 2006 2003
2002 1997 2007
1998 2007 1997
2005 2003 2008
2005 2008 2009
2010 2009 2008
2006 2002 2011
2002 2007 2011
2003 2006 2012
2003 2012 2008
2006 2011 2012
2010 2008 2013
2010 2013 2014
2012 2015 2008
2015 2013 2008
2013 2016 2014
2016 2013 2015
2016 2017 2014
2017 2016 2018
2011 2019 2012
2019 2015 2012
2007 2020 2011
2020 2019 2011
2016 2015 2021
2021 2015 2019
2016 2022 2018
2021 2022 2016
2018 2022 2023
2022 2024 2023
2023 2024 2025
2026 2020 2007
1998 2026 2007
2021 2019 2027
2020 2027 2019
2021 2028 2022
2028 2024 2022
2024 2029 2025
2025 2029 2030
2031 2028 2021
2031 2021 2027
2028 2032 2024
2032 2029 2024
2032 2028 2031
2029 2033 2030
2033 2034 2030
2032 2035 2029
2035 2033 2029
2033 2036 2034
2036 2037 2034
2036 2038 2037
2036 2039 2038
2040 2036 2033
2035 2040 2033
2035 2032 2041
2032 2031 2041
2036 2042 2039
2040 2042 2036
2040 2035 2043
2035 2041 2043
2044 2041 2031
2044 2043 2041
2045 2039 2042
2045 2046 2039
2047 2042 2040
2040 2043 2047
2047 2045 2042
2048 2046 2045
2048 2049 2046
2050 2047 2043
2044 2050 2043
2051 2045 2047
2051 2048 2045
2050 2051 2047
2044 2031 2052
2052 2031 2027
2053 2049 2048
2053 2054 2049
2055 2050 2044
2055 2044 2052
2056 2051 2050
2055 2056 2050
2057 2048 2051
2057 2053 2048
2056 2057 2051
2052 2027 2058
2020 2058 2027
2059 2054 2053
2059 2060 2054
2061 2060 2059
2061 2059 2062
2063 2059 2053
2062 2059 2063
2063 2053 2057
2062 2063 2064
2065 2063 2057
2064 2063 2065
2065 2057 2056
2064 2065 2066
2067 2065 2056
2066 2065 2067
2066 2067 2068
2067 2056 2055
2068 2067 2069
2069 2067 2055
2068 2069 2070
2069 2055 2071
2055 2052 2071
2071 2052 2058
2071 2058 2072
2069 2071 2072
2020 2072 2058
2020 2026 2072
2070 2069 2073
2069 2072 2073
2026 2073 2072
2070 2073 2074
2026 2075 2073
2075 2074 2073
1998 2075 2026
2075 1983 2074
1998 1982 2075
1983 2075 1982
2076 2077 2078
2076 2079 2077
2079 2080 2077
2079 2076 2081
2079 2082 2080
2082 2083 2080
2082 2084 2083
2084 2085 2083
2084 2086 2085
2086 2087 2085
2086 2088 2087
2089 2088 2086
2089 2086 2084
2089 2090 2088
2091 2090 2089
2082 2092 2084
2089 2084 2092
2079 2093 2082
2082 2093 2092
2079 2081 2094
2079 2094 2093
2091 2089 2095
2092 2095 2089
2096 2091 2095
2092 2096 2095
2093 2096 2092
2096 2097 2091
2098 2097 2096
2093 2099 2096
2094 2099 2093
2098 2096 2099
2081 2100 2094
2094 2100 2099
2100 2098 2099
2081 2101 2100
2100 2102 2098
2103 2100 2101
2103 2102 2100
2104 2105 2106
2104 2107 2105
2107 2108 2105
2109 2107 2104
2109 2104 2110
2109 2110 2111
2107 2112 2108
2112 2113 2108
2114 2107 2109
2114 2112 2107
2115 2112 2114
2112 2116 2113
2115 2116 2112
2113 2116 2117
2117 2116 2115
2113 2117 2118
2118 2117 2119
2109 2120 2114
2120 2115 2114
2109 2111 2121
2109 2121 2120
2122 2121 2111
2122 2120 2121
2122 2111 2123
2124 2122 2123
2124 2125 2122
2124 2126 2125
2127 2125 2126
2128 2125 2127
2126 2129 2127
2127 2129 2130
2127 2130 2131
2131 2128 2127
2132 2131 2130
2122 2125 2133
2128 2133 2125
2122 2134 2120
2122 2133 2134
2132 2135 2131
2131 2135 2136
2132 2137 2135
2138 2135 2137
2138 2139 2135
2139 2136 2135
2139 2138 2140
2141 2139 2140
2141 2142 2139
2142 2141 2143
2134 2144 2120
2120 2144 2115
2134 2133 2145
2145 2133 2128
2139 2146 2136
2146 2139 2142
2142 2143 2147
2147 2143 2148
2147 2148 2149
2146 2142 2150
2147 2150 2142
2149 2151 2147
2147 2151 2150
2149 2152 2151
2153 2146 2150
2136 2146 2153
2152 2154 2151
2152 2155 2154
2156 2154 2155
2151 2157 2150
2153 2150 2157
2151 2154 2157
2156 2158 2154
2159 2158 2156
2154 2160 2157
2154 2158 2160
2161 2158 2159
2160 2158 2161
2161 2159 2162
2157 2160 2163
2157 2163 2153
2163 2160 2161
2164 2153 2163
2163 2161 2165
2165 2164 2163
2161 2162 2166
2165 2161 2166
2164 2167 2153
2136 2153 2167
2168 2136 2167
2168 2167 2164
2162 2169 2166
2170 2166 2169
2170 2169 2171
2162 2172 2169
2171 2169 2172
2171 2172 2173
2171 2173 2174
2165 2166 2175
2170 2175 2166
2175 2176 2165
2165 2176 2164
2175 2177 2176
2177 2175 2170
2178 2164 2176
2178 2176 2177
2168 2164 2179
2178 2179 2164
2178 2177 2180
2177 2170 2181
2180 2177 2181
2182 2179 2178
2180 2182 2178
2183 2181 2170
2180 2181 2184
2183 2184 2181
2180 2185 2182
2185 2180 2184
2183 2170 2186
2187 2183 2186
2170 2171 2186
2171 2187 2186
2171 2188 2187
2171 2174 2188
2189 2188 2174
2189 2187 2188
2189 2174 2190
2191 2189 2190
2191 2192 2189
2189 2192 2187
2193 2187 2192
2193 2192 2191
2187 2194 2183
2193 2194 2187
2183 2195 2184
2195 2183 2194
2194 2193 2196
2193 2191 2197
2196 2193 2197
2195 2194 2198
2194 2196 2198
2195 2198 2199
2196 2199 2198
2184 2195 2200
2195 2199 2200
2201 2196 2197
2196 2201 2199
2191 2202 2197
2201 2197 2202
2201 2202 2203
2202 2191 2203
2204 2199 2201
2201 2203 2204
2184 2200 2205
2185 2184 2205
2200 2199 2206
2204 2206 2199
2207 2205 2200
2200 2206 2207
2208 2185 2205
2207 2208 2205
2207 2209 2208
2206 2210 2207
2207 2210 2209
2211 2206 2204
2206 2211 2210
2210 2211 2212
2211 2204 2213
2213 2204 2203
2212 2211 2213
2203 2214 2213
2212 2213 2214
2203 2191 2214
2191 2215 2214
2212 2214 2215
2191 2216 2215
2215 2216 2217
2215 2217 2218
2212 2215 2218
2218 2217 2219
2210 2212 2220
2220 2209 2210
2221 2212 2218
2218 2219 2221
2221 2220 2212
2219 2222 2221
2219 2223 2222
2224 2220 2221
2220 2224 2209
2224 2221 2222
2225 2222 2223
2225 2223 2226
2225 2226 2119
2227 2224 2222
2227 2222 2225
2209 2224 2227
2225 2119 2228
2227 2225 2228
2119 2117 2228
2228 2117 2229
2117 2115 2229
2230 2229 2115
2230 2228 2229
2230 2115 2144
2227 2228 2231
2230 2231 2228
2209 2227 2232
2232 2227 2231
2233 2230 2144
2231 2230 2233
2209 2232 2234
2209 2234 2208
2208 2234 2185
2232 2231 2235
2234 2232 2235
2231 2233 2235
2236 2185 2234
2234 2235 2236
2236 2182 2185
2233 2144 2237
2134 2237 2144
2134 2145 2237
2235 2233 2238
2237 2238 2233
2235 2238 2236
2237 2145 2238
2236 2239 2182
2236 2238 2239
2182 2239 2179
2240 2238 2145
2240 2239 2238
2240 2179 2239
2145 2128 2240
2240 2168 2179
2128 2168 2240
2128 2241 2168
2131 2241 2128
2168 2241 2136
2131 2136 2241
2242 2243 2244
2242 2244 2245
2242 2245 2246
2242 2246 2247
2247 2246 2248
2247 2248 2249
2248 2250 2249
2250 2251 2249
2252 2250 2248
2252 2248 2246
2252 2253 2250
2252 2246 2254
2254 2246 2245
2255 2253 2252
2254 2255 2252
2255 2256 2253
2257 2256 2255
2257 2258 2256
2259 2258 2257
2259 2257 2260
2261 2259 2260
2254 2245 2262
2254 2263 2255
2262 2263 2254
2264 2257 2255
2264 2255 2263
2262 2245 2265
2244 2265 2245
2266 2265 2244
2266 2244 2267
2268 2266 2267
2262 2265 2269
2269 2265 2266
2262 2270 2263
2269 2270 2262
2268 2271 2266
2272 2271 2268
2269 2266 2273
2266 2271 2273
2274 2264 2263
2274 2263 2270
2269 2275 2270
2273 2275 2269
2276 2274 2270
2276 2270 2275
2264 2274 2277
2278 2264 2277
2274 2279 2277
2274 2276 2279
2257 2264 2278
2257 2278 2280
2260 2257 2280
2260 2280 2281
2282 2260 2281
2276 2283 2279
2284 2260 2282
2284 2282 2285
2261 2260 2284
2286 2261 2284
2287 2284 2285
2287 2286 2284
2286 2288 2261
2287 2289 2286
2290 2288 2286
2291 2283 2276
2291 2292 2283
2293 2292 2291
2293 2291 2294
2291 2295 2294
2296 2286 2289
2297 2296 2289
2290 2286 2298
2296 2298 2286
2297 2299 2296
2300 2299 2297
2301 2299 2300
2302 2301 2300
2301 2302 2303
2295 2301 2303
2299 2304 2296
2296 2304 2298
2301 2305 2299
2304 2306 2298
2306 2290 2298
2306 2307 2290
2308 2307 2306
2308 2309 2307
2310 2309 2308
2310 2311 2309
2301 2312 2305
2301 2313 2312
2313 2301 2295
2313 2314 2312
2313 2295 2315
2291 2315 2295
2313 2316 2314
2316 2313 2315
2316 2317 2314
2318 2315 2291
2316 2315 2318
2316 2319 2317
2319 2320 2317
2319 2321 2320
2322 2321 2319
2323 2319 2316
2322 2319 2323
2323 2316 2318
2323 2324 2322
2323 2325 2324
2318 2325 2323
2325 2326 2324
2325 2327 2326
2327 2328 2326
2329 2328 2327
2330 2329 2327
2318 2331 2325
2331 2327 2325
2318 2291 2331
2291 2332 2331
2331 2332 2327
2327 2333 2330
2333 2334 2330
2291 2335 2332
2335 2291 2276
2275 2335 2276
2327 2332 2336
2335 2336 2332
2327 2336 2333
2275 2337 2335
2335 2337 2336
2273 2337 2275
2273 2336 2337
2273 2338 2336
2338 2333 2336
2271 2338 2273
2339 2334 2333
2338 2339 2333
2338 2340 2339
2339 2341 2334
2340 2341 2339
2340 2342 2341
2342 2340 2343
2271 2344 2338
2338 2344 2340
2272 2344 2271
2340 2344 2272
2340 2272 2345
2340 2345 2343
2346 2343 2345
2347 2348 2349
2347 2349 2350
2347 2350 2351
2347 2351 2352
2352 2351 2353
2352 2353 2354
2354 2353 2355
2354 2355 2356
2355 2357 2356
2355 2358 2357
2357 2358 2359
2357 2359 2360
2360 2359 2361
2360 2361 2362
2362 2361 2363
2362 2363 2364
2365 2364 2363
2365 2363 2366
2365 2366 2367
2365 2367 2368
2367 2369 2368
2367 2370 2369
2371 2372 2373
2371 2373 2374
2374 2373 2375
2376 2371 2374
2376 2377 2371
2374 2375 2378
2376 2374 2378
2378 2375 2379
2377 2376 2380
2377 2380 2381
2381 2380 2382
2381 2382 2383
2382 2384 2383
2376 2378 2385
2380 2376 2385
2378 2379 2386
2385 2378 2386
2382 2380 2387
2380 2385 2387
2386 2379 2388
2388 2389 2386
2388 2379 2390
2388 2390 2391
2389 2388 2391
2392 2391 2390
2385 2386 2393
2386 2389 2393
2392 2394 2391
2392 2395 2394
2385 2393 2396
2385 2396 2387
2394 2397 2391
2389 2391 2397
2394 2398 2397
2395 2398 2394
2398 2399 2397
2389 2397 2399
2389 2400 2393
2396 2393 2400
2398 2395 2401
2398 2401 2399
2389 2399 2402
2400 2389 2402
2401 2403 2399
2402 2399 2403
2395 2404 2401
2401 2404 2403
2387 2396 2405
2406 2396 2400
2405 2396 2406
2407 2405 2406
2387 2405 2408
2382 2387 2408
2405 2409 2408
2409 2382 2408
2407 2410 2405
2405 2410 2409
2409 2411 2382
2382 2411 2384
2412 2409 2410
2412 2410 2407
2413 2411 2409
2412 2413 2409
2384 2411 2414
2413 2414 2411
2384 2414 2415
2415 2416 2384
2417 2415 2414
2415 2418 2416
2416 2418 2419
2419 2418 2420
2421 2417 2414
2421 2414 2413
2413 2422 2421
2413 2412 2422
2423 2422 2412
2423 2412 2424
2425 2423 2424
2425 2424 2426
2412 2407 2424
2407 2426 2424
2427 2426 2407
2427 2407 2428
2428 2407 2406
2429 2427 2428
2428 2406 2430
2430 2406 2400
2429 2428 2431
2431 2428 2430
2430 2400 2432
2432 2400 2402
2429 2431 2433
2429 2433 2434
2435 2434 2433
2435 2433 2436
2437 2436 2433
2437 2433 2431
2437 2438 2436
2431 2430 2439
2439 2430 2432
2437 2431 2439
2438 2437 2440
2438 2440 2441
2441 2440 2442
2440 2443 2442
2441 2442 2444
2442 2445 2444
2437 2439 2446
2437 2446 2440
2439 2432 2446
2440 2446 2443
2446 2432 2447
2446 2447 2443
2432 2448 2447
2432 2402 2448
2402 2403 2448
2403 2447 2448
2403 2449 2447
2449 2443 2447
2404 2449 2403
2404 2450 2449
2404 2395 2450
2450 2451 2449
2449 2451 2443
2395 2452 2450
2450 2452 2451
2453 2443 2451
2453 2451 2452
2452 2395 2454
2453 2452 2454
2395 2455 2454
2456 2454 2455
2456 2453 2454
2453 2457 2443
2456 2457 2453
2456 2458 2457
2457 2442 2443
2457 2458 2442
2442 2458 2459
2442 2459 2445
2445 2459 2460
2445 2460 2461
2461 2460 2462
2461 2462 2463
2464 2465 2466
2464 2467 2465
2467 2468 2465
2467 2469 2468
2470 2468 2469
2470 2469 2471
2472 2470 2471
2472 2471 2473
2474 2472 2473
2474 2473 2475
2476 2474 2475
2476 2475 2477
2478 2479 2480
2478 2480 2481
2482 2478 2481
2483 2481 2480
2482 2481 2484
2485 2482 2484
2483 2486 2481
2486 2484 2481
2487 2486 2483
2485 2484 2488
2489 2485 2488
2487 2490 2486
2491 2490 2487
2486 2492 2484
2492 2488 2484
2490 2492 2486
2489 2488 2493
2494 2489 2493
2491 2495 2490
2496 2495 2491
2492 2497 2488
2497 2493 2488
2490 2498 2492
2495 2498 2490
2498 2497 2492
2494 2493 2499
2500 2494 2499
2496 2501 2495
2502 2501 2496
2495 2503 2498
2501 2503 2495
2497 2504 2493
2504 2499 2493
2498 2505 2497
2503 2505 2498
2505 2504 2497
2500 2499 2506
2507 2500 2506
2502 2508 2501
2509 2508 2502
2509 2510 2508
2501 2511 2503
2508 2511 2501
2512 2508 2510
2508 2512 2511
2513 2512 2510
2503 2514 2505
2511 2514 2503
2515 2512 2513
2515 2513 2516
2517 2511 2512
2511 2517 2514
2517 2512 2515
2514 2518 2505
2505 2518 2504
2516 2519 2515
2516 2520 2519
2521 2517 2515
2521 2515 2519
2517 2522 2514
2514 2522 2518
2517 2521 2522
2518 2523 2504
2504 2523 2499
2523 2506 2499
2520 2524 2519
2520 2525 2524
2525 2526 2524
2519 2527 2521
2519 2524 2527
2521 2528 2522
2521 2527 2528
2522 2529 2518
2518 2529 2523
2522 2528 2529
2523 2530 2506
2523 2529 2530
2526 2531 2524
2526 2532 2531
2533 2531 2532
2524 2534 2527
2524 2531 2534
2528 2535 2529
2529 2535 2530
2527 2536 2528
2527 2534 2536
2528 2536 2535
2530 2537 2506
2507 2506 2537
2537 2538 2507
2533 2539 2531
2533 2540 2539
2534 2531 2541
2531 2539 2541
2539 2540 2542
2542 2541 2539
2540 2543 2542
2543 2544 2542
2536 2534 2545
2534 2541 2545
2530 2546 2537
2530 2535 2546
2535 2536 2547
2536 2545 2547
2535 2547 2546
2544 2548 2542
2544 2549 2548
2542 2550 2541
2550 2545 2541
2550 2542 2548
2546 2551 2537
2537 2551 2538
2552 2538 2551
2549 2553 2548
2549 2554 2553
2546 2555 2551
2547 2555 2546
2552 2551 2556
2556 2551 2555
2557 2552 2556
2550 2548 2558
2558 2548 2553
2554 2559 2553
2554 2560 2559
2558 2553 2561
2561 2553 2559
2562 2550 2558
2561 2562 2558
2560 2563 2559
2563 2560 2564
2561 2559 2565
2565 2559 2563
2563 2564 2566
2566 2564 2567
2566 2567 2568
2566 2568 2569
2570 2563 2566
2565 2563 2570
2565 2571 2561
2561 2571 2562
2566 2569 2572
2570 2566 2572
2565 2573 2571
2570 2573 2565
2574 2572 2569
2574 2569 2575
2576 2570 2572
2570 2576 2573
2576 2572 2574
2577 2571 2573
2577 2562 2571
2578 2574 2575
2578 2575 2579
2580 2576 2574
2580 2574 2578
2581 2573 2576
2577 2573 2581
2581 2576 2580
2582 2578 2579
2582 2579 2583
2584 2580 2578
2584 2578 2582
2585 2581 2580
2585 2580 2584
2586 2577 2581
2586 2581 2585
2577 2587 2562
2586 2587 2577
2588 2582 2583
2588 2583 2589
2590 2588 2589
2590 2591 2588
2592 2582 2588
2591 2592 2588
2592 2584 2582
2591 2593 2592
2594 2584 2592
2593 2594 2592
2594 2585 2584
2593 2595 2594
2596 2585 2594
2595 2596 2594
2596 2586 2585
2595 2557 2596
2557 2556 2596
2556 2586 2596
2556 2597 2586
2556 2555 2597
2586 2597 2587
2597 2555 2598
2597 2598 2587
2547 2598 2555
2587 2598 2599
2547 2599 2598
2587 2599 2562
2547 2545 2599
2562 2599 2550
2550 2599 2545
2600 2601 2602
2600 2602 2603
2603 2602 2604
2603 2605 2600
2603 2604 2606
2606 2604 2607
2606 2607 2608
2608 2607 2609
2608 2609 2610
2610 2609 2611
2610 2611 2612
2613 2610 2612
2613 2608 2610
2613 2612 2614
2615 2613 2614
2606 2608 2616
2613 2616 2608
2603 2606 2617
2606 2616 2617
2603 2618 2605
2603 2617 2618
2615 2619 2613
2616 2613 2619
2620 2619 2615
2616 2619 2620
2617 2616 2620
2620 2615 2621
2622 2620 2621
2617 2620 2623
2618 2617 2623
2622 2623 2620
2605 2618 2624
2618 2623 2624
2624 2623 2622
2605 2624 2625
2624 2622 2626
2627 2625 2624
2627 2624 2626
2628 2629 2630
2628 2630 2631
2631 2630 2632
2633 2628 2631
2633 2634 2628
2633 2635 2634
2631 2632 2636
2636 2632 2637
2638 2633 2631
2638 2631 2636
2639 2638 2636
2636 2637 2640
2639 2636 2640
2637 2641 2640
2641 2639 2640
2637 2642 2641
2642 2643 2641
2633 2638 2644
2644 2638 2639
2633 2645 2635
2633 2644 2645
2646 2635 2645
2646 2645 2644
2646 2647 2635
2648 2647 2646
2648 2646 2649
2648 2649 2650
2651 2650 2649
2652 2651 2649
2650 2651 2653
2651 2654 2653
2651 2655 2654
2655 2651 2652
2656 2654 2655
2646 2657 2649
2652 2649 2657
2646 2644 2658
2646 2658 2657
2656 2655 2659
2655 2660 2659
2656 2659 2661
2662 2661 2659
2662 2659 2663
2663 2659 2660
2663 2664 2662
2665 2664 2663
2665 2663 2666
2666 2667 2665
2658 2644 2668
2644 2639 2668
2658 2669 2657
2669 2652 2657
2663 2660 2670
2670 2666 2663
2666 2671 2667
2671 2672 2667
2671 2673 2672
2670 2674 2666
2671 2666 2674
2673 2671 2675
2671 2674 2675
2673 2675 2676
2677 2674 2670
2660 2677 2670
2675 2674 2678
2677 2678 2674
2676 2675 2679
2675 2678 2679
2676 2679 2680
2681 2680 2679
2681 2679 2682
2683 2681 2682
2679 2678 2684
2679 2684 2682
2685 2683 2682
2684 2685 2682
2685 2686 2683
2685 2687 2686
2678 2688 2684
2688 2685 2684
2678 2677 2688
2689 2688 2677
2690 2687 2685
2688 2690 2685
2690 2688 2689
2690 2691 2687
2691 2690 2692
2690 2689 2692
2691 2692 2693
2694 2693 2692
2694 2692 2689
2694 2695 2693
2695 2694 2696
2695 2696 2697
2689 2677 2698
2660 2698 2677
2694 2689 2699
2696 2694 2699
2700 2689 2698
2700 2698 2660
2700 2699 2689
2701 2697 2696
2701 2702 2697
2696 2699 2703
2701 2696 2703
2702 2701 2704
2702 2704 2705
2706 2703 2699
2706 2699 2700
2701 2703 2707
2704 2701 2707
2706 2707 2703
2700 2660 2708
2655 2708 2660
2655 2652 2708
2652 2700 2708
2652 2706 2700
2669 2706 2652
2706 2669 2707
2705 2704 2709
2705 2709 2710
2711 2707 2669
2658 2711 2669
2658 2668 2711
2704 2707 2712
2711 2712 2707
2712 2711 2668
2709 2704 2712
2712 2668 2713
2709 2712 2713
2713 2668 2639
2710 2709 2714
2713 2714 2709
2710 2714 2715
2713 2639 2716
2713 2716 2714
2641 2716 2639
2714 2716 2641
2643 2714 2641
2715 2714 2643
2715 2643 2717
2718 2719 2720
2718 2720 2721
2722 2718 2721
2722 2723 2718
2724 2723 2722
2724 2722 2725
2724 2725 2726
2724 2726 2727
2728 2727 2726
2728 2729 2727
2730 2729 2728
2730 2728 2731
2730 2731 2732
2730 2732 2733
2734 2733 2732
2734 2732 2735
2736 2734 2735
2736 2737 2734
2738 2737 2736
2738 2736 2739
2740 2741 2742
2740 2743 2741
2740 2744 2743
2740 2745 2744
2744 2745 2746
2747 2741 2743
2747 2743 2744
2747 2748 2741
2749 2748 2747
2749 2747 2750
2747 2744 2750
2744 2746 2751
2752 2751 2746
2753 2750 2744
2753 2749 2750
2753 2744 2751
2752 2754 2751
2751 2755 2753
2751 2754 2755
2752 2756 2754
2755 2754 2756
2752 2757 2756
2755 2758 2753
2753 2758 2749
2759 2758 2755
2755 2756 2759
2757 2760 2756
2757 2761 2760
2760 2761 2762
2763 2756 2760
2763 2759 2756
2759 2764 2758
2749 2758 2764
2759 2765 2764
2759 2763 2765
2764 2765 2749
2760 2762 2766
2766 2763 2760
2762 2767 2766
2762 2768 2767
2769 2767 2768
2766 2770 2763
2770 2765 2763
2767 2770 2766
2765 2770 2771
2765 2771 2749
2767 2771 2770
2749 2771 2772
2767 2772 2771
2749 2772 2773
2772 2774 2773
2769 2775 2767
2767 2775 2772
2772 2775 2774
2775 2769 2776
2775 2776 2774
2777 2778 2779
2777 2779 2780
2781 2780 2779
2781 2782 2780
2781 2783 2782
2781 2784 2783
2785 2783 2784
2785 2786 2783
2785 2787 2786
2785 2788 2787
2788 2789 2787
2788 2790 2789
2790 2791 2789
2790 2792 2791
2793 2791 2792
2793 2792 2794
2793 2794 2795
2793 2795 2796
2795 2797 2796
2795 2798 2797
2799 2800 2801
2799 2801 2802
2802 2801 2803
2802 2803 2804
2804 2803 2805
2804 2805 2806
2806 2805 2807
2806 2807 2808
2808 2807 2809
2808 2809 2810
2810 2809 2811
2810 2811 2812
2812 2811 2813
2812 2813 2814
2814 2813 2815
2814 2815 2816
2816 2815 2817
2816 2817 2818
2818 2817 2819
2818 2819 2820
2821 2822 2823
2821 2824 2822
2825 2824 2821
2825 2826 2824
2827 2826 2825
2827 2828 2826
2829 2828 2827
2829 2830 2828
2831 2830 2829
2831 2832 2830
2833 2832 2831
2833 2834 2832
2835 2834 2833
2835 2836 2834
2837 2836 2835
2837 2838 2836
2839 2838 2837
2839 2840 2838
2841 2840 2839
2841 2842 2840
2843 2844 2845
2843 2845 2846
2847 2848 2849
2847 2849 2850
2851 2852 2853
2851 2853 2854
2855 2856 2857
2855 2857 2858
2859 2860 2861
2859 2861 2862
2863 2864 2865
2863 2865 2866
2867 2868 2869
2867 2869 2870
2871 2867 2870
2871 2872 2867
2873 2874 2875
2873 2875 2876
2877 2878 2879
2877 2880 2878
2881 2880 2877
2881 2882 2880
2883 2884 2885
2883 2885 2886
2887 2883 2886
2887 2888 2883
2889 2890 2891
2889 2891 2892
2893 2892 2891
2893 2894 2892
2895 2896 2897
2895 2897 2898
2899 2900 2901
2899 2902 2900
2903 2902 2899
2902 2904 2900
2903 2905 2902
2906 2905 2903
2902 2907 2904
2908 2904 2907
2908 2907 2909
2902 2910 2907
2909 2907 2910
2902 2905 2910
2909 2910 2911
2906 2912 2905
2912 2910 2905
2913 2912 2906
2913 2914 2912
2912 2914 2915
2911 2910 2916
2912 2916 2910
2912 2915 2916
2911 2916 2917
2917 2916 2915
2917 2915 2918
2919 2920 2921
2919 2921 2922
2922 2921 2923
2922 2923 2924
2923 2925 2924
2923 2926 2925
2926 2927 2925
2926 2928 2927
2929 2930 2931
2929 2931 2932
2933 2934 2935
2933 2936 2934
2937 2936 2933
2937 2938 2936
2939 2938 2937
2939 2937 2940
2941 2939 2940
2941 2942 2939
2943 2942 2941
2943 2941 2944
2945 2943 2944
2945 2944 2946
2947 2945 2946
2947 2948 2945
2949 2948 2947
2949 2950 2948
2951 2950 2949
2951 2949 2952
2953 2951 2952
2953 2954 2951
2955 2954 2953
2955 2956 2954
2957 2956 2955
2958 2957 2955
2959 2960 2961
2959 2961 2962
2959 2963 2960
2963 2964 2960
2959 2962 2965
2965 2962 2966
2967 2963 2959
2967 2959 2965
2963 2968 2964
2968 2969 2964
2965 2966 2970
2970 2966 2971
2967 2972 2963
2968 2963 2972
2972 2967 2973
2967 2965 2974
2970 2974 2965
2974 2973 2967
2968 2975 2969
2975 2976 2969
2968 2972 2977
2977 2972 2973
2977 2975 2968
2970 2971 2978
2978 2971 2979
2970 2980 2974
2980 2973 2974
2980 2970 2978
2975 2981 2976
2981 2982 2976
2977 2983 2975
2983 2977 2973
2981 2975 2983
2978 2979 2984
2984 2979 2985
2980 2978 2986
2986 2973 2980
2984 2986 2978
2987 2983 2973
2981 2983 2987
2988 2973 2986
2984 2988 2986
2989 2987 2973
2981 2990 2982
2987 2990 2981
2987 2989 2990
2990 2991 2982
2984 2985 2992
2988 2984 2992
2992 2985 2993
2990 2994 2991
2994 2990 2989
2994 2995 2991
2988 2992 2996
2996 2973 2988
2992 2993 2997
2997 2996 2992
2997 2993 2998
2994 2989 2999
2999 2989 2973
2994 3000 2995
2999 3000 2994
3000 3001 2995
2997 3002 2996
3002 2973 2996
2997 2998 3003
3003 2998 3001
3002 2997 3003
2999 3004 3000
3004 2999 2973
3000 3005 3001
3003 3001 3005
3005 3000 3004
3002 3003 3006
3006 2973 3002
3005 3006 3003
3005 3004 3007
3007 3004 2973
3005 3007 3006
3007 2973 3006
3008 3009 3010
3008 3011 3009
3010 3009 3012
3012 3009 3013
3014 3013 3009
3014 3009 3015
3015 3009 3016
3016 3009 3017
3018 3009 3011
3009 3019 3017
3018 3020 3009
3009 3020 3019
3021 3020 3018
3019 3020 3022
3021 3023 3020
3022 3020 3024
3020 3023 3025
3024 3020 3026
3020 3025 3027
3026 3020 3028
3028 3020 3027
3029 3030 3031
3032 3030 3029
3029 3031 3033
3032 3029 3034
3035 3033 3031
3035 3036 3033
3035 3037 3036
3035 3038 3037
3038 3039 3037
3038 3040 3039
3041 3032 3034
3041 3034 3042
3043 3039 3040
3043 3040 3044
3043 3044 3045
3043 3045 3046
3047 3041 3042
3047 3048 3041
3049 3048 3047
3046 3045 3050
3046 3050 3051
3049 3047 3052
3052 3053 3049
3054 3053 3052
3054 3052 3055
3055 3056 3054
3055 3057 3056
3050 3058 3051
3050 3059 3058
3057 3060 3056
3057 3061 3060
3058 3059 3062
3058 3062 3063
3062 3064 3063
3062 3065 3064
3066 3060 3061
3065 3066 3064
3066 3067 3060
3065 3067 3066
3068 3069 3070
3068 3070 3071
3069 3072 3070
3072 3073 3070
3074 3070 3073
3074 3075 3070
3075 3076 3070
3076 3077 3070
3078 3071 3070
3070 3077 3079
3078 3070 3080
3070 3079 3080
3081 3078 3080
3079 3082 3080
3081 3080 3083
3082 3084 3080
3080 3085 3083
3084 3086 3080
3080 3087 3085
3086 3088 3080
3088 3087 3080
3089 3090 3091
3092 3089 3091
3089 3093 3090
3092 3094 3089
3095 3090 3093
3095 3093 3096
3095 3096 3097
3095 3097 3098
3098 3097 3099
3098 3099 3100
3101 3094 3092
3101 3102 3094
3103 3100 3099
3103 3104 3100
3103 3105 3104
3103 3106 3105
3107 3102 3101
3107 3101 3108
3109 3107 3108
3106 3110 3105
3106 3111 3110
3109 3112 3107
3112 3109 3113
3114 3112 3113
3114 3115 3112
3115 3114 3116
3115 3116 3117
3110 3111 3118
3110 3118 3119
3117 3116 3120
3117 3120 3121
3118 3122 3119
3118 3123 3122
3122 3123 3124
3122 3124 3125
3126 3121 3120
3125 3124 3126
3126 3120 3127
3125 3126 3127
3128 3129 3130
3128 3130 3131
3131 3130 3132
3131 3133 3128
3134 3133 3131
3131 3132 3134
3128 3133 3135
3135 3129 3128
3134 3132 3136
3135 3137 3129
3134 3136 3138
3138 3133 3134
3138 3136 3139
3140 3137 3135
3135 3133 3140
3140 3141 3137
3138 3139 3142
3142 3133 3138
3142 3139 3143
3144 3141 3140
3140 3133 3144
3144 3145 3141
3142 3143 3146
3146 3133 3142
3146 3143 3147
3148 3145 3144
3144 3133 3148
3148 3133 3146
3146 3147 3148
3148 3147 3145
3149 3150 3151
3149 3151 3152
3152 3151 3153
3154 3150 3149
3154 3155 3150
3152 3153 3156
3156 3153 3157
3152 3158 3149
3149 3158 3154
3156 3158 3152
3154 3158 3159
3159 3155 3154
3160 3158 3156
3156 3157 3160
3159 3161 3155
3160 3157 3162
3163 3161 3159
3159 3158 3163
3163 3164 3161
3160 3162 3165
3165 3158 3160
3165 3162 3166
3167 3164 3163
3163 3158 3167
3167 3168 3164
3165 3166 3169
3169 3158 3165
3169 3166 3170
3171 3168 3167
3167 3158 3171
3171 3172 3168
3169 3170 3173
3173 3158 3169
3171 3158 3173
3173 3170 3172
3173 3172 3171
3174 3175 3176
3174 3177 3175
3177 3178 3175
3177 3174 3179
3180 3177 3179
3177 3180 3178
3174 3181 3179
3181 3174 3176
3180 3182 3178
3181 3176 3183
3180 3184 3182
3184 3180 3179
3184 3185 3182
3186 3181 3183
3181 3186 3179
3186 3183 3187
3184 3188 3185
3188 3184 3179
3188 3189 3185
3190 3186 3187
3186 3190 3179
3190 3187 3191
3188 3192 3189
3192 3188 3179
3192 3193 3189
3194 3190 3191
3190 3194 3179
3194 3192 3179
3192 3194 3193
3194 3191 3193
3195 3196 3197
3195 3198 3196
3198 3199 3196
3200 3195 3197
3200 3197 3201
3198 3202 3199
3202 3203 3199
3198 3195 3204
3195 3200 3204
3202 3198 3204
3200 3205 3204
3205 3200 3201
3206 3202 3204
3202 3206 3203
3205 3201 3207
3206 3208 3203
3209 3205 3207
3205 3209 3204
3209 3207 3210
3206 3211 3208
3211 3206 3204
3211 3212 3208
3213 3209 3210
3209 3213 3204
3213 3210 3214
3211 3215 3212
3215 3211 3204
3215 3216 3212
3217 3213 3214
3213 3217 3204
3217 3214 3218
3215 3219 3216
3219 3215 3204
3217 3219 3204
3219 3217 3218
3219 3218 3216
